8 0.16210900 0.07231100 0.02148400 0.02398300
0 0.87500000 0.08175900 0.02148400 0.02398300
0 0.89990200 0.08212200 0.02246100 0.02325600
15 0.21826200 0.10792200 0.02246100 0.02398300
14 0.24658200 0.10792200 0.02246100 0.02398300
10 0.27539100 0.10828500 0.02148400 0.02325600
0 0.30419900 0.10864800 0.02246100 0.02398300
19 0.33252000 0.10901200 0.02246100 0.02325600
8 0.36132800 0.10937500 0.02148400 0.02398300
11 0.39062500 0.10937500 0.02148400 0.02398300
18 0.41845700 0.11010200 0.02246100 0.02398300
22 0.21679700 0.14171500 0.02148400 0.02325600
14 0.27441400 0.14244200 0.02148400 0.02325600
6 0.30273400 0.14244200 0.02148400 0.02325600
14 0.33105500 0.14244200 0.02148400 0.02325600
17 0.35986300 0.14280500 0.02246100 0.02398300
14 0.38867200 0.14316900 0.02148400 0.02325600
3 0.41699200 0.14316900 0.02148400 0.02325600
3 0.21533200 0.17550900 0.02246100 0.02398300
14 0.24316400 0.17550900 0.02148400 0.02398300
10 0.27246100 0.17623500 0.02148400 0.02398300
0 0.30175800 0.17623500 0.02148400 0.02398300
19 0.33007800 0.17659900 0.02148400 0.02325600
8 0.35839800 0.17659900 0.02148400 0.02325600
11 0.38769500 0.17659900 0.02148400 0.02325600
18 0.41699200 0.17659900 0.02148400 0.02325600
3 0.21337900 0.20930200 0.02246100 0.02470900
14 0.24169900 0.20966600 0.02246100 0.02398300
22 0.29980500 0.21039200 0.02148400 0.02398300
14 0.32861300 0.21075600 0.02246100 0.02470900
17 0.35791000 0.21075600 0.02246100 0.02470900
14 0.38671900 0.21148300 0.02148400 0.02470900
19 0.41601600 0.21148300 0.02148400 0.02470900
15 0.21142600 0.24382300 0.02246100 0.02398300
14 0.23925800 0.24491300 0.02148400 0.02470900
3 0.26904300 0.24491300 0.02246100 0.02470900
10 0.29785200 0.24527600 0.02148400 0.02398300
0 0.32763700 0.24564000 0.02246100 0.02470900
19 0.35644500 0.24564000 0.02148400 0.02470900
8 0.38525400 0.24600300 0.02246100 0.02398300
11 0.41455100 0.24673000 0.02246100 0.02398300
18 0.44384800 0.24673000 0.02246100 0.02398300
15 0.20947300 0.27907000 0.02246100 0.02470900
14 0.23779300 0.27907000 0.02246100 0.02470900
3 0.26757800 0.27979700 0.02148400 0.02470900
22 0.32568400 0.28052300 0.02246100 0.02470900
14 0.35498000 0.28052300 0.02246100 0.02470900
17 0.38427700 0.28088700 0.02246100 0.02398300
14 0.41259800 0.28088700 0.02246100 0.02398300
19 0.44238300 0.28125000 0.02148400 0.02470900
0 0.47216800 0.28161300 0.02246100 0.02398300
3 0.20752000 0.31395300 0.02246100 0.02470900
14 0.23681600 0.31468000 0.02246100 0.02470900
1 0.26611300 0.31468000 0.02246100 0.02470900
4 0.29541000 0.31540700 0.02246100 0.02470900
9 0.32470700 0.31540700 0.02246100 0.02470900
0 0.35400400 0.31613400 0.02246100 0.02470900
11 0.38330100 0.31577000 0.02246100 0.02398300
3 0.20605500 0.34992700 0.02148400 0.02543600
14 0.23486300 0.34992700 0.02246100 0.02543600
15 0.29345700 0.35029100 0.02246100 0.02470900
14 0.32373000 0.35065400 0.02246100 0.02543600
22 0.35253900 0.35065400 0.02148400 0.02543600
14 0.38232400 0.35101700 0.02246100 0.02470900
17 0.41162100 0.35174400 0.02246100 0.02470900
14 0.44091800 0.35174400 0.02246100 0.02470900
19 0.47021500 0.35247100 0.02246100 0.02470900
0 0.50048800 0.35247100 0.02246100 0.02470900
19 0.14648400 0.38481100 0.02148400 0.02543600
0 0.17431600 0.38553800 0.02246100 0.02543600
12 0.20459000 0.38553800 0.02246100 0.02543600
15 0.14599600 0.42151200 0.02246100 0.02470900
14 0.17431600 0.42187500 0.02246100 0.02543600
15 0.20361300 0.42187500 0.02246100 0.02543600
0 0.23291000 0.42223800 0.02246100 0.02470900
11 0.26220700 0.42260200 0.02246100 0.02543600
15 0.14404300 0.45675900 0.02246100 0.02543600
14 0.17334000 0.45821200 0.02246100 0.02543600
3 0.20214800 0.45748500 0.02148400 0.02543600
10 0.26123000 0.45821200 0.02246100 0.02543600
14 0.29101600 0.45930200 0.02343800 0.02470900
11 0.32080100 0.45893900 0.02246100 0.02543600
4 0.35009800 0.45930200 0.02246100 0.02470900
18 0.37890600 0.45966600 0.02343800 0.02543600
14 0.40869100 0.46002900 0.02246100 0.02470900
11 0.14355500 0.49345900 0.02148400 0.02616300
14 0.17285200 0.49382300 0.02148400 0.02543600
15 0.20117200 0.49382300 0.02148400 0.02543600
13 0.23144500 0.49454900 0.02148400 0.02543600
20 0.26074200 0.49454900 0.02148400 0.02543600
11 0.29052700 0.49527600 0.02246100 0.02543600
7 0.14306600 0.53016000 0.02246100 0.02543600
11 0.17138700 0.53016000 0.02246100 0.02543600
14 0.20117200 0.53088700 0.02148400 0.02543600
15 0.22949200 0.53088700 0.02148400 0.02543600
13 0.25976600 0.53161300 0.02148400 0.02543600
20 0.28906200 0.53161300 0.02148400 0.02543600
11 0.31835900 0.53234000 0.02148400 0.02543600
22 0.14306600 0.56613400 0.02246100 0.02470900
14 0.17138700 0.56649700 0.02246100 0.02543600
19 0.20068400 0.56686000 0.02246100 0.02470900
8 0.26025400 0.56758700 0.02246100 0.02470900
22 0.31884800 0.56831400 0.02246100 0.02470900
18 0.34814500 0.56867700 0.02246100 0.02543600
4 0.37744100 0.56867700 0.02246100 0.02543600
20 0.29052700 0.63917200 0.02246100 0.02543600
18 0.31884800 0.64026200 0.02246100 0.02470900
0 0.34814500 0.64026200 0.02246100 0.02470900
19 0.37744100 0.64026200 0.02246100 0.02470900
15 0.49462900 0.64207800 0.02246100 0.02543600
14 0.52490200 0.64244200 0.02246100 0.02470900
11 0.55371100 0.64244200 0.02343800 0.02470900
14 0.58349600 0.64316900 0.02246100 0.02470900
18 0.61328100 0.64353200 0.02343800 0.02543600
0 0.64404300 0.64425900 0.02441400 0.02543600
19 0.67382800 0.64534900 0.02343800 0.02470900
9 0.14550800 0.67296500 0.02148400 0.02470900
8 0.17431600 0.67369200 0.02246100 0.02470900
11 0.20361300 0.67405500 0.02246100 0.02398300
0 0.23291000 0.67405500 0.02246100 0.02398300
1 0.29101600 0.67478200 0.02148400 0.02398300
11 0.34912100 0.67514500 0.02246100 0.02470900
0 0.37841800 0.67550900 0.02246100 0.02398300
3 0.43603500 0.67623500 0.02246100 0.02398300
4 0.46484400 0.67696200 0.02343800 0.02398300
22 0.49462900 0.67732600 0.02246100 0.02470900
14 0.52392600 0.67768900 0.02246100 0.02398300
16 0.55322300 0.67805200 0.02246100 0.02470900
10 0.58252000 0.67877900 0.02246100 0.02470900
0 0.61279300 0.67950600 0.02246100 0.02470900
10 0.70312500 0.68204900 0.02343800 0.02543600
0 0.73339800 0.68204900 0.02343800 0.02543600
10 0.76367200 0.68277600 0.02343800 0.02543600
4 0.82568400 0.68423000 0.02441400 0.02543600
4 0.85400400 0.68350300 0.02441400 0.02543600
25 0.08789100 0.70784900 0.02148400 0.02470900
22 0.11621100 0.70857600 0.02148400 0.02470900
0 0.14550800 0.70893900 0.02148400 0.02398300
11 0.17480500 0.70930200 0.02148400 0.02470900
8 0.20312500 0.71002900 0.02148400 0.02470900
10 0.20263700 0.74527600 0.02246100 0.02543600
19 0.23095700 0.74564000 0.02246100 0.02470900
14 0.26025400 0.74600300 0.02246100 0.02543600
25 0.31982400 0.74673000 0.02246100 0.02543600
22 0.34814500 0.74673000 0.02246100 0.02543600
0 0.37744100 0.74673000 0.02246100 0.02543600
11 0.40673800 0.74745600 0.02246100 0.02543600
19 0.20214800 0.78125000 0.02148400 0.02470900
14 0.23095700 0.78125000 0.02246100 0.02470900
19 0.26074200 0.78125000 0.02148400 0.02470900
8 0.31884800 0.78125000 0.02246100 0.02470900
25 0.37793000 0.78197700 0.02148400 0.02470900
13 0.40527300 0.78197700 0.02148400 0.02470900
0 0.43505900 0.78234000 0.02246100 0.02398300
11 0.46533200 0.78270300 0.02246100 0.02470900
0 0.14502000 0.81613400 0.02246100 0.02470900
22 0.20263700 0.81686000 0.02246100 0.02470900
13 0.29052700 0.81758700 0.02246100 0.02470900
4 0.31884800 0.81758700 0.02246100 0.02470900
25 0.37744100 0.81758700 0.02246100 0.02470900
13 0.40576200 0.81758700 0.02246100 0.02470900
0 0.43603500 0.81758700 0.02246100 0.02470900
4 0.46582000 0.81795100 0.02148400 0.02398300
19 0.49316400 0.81795100 0.02148400 0.02398300
4 0.52246100 0.81867700 0.02148400 0.02398300
