17 0.25937500 0.08333333 0.03750000 0.12500000
18 0.30312500 0.08333333 0.03437500 0.11111111
11 0.47343750 0.08680556 0.04062500 0.12500000
4 0.55468750 0.09375000 0.03750000 0.12847222
24 0.21562500 0.23611111 0.03750000 0.12500000
4 0.25781250 0.23958333 0.03281250 0.12500000
18 0.30156250 0.23958333 0.03593750 0.11805556
22 0.21406250 0.39583333 0.03750000 0.12500000
4 0.25781250 0.40277778 0.03281250 0.12500000
9 0.34531250 0.40277778 0.03750000 0.12500000
2 0.43125000 0.39930556 0.03593750 0.12500000
0 0.47343750 0.39930556 0.03437500 0.12152778
11 0.51562500 0.39930556 0.03437500 0.12152778
11 0.55937500 0.40277778 0.03750000 0.12500000
18 0.72968750 0.39583333 0.03593750 0.11805556
0 0.77187500 0.39583333 0.03750000 0.12152778
24 0.81718750 0.39236111 0.03750000 0.12500000
7 0.90468750 0.38541667 0.03593750 0.11805556
8 0.95000000 0.37847222 0.03750000 0.12847222
17 0.25781250 0.56250000 0.03437500 0.12500000
2 0.43281250 0.56597222 0.03437500 0.13541667
0 0.47500000 0.56944444 0.03437500 0.14583333
13 0.51718750 0.56250000 0.03593750 0.13888889
14 0.55781250 0.55902778 0.03593750 0.12500000
13 0.60156250 0.55555556 0.03750000 0.12847222
24 0.21250000 0.72222222 0.03750000 0.12500000
4 0.25625000 0.72222222 0.03437500 0.12847222
18 0.29843750 0.71875000 0.03750000 0.12152778
1 0.29843750 0.88541667 0.03281250 0.13194444
14 0.34375000 0.88541667 0.03593750 0.12500000
14 0.38437500 0.88888889 0.03750000 0.12847222
