0 0.12402300 0.09520300 0.02148400 0.02325600
7 0.15234400 0.09629400 0.02343800 0.02543600
8 0.09423800 0.13117700 0.02441400 0.02543600
18 0.15039100 0.12936000 0.02539100 0.02616300
16 0.20507800 0.12681700 0.02539100 0.02689000
20 0.23437500 0.12681700 0.02343800 0.02689000
3 0.26367200 0.12609000 0.02343800 0.02543600
14 0.29199200 0.12572700 0.02539100 0.02616300
22 0.32080100 0.12536300 0.02441400 0.02689000
8 0.35058600 0.12463700 0.02539100 0.02689000
23 0.37939500 0.12354700 0.02246100 0.02616300
4 0.40673800 0.12282000 0.02246100 0.02616300
12 0.43554700 0.12245600 0.02343800 0.02689000
18 0.49462900 0.12136600 0.02246100 0.02616300
17 0.52294900 0.11991300 0.02246100 0.02470900
0 0.55029300 0.11954900 0.02246100 0.02543600
25 0.58349600 0.11882300 0.02246100 0.02543600
8 0.61328100 0.11882300 0.02343800 0.02543600
19 0.64306600 0.11809600 0.02246100 0.02543600
18 0.67138700 0.11809600 0.02246100 0.02543600
19 0.14746100 0.20021800 0.02343800 0.02543600
14 0.17529300 0.19985500 0.02246100 0.02470900
12 0.20361300 0.19912800 0.02441400 0.02470900
20 0.23291000 0.19949100 0.02441400 0.02689000
1 0.29003900 0.19513100 0.02148400 0.02252900
14 0.32080100 0.19622100 0.02246100 0.02616300
6 0.34814500 0.19585800 0.02246100 0.02543600
0 0.37744100 0.19549400 0.02246100 0.02616300
19 0.40576200 0.19549400 0.02246100 0.02616300
17 0.46533200 0.19476700 0.02246100 0.02616300
3 0.08935500 0.27107600 0.02246100 0.02470900
22 0.11669900 0.27071200 0.02246100 0.02543600
20 0.14502000 0.27071200 0.02246100 0.02543600
7 0.17334000 0.27071200 0.02246100 0.02543600
11 0.23095700 0.27071200 0.02246100 0.02543600
6 0.29052700 0.26853200 0.02246100 0.02543600
20 0.31982400 0.26853200 0.02246100 0.02543600
4 0.37939500 0.26853200 0.02441400 0.02543600
10 0.40673800 0.26816900 0.02246100 0.02470900
15 0.46582000 0.26816900 0.02343800 0.02616300
14 0.49560500 0.26744200 0.02246100 0.02616300
3 0.52587900 0.26635200 0.02246100 0.02689000
0 0.55566400 0.26562500 0.02343800 0.02689000
17 0.58447300 0.26489800 0.02246100 0.02689000
8 0.08789100 0.34520300 0.02539100 0.02761600
4 0.14550800 0.34484000 0.02343800 0.02689000
11 0.17285200 0.34484000 0.02343800 0.02689000
14 0.20166000 0.34411300 0.02246100 0.02543600
22 0.23095700 0.34338700 0.02246100 0.02543600
20 0.26025400 0.34338700 0.02246100 0.02543600
8 0.37939500 0.34302300 0.02246100 0.02616300
10 0.43652300 0.34157000 0.02148400 0.02616300
20 0.46728500 0.34084300 0.02246100 0.02616300
15 0.52636700 0.34048000 0.02343800 0.02543600
14 0.55664100 0.33975300 0.02343800 0.02543600
9 0.58593800 0.33975300 0.02343800 0.02543600
0 0.61669900 0.33902600 0.02246100 0.02543600
11 0.64648400 0.33866300 0.02343800 0.02470900
20 0.67529300 0.33829900 0.02246100 0.02543600
13 0.11425800 0.41606100 0.02343800 0.02543600
4 0.14355500 0.41642400 0.02343800 0.02616300
1 0.20019500 0.41642400 0.02343800 0.02616300
14 0.23046900 0.41678800 0.02343800 0.02543600
8 0.26074200 0.41678800 0.02343800 0.02543600
12 0.29101600 0.41715100 0.02343800 0.02616300
18 0.32080100 0.41606100 0.02441400 0.02543600
12 0.40869100 0.41606100 0.02246100 0.02543600
4 0.49658200 0.41533400 0.02246100 0.02543600
6 0.52685500 0.41460800 0.02246100 0.02543600
14 0.55664100 0.41460800 0.02343800 0.02543600
22 0.08300800 0.49127900 0.02343800 0.02616300
4 0.11230500 0.49091600 0.02343800 0.02689000
11 0.14062500 0.49091600 0.02343800 0.02689000
8 0.16943400 0.49055200 0.02441400 0.02616300
10 0.19921900 0.49055200 0.02343800 0.02616300
0 0.22851600 0.49018900 0.02343800 0.02689000
13 0.25976600 0.49018900 0.02343800 0.02689000
0 0.28906200 0.49018900 0.02343800 0.02689000
19 0.35009800 0.49055200 0.02246100 0.02470900
22 0.37939500 0.49018900 0.02246100 0.02543600
14 0.40869100 0.48946200 0.02246100 0.02543600
4 0.43798800 0.48946200 0.02246100 0.02543600
6 0.46777300 0.48873500 0.02343800 0.02543600
14 0.49755900 0.48837200 0.02246100 0.02470900
12 0.08154300 0.56540700 0.02246100 0.02616300
25 0.16943400 0.56577000 0.02246100 0.02543600
20 0.19921900 0.56577000 0.02343800 0.02543600
1 0.22949200 0.56504400 0.02343800 0.02543600
0 0.25976600 0.56504400 0.02343800 0.02543600
12 0.29052700 0.56431700 0.02246100 0.02543600
8 0.32031200 0.56431700 0.02343800 0.02543600
12 0.08105500 0.64244200 0.02343800 0.02616300
10 0.16796900 0.64244200 0.02343800 0.02616300
11 0.19824200 0.64316900 0.02343800 0.02616300
10 0.25878900 0.64244200 0.02343800 0.02616300
0 0.29003900 0.64244200 0.02343800 0.02616300
12 0.31982400 0.64207800 0.02246100 0.02543600
8 0.34960900 0.64171500 0.02343800 0.02616300
12 0.07812500 0.71875000 0.02343800 0.02761600
10 0.16650400 0.71802300 0.02441400 0.02761600
14 0.19628900 0.71766000 0.02343800 0.02689000
15 0.22705100 0.71766000 0.02441400 0.02689000
19 0.28759800 0.71802300 0.02441400 0.02761600
0 0.31787100 0.71838700 0.02441400 0.02689000
12 0.34814500 0.71838700 0.02441400 0.02689000
8 0.37890600 0.71766000 0.02343800 0.02689000
4 0.43994100 0.71875000 0.02441400 0.02616300
6 0.46972700 0.71875000 0.02343800 0.02616300
14 0.50000000 0.71984000 0.02343800 0.02689000
8 0.07617200 0.79542200 0.02148400 0.02543600
22 0.13720700 0.79578500 0.02246100 0.02616300
4 0.16601600 0.79542200 0.02343800 0.02689000
18 0.19580100 0.79614800 0.02246100 0.02689000
11 0.25537100 0.79760200 0.02246100 0.02834300
14 0.28808600 0.79796500 0.02343800 0.02761600
6 0.37890600 0.79832800 0.02343800 0.02834300
20 0.40771500 0.79869200 0.02246100 0.02761600
17 0.43847700 0.79796500 0.02343800 0.02907000
1 0.50000000 0.79869200 0.02343800 0.02907000
14 0.53027300 0.79869200 0.02343800 0.02907000
25 0.07666000 0.87427300 0.02441400 0.02907000
22 0.10742200 0.87463700 0.02539100 0.02834300
4 0.13671900 0.87536300 0.02343800 0.02834300
17 0.16503900 0.87609000 0.02343800 0.02834300
8 0.19482400 0.87572700 0.02246100 0.02761600
10 0.25683600 0.87681700 0.02539100 0.02689000
8 0.28759800 0.87754400 0.02636700 0.02834300
13 0.31787100 0.87790700 0.02636700 0.02907000
20 0.34765600 0.87681700 0.02343800 0.02834300
11 0.37939500 0.87790700 0.02636700 0.02907000
8 0.40918000 0.87790700 0.02343800 0.02907000
18 0.43994100 0.87827000 0.02441400 0.02834300
22 0.53222700 0.87899700 0.02539100 0.02979700
1 0.59521500 0.87972400 0.02636700 0.02979700
14 0.62646500 0.87972400 0.02636700 0.02979700
