8 0.19726600 0.06141000 0.02343800 0.02543600
1 0.90478500 0.08430200 0.02050800 0.02180200
4 0.93066400 0.08357600 0.01953100 0.02034900
19 0.13916000 0.13372100 0.02246100 0.02470900
4 0.16748000 0.13299400 0.02246100 0.02470900
15 0.19580100 0.13226700 0.02246100 0.02470900
4 0.22412100 0.13154100 0.02246100 0.02470900
17 0.25390600 0.13117700 0.02343800 0.02543600
20 0.34326200 0.13299400 0.02246100 0.02470900
22 0.40185500 0.13444800 0.02246100 0.02470900
18 0.43115200 0.13553800 0.02246100 0.02398300
4 0.45947300 0.13662800 0.02246100 0.02470900
7 0.48877000 0.13735500 0.02246100 0.02470900
13 0.60400400 0.14135200 0.02246100 0.02398300
0 0.63183600 0.14280500 0.02148400 0.02398300
22 0.68750000 0.14498500 0.02148400 0.02398300
8 0.71484400 0.14643900 0.02148400 0.02398300
3 0.74218800 0.14752900 0.02148400 0.02470900
20 0.76953100 0.14789200 0.02148400 0.02398300
22 0.13916000 0.16824100 0.02246100 0.02543600
25 0.19482400 0.16751500 0.02246100 0.02543600
14 0.22412100 0.16751500 0.02246100 0.02543600
14 0.25341800 0.16751500 0.02246100 0.02543600
11 0.28271500 0.16751500 0.02246100 0.02543600
14 0.31298800 0.16751500 0.02246100 0.02543600
6 0.34228500 0.16860500 0.02246100 0.02470900
8 0.37207000 0.16933100 0.02148400 0.02470900
16 0.40185500 0.17005800 0.02246100 0.02470900
4 0.43115200 0.17078500 0.02246100 0.02470900
18 0.45996100 0.17151200 0.02148400 0.02470900
10 0.48925800 0.17260200 0.02148400 0.02543600
14 0.51806600 0.17369200 0.02246100 0.02470900
12 0.54687500 0.17441900 0.02148400 0.02470900
18 0.60449200 0.17587200 0.02148400 0.02470900
0 0.63183600 0.17696200 0.02148400 0.02398300
3 0.66015600 0.17841600 0.02148400 0.02398300
20 0.68798800 0.17914200 0.02050800 0.02398300
22 0.13818400 0.20530500 0.02246100 0.02543600
4 0.16601600 0.20385200 0.02148400 0.02543600
17 0.19531200 0.20348800 0.02148400 0.02470900
16 0.22412100 0.20203500 0.02246100 0.02470900
20 0.25341800 0.20276200 0.02246100 0.02470900
18 0.28271500 0.20348800 0.02246100 0.02470900
22 0.37207000 0.20494200 0.02148400 0.02470900
14 0.40185500 0.20566900 0.02246100 0.02470900
11 0.43115200 0.20566900 0.02246100 0.02470900
16 0.45996100 0.20675900 0.02148400 0.02543600
10 0.48828100 0.20748500 0.02148400 0.02543600
14 0.51806600 0.20857600 0.02246100 0.02470900
12 0.54589800 0.20930200 0.02148400 0.02470900
8 0.60351600 0.21148300 0.02148400 0.02470900
12 0.66015600 0.21293600 0.02148400 0.02470900
18 0.71533200 0.21475300 0.02050800 0.02398300
0 0.74169900 0.21584300 0.02050800 0.02325600
9 0.79736300 0.21766000 0.02050800 0.02398300
3 0.82470700 0.21875000 0.02050800 0.02325600
20 0.85205100 0.21984000 0.02050800 0.02398300
13 0.19482400 0.23909900 0.02246100 0.02470900
4 0.22363300 0.23909900 0.02148400 0.02470900
20 0.25293000 0.23909900 0.02148400 0.02470900
6 0.28271500 0.23909900 0.02246100 0.02470900
14 0.31201200 0.23946200 0.02246100 0.02543600
12 0.34228500 0.23982600 0.02246100 0.02470900
14 0.37207000 0.24055200 0.02148400 0.02470900
13 0.40185500 0.24127900 0.02246100 0.02470900
13 0.43066400 0.24200600 0.02148400 0.02470900
3 0.54687500 0.24491300 0.02148400 0.02470900
8 0.57519500 0.24527600 0.02148400 0.02398300
13 0.60351600 0.24600300 0.02148400 0.02398300
6 0.63134800 0.24673000 0.02050800 0.02398300
14 0.65966800 0.24818300 0.02050800 0.02398300
11 0.48925800 0.31468000 0.02148400 0.02470900
22 0.54687500 0.31540700 0.02148400 0.02470900
19 0.60449200 0.31686000 0.02148400 0.02470900
0 0.63183600 0.31722400 0.02148400 0.02398300
22 0.13623000 0.34883700 0.02246100 0.02616300
17 0.22216800 0.34702000 0.02246100 0.02543600
0 0.25146500 0.34774700 0.02246100 0.02543600
25 0.28173800 0.34774700 0.02246100 0.02543600
22 0.31103500 0.34774700 0.02246100 0.02543600
4 0.34130900 0.34811000 0.02246100 0.02616300
13 0.40087900 0.34883700 0.02246100 0.02470900
4 0.42968800 0.34956400 0.02148400 0.02470900
25 0.48877000 0.35065400 0.02246100 0.02543600
13 0.51757800 0.35138100 0.02148400 0.02543600
0 0.54589800 0.35174400 0.02148400 0.02470900
4 0.57519500 0.35210800 0.02148400 0.02543600
19 0.60351600 0.35247100 0.02148400 0.02470900
4 0.63183600 0.35283400 0.02148400 0.02543600
15 0.68750000 0.35319800 0.02148400 0.02470900
0 0.71582000 0.35392400 0.02148400 0.02470900
15 0.74316400 0.35465100 0.02148400 0.02470900
1 0.13671900 0.38481100 0.02148400 0.02543600
14 0.16406200 0.38408400 0.02148400 0.02543600
11 0.19238300 0.38335800 0.02148400 0.02543600
14 0.28125000 0.38372100 0.02148400 0.02470900
6 0.31103500 0.38408400 0.02246100 0.02543600
14 0.34082000 0.38444800 0.02148400 0.02470900
17 0.40136700 0.38517400 0.02148400 0.02470900
9 0.45898400 0.38590100 0.02148400 0.02470900
4 0.48828100 0.38662800 0.02148400 0.02470900
6 0.51757800 0.38662800 0.02148400 0.02470900
14 0.54589800 0.38735500 0.02148400 0.02470900
11 0.60351600 0.38808100 0.02148400 0.02470900
22 0.65918000 0.38880800 0.02148400 0.02470900
0 0.68750000 0.38880800 0.02148400 0.02470900
20 0.13623000 0.42078500 0.02246100 0.02470900
13 0.19287100 0.42005800 0.02246100 0.02470900
4 0.22216800 0.42005800 0.02246100 0.02470900
6 0.25097700 0.41969500 0.02148400 0.02543600
14 0.28125000 0.42042200 0.02148400 0.02543600
19 0.34130900 0.42078500 0.02246100 0.02470900
9 0.40136700 0.42151200 0.02148400 0.02470900
4 0.42968800 0.42151200 0.02148400 0.02470900
11 0.45898400 0.42223800 0.02148400 0.02470900
4 0.51757800 0.42223800 0.02148400 0.02470900
11 0.57421900 0.42296500 0.02148400 0.02470900
0 0.60253900 0.42332800 0.02148400 0.02398300
15 0.63085900 0.42369200 0.02148400 0.02470900
8 0.13525400 0.45675900 0.02246100 0.02543600
10 0.19238300 0.45675900 0.02148400 0.02543600
14 0.22119100 0.45675900 0.02246100 0.02543600
18 0.25146500 0.45675900 0.02246100 0.02543600
12 0.28125000 0.45675900 0.02148400 0.02543600
0 0.31103500 0.45675900 0.02246100 0.02543600
19 0.34082000 0.45675900 0.02148400 0.02543600
0 0.37109400 0.45675900 0.02148400 0.02543600
6 0.45849600 0.45784900 0.02050800 0.02470900
14 0.48828100 0.45784900 0.02148400 0.02470900
11 0.51660200 0.45784900 0.02148400 0.02470900
14 0.54589800 0.45784900 0.02148400 0.02470900
22 0.57421900 0.45784900 0.02148400 0.02470900
0 0.60302700 0.45821200 0.02050800 0.02398300
14 0.19189500 0.49309600 0.02246100 0.02543600
13 0.22021500 0.49309600 0.02246100 0.02543600
6 0.28076200 0.49309600 0.02246100 0.02543600
17 0.31054700 0.49309600 0.02148400 0.02543600
14 0.34082000 0.49309600 0.02148400 0.02543600
12 0.37011700 0.49309600 0.02148400 0.02543600
10 0.40039100 0.49273300 0.02148400 0.02470900
14 0.42968800 0.49345900 0.02148400 0.02470900
10 0.48828100 0.49345900 0.02148400 0.02470900
17 0.51660200 0.49345900 0.02148400 0.02470900
8 0.54589800 0.49345900 0.02148400 0.02470900
16 0.57421900 0.49382300 0.02148400 0.02398300
8 0.60253900 0.49418600 0.02148400 0.02470900
19 0.63085900 0.49454900 0.02148400 0.02398300
1 0.71582000 0.49527600 0.02148400 0.02398300
0 0.74365200 0.49491300 0.02050800 0.02470900
18 0.77099600 0.49491300 0.02050800 0.02470900
14 0.79834000 0.49418600 0.02246100 0.02470900
12 0.82519500 0.49418600 0.02148400 0.02470900
8 0.19189500 0.52943300 0.02246100 0.02543600
18 0.25048800 0.52979700 0.02246100 0.02470900
11 0.28076200 0.52979700 0.02246100 0.02470900
13 0.37060500 0.52979700 0.02246100 0.02470900
14 0.39941400 0.52943300 0.02148400 0.02543600
4 0.45849600 0.53016000 0.02246100 0.02543600
6 0.48779300 0.53052300 0.02050800 0.02470900
14 0.51660200 0.53052300 0.02148400 0.02470900
3 0.57421900 0.52979700 0.02148400 0.02470900
0 0.60302700 0.52979700 0.02050800 0.02470900
11 0.63183600 0.52979700 0.02148400 0.02470900
4 0.66015600 0.52943300 0.02148400 0.02543600
10 0.68798800 0.52979700 0.02050800 0.02470900
14 0.71630900 0.52979700 0.02050800 0.02470900
14 0.19091800 0.56649700 0.02246100 0.02543600
13 0.21923800 0.56722400 0.02246100 0.02543600
4 0.27978500 0.56686000 0.02246100 0.02470900
18 0.31005900 0.56649700 0.02246100 0.02543600
19 0.33984400 0.56577000 0.02148400 0.02543600
25 0.39990200 0.56613400 0.02246100 0.02470900
0 0.42968800 0.56577000 0.02148400 0.02543600
14 0.48779300 0.56577000 0.02246100 0.02543600
1 0.51709000 0.56613400 0.02246100 0.02470900
4 0.54589800 0.56577000 0.02148400 0.02543600
3 0.57421900 0.56540700 0.02148400 0.02470900
14 0.60351600 0.56540700 0.02148400 0.02470900
12 0.63183600 0.56504400 0.02148400 0.02543600
12 0.68945300 0.56468000 0.02148400 0.02470900
18 0.74511700 0.56468000 0.02148400 0.02470900
14 0.77246100 0.56468000 0.02148400 0.02470900
0 0.19091800 0.60283400 0.02246100 0.02543600
12 0.25000000 0.60283400 0.02343800 0.02543600
18 0.33984400 0.60283400 0.02343800 0.02543600
14 0.37060500 0.60283400 0.02246100 0.02543600
18 0.39941400 0.60283400 0.02343800 0.02543600
4 0.42919900 0.60283400 0.02246100 0.02543600
12 0.45800800 0.60174400 0.02148400 0.02470900
12 0.51709000 0.60174400 0.02246100 0.02470900
14 0.54589800 0.60174400 0.02148400 0.02470900
11 0.57470700 0.60138100 0.02050800 0.02543600
14 0.60351600 0.60101700 0.02148400 0.02470900
10 0.63183600 0.60101700 0.02148400 0.02470900
14 0.66015600 0.60065400 0.02148400 0.02543600
14 0.45703100 0.67623500 0.02343800 0.02543600
1 0.48681600 0.67441900 0.02246100 0.02616300
4 0.51611300 0.67441900 0.02246100 0.02616300
25 0.54541000 0.67369200 0.02246100 0.02616300
13 0.63281200 0.67332800 0.02343800 0.02543600
0 0.66162100 0.67187500 0.02246100 0.02543600
15 0.13232400 0.71220900 0.02246100 0.02616300
17 0.15966800 0.71329900 0.02246100 0.02543600
8 0.18896500 0.71366300 0.02246100 0.02616300
15 0.21826200 0.71366300 0.02246100 0.02616300
11 0.24853500 0.71402600 0.02246100 0.02543600
11 0.30810500 0.71439000 0.02246100 0.02616300
15 0.36816400 0.71475300 0.02148400 0.02543600
14 0.39794900 0.71329900 0.02246100 0.02543600
14 0.45752000 0.71257300 0.02246100 0.02543600
10 0.48681600 0.71220900 0.02246100 0.02616300
4 0.51660200 0.71148300 0.02148400 0.02616300
0 0.54589800 0.71111900 0.02148400 0.02543600
13 0.57470700 0.71039200 0.02246100 0.02543600
20 0.60498000 0.70966600 0.02246100 0.02543600
8 0.13183600 0.74963700 0.02148400 0.02543600
25 0.15966800 0.75109000 0.02246100 0.02543600
0 0.21826200 0.75145300 0.02246100 0.02616300
5 0.24755900 0.75145300 0.02246100 0.02616300
17 0.27783200 0.75145300 0.02246100 0.02616300
8 0.30810500 0.75145300 0.02246100 0.02616300
10 0.33837900 0.75072700 0.02246100 0.02616300
8 0.36865200 0.75072700 0.02246100 0.02616300
12 0.42773400 0.74927300 0.02343800 0.02616300
0 0.45752000 0.74927300 0.02246100 0.02616300
19 0.48681600 0.74854700 0.02246100 0.02616300
17 0.51709000 0.74854700 0.02246100 0.02616300
14 0.54541000 0.74782000 0.02246100 0.02616300
18 0.57470700 0.74745600 0.02246100 0.02543600
12 0.13134800 0.78524700 0.02246100 0.02543600
0 0.15918000 0.78633700 0.02148400 0.02616300
11 0.18798800 0.78742700 0.02246100 0.02543600
19 0.24755900 0.78960800 0.02246100 0.02543600
10 0.27734400 0.78924400 0.02343800 0.02616300
20 0.30810500 0.78888100 0.02246100 0.02543600
14 0.36767600 0.78779100 0.02246100 0.02616300
1 0.39746100 0.78742700 0.02343800 0.02543600
4 0.42773400 0.78706400 0.02343800 0.02616300
25 0.45752000 0.78670100 0.02246100 0.02543600
13 0.54541000 0.78452000 0.02246100 0.02543600
20 0.57519500 0.78379400 0.02148400 0.02543600
22 0.13037100 0.82412800 0.02246100 0.02616300
15 0.18798800 0.82521800 0.02246100 0.02543600
14 0.21728500 0.82558100 0.02246100 0.02616300
3 0.24658200 0.82594500 0.02246100 0.02543600
0 0.27734400 0.82630800 0.02148400 0.02616300
17 0.30712900 0.82667200 0.02246100 0.02543600
14 0.33740200 0.82703500 0.02246100 0.02616300
10 0.36767600 0.82594500 0.02246100 0.02543600
13 0.42724600 0.82449100 0.02246100 0.02543600
0 0.45654300 0.82340100 0.02246100 0.02616300
12 0.48681600 0.82231100 0.02246100 0.02543600
15 0.54638700 0.82085800 0.02246100 0.02543600
17 0.57519500 0.81976700 0.02343800 0.02470900
8 0.60400400 0.81904100 0.02246100 0.02470900
22 0.63232400 0.81795100 0.02246100 0.02543600
4 0.66162100 0.81722400 0.02246100 0.02543600
25 0.68994100 0.81649700 0.02246100 0.02543600
18 0.18701200 0.86191900 0.02246100 0.02470900
8 0.21630900 0.86228200 0.02246100 0.02543600
3 0.24658200 0.86300900 0.02246100 0.02543600
8 0.27685500 0.86373500 0.02246100 0.02543600
19 0.30712900 0.86409900 0.02246100 0.02470900
14 0.36767600 0.86518900 0.02246100 0.02543600
13 0.39697300 0.86155500 0.02246100 0.02543600
0 0.42724600 0.86082800 0.02246100 0.02543600
19 0.48681600 0.85937500 0.02246100 0.02543600
14 0.51709000 0.85792200 0.02246100 0.02543600
18 0.54541000 0.85719500 0.02246100 0.02543600
10 0.57470700 0.85646800 0.02246100 0.02543600
20 0.60400400 0.85501500 0.02246100 0.02543600
22 0.18701200 0.89934600 0.02246100 0.02543600
4 0.21630900 0.89970900 0.02246100 0.02616300
18 0.24658200 0.90007300 0.02246100 0.02543600
22 0.33789100 0.90007300 0.02343800 0.02543600
4 0.36816400 0.89934600 0.02343800 0.02543600
16 0.39746100 0.89861900 0.02343800 0.02543600
4 0.42724600 0.89716600 0.02246100 0.02543600
17 0.45703100 0.89643900 0.02343800 0.02543600
13 0.51660200 0.89425900 0.02343800 0.02543600
0 0.54638700 0.89353200 0.02246100 0.02543600
15 0.57470700 0.89244200 0.02246100 0.02470900
17 0.60400400 0.89135200 0.02246100 0.02543600
14 0.63281200 0.88989800 0.02148400 0.02543600
11 0.66162100 0.88880800 0.02246100 0.02470900
4 0.69091800 0.88771800 0.02246100 0.02543600
19 0.71826200 0.88662800 0.02246100 0.02470900
