0 0.83496100 0.06976700 0.02148400 0.02180200
0 0.86132800 0.07085800 0.02148400 0.02252900
15 0.12841800 0.10392400 0.02246100 0.02470900
14 0.15625000 0.10283400 0.02148400 0.02398300
11 0.18212900 0.10065400 0.02050800 0.02252900
13 0.20898400 0.10065400 0.02148400 0.02252900
14 0.23584000 0.10065400 0.02050800 0.02252900
11 0.29003900 0.10065400 0.02148400 0.02252900
0 0.31640600 0.09992700 0.02148400 0.02252900
15 0.34277300 0.09992700 0.02148400 0.02252900
20 0.37011700 0.10029100 0.02148400 0.02325600
19 0.42382800 0.10065400 0.02148400 0.02252900
4 0.45068400 0.10029100 0.02050800 0.02180200
1 0.47607400 0.10029100 0.02050800 0.02180200
4 0.50146500 0.10029100 0.02050800 0.02180200
11 0.55322300 0.10065400 0.02050800 0.02107600
14 0.57959000 0.10029100 0.02050800 0.02180200
3 0.60644500 0.10029100 0.01953100 0.02180200
17 0.65869100 0.09992700 0.02050800 0.02107600
18 0.71337900 0.16242700 0.02050800 0.02252900
14 0.73877000 0.16242700 0.02050800 0.02252900
18 0.76513700 0.16242700 0.02050800 0.02252900
0 0.79150400 0.16242700 0.02050800 0.02252900
19 0.81689500 0.16242700 0.02050800 0.02252900
13 0.12841800 0.23110500 0.02246100 0.02470900
0 0.15576200 0.23037800 0.02246100 0.02470900
3 0.18359400 0.22965100 0.02148400 0.02470900
14 0.21093800 0.22965100 0.02148400 0.02470900
18 0.26562500 0.22965100 0.02148400 0.02470900
14 0.29296900 0.22965100 0.02148400 0.02470900
11 0.31933600 0.22928800 0.02148400 0.02398300
13 0.34668000 0.22928800 0.02148400 0.02398300
10 0.42773400 0.22928800 0.02148400 0.02398300
14 0.45410200 0.22892400 0.02148400 0.02325600
8 0.50537100 0.22856100 0.02050800 0.02252900
3 0.53222700 0.22819800 0.02148400 0.02325600
19 0.55810500 0.22783400 0.02050800 0.02252900
8 0.58544900 0.22783400 0.02050800 0.02252900
22 0.63818400 0.22783400 0.02050800 0.02252900
17 0.69091800 0.22674400 0.02050800 0.02180200
20 0.71679700 0.22674400 0.01953100 0.02180200
16 0.74218800 0.22674400 0.01953100 0.02180200
0 0.76757800 0.22638100 0.01953100 0.02252900
19 0.79394500 0.22638100 0.01953100 0.02252900
13 0.12841800 0.29614800 0.02246100 0.02398300
14 0.15673800 0.29578500 0.02246100 0.02470900
12 0.21142600 0.29578500 0.02246100 0.02470900
4 0.23877000 0.29578500 0.02246100 0.02470900
3 0.26660200 0.29614800 0.02148400 0.02543600
22 0.29492200 0.29651200 0.02148400 0.02470900
4 0.32177700 0.29651200 0.02246100 0.02470900
3 0.34863300 0.29578500 0.02148400 0.02470900
22 0.42968800 0.29469500 0.01953100 0.02398300
14 0.45654300 0.29469500 0.02050800 0.02398300
4 0.48291000 0.29542200 0.02050800 0.02398300
22 0.50781200 0.29469500 0.02148400 0.02398300
0 0.53466800 0.29433100 0.02050800 0.02325600
19 0.56054700 0.29396800 0.02148400 0.02398300
13 0.64062500 0.29287800 0.01953100 0.02180200
4 0.66699200 0.29251500 0.01953100 0.02252900
14 0.69335900 0.29215100 0.01953100 0.02180200
7 0.71972700 0.29178800 0.01953100 0.02252900
14 0.74511700 0.29178800 0.01953100 0.02252900
19 0.77050800 0.29142400 0.01953100 0.02180200
0 0.79736300 0.29106100 0.02050800 0.02252900
7 0.12841800 0.36337200 0.02246100 0.02470900
14 0.15673800 0.36337200 0.02246100 0.02470900
3 0.18505900 0.36337200 0.02246100 0.02470900
8 0.21337900 0.36300900 0.02246100 0.02398300
19 0.23974600 0.36264500 0.02246100 0.02470900
7 0.29638700 0.36300900 0.02246100 0.02398300
14 0.32324200 0.36228200 0.02148400 0.02398300
3 0.35058600 0.36228200 0.02148400 0.02398300
8 0.37744100 0.36155500 0.02050800 0.02398300
19 0.40380900 0.36155500 0.02050800 0.02398300
14 0.45898400 0.36082800 0.01953100 0.02398300
13 0.48437500 0.36082800 0.01953100 0.02398300
12 0.53613300 0.36046500 0.02148400 0.02470900
4 0.56298800 0.36046500 0.02050800 0.02470900
3 0.58984400 0.35973800 0.02148400 0.02470900
22 0.61572300 0.35973800 0.02050800 0.02470900
4 0.64306600 0.35901200 0.02050800 0.02470900
3 0.66943400 0.35828500 0.02050800 0.02470900
10 0.74658200 0.35828500 0.02050800 0.02325600
17 0.77294900 0.35755800 0.02050800 0.02325600
20 0.80029300 0.35683100 0.02050800 0.02325600
6 0.82617200 0.35610500 0.01953100 0.02325600
1 0.72412100 0.42441900 0.02050800 0.02325600
14 0.75000000 0.42405500 0.01953100 0.02398300
11 0.77636700 0.42332800 0.01953100 0.02398300
14 0.80322300 0.42260200 0.02050800 0.02398300
19 0.82959000 0.42223800 0.02050800 0.02325600
0 0.85595700 0.42187500 0.02050800 0.02398300
14 0.13037100 0.49891000 0.02246100 0.02398300
13 0.15869100 0.49818300 0.02246100 0.02398300
8 0.21533200 0.49745600 0.02246100 0.02398300
15 0.27099600 0.49673000 0.02246100 0.02398300
11 0.29785200 0.49636600 0.02148400 0.02325600
0 0.32666000 0.49636600 0.02246100 0.02325600
16 0.35351600 0.49600300 0.02148400 0.02398300
4 0.38085900 0.49564000 0.02148400 0.02325600
19 0.40820300 0.49491300 0.02148400 0.02325600
12 0.46191400 0.49418600 0.02148400 0.02325600
4 0.48828100 0.49345900 0.02148400 0.02325600
3 0.51416000 0.49345900 0.02050800 0.02325600
22 0.54052700 0.49309600 0.02050800 0.02398300
4 0.56689500 0.49273300 0.02050800 0.02325600
3 0.59375000 0.49200600 0.02148400 0.02325600
8 0.67480500 0.49055200 0.02148400 0.02325600
17 0.72753900 0.48982600 0.02148400 0.02325600
4 0.75390600 0.48982600 0.02148400 0.02325600
22 0.77929700 0.48982600 0.02148400 0.02325600
19 0.83300800 0.48873500 0.02148400 0.02398300
12 0.12988300 0.56795100 0.02148400 0.02398300
4 0.15918000 0.56686000 0.02148400 0.02325600
3 0.18701200 0.56613400 0.02246100 0.02325600
22 0.21582000 0.56540700 0.02148400 0.02325600
4 0.24365200 0.56540700 0.02246100 0.02325600
9 0.27148400 0.56468000 0.02148400 0.02325600
0 0.29980500 0.56431700 0.02148400 0.02398300
19 0.32714800 0.56359000 0.02148400 0.02398300
14 0.38281200 0.56250000 0.02148400 0.02470900
13 0.40966800 0.56213700 0.02050800 0.02398300
8 0.46435500 0.56068300 0.02050800 0.02398300
25 0.49072300 0.56068300 0.02050800 0.02398300
1 0.54248000 0.55923000 0.02050800 0.02398300
14 0.56884800 0.55995600 0.02050800 0.02398300
11 0.59521500 0.55923000 0.02050800 0.02398300
14 0.62304700 0.55850300 0.02148400 0.02398300
19 0.65039100 0.55777600 0.02148400 0.02398300
0 0.67675800 0.55704900 0.02148400 0.02398300
25 0.73095700 0.55486900 0.02050800 0.02398300
14 0.75683600 0.55632300 0.02148400 0.02398300
22 0.78418000 0.55559600 0.02148400 0.02398300
19 0.83691400 0.55486900 0.02148400 0.02398300
14 0.15966800 0.63699100 0.02246100 0.02398300
10 0.24365200 0.63444800 0.02246100 0.02470900
20 0.27197300 0.63372100 0.02246100 0.02470900
3 0.30029300 0.63263100 0.02246100 0.02398300
0 0.32861300 0.63190400 0.02246100 0.02398300
22 0.38378900 0.63117700 0.02148400 0.02398300
19 0.46533200 0.62899700 0.02050800 0.02398300
14 0.49218800 0.62863400 0.02148400 0.02325600
11 0.51806600 0.62827000 0.02050800 0.02398300
18 0.54443400 0.62754400 0.02246100 0.02398300
19 0.57128900 0.62718000 0.02148400 0.02470900
14 0.59863300 0.62645300 0.02148400 0.02470900
15 0.62597700 0.62609000 0.02148400 0.02398300
19 0.68066400 0.62500000 0.02148400 0.02470900
4 0.73437500 0.62391000 0.02148400 0.02398300
18 0.68359400 0.69367700 0.02148400 0.02398300
6 0.71044900 0.69331400 0.02050800 0.02325600
8 0.73730500 0.69331400 0.02148400 0.02325600
13 0.76416000 0.69295100 0.02050800 0.02398300
20 0.79052700 0.69258700 0.02050800 0.02325600
11 0.81738300 0.69258700 0.02148400 0.02325600
8 0.84472700 0.69113400 0.02148400 0.02470900
13 0.12988300 0.78088700 0.02343800 0.02689000
0 0.15869100 0.77907000 0.02246100 0.02616300
10 0.21679700 0.77761600 0.02343800 0.02616300
14 0.24462900 0.77689000 0.02246100 0.02616300
6 0.27294900 0.77543600 0.02246100 0.02616300
14 0.30224600 0.77470900 0.02246100 0.02616300
22 0.35791000 0.77325600 0.02246100 0.02616300
12 0.44189500 0.77071200 0.02246100 0.02543600
4 0.46923800 0.76962200 0.02246100 0.02616300
13 0.49609400 0.76853200 0.02148400 0.02398300
18 0.57714800 0.76671500 0.02148400 0.02470900
19 0.60449200 0.76598800 0.02148400 0.02470900
0 0.63085900 0.76489800 0.02148400 0.02398300
17 0.65918000 0.76453500 0.02148400 0.02470900
14 0.68652300 0.76380800 0.02148400 0.02470900
6 0.71386700 0.76344500 0.02148400 0.02398300
14 0.74023400 0.76308100 0.02148400 0.02470900
10 0.71679700 0.83430200 0.02148400 0.02616300
8 0.74462900 0.83357600 0.02246100 0.02616300
13 0.77099600 0.83284900 0.02246100 0.02616300
20 0.79736300 0.83175900 0.02246100 0.02543600
11 0.82470700 0.83103200 0.02246100 0.02543600
8 0.85205100 0.83030500 0.02246100 0.02543600
