4 0.30781250 0.07265625 0.03437500 0.12187500
1 0.52812500 0.10078125 0.04062500 0.11796875
23 0.90468750 0.15625000 0.02812500 0.11484375
1 0.08750000 0.22578125 0.03906250 0.12500000
14 0.12500000 0.22578125 0.03281250 0.12187500
24 0.17031250 0.22890625 0.03906250 0.13203125
18 0.21562500 0.23281250 0.03906250 0.12187500
18 0.52500000 0.26015625 0.03281250 0.11093750
8 0.30625000 0.40312500 0.03437500 0.11484375
13 0.39375000 0.40937500 0.03593750 0.12187500
19 0.68593750 0.43046875 0.03437500 0.11093750
11 0.80312500 0.43750000 0.03750000 0.10390625
0 0.12656250 0.55546875 0.03906250 0.11796875
3 0.21406250 0.56250000 0.03593750 0.11484375
20 0.34843750 0.57265625 0.03750000 0.12812500
4 0.52187500 0.57656250 0.02968750 0.11484375
22 0.60468750 0.57968750 0.03437500 0.11796875
4 0.64531250 0.58359375 0.03125000 0.11484375
3 0.72500000 0.58359375 0.02968750 0.11484375
1 0.08281250 0.72187500 0.03906250 0.11796875
14 0.12187500 0.72578125 0.03437500 0.12500000
18 0.21250000 0.73281250 0.03750000 0.12187500
1 0.39531250 0.73593750 0.03906250 0.12500000
3 0.64531250 0.73984375 0.03125000 0.11484375
12 0.90781250 0.74296875 0.02656250 0.10390625
7 0.07968750 0.88515625 0.03437500 0.11796875
5 0.20937500 0.89218750 0.03125000 0.11093750
4 0.39062500 0.90312500 0.03125000 0.11796875
0 0.56250000 0.89609375 0.03437500 0.11093750
7 0.64375000 0.89921875 0.02812500 0.11484375
0 0.68437500 0.89609375 0.02812500 0.10781250
1 0.80156250 0.89218750 0.02812500 0.10781250
19 0.87343750 0.89218750 0.02656250 0.10781250
19 0.90781250 0.88906250 0.02500000 0.10390625
