14 0.03593750 0.07265625 0.02968750 0.11093750
19 0.33281250 0.07968750 0.02968750 0.10390625
8 0.62343750 0.09375000 0.02656250 0.10078125
4 0.10625000 0.21562500 0.02812500 0.10781250
15 0.18125000 0.21171875 0.03125000 0.09375000
2 0.25625000 0.20859375 0.02812500 0.09375000
19 0.51718750 0.22890625 0.02812500 0.10390625
18 0.69062500 0.23593750 0.02812500 0.10390625
14 0.06875000 0.35390625 0.03281250 0.10390625
17 0.10312500 0.48984375 0.03281250 0.10781250
11 0.33281250 0.49687500 0.03593750 0.10781250
18 0.40781250 0.49687500 0.02968750 0.09687500
14 0.14062500 0.63203125 0.03281250 0.10781250
0 0.17500000 0.62812500 0.02968750 0.10390625
4 0.02968750 0.63203125 0.02968750 0.10781250
11 0.37031250 0.63515625 0.02968750 0.10390625
12 0.02968750 0.77421875 0.02968750 0.10781250
0 0.29218750 0.76718750 0.02968750 0.09687500
18 0.44375000 0.77421875 0.02968750 0.10781250
2 0.55156250 0.76718750 0.03125000 0.10781250
8 0.14062500 0.91328125 0.02968750 0.10390625
11 0.36875000 0.91328125 0.03281250 0.11484375
6 0.65468750 0.50000000 0.02968750 0.08671875
14 0.69062500 0.63515625 0.02656250 0.10078125
3 0.58750000 0.63203125 0.02968750 0.10781250
19 0.21718750 0.63203125 0.02968750 0.10781250
