1 0.30468750 0.05555556 0.03281250 0.11111111
4 0.35312500 0.05902778 0.03125000 0.11458333
3 0.65937500 0.08333333 0.03750000 0.12847222
8 0.74843750 0.07986111 0.03750000 0.12847222
18 0.79218750 0.07986111 0.03750000 0.12847222
2 0.88125000 0.08333333 0.03750000 0.12847222
0 0.92656250 0.08333333 0.03593750 0.12500000
11 0.97187500 0.08333333 0.03437500 0.12500000
22 0.12656250 0.21180556 0.03750000 0.13194444
23 0.48125000 0.23611111 0.03593750 0.12500000
13 0.79062500 0.24652778 0.03750000 0.12500000
18 0.97187500 0.25694444 0.03750000 0.12847222
4 0.11875000 0.37500000 0.03593750 0.12500000
24 0.39062500 0.39236111 0.03125000 0.12500000
17 0.47968750 0.39930556 0.03281250 0.11805556
11 0.69687500 0.40277778 0.03125000 0.11111111
8 0.96875000 0.41666667 0.03281250 0.11805556
2 0.07500000 0.54166667 0.03125000 0.11805556
0 0.11875000 0.54513889 0.03437500 0.11111111
3 0.43437500 0.55902778 0.03437500 0.12500000
24 0.56875000 0.56944444 0.03125000 0.11458333
13 0.88125000 0.58333333 0.03281250 0.11458333
14 0.92500000 0.59027778 0.03281250 0.12152778
11 0.97031250 0.59027778 0.03437500 0.12500000
8 0.25000000 0.72916667 0.03750000 0.12500000
18 0.29531250 0.72569444 0.03750000 0.12152778
13 0.47812500 0.72916667 0.03281250 0.12152778
14 0.52187500 0.73611111 0.03593750 0.12500000
11 0.56875000 0.73611111 0.04218750 0.12500000
3 0.61093750 0.73611111 0.03281250 0.11458333
11 0.38750000 0.89930556 0.03750000 0.12847222
14 0.56406250 0.90277778 0.03750000 0.12847222
