4 0.23750000 0.09375000 0.03281250 0.12500000
20 0.41875000 0.10763889 0.03437500 0.12152778
13 0.67968750 0.12152778 0.03125000 0.11458333
2 0.80781250 0.13194444 0.03281250 0.12500000
0 0.92656250 0.14236111 0.02968750 0.11111111
7 0.96562500 0.14236111 0.02812500 0.11111111
13 0.14687500 0.25694444 0.03593750 0.12500000
0 0.10468750 0.25694444 0.03437500 0.12500000
12 0.41718750 0.27083333 0.03437500 0.11805556
23 0.76093750 0.29166667 0.03281250 0.11805556
0 0.88593750 0.29166667 0.03593750 0.11458333
22 0.19062500 0.42708333 0.03437500 0.12500000
8 0.23437500 0.43402778 0.03437500 0.12152778
23 0.28125000 0.43402778 0.03593750 0.11805556
19 0.41718750 0.43750000 0.03281250 0.11805556
19 0.84218750 0.45833333 0.03125000 0.10763889
13 0.96093750 0.46180556 0.02812500 0.10763889
3 0.67500000 0.61805556 0.03281250 0.12847222
14 0.75937500 0.61458333 0.03437500 0.11805556
18 0.92187500 0.61458333 0.02968750 0.10763889
0 0.10781250 0.75347222 0.03437500 0.12500000
11 0.15000000 0.75347222 0.03906250 0.12500000
6 0.23593750 0.75694444 0.03125000 0.11805556
14 0.41406250 0.76736111 0.03437500 0.12500000
8 0.50156250 0.76736111 0.03281250 0.11805556
18 0.58750000 0.77083333 0.03281250 0.11458333
15 0.84062500 0.77430556 0.03281250 0.11458333
15 0.10937500 0.90972222 0.03437500 0.12152778
17 0.15000000 0.91666667 0.03750000 0.12500000
14 0.19218750 0.92013889 0.03593750 0.12847222
0 0.23437500 0.92013889 0.03281250 0.12152778
13 0.45625000 0.92708333 0.03437500 0.12500000
14 0.50000000 0.92708333 0.03437500 0.12152778
17 0.58593750 0.93055556 0.03125000 0.11458333
10 0.67031250 0.93055556 0.03125000 0.11805556
13 0.91718750 0.92708333 0.03125000 0.11805556
