14 0.23125000 0.08333333 0.03593750 0.12847222
1 0.48906250 0.08680556 0.03125000 0.12500000
24 0.75000000 0.09375000 0.03593750 0.12152778
18 0.92031250 0.10416667 0.03750000 0.12500000
3 0.96562500 0.10416667 0.03437500 0.13194444
0 0.91718750 0.26388889 0.03281250 0.11805556
17 0.87500000 0.26736111 0.04218750 0.13888889
10 0.48906250 0.25694444 0.03906250 0.13194444
0 0.40156250 0.25000000 0.03750000 0.13541667
13 0.27500000 0.23958333 0.03750000 0.13541667
14 0.23125000 0.24305556 0.03750000 0.12500000
18 0.18906250 0.24305556 0.03281250 0.12500000
24 0.10312500 0.24305556 0.03750000 0.12847222
3 0.06250000 0.39930556 0.03125000 0.12500000
14 0.10156250 0.39930556 0.03125000 0.11805556
11 0.14375000 0.39930556 0.03281250 0.12847222
11 0.18750000 0.40277778 0.03437500 0.12500000
1 0.31718750 0.40625000 0.03281250 0.12500000
14 0.35781250 0.40625000 0.03593750 0.12500000
19 0.44531250 0.40972222 0.03437500 0.12152778
0 0.52812500 0.41319444 0.03125000 0.11111111
13 0.57031250 0.41666667 0.03437500 0.12152778
0 0.70000000 0.42013889 0.03437500 0.11805556
18 0.86875000 0.42708333 0.03437500 0.12847222
22 0.90781250 0.58680556 0.03906250 0.12500000
24 0.82343750 0.58333333 0.03593750 0.11805556
14 0.69375000 0.57638889 0.03750000 0.11805556
11 0.60937500 0.57291667 0.03437500 0.11458333
0 0.57031250 0.57291667 0.03750000 0.11458333
19 0.35937500 0.56597222 0.03281250 0.12152778
5 0.31562500 0.56250000 0.03750000 0.11458333
11 0.23125000 0.56597222 0.03750000 0.11458333
24 0.05781250 0.55902778 0.03750000 0.12500000
15 0.22812500 0.71875000 0.03437500 0.12152778
14 0.31250000 0.71875000 0.03593750 0.11458333
3 0.44062500 0.72222222 0.03125000 0.12152778
22 0.81875000 0.73611111 0.03281250 0.11805556
13 0.14062500 0.87500000 0.03750000 0.12500000
0 0.26875000 0.87847222 0.02968750 0.12152778
4 0.52500000 0.87847222 0.03281250 0.11458333
13 0.68750000 0.88194444 0.03593750 0.12152778
13 0.85468750 0.89236111 0.03125000 0.10763889
