12 0.14375000 0.11805556 0.03437500 0.11458333
4 0.18437500 0.12152778 0.03437500 0.11111111
14 0.30625000 0.12500000 0.03437500 0.12500000
14 0.51562500 0.12847222 0.03437500 0.12500000
12 0.80468750 0.12847222 0.03906250 0.13888889
22 0.80937500 0.29166667 0.03593750 0.12500000
0 0.76562500 0.28472222 0.03125000 0.12152778
3 0.72500000 0.28472222 0.03750000 0.12500000
17 0.34687500 0.27083333 0.03750000 0.12152778
19 0.18281250 0.28125000 0.03750000 0.13888889
0 0.14375000 0.27777778 0.03593750 0.13194444
8 0.02031250 0.42361111 0.03125000 0.12152778
18 0.09843750 0.42708333 0.03750000 0.13194444
18 0.22343750 0.42708333 0.04062500 0.13194444
0 0.38750000 0.43750000 0.03281250 0.12500000
12 0.42968750 0.43750000 0.03750000 0.12847222
12 0.47187500 0.43750000 0.04218750 0.12847222
8 0.72656250 0.43750000 0.03750000 0.12500000
24 0.89062500 0.44444444 0.03437500 0.12847222
0 0.64218750 0.59722222 0.03593750 0.12847222
12 0.34687500 0.59375000 0.03750000 0.12152778
18 0.30625000 0.59027778 0.03437500 0.12500000
11 0.21875000 0.57986111 0.03281250 0.13888889
4 0.13750000 0.57986111 0.03750000 0.13541667
0 0.01718750 0.58333333 0.03281250 0.12847222
11 0.09375000 0.74652778 0.03281250 0.12500000
11 0.13281250 0.74305556 0.03437500 0.13888889
8 0.30468750 0.74305556 0.03593750 0.12500000
4 0.38906250 0.74652778 0.03906250 0.13888889
18 0.51562500 0.75347222 0.03593750 0.13541667
2 0.68593750 0.75000000 0.03125000 0.12847222
4 0.85625000 0.76041667 0.03281250 0.12500000
19 0.97500000 0.91666667 0.03125000 0.13541667
0 0.93437500 0.92013889 0.03125000 0.13194444
11 0.77500000 0.92013889 0.03593750 0.13541667
0 0.72968750 0.92361111 0.03281250 0.13541667
12 0.60000000 0.91319444 0.03750000 0.13194444
17 0.55781250 0.91319444 0.04062500 0.12500000
14 0.51718750 0.91319444 0.04062500 0.12500000
12 0.30156250 0.90625000 0.03593750 0.13541667
11 0.13593750 0.90277778 0.03593750 0.12847222
4 0.09375000 0.90277778 0.03437500 0.13888889
4 0.05781250 0.90277778 0.03906250 0.15277778
