0 0.29375000 0.27109375 0.03125000 0.10781250
19 0.33437500 0.27812500 0.03437500 0.11796875
4 0.45312500 0.27812500 0.03281250 0.10390625
22 0.53125000 0.28437500 0.02812500 0.11093750
4 0.56875000 0.28437500 0.03281250 0.11484375
18 0.64375000 0.28437500 0.02812500 0.10390625
20 0.67968750 0.28125000 0.03437500 0.10781250
15 0.71875000 0.28437500 0.02812500 0.11093750
15 0.75625000 0.28437500 0.03125000 0.10078125
14 0.79062500 0.28437500 0.02812500 0.10078125
18 0.82656250 0.29140625 0.03281250 0.11093750
13 0.78437500 0.15312500 0.02968750 0.10390625
18 0.88906250 0.15937500 0.02968750 0.10781250
9 0.12968750 0.42031250 0.03125000 0.10781250
14 0.17187500 0.42031250 0.02812500 0.12187500
18 0.21093750 0.42031250 0.03437500 0.11093750
4 0.25312500 0.41328125 0.03125000 0.11484375
15 0.29375000 0.41328125 0.03281250 0.11796875
7 0.33281250 0.41328125 0.03281250 0.11796875
0 0.41562500 0.41328125 0.03125000 0.11093750
18 0.45312500 0.42031250 0.03125000 0.11484375
10 0.49218750 0.42031250 0.02968750 0.10781250
7 0.28906250 0.56250000 0.03593750 0.12187500
8 0.33281250 0.56250000 0.03593750 0.12187500
19 0.37500000 0.56562500 0.03593750 0.11796875
4 0.49375000 0.56250000 0.03125000 0.12187500
24 0.53281250 0.56250000 0.03593750 0.12500000
1 0.57187500 0.56250000 0.03125000 0.11796875
14 0.60937500 0.56562500 0.03437500 0.12500000
3 0.64843750 0.56250000 0.03125000 0.12187500
24 0.68906250 0.56562500 0.03437500 0.11484375
14 0.76250000 0.56250000 0.03437500 0.11796875
21 0.80156250 0.56250000 0.03437500 0.12500000
18 0.08593750 0.72890625 0.03437500 0.12812500
3 0.12343750 0.72578125 0.03437500 0.12812500
8 0.20468750 0.88906250 0.03593750 0.13203125
2 0.24687500 0.88906250 0.03281250 0.14609375
4 0.28906250 0.89218750 0.03593750 0.14218750
18 0.37500000 0.88203125 0.03281250 0.13515625
10 0.41718750 0.87812500 0.03593750 0.13515625
0 0.45781250 0.87187500 0.03125000 0.13906250
19 0.49843750 0.87187500 0.03281250 0.13203125
8 0.62031250 0.85781250 0.03750000 0.14218750
18 0.66250000 0.86484375 0.03593750 0.12812500
4 0.85312500 0.85390625 0.03125000 0.11796875
