8 0.11181600 0.11918600 0.01855500 0.02034900
10 0.15771500 0.11700600 0.01855500 0.02034900
17 0.18017600 0.11555200 0.01855500 0.02034900
8 0.20459000 0.11446200 0.01855500 0.02107600
16 0.22705100 0.11337200 0.01855500 0.02034900
8 0.24951200 0.11119200 0.01855500 0.02034900
19 0.27392600 0.10937500 0.02050800 0.02107600
22 0.31933600 0.10610500 0.01953100 0.02180200
19 0.36914100 0.10247100 0.01953100 0.02180200
8 0.39355500 0.10065400 0.01953100 0.02107600
8 0.44384800 0.09774700 0.02050800 0.02252900
13 0.49365200 0.09484000 0.02050800 0.02252900
14 0.51806600 0.09302300 0.02050800 0.02180200
16 0.54492200 0.09120600 0.01953100 0.02252900
13 0.56982400 0.08975300 0.02050800 0.02252900
14 0.59619100 0.08793600 0.02050800 0.02180200
15 0.13525400 0.14789200 0.01855500 0.01962200
14 0.15771500 0.14607600 0.01855500 0.02034900
8 0.18017600 0.14462200 0.01855500 0.02034900
6 0.20214800 0.14316900 0.01757800 0.02034900
17 0.22607400 0.14171500 0.01855500 0.02034900
0 0.24902300 0.14026200 0.01757800 0.02034900
3 0.32031200 0.13553800 0.01953100 0.02107600
17 0.34472700 0.13408400 0.01953100 0.02107600
20 0.36914100 0.13263100 0.01953100 0.02107600
9 0.39306600 0.13117700 0.01855500 0.02107600
14 0.41845700 0.13008700 0.01855500 0.02180200
10 0.44335900 0.12863400 0.01953100 0.02180200
18 0.49316400 0.12536300 0.01953100 0.02252900
14 0.51953100 0.12391000 0.01953100 0.02252900
12 0.57031200 0.12100300 0.01953100 0.02252900
13 0.59668000 0.11954900 0.01953100 0.02252900
14 0.62255900 0.11773300 0.02050800 0.02180200
15 0.15625000 0.17441900 0.01757800 0.02034900
17 0.17822300 0.17369200 0.01855500 0.02034900
14 0.20166000 0.17223800 0.01855500 0.02034900
15 0.22509800 0.17078500 0.01855500 0.02034900
8 0.24902300 0.16969500 0.01757800 0.02107600
23 0.27294900 0.16860500 0.01855500 0.02034900
0 0.29589800 0.16715100 0.01757800 0.02034900
11 0.32080100 0.16533400 0.01855500 0.02107600
12 0.36914100 0.16351700 0.01953100 0.02180200
14 0.44335900 0.15988400 0.01953100 0.02180200
13 0.46875000 0.15843000 0.01953100 0.02180200
14 0.49316400 0.15697700 0.01953100 0.02180200
10 0.51855500 0.15552300 0.01953100 0.02180200
22 0.59619100 0.18277600 0.02050800 0.02252900
15 0.64892600 0.17986900 0.02050800 0.02252900
17 0.67529300 0.17841600 0.02050800 0.02252900
19 0.72998000 0.17550900 0.02050800 0.02252900
10 0.75732400 0.17405500 0.02050800 0.02252900
8 0.78466800 0.17296500 0.02246100 0.02325600
8 0.15283200 0.23292200 0.01855500 0.02107600
15 0.19970700 0.23146800 0.01855500 0.02107600
20 0.22314500 0.23001500 0.01855500 0.02107600
18 0.24755900 0.22928800 0.01855500 0.02107600
19 0.27099600 0.22856100 0.01855500 0.02107600
8 0.29492200 0.22783400 0.01953100 0.02107600
11 0.31933600 0.22674400 0.01953100 0.02180200
18 0.34375000 0.22565400 0.01953100 0.02107600
1 0.41845700 0.22274700 0.01855500 0.02107600
4 0.44335900 0.22165700 0.01953100 0.02180200
25 0.46875000 0.22056700 0.01953100 0.02107600
14 0.51953100 0.21838700 0.01953100 0.02252900
6 0.54541000 0.21693300 0.02050800 0.02252900
11 0.57128900 0.21548000 0.01953100 0.02252900
3 0.62353500 0.21293600 0.02050800 0.02180200
10 0.65039100 0.21148300 0.01953100 0.02180200
8 0.67627000 0.21002900 0.02050800 0.02180200
18 0.15234400 0.26308100 0.01757800 0.02034900
10 0.17578100 0.26199100 0.01757800 0.02107600
17 0.19970700 0.26126500 0.01855500 0.02107600
11 0.24755900 0.25981100 0.01855500 0.02107600
18 0.27099600 0.25908400 0.01855500 0.02107600
22 0.34423800 0.25654100 0.01855500 0.02180200
18 0.39404300 0.25472400 0.01855500 0.02107600
10 0.41845700 0.25399700 0.01855500 0.02107600
14 0.44384800 0.25290700 0.01855500 0.02180200
4 0.49414100 0.25145300 0.01953100 0.02180200
13 0.51953100 0.24927300 0.01953100 0.02180200
13 0.54541000 0.24818300 0.02050800 0.02252900
14 0.57128900 0.24673000 0.01953100 0.02252900
19 0.65087900 0.24345900 0.02050800 0.02325600
17 0.67724600 0.24236900 0.02050800 0.02252900
0 0.70410200 0.24091600 0.02148400 0.02252900
22 0.73095700 0.24018900 0.02050800 0.02252900
4 0.75830100 0.23873500 0.02050800 0.02252900
13 0.15185500 0.29251500 0.01855500 0.02107600
4 0.17529300 0.29178800 0.01855500 0.02107600
13 0.22216800 0.29033400 0.01855500 0.02107600
0 0.24658200 0.28960800 0.01855500 0.02107600
19 0.29541000 0.28815400 0.01855500 0.02107600
8 0.31982400 0.28779100 0.01855500 0.02180200
4 0.36962900 0.28670100 0.01855500 0.02107600
6 0.39404300 0.28597400 0.01855500 0.02107600
14 0.41845700 0.28524700 0.01855500 0.02107600
18 0.46826200 0.28379400 0.01855500 0.02107600
14 0.49462900 0.28197700 0.01855500 0.02180200
22 0.52002000 0.28125000 0.01855500 0.02180200
4 0.54589800 0.28052300 0.01953100 0.02180200
3 0.10498000 0.32412800 0.01855500 0.02034900
14 0.12793000 0.32340100 0.01757800 0.02034900
20 0.17480500 0.32194800 0.01757800 0.02034900
19 0.19824200 0.32158400 0.01757800 0.02107600
17 0.22216800 0.32085800 0.01855500 0.02107600
0 0.24560500 0.32049400 0.01855500 0.02180200
18 0.29541000 0.31940400 0.01855500 0.02107600
14 0.31884800 0.31867700 0.01855500 0.02107600
22 0.34423800 0.31795100 0.01855500 0.02107600
0 0.36962900 0.31722400 0.01855500 0.02107600
8 0.41943400 0.31613400 0.01855500 0.02180200
18 0.44384800 0.31540700 0.01855500 0.02180200
10 0.46923800 0.31468000 0.01855500 0.02180200
0 0.49462900 0.31395300 0.01855500 0.02180200
11 0.51953100 0.31286300 0.01953100 0.02107600
0 0.54589800 0.31177300 0.01953100 0.02180200
20 0.10449200 0.35428800 0.01757800 0.02107600
19 0.12695300 0.35356100 0.01757800 0.02107600
17 0.15039100 0.35283400 0.01757800 0.02107600
14 0.17382800 0.35247100 0.01757800 0.02034900
12 0.19775400 0.35174400 0.01855500 0.02034900
22 0.24609400 0.35065400 0.01757800 0.02107600
8 0.27050800 0.34992700 0.01757800 0.02107600
3 0.29492200 0.34956400 0.01953100 0.02180200
4 0.31982400 0.34920100 0.01855500 0.02107600
19 0.34423800 0.34883700 0.01855500 0.02180200
15 0.41845700 0.34738400 0.01855500 0.02180200
4 0.44335900 0.34665700 0.01953100 0.02180200
17 0.46875000 0.34593000 0.01953100 0.02180200
4 0.49414100 0.34520300 0.01953100 0.02180200
18 0.52050800 0.34447700 0.01953100 0.02180200
19 0.54589800 0.34375000 0.01953100 0.02180200
0 0.57177700 0.34302300 0.02050800 0.02180200
11 0.59765600 0.34229700 0.01953100 0.02180200
0 0.62451200 0.34048000 0.02050800 0.02252900
18 0.10449200 0.38408400 0.01757800 0.02107600
4 0.12695300 0.38372100 0.01757800 0.02034900
11 0.14990200 0.38335800 0.01855500 0.02107600
0 0.17334000 0.38263100 0.01855500 0.02107600
18 0.22119100 0.38190400 0.01855500 0.02107600
19 0.24560500 0.38117700 0.01855500 0.02107600
0 0.27002000 0.38081400 0.01855500 0.02034900
17 0.29541000 0.38045100 0.01855500 0.02107600
0 0.31933600 0.38008700 0.01953100 0.02180200
13 0.39404300 0.37863400 0.01855500 0.02180200
0 0.41894500 0.37827000 0.01953100 0.02107600
3 0.46826200 0.37718000 0.01855500 0.02180200
20 0.49462900 0.37645300 0.01855500 0.02180200
1 0.52002000 0.37609000 0.01855500 0.02107600
8 0.10351600 0.41388100 0.01757800 0.02107600
6 0.14990200 0.41351700 0.01855500 0.02180200
11 0.17334000 0.41315400 0.01855500 0.02107600
0 0.19677700 0.41279100 0.01855500 0.02180200
25 0.22119100 0.41242700 0.01855500 0.02107600
0 0.24560500 0.41170100 0.01855500 0.02107600
12 0.27002000 0.41133700 0.01855500 0.02180200
8 0.29443400 0.41133700 0.01855500 0.02180200
11 0.34423800 0.41061000 0.01855500 0.02180200
20 0.36865200 0.41024700 0.01855500 0.02107600
15 0.39355500 0.40988400 0.01953100 0.02180200
3 0.44433600 0.40879400 0.01953100 0.02107600
0 0.46875000 0.40879400 0.01953100 0.02252900
11 0.52050800 0.40770300 0.01953100 0.02180200
20 0.54589800 0.40697700 0.01953100 0.02180200
15 0.57226600 0.40625000 0.01953100 0.02180200
0 0.14941400 0.44367700 0.01757800 0.02107600
12 0.19677700 0.44295100 0.01855500 0.02107600
14 0.27002000 0.44222400 0.01855500 0.02107600
13 0.29443400 0.44186000 0.01855500 0.02180200
14 0.31933600 0.44186000 0.01953100 0.02180200
10 0.34375000 0.44149700 0.01953100 0.02107600
22 0.39404300 0.44113400 0.01855500 0.02180200
12 0.44433600 0.44040700 0.01953100 0.02180200
11 0.49511700 0.43968000 0.01953100 0.02180200
17 0.54589800 0.43895300 0.01953100 0.02180200
11 0.59863300 0.43822700 0.01953100 0.02180200
2 0.65136700 0.43713700 0.01953100 0.02252900
4 0.67822300 0.43641000 0.02050800 0.02252900
1 0.14892600 0.47420100 0.01855500 0.02107600
4 0.17236300 0.47420100 0.01855500 0.02107600
25 0.19628900 0.47383700 0.01757800 0.02180200
22 0.24560500 0.47383700 0.01855500 0.02180200
14 0.27002000 0.47347400 0.01855500 0.02107600
3 0.29443400 0.47311000 0.01855500 0.02180200
8 0.31884800 0.47311000 0.01855500 0.02180200
2 0.34423800 0.47274700 0.01855500 0.02107600
8 0.41845700 0.47202000 0.01855500 0.02107600
1 0.46972700 0.47165700 0.01953100 0.02180200
4 0.49462900 0.47165700 0.01855500 0.02180200
25 0.52050800 0.47129400 0.01953100 0.02252900
12 0.57226600 0.47056700 0.01953100 0.02252900
11 0.62500000 0.46984000 0.01953100 0.02252900
2 0.67822300 0.46911300 0.02050800 0.02252900
0 0.70507800 0.46838700 0.01953100 0.02252900
8 0.14794900 0.50508700 0.01855500 0.02180200
15 0.19580100 0.50472400 0.01855500 0.02107600
14 0.22021500 0.50472400 0.01855500 0.02107600
4 0.26904300 0.50436000 0.01855500 0.02180200
11 0.29394500 0.50436000 0.01757800 0.02180200
8 0.34375000 0.50399700 0.01757800 0.02107600
18 0.36865200 0.50363400 0.01855500 0.02180200
10 0.39404300 0.50363400 0.01855500 0.02180200
0 0.41894500 0.50363400 0.01953100 0.02180200
19 0.44433600 0.50363400 0.01953100 0.02180200
18 0.52099600 0.50290700 0.01855500 0.02180200
22 0.54638700 0.50290700 0.02050800 0.02180200
14 0.57275400 0.50254400 0.02050800 0.02252900
3 0.65234400 0.50181700 0.01953100 0.02252900
14 0.67871100 0.50181700 0.01953100 0.02252900
12 0.70654300 0.50109000 0.02050800 0.02252900
6 0.14697300 0.53561000 0.01855500 0.02180200
3 0.17089800 0.53561000 0.01953100 0.02180200
4 0.19482400 0.53561000 0.01855500 0.02180200
14 0.24414100 0.53561000 0.01953100 0.02180200
18 0.26904300 0.53561000 0.01855500 0.02180200
19 0.29345700 0.53561000 0.01855500 0.02180200
0 0.31884800 0.53561000 0.01855500 0.02180200
11 0.34375000 0.53561000 0.01953100 0.02180200
8 0.36865200 0.53524700 0.01855500 0.02107600
18 0.39404300 0.53524700 0.01855500 0.02107600
12 0.46972700 0.53488400 0.01953100 0.02180200
0 0.49511700 0.53488400 0.01953100 0.02180200
19 0.52050800 0.53488400 0.01953100 0.02180200
18 0.59912100 0.53452000 0.02050800 0.02252900
14 0.65234400 0.53452000 0.01953100 0.02252900
19 0.67919900 0.53452000 0.02050800 0.02252900
2 0.70654300 0.53452000 0.02050800 0.02252900
14 0.73486300 0.53488400 0.02050800 0.02325600
12 0.76220700 0.53488400 0.02050800 0.02325600
4 0.12353500 0.56686000 0.01855500 0.02180200
11 0.14697300 0.56686000 0.01855500 0.02180200
14 0.19580100 0.56686000 0.01855500 0.02180200
13 0.21923800 0.56722400 0.01855500 0.02107600
4 0.29345700 0.56686000 0.01855500 0.02180200
11 0.31835900 0.56686000 0.01953100 0.02180200
22 0.36865200 0.56686000 0.01855500 0.02180200
25 0.39355500 0.56686000 0.01953100 0.02180200
14 0.41894500 0.56686000 0.01953100 0.02180200
4 0.46972700 0.56649700 0.01953100 0.02252900
11 0.49511700 0.56722400 0.01953100 0.02252900
13 0.54687500 0.56722400 0.01953100 0.02252900
0 0.57324200 0.56722400 0.01953100 0.02252900
6 0.62597700 0.56795100 0.01953100 0.02252900
14 0.65234400 0.56795100 0.01953100 0.02252900
17 0.68017600 0.56758700 0.02050800 0.02325600
10 0.70703100 0.56758700 0.02148400 0.02325600
20 0.73486300 0.56758700 0.02050800 0.02325600
8 0.09814500 0.59774700 0.01855500 0.02107600
22 0.14599600 0.59811000 0.01855500 0.02180200
13 0.17041000 0.59811000 0.01855500 0.02180200
8 0.19482400 0.59847400 0.01855500 0.02107600
25 0.21923800 0.59847400 0.01855500 0.02107600
20 0.24365200 0.59847400 0.01855500 0.02252900
20 0.29248000 0.59847400 0.01855500 0.02252900
22 0.31787100 0.59847400 0.01855500 0.02252900
8 0.34277300 0.59883700 0.01953100 0.02180200
3 0.36816400 0.59883700 0.01953100 0.02180200
4 0.39355500 0.59883700 0.01953100 0.02180200
11 0.41796900 0.59883700 0.01953100 0.02180200
13 0.46972700 0.59883700 0.01953100 0.02180200
14 0.49511700 0.59920100 0.01953100 0.02252900
17 0.52099600 0.59920100 0.01855500 0.02252900
10 0.54687500 0.59920100 0.01953100 0.02252900
20 0.57373000 0.59992700 0.01855500 0.02252900
19 0.14502000 0.62936000 0.01855500 0.02180200
14 0.16943400 0.62936000 0.01855500 0.02180200
19 0.21875000 0.62936000 0.01953100 0.02180200
14 0.24316400 0.62972400 0.01953100 0.02252900
17 0.29248000 0.63008700 0.01855500 0.02180200
0 0.31738300 0.63008700 0.01953100 0.02180200
3 0.34277300 0.63045100 0.01953100 0.02252900
0 0.36816400 0.63081400 0.01953100 0.02180200
12 0.41845700 0.63081400 0.02050800 0.02180200
10 0.49511700 0.63190400 0.01953100 0.02252900
0 0.52148400 0.63190400 0.01953100 0.02252900
12 0.57421900 0.63263100 0.01953100 0.02252900
0 0.60058600 0.63335800 0.01953100 0.02252900
19 0.62744100 0.63372100 0.02050800 0.02325600
13 0.14453100 0.66024700 0.01757800 0.02252900
20 0.16894500 0.66061000 0.01757800 0.02180200
12 0.21826200 0.66133700 0.01855500 0.02180200
14 0.29150400 0.66206400 0.01855500 0.02180200
13 0.31640600 0.66206400 0.01953100 0.02325600
10 0.34179700 0.66242700 0.01953100 0.02252900
0 0.36718800 0.66242700 0.01953100 0.02252900
14 0.41796900 0.66315400 0.01953100 0.02252900
1 0.44335900 0.66388100 0.01953100 0.02252900
13 0.46923800 0.66388100 0.02050800 0.02252900
8 0.49511700 0.66460800 0.01953100 0.02252900
12 0.52148400 0.66497100 0.01953100 0.02325600
0 0.54736300 0.66569800 0.02050800 0.02325600
19 0.57470700 0.66606100 0.02050800 0.02252900
0 0.14404300 0.69113400 0.01855500 0.02180200
18 0.19287100 0.69258700 0.01855500 0.02180200
4 0.21728500 0.69295100 0.01855500 0.02252900
18 0.24218800 0.69295100 0.01953100 0.02252900
19 0.26709000 0.69331400 0.01855500 0.02180200
17 0.29199200 0.69367700 0.01953100 0.02252900
4 0.31689500 0.69440400 0.01855500 0.02252900
13 0.34179700 0.69476700 0.01953100 0.02180200
10 0.36718800 0.69513100 0.01953100 0.02252900
8 0.39160200 0.69549400 0.01953100 0.02325600
8 0.44287100 0.69585800 0.01855500 0.02252900
1 0.49511700 0.69658400 0.01953100 0.02252900
17 0.52148400 0.69767400 0.01953100 0.02325600
0 0.54736300 0.69840100 0.02050800 0.02325600
19 0.57421900 0.69912800 0.01953100 0.02325600
8 0.60107400 0.69985500 0.02050800 0.02325600
10 0.65527300 0.70094500 0.01953100 0.02252900
8 0.68212900 0.70130800 0.02050800 0.02325600
18 0.14257800 0.72311000 0.01953100 0.02180200
13 0.19189500 0.72456400 0.01855500 0.02180200
8 0.21679700 0.72492700 0.01953100 0.02252900
12 0.24072300 0.72529100 0.01855500 0.02180200
8 0.29101600 0.72674400 0.01953100 0.02180200
6 0.31640600 0.72638100 0.01953100 0.02252900
17 0.34130900 0.72747100 0.02050800 0.02325600
0 0.36621100 0.72783400 0.01953100 0.02252900
19 0.41748000 0.72856100 0.02050800 0.02252900
22 0.46923800 0.72928800 0.02050800 0.02252900
12 0.52148400 0.73037800 0.01953100 0.02325600
10 0.60205100 0.73292200 0.02050800 0.02398300
8 0.62841800 0.73364800 0.02050800 0.02398300
12 0.68310500 0.73546500 0.02050800 0.02325600
10 0.76709000 0.73764500 0.02246100 0.02470900
8 0.79541000 0.73800900 0.02246100 0.02398300
