0 0.28437500 0.06562500 0.03437500 0.12812500
19 0.32812500 0.06562500 0.03750000 0.13125000
14 0.45468750 0.07656250 0.03750000 0.13203125
15 0.49843750 0.07265625 0.03593750 0.12500000
14 0.79531250 0.07265625 0.03750000 0.14218750
11 0.83906250 0.06953125 0.03750000 0.13515625
3 0.87968750 0.07656250 0.03437500 0.12500000
11 0.96250000 0.07656250 0.03437500 0.12500000
14 0.37031250 0.22890625 0.04375000 0.13203125
7 0.54062500 0.23593750 0.03750000 0.12500000
8 0.58437500 0.22890625 0.03281250 0.11796875
7 0.71250000 0.23593750 0.03281250 0.13906250
11 0.79531250 0.23281250 0.03593750 0.13203125
4 0.83906250 0.23593750 0.03437500 0.13906250
1 0.87968750 0.23593750 0.03437500 0.13515625
18 0.96406250 0.23281250 0.03437500 0.12500000
17 0.10000000 0.38906250 0.03437500 0.12812500
18 0.28281250 0.38515625 0.03125000 0.11093750
13 0.41250000 0.55234375 0.03437500 0.11796875
17 0.27812500 0.70859375 0.03906250 0.13906250
15 0.36875000 0.70859375 0.03593750 0.12500000
0 0.41250000 0.70859375 0.03281250 0.12812500
15 0.45625000 0.70859375 0.03593750 0.12812500
18 0.54218750 0.70859375 0.03593750 0.12500000
18 0.62812500 0.70859375 0.03281250 0.12500000
0 0.66875000 0.70859375 0.03281250 0.11796875
24 0.71718750 0.70859375 0.03750000 0.11796875
24 0.80312500 0.70859375 0.03281250 0.12500000
3 0.89062500 0.70859375 0.03437500 0.12187500
13 0.22968750 0.88203125 0.03750000 0.12812500
14 0.27500000 0.88203125 0.04062500 0.13203125
11 0.32187500 0.88203125 0.03750000 0.13515625
3 0.36875000 0.88203125 0.03750000 0.13515625
6 0.58593750 0.88203125 0.03281250 0.13515625
19 0.76250000 0.87812500 0.03281250 0.12500000
