7 0.07343750 0.11484375 0.03593750 0.12187500
14 0.10937500 0.11484375 0.03750000 0.13515625
17 0.14843750 0.10781250 0.04375000 0.13906250
8 0.22812500 0.10078125 0.03750000 0.13515625
19 0.40156250 0.10390625 0.04062500 0.13906250
2 0.48437500 0.09375000 0.03750000 0.12187500
19 0.52812500 0.09687500 0.03593750 0.12500000
18 0.61562500 0.09062500 0.03906250 0.12500000
0 0.87500000 0.08359375 0.04062500 0.13515625
1 0.95468750 0.09687500 0.03906250 0.12812500
2 0.95625000 0.25703125 0.04062500 0.13515625
0 0.87656250 0.25703125 0.04218750 0.13203125
5 0.83437500 0.26015625 0.03437500 0.12500000
18 0.70625000 0.25703125 0.03593750 0.13203125
15 0.61875000 0.25000000 0.04531250 0.12500000
18 0.57343750 0.25703125 0.03281250 0.12500000
4 0.40312500 0.25312500 0.04218750 0.12500000
24 0.23125000 0.26015625 0.04375000 0.12500000
4 0.18750000 0.26015625 0.04062500 0.12187500
18 0.14843750 0.26015625 0.03750000 0.13203125
9 0.07031250 0.26718750 0.03906250 0.12500000
0 0.07031250 0.41328125 0.04062500 0.12812500
5 0.14531250 0.41640625 0.03750000 0.12500000
4 0.65937500 0.41640625 0.03437500 0.12812500
12 0.70312500 0.41328125 0.03750000 0.13906250
15 0.74531250 0.41328125 0.04062500 0.13906250
19 0.79062500 0.41640625 0.03750000 0.14218750
3 0.83437500 0.57656250 0.04531250 0.12500000
22 0.79218750 0.57656250 0.04218750 0.13203125
23 0.70468750 0.57656250 0.04375000 0.12500000
3 0.61718750 0.58359375 0.04062500 0.13906250
2 0.44531250 0.57656250 0.03750000 0.12812500
7 0.27187500 0.57656250 0.03750000 0.13906250
24 0.14531250 0.57968750 0.04687500 0.13515625
14 0.10312500 0.57968750 0.04375000 0.12812500
1 0.06718750 0.57656250 0.03906250 0.14218750
17 0.06562500 0.73593750 0.04687500 0.13906250
3 0.23125000 0.74296875 0.03750000 0.14218750
13 0.31250000 0.74296875 0.03750000 0.13906250
0 0.40000000 0.74687500 0.03437500 0.13203125
8 0.52968750 0.73984375 0.03593750 0.13515625
14 0.74687500 0.73984375 0.03593750 0.12812500
11 0.92187500 0.88515625 0.04218750 0.14609375
14 0.87500000 0.88906250 0.03750000 0.13906250
2 0.83437500 0.89218750 0.03750000 0.12812500
7 0.57500000 0.89609375 0.04687500 0.13906250
0 0.48750000 0.90625000 0.03750000 0.13203125
14 0.27031250 0.89218750 0.04375000 0.15312500
17 0.23125000 0.90937500 0.03906250 0.12500000
0 0.10468750 0.89921875 0.03125000 0.13906250
