0 0.12353500 0.06104700 0.02246100 0.02325600
1 0.14941400 0.06032000 0.02148400 0.02325600
1 0.12207000 0.09302300 0.02148400 0.02180200
4 0.14941400 0.09193300 0.02148400 0.02252900
3 0.17578100 0.09048000 0.02148400 0.02252900
0 0.20214800 0.09011600 0.02148400 0.02180200
1 0.28320300 0.08793600 0.02148400 0.02180200
4 0.31298800 0.08720900 0.02050800 0.02180200
3 0.34082000 0.08648300 0.02148400 0.02180200
0 0.36767600 0.08466600 0.02050800 0.02107600
4 0.12060500 0.16024700 0.02246100 0.02398300
6 0.14794900 0.15952000 0.02246100 0.02398300
8 0.17285200 0.15879400 0.02148400 0.02398300
19 0.20068400 0.15806700 0.02246100 0.02398300
4 0.22900400 0.15661300 0.02246100 0.02398300
18 0.28466800 0.15516000 0.02246100 0.02398300
10 0.31298800 0.15516000 0.02246100 0.02398300
14 0.34082000 0.15443300 0.02148400 0.02543600
17 0.36962900 0.15370600 0.02246100 0.02543600
4 0.39697300 0.15370600 0.02246100 0.02543600
4 0.42529300 0.15298000 0.02246100 0.02543600
18 0.48095700 0.15225300 0.02246100 0.02543600
3 0.53857400 0.15189000 0.02246100 0.02616300
0 0.56591800 0.15152600 0.02246100 0.02689000
22 0.11816400 0.22856100 0.02343800 0.02543600
16 0.17285200 0.22710800 0.02343800 0.02543600
12 0.22851600 0.22565400 0.02148400 0.02543600
3 0.28564500 0.22492700 0.02246100 0.02543600
4 0.31396500 0.22492700 0.02246100 0.02543600
11 0.34130900 0.22456400 0.02246100 0.02470900
14 0.36962900 0.22383700 0.02246100 0.02470900
18 0.11767600 0.29760200 0.02246100 0.02398300
15 0.14453100 0.29687500 0.02343800 0.02398300
0 0.17285200 0.29614800 0.02343800 0.02398300
18 0.20068400 0.29578500 0.02246100 0.02470900
8 0.22851600 0.29578500 0.02343800 0.02470900
19 0.25634800 0.29542200 0.02246100 0.02398300
4 0.28564500 0.29469500 0.02246100 0.02398300
10 0.11767600 0.36700600 0.02246100 0.02470900
14 0.14404300 0.36664200 0.02246100 0.02543600
6 0.17138700 0.36627900 0.02246100 0.02470900
14 0.19873000 0.36627900 0.02246100 0.02470900
1 0.11718800 0.43822700 0.02343800 0.02470900
4 0.14502000 0.43822700 0.02246100 0.02470900
6 0.17138700 0.43786300 0.02246100 0.02543600
4 0.19970700 0.43750000 0.02246100 0.02470900
12 0.22802700 0.43713700 0.02246100 0.02543600
14 0.25634800 0.43641000 0.02246100 0.02543600
19 0.28515600 0.43604700 0.02343800 0.02616300
0 0.31494100 0.43568300 0.02246100 0.02543600
13 0.09033200 0.51017400 0.02246100 0.02470900
0 0.11865200 0.50981100 0.02246100 0.02398300
1 0.19970700 0.50908400 0.02246100 0.02398300
4 0.22900400 0.50872100 0.02246100 0.02470900
6 0.25732400 0.50799400 0.02246100 0.02470900
4 0.28662100 0.50799400 0.02246100 0.02470900
12 0.31543000 0.50726700 0.02343800 0.02470900
14 0.34423800 0.50726700 0.02246100 0.02470900
19 0.37255900 0.50654100 0.02246100 0.02470900
15 0.42822300 0.50581400 0.02246100 0.02470900
17 0.45752000 0.50581400 0.02246100 0.02470900
14 0.48632800 0.50545100 0.02343800 0.02543600
22 0.51562500 0.50508700 0.02343800 0.02470900
0 0.54443400 0.50436000 0.02246100 0.02470900
11 0.57421900 0.50363400 0.02343800 0.02470900
8 0.60302700 0.50363400 0.02246100 0.02470900
11 0.63134800 0.50327000 0.02246100 0.02543600
18 0.65966800 0.50327000 0.02246100 0.02543600
22 0.63525400 0.57848800 0.02441400 0.02761600
1 0.69238300 0.57739800 0.02343800 0.02689000
14 0.72119100 0.57739800 0.02441400 0.02689000
11 0.75097700 0.57703500 0.02343800 0.02761600
14 0.78222700 0.57703500 0.02343800 0.02761600
19 0.81201200 0.57703500 0.02441400 0.02761600
14 0.84326200 0.57739800 0.02441400 0.02834300
15 0.11816400 0.65516000 0.02148400 0.02543600
17 0.14550800 0.65479700 0.02148400 0.02470900
14 0.17236300 0.65443300 0.02246100 0.02543600
22 0.20117200 0.65407000 0.02148400 0.02470900
0 0.22949200 0.65370600 0.02148400 0.02543600
11 0.25830100 0.65334300 0.02246100 0.02470900
8 0.28662100 0.65370600 0.02441400 0.02689000
11 0.31591800 0.65334300 0.02441400 0.02616300
18 0.34472700 0.65334300 0.02343800 0.02616300
22 0.43066400 0.65261600 0.02343800 0.02616300
1 0.48925800 0.65225300 0.02343800 0.02689000
14 0.51855500 0.65225300 0.02343800 0.02689000
11 0.54785200 0.65225300 0.02343800 0.02689000
14 0.57812500 0.65225300 0.02343800 0.02689000
19 0.60742200 0.65225300 0.02343800 0.02689000
14 0.63769500 0.65225300 0.02343800 0.02689000
3 0.11816400 0.72892400 0.02148400 0.02470900
0 0.14599600 0.72892400 0.02246100 0.02470900
8 0.09033200 0.80196200 0.02246100 0.02543600
13 0.14746100 0.80196200 0.02148400 0.02543600
8 0.17431600 0.80196200 0.02246100 0.02543600
19 0.23144500 0.80232600 0.02148400 0.02470900
20 0.26123000 0.80268900 0.02246100 0.02543600
3 0.29003900 0.80268900 0.02148400 0.02543600
0 0.31884800 0.80305200 0.02246100 0.02616300
13 0.37695300 0.80341600 0.02343800 0.02689000
8 0.40527300 0.80341600 0.02343800 0.02689000
18 0.46337900 0.80414200 0.02246100 0.02689000
3 0.52246100 0.80414200 0.02343800 0.02689000
0 0.55273400 0.80486900 0.02343800 0.02689000
14 0.09179700 0.87500000 0.02343800 0.02616300
4 0.14843800 0.87572700 0.02343800 0.02616300
18 0.17578100 0.87645300 0.02343800 0.02616300
11 0.20410200 0.87645300 0.02343800 0.02616300
8 0.23291000 0.87645300 0.02246100 0.02616300
22 0.29150400 0.87718000 0.02246100 0.02616300
13 0.37793000 0.87827000 0.02343800 0.02689000
4 0.40722700 0.87863400 0.02343800 0.02616300
15 0.46484400 0.87936000 0.02343800 0.02616300
17 0.49414100 0.87972400 0.02343800 0.02689000
8 0.52490200 0.88008700 0.02441400 0.02616300
3 0.55517600 0.88081400 0.02441400 0.02616300
19 0.61572300 0.88117700 0.02441400 0.02689000
4 0.64502000 0.88154100 0.02441400 0.02616300
1 0.09326200 0.16097400 0.02246100 0.02252900
