19 0.14218750 0.20468750 0.03750000 0.12812500
17 0.18125000 0.20859375 0.03281250 0.12500000
0 0.22187500 0.20468750 0.03281250 0.13203125
12 0.26250000 0.20468750 0.03750000 0.11796875
15 0.30625000 0.21171875 0.03750000 0.12812500
18 0.38437500 0.36796875 0.03750000 0.13515625
20 0.42812500 0.37812500 0.03281250 0.13515625
17 0.77500000 0.38906250 0.03437500 0.12812500
8 0.90468750 0.39921875 0.03125000 0.13515625
0 0.94531250 0.40312500 0.02968750 0.12187500
7 0.16718750 0.51718750 0.03437500 0.13203125
4 0.20781250 0.52109375 0.03437500 0.13515625
0 0.29687500 0.52109375 0.03125000 0.12187500
11 0.33593750 0.52421875 0.03593750 0.13203125
22 0.38437500 0.52421875 0.03593750 0.12500000
18 0.47187500 0.53125000 0.03593750 0.12187500
3 0.51406250 0.53437500 0.03281250 0.12500000
19 0.60000000 0.54531250 0.03750000 0.13515625
15 0.91093750 0.55546875 0.03593750 0.12500000
20 0.95312500 0.55546875 0.03906250 0.12500000
5 0.12031250 0.67343750 0.03125000 0.11796875
4 0.15937500 0.67734375 0.03437500 0.12187500
4 0.20312500 0.68046875 0.03281250 0.12812500
11 0.24218750 0.68046875 0.03593750 0.13515625
18 0.10781250 0.84375000 0.03437500 0.12812500
4 0.14843750 0.84062500 0.03281250 0.12187500
6 0.42343750 0.68750000 0.03750000 0.13203125
3 0.46718750 0.69062500 0.03750000 0.13203125
12 0.59843750 0.86796875 0.03437500 0.13515625
8 0.73750000 0.87812500 0.03437500 0.13203125
8 0.81718750 0.39218750 0.03593750 0.12187500
2 0.64218750 0.08671875 0.03437500 0.10781250
0 0.68125000 0.07968750 0.03281250 0.10781250
15 0.72656250 0.08671875 0.03906250 0.11093750
19 0.76875000 0.09375000 0.03437500 0.11093750
0 0.80781250 0.09375000 0.03437500 0.11484375
18 0.89375000 0.09687500 0.03125000 0.10390625
18 0.78125000 0.71562500 0.03281250 0.11484375
20 0.82343750 0.71875000 0.03125000 0.12500000
19 0.87500000 0.88203125 0.03437500 0.12187500
