19 0.62812500 0.13194444 0.03437500 0.11111111
18 0.74531250 0.13194444 0.03437500 0.11111111
2 0.85468750 0.12847222 0.02968750 0.11111111
17 0.92968750 0.13541667 0.02812500 0.11111111
1 0.82500000 0.26388889 0.03593750 0.11458333
3 0.75000000 0.27083333 0.03281250 0.12152778
19 0.66875000 0.27430556 0.03593750 0.11805556
0 0.51250000 0.27777778 0.03125000 0.11111111
4 0.35156250 0.27430556 0.03281250 0.11111111
10 0.26875000 0.27083333 0.03281250 0.11458333
8 0.18437500 0.27430556 0.03125000 0.11805556
18 0.22500000 0.42708333 0.03593750 0.11111111
3 0.30937500 0.42361111 0.03437500 0.11111111
0 0.39218750 0.42708333 0.03125000 0.11111111
22 0.63437500 0.41666667 0.03437500 0.10763889
17 0.78906250 0.41666667 0.02968750 0.11111111
3 0.90312500 0.41666667 0.03437500 0.10763889
4 0.98281250 0.55902778 0.03125000 0.11111111
2 0.90937500 0.56250000 0.03437500 0.11458333
0 0.86875000 0.56250000 0.02656250 0.11805556
15 0.83281250 0.56250000 0.03437500 0.11458333
19 0.75468750 0.56597222 0.03281250 0.12152778
8 0.47343750 0.56944444 0.03125000 0.11111111
18 0.43281250 0.56944444 0.03125000 0.11111111
4 0.35156250 0.56944444 0.03281250 0.12152778
0 0.18125000 0.57638889 0.03125000 0.12500000
19 0.10000000 0.58333333 0.04062500 0.13194444
20 0.06093750 0.58333333 0.03281250 0.11458333
15 0.02187500 0.58333333 0.03281250 0.12500000
19 0.01875000 0.73611111 0.03281250 0.11805556
8 0.05937500 0.73611111 0.03437500 0.12500000
11 0.09687500 0.73611111 0.03750000 0.12500000
12 0.22343750 0.73611111 0.03593750 0.11458333
3 0.30781250 0.73611111 0.03437500 0.12500000
13 0.35000000 0.72569444 0.03593750 0.11805556
13 0.63593750 0.71527778 0.03125000 0.12152778
4 0.79687500 0.71527778 0.03281250 0.11458333
19 0.95156250 0.85763889 0.03437500 0.12500000
5 0.91562500 0.86111111 0.03281250 0.11805556
17 0.83750000 0.85763889 0.03125000 0.10763889
3 0.79843750 0.86111111 0.03750000 0.11111111
0 0.75937500 0.86805556 0.03437500 0.11458333
4 0.68125000 0.87152778 0.03593750 0.12152778
10 0.63906250 0.87152778 0.03750000 0.12152778
8 0.60000000 0.87152778 0.03750000 0.12152778
17 0.55937500 0.87500000 0.03906250 0.11805556
11 0.43281250 0.87847222 0.03281250 0.11805556
11 0.39375000 0.88194444 0.03906250 0.12500000
4 0.30937500 0.88888889 0.03437500 0.12847222
15 0.17968750 0.89583333 0.03906250 0.12500000
4 0.13906250 0.89236111 0.03437500 0.12847222
4 0.09843750 0.89930556 0.04062500 0.13541667
