1 0.14843750 0.10763889 0.03906250 0.12152778
7 0.22500000 0.10763889 0.03593750 0.13541667
4 0.26250000 0.10763889 0.03281250 0.13194444
3 0.34375000 0.10069444 0.03593750 0.12500000
14 0.37812500 0.09722222 0.03437500 0.12500000
18 0.45937500 0.09722222 0.02656250 0.10763889
19 0.57656250 0.10416667 0.03125000 0.11111111
18 0.10937500 0.25000000 0.02968750 0.11111111
20 0.14375000 0.25000000 0.02812500 0.10763889
6 0.18125000 0.25000000 0.02812500 0.10763889
1 0.30000000 0.24305556 0.03125000 0.11111111
0 0.73125000 0.25694444 0.03125000 0.11111111
5 0.03750000 0.39930556 0.02500000 0.10763889
3 0.10625000 0.39930556 0.02656250 0.10763889
7 0.18125000 0.39583333 0.02812500 0.11458333
12 0.21875000 0.39583333 0.02812500 0.11111111
8 0.14375000 0.54166667 0.02812500 0.11111111
22 0.21875000 0.54513889 0.02812500 0.11111111
14 0.25468750 0.54513889 0.03125000 0.11111111
13 0.29687500 0.54166667 0.02968750 0.10763889
3 0.33750000 0.54166667 0.02812500 0.11111111
0 0.49687500 0.54513889 0.03125000 0.11458333
19 0.53593750 0.54513889 0.03125000 0.11111111
10 0.61562500 0.54861111 0.03125000 0.12500000
3 0.69687500 0.54861111 0.03125000 0.11111111
9 0.84843750 0.54861111 0.02812500 0.12152778
7 0.03593750 0.69097222 0.02656250 0.11111111
4 0.07187500 0.69097222 0.02812500 0.11111111
3 0.14062500 0.68750000 0.02812500 0.11111111
14 0.17812500 0.69444444 0.02968750 0.11458333
4 0.21562500 0.69097222 0.02968750 0.11111111
18 0.25625000 0.69444444 0.03281250 0.11111111
13 0.29375000 0.69444444 0.03125000 0.11111111
19 0.37500000 0.69791667 0.02812500 0.09722222
22 0.49687500 0.69444444 0.02968750 0.10763889
0 0.07031250 0.83680556 0.02812500 0.10763889
19 0.10625000 0.84027778 0.02656250 0.10416667
10 0.14062500 0.83680556 0.02968750 0.10069444
4 0.33281250 0.84375000 0.02656250 0.09027778
19 0.61718750 0.85069444 0.03125000 0.11111111
18 0.73750000 0.85416667 0.03281250 0.10416667
