18 0.10937500 0.13906250 0.02968750 0.10781250
2 0.23281250 0.13906250 0.02968750 0.11093750
17 0.31562500 0.13906250 0.03125000 0.11093750
6 0.39843750 0.13906250 0.03125000 0.11093750
4 0.44062500 0.13906250 0.02500000 0.10781250
19 0.06875000 0.29140625 0.03281250 0.11484375
1 0.52343750 0.29140625 0.03125000 0.11093750
11 0.56406250 0.28437500 0.03281250 0.11484375
0 0.60312500 0.28828125 0.02656250 0.11093750
10 0.68750000 0.28437500 0.03281250 0.11484375
4 0.88125000 0.43750000 0.03125000 0.11093750
5 0.80625000 0.43750000 0.03125000 0.11093750
11 0.60468750 0.44453125 0.02812500 0.11093750
8 0.56406250 0.44453125 0.03125000 0.11796875
15 0.52500000 0.44453125 0.03125000 0.10781250
0 0.44218750 0.44062500 0.02968750 0.10781250
1 0.36093750 0.44453125 0.03281250 0.10781250
24 0.06875000 0.45156250 0.03593750 0.11093750
4 0.02812500 0.60078125 0.03437500 0.11093750
2 0.06406250 0.59687500 0.03281250 0.11093750
10 0.10781250 0.60390625 0.02968750 0.11093750
11 0.35937500 0.60078125 0.03437500 0.11093750
6 0.44218750 0.59687500 0.03437500 0.10781250
14 0.60625000 0.59687500 0.03125000 0.11093750
3 0.64687500 0.59687500 0.03125000 0.12187500
10 0.80937500 0.59062500 0.03437500 0.11484375
19 0.73125000 0.74687500 0.03750000 0.11484375
8 0.52656250 0.75000000 0.03281250 0.11093750
18 0.40312500 0.75703125 0.03125000 0.11484375
4 0.23593750 0.75703125 0.03125000 0.11093750
2 0.19375000 0.75703125 0.03281250 0.11093750
4 0.15156250 0.76015625 0.03281250 0.10781250
0 0.10937500 0.92343750 0.02656250 0.11093750
14 0.36093750 0.90937500 0.03125000 0.11484375
13 0.60781250 0.90312500 0.03125000 0.10781250
4 0.64843750 0.90312500 0.02968750 0.10781250
3 0.84687500 0.89218750 0.03125000 0.12187500
3 0.95000000 0.88203125 0.02968750 0.11796875
