18 0.26718750 0.05902778 0.03437500 0.11805556
18 0.72031250 0.05555556 0.03750000 0.11111111
19 0.88437500 0.06597222 0.03125000 0.12847222
14 0.91875000 0.06944444 0.02968750 0.11458333
24 0.17812500 0.21527778 0.03750000 0.12847222
11 0.13437500 0.22222222 0.03281250 0.12847222
18 0.08906250 0.22569444 0.03750000 0.13194444
0 0.31406250 0.21875000 0.03125000 0.12500000
3 0.40937500 0.21527778 0.03437500 0.12500000
14 0.45000000 0.21527778 0.03906250 0.12500000
17 0.49687500 0.21527778 0.03906250 0.12847222
4 0.67656250 0.21180556 0.03750000 0.12152778
4 0.80781250 0.21527778 0.03750000 0.12500000
3 0.67968750 0.38541667 0.03750000 0.12500000
18 0.63281250 0.38888889 0.03750000 0.13194444
18 0.45312500 0.38888889 0.03750000 0.12500000
13 0.22343750 0.38541667 0.04062500 0.13194444
4 0.13281250 0.38888889 0.03750000 0.13888889
10 0.09062500 0.39236111 0.03906250 0.12847222
4 0.31562500 0.55902778 0.03437500 0.12500000
3 0.40625000 0.55555556 0.03750000 0.13194444
8 0.63593750 0.55208333 0.03906250 0.13541667
11 0.77031250 0.55208333 0.03906250 0.13541667
11 0.54375000 0.72569444 0.03281250 0.13541667
0 0.31718750 0.72916667 0.03906250 0.12500000
3 0.13281250 0.73263889 0.03750000 0.13888889
0 0.04531250 0.73611111 0.03281250 0.12847222
21 0.09062500 0.90277778 0.04062500 0.13888889
8 0.13281250 0.90277778 0.03281250 0.13888889
24 0.22187500 0.90277778 0.03906250 0.13888889
17 0.45468750 0.90277778 0.04062500 0.13888889
11 0.59218750 0.89583333 0.03281250 0.13888889
18 0.72968750 0.89583333 0.03593750 0.13888889
