13 0.06562500 0.16562500 0.03437500 0.11250000
18 0.18437500 0.15859375 0.03281250 0.11093750
7 0.34375000 0.15000000 0.03593750 0.10937500
3 0.42656250 0.15000000 0.03437500 0.11406250
0 0.86015625 0.16796875 0.03281250 0.10000000
6 0.90000000 0.17031250 0.03750000 0.10625000
15 0.01875000 0.30312500 0.03750000 0.11562500
14 0.05937500 0.30546875 0.03125000 0.12187500
18 0.10000000 0.29765625 0.03593750 0.11093750
20 0.26093750 0.29531250 0.03125000 0.11093750
18 0.30234375 0.29843750 0.03750000 0.12343750
4 0.34375000 0.29453125 0.03437500 0.11406250
8 0.55234375 0.29765625 0.03281250 0.11562500
2 0.58984375 0.29453125 0.03125000 0.12187500
10 0.62968750 0.29765625 0.03750000 0.12187500
13 0.83203125 0.29921875 0.03593750 0.10781250
21 0.04296875 0.60000000 0.03437500 0.13281250
7 0.25234375 0.59687500 0.03593750 0.12500000
3 0.33828125 0.59687500 0.03750000 0.12500000
13 0.63593750 0.59609375 0.03281250 0.11875000
20 0.67656250 0.59296875 0.03750000 0.12031250
4 0.76406250 0.59765625 0.03437500 0.12187500
19 0.80234375 0.59218750 0.03593750 0.12656250
1 0.03437500 0.91718750 0.03593750 0.12812500
4 0.07265625 0.92187500 0.03281250 0.13125000
1 0.29140625 0.92109375 0.03437500 0.12968750
8 0.42421875 0.92109375 0.03593750 0.12968750
14 0.55625000 0.92109375 0.03906250 0.14062500
18 0.60000000 0.92109375 0.03593750 0.14062500
4 0.64375000 0.92109375 0.03750000 0.12968750
2 0.73203125 0.91718750 0.04062500 0.13281250
17 0.77578125 0.91718750 0.03906250 0.12812500
14 0.81875000 0.91953125 0.03750000 0.13125000
18 0.86015625 0.91484375 0.03750000 0.12968750
18 0.90468750 0.91484375 0.03593750 0.12968750
