22 0.03906250 0.10069444 0.04062500 0.12152778
11 0.10000000 0.09722222 0.04375000 0.12847222
8 0.54218750 0.09722222 0.03593750 0.12152778
11 0.63593750 0.09722222 0.04062500 0.12847222
0 0.67656250 0.09375000 0.03437500 0.12500000
4 0.81406250 0.09375000 0.03437500 0.12500000
14 0.22656250 0.26041667 0.03437500 0.12152778
11 0.50000000 0.26388889 0.04375000 0.11805556
8 0.54062500 0.26388889 0.03281250 0.11805556
0 0.02187500 0.42708333 0.03750000 0.12152778
8 0.06093750 0.42708333 0.03281250 0.11805556
20 0.18750000 0.43055556 0.03125000 0.12152778
15 0.22968750 0.42708333 0.03125000 0.12500000
19 0.36406250 0.42708333 0.03281250 0.11805556
7 0.67500000 0.43750000 0.03437500 0.12500000
11 0.81093750 0.43750000 0.03437500 0.12152778
1 0.32031250 0.59027778 0.03437500 0.11458333
22 0.63125000 0.60069444 0.03593750 0.12152778
17 0.02656250 0.74305556 0.02968750 0.11111111
18 0.10781250 0.75000000 0.02968750 0.10763889
14 0.19062500 0.75347222 0.03125000 0.11805556
13 0.27812500 0.75694444 0.03593750 0.11111111
18 0.36406250 0.75694444 0.03125000 0.11805556
13 0.53906250 0.76041667 0.03593750 0.12152778
24 0.11093750 0.90972222 0.03281250 0.11805556
3 0.19375000 0.91319444 0.03281250 0.11111111
1 0.27968750 0.91666667 0.03281250 0.10763889
0 0.49843750 0.92361111 0.03906250 0.11805556
12 0.58437500 0.93055556 0.03593750 0.12500000
0 0.62968750 0.92708333 0.03593750 0.11805556
19 0.67343750 0.93402778 0.03281250 0.12152778
14 0.85156250 0.93750000 0.03593750 0.11458333
