2 0.38769500 0.05087200 0.02539100 0.02761600
9 0.42285200 0.04978200 0.02539100 0.02689000
8 0.49218800 0.05123500 0.02539100 0.02689000
11 0.56054700 0.05196200 0.02539100 0.02689000
1 0.38769500 0.09447700 0.02734400 0.02907000
4 0.42187500 0.09302300 0.02734400 0.02907000
11 0.45752000 0.09375000 0.02832000 0.02907000
10 0.49316400 0.09447700 0.02734400 0.02907000
0 0.52783200 0.09447700 0.02832000 0.02907000
13 0.17822300 0.19440400 0.02636700 0.02834300
0 0.21142600 0.19222400 0.02832000 0.02979700
11 0.28173800 0.18713700 0.02832000 0.02979700
8 0.31689500 0.18641000 0.02832000 0.02979700
17 0.38916000 0.18277600 0.02832000 0.02979700
4 0.42480500 0.18168600 0.02734400 0.02907000
1 0.46044900 0.18241300 0.02636700 0.02907000
19 0.53222700 0.18314000 0.02539100 0.02907000
0 0.56787100 0.18386600 0.02636700 0.02907000
22 0.63769500 0.18750000 0.02539100 0.02907000
11 0.70654300 0.18713700 0.02441400 0.02834300
4 0.74072300 0.18713700 0.02441400 0.02834300
18 0.77441400 0.18786300 0.02539100 0.02834300
20 0.80664100 0.18859000 0.02539100 0.02834300
1 0.11328100 0.24745600 0.02734400 0.02979700
4 0.14355500 0.24454900 0.02734400 0.02979700
11 0.17724600 0.24055200 0.02832000 0.03052300
10 0.21142600 0.23691900 0.02832000 0.03052300
20 0.24560500 0.23582800 0.02832000 0.02979700
20 0.14453100 0.29069800 0.02734400 0.03197700
1 0.21044900 0.28524700 0.02832000 0.03125000
4 0.24658200 0.28306700 0.02832000 0.03125000
11 0.28222700 0.28197700 0.02734400 0.03197700
10 0.31689500 0.28052300 0.02832000 0.03197700
8 0.35498000 0.28016000 0.02832000 0.03125000
1 0.42724600 0.28016000 0.02832000 0.03125000
11 0.49853500 0.27907000 0.02832000 0.03197700
0 0.53515600 0.27834300 0.02734400 0.03052300
18 0.60888700 0.27834300 0.02832000 0.03052300
11 0.64355500 0.27834300 0.02734400 0.03052300
14 0.67919900 0.27834300 0.02832000 0.03052300
12 0.71386700 0.27834300 0.02734400 0.03052300
0 0.74853500 0.27907000 0.02832000 0.03052300
13 0.78271500 0.27979700 0.02832000 0.03052300
0 0.81640600 0.28088700 0.02734400 0.03125000
11 0.10888700 0.33866300 0.02832000 0.03197700
0 0.14160200 0.33648300 0.02734400 0.03197700
15 0.17480500 0.33430200 0.02734400 0.03197700
10 0.20996100 0.33139500 0.02734400 0.03197700
0 0.24609400 0.32921500 0.02734400 0.03197700
17 0.43017600 0.32521800 0.02832000 0.03125000
4 0.50341800 0.32521800 0.02832000 0.03125000
1 0.53808600 0.32521800 0.02929700 0.03125000
19 0.61084000 0.32558100 0.02832000 0.03052300
0 0.64502000 0.32594500 0.02832000 0.03125000
22 0.71826200 0.32667200 0.02832000 0.03125000
25 0.75244100 0.32667200 0.02832000 0.03125000
11 0.82226600 0.32703500 0.02734400 0.02907000
8 0.85595700 0.32703500 0.02636700 0.02907000
1 0.10742200 0.38590100 0.02734400 0.03197700
4 0.14013700 0.38444800 0.02832000 0.03197700
11 0.17382800 0.38226700 0.02734400 0.03197700
10 0.20800800 0.38081400 0.02734400 0.03197700
20 0.24658200 0.37863400 0.02832000 0.03197700
22 0.31982400 0.37500000 0.02832000 0.03197700
10 0.43115200 0.37427300 0.02832000 0.03197700
14 0.46728500 0.37427300 0.02832000 0.03197700
11 0.50390600 0.37427300 0.02734400 0.03197700
20 0.54150400 0.37427300 0.02832000 0.03197700
3 0.68603500 0.37391000 0.02832000 0.03125000
14 0.72119100 0.37391000 0.02832000 0.03125000
11 0.75634800 0.37427300 0.02832000 0.03197700
6 0.79150400 0.37427300 0.02832000 0.03197700
14 0.82568400 0.37427300 0.02832000 0.03197700
9 0.10693400 0.43495600 0.02832000 0.03270300
8 0.13916000 0.43350300 0.02832000 0.03270300
11 0.17334000 0.43204900 0.02832000 0.03270300
0 0.20800800 0.43059600 0.02929700 0.03270300
1 0.28173800 0.42768900 0.02832000 0.03270300
4 0.31982400 0.42623500 0.02832000 0.03270300
11 0.35644500 0.42587200 0.02929700 0.03343000
10 0.39404300 0.42550900 0.02832000 0.03270300
0 0.43212900 0.42478200 0.02832000 0.03270300
22 0.50732400 0.42369200 0.02832000 0.03197700
9 0.58105500 0.42369200 0.02929700 0.03197700
8 0.61767600 0.42369200 0.02832000 0.03197700
22 0.65380900 0.42332800 0.02832000 0.03270300
14 0.68994100 0.42332800 0.02832000 0.03270300
12 0.72460900 0.42296500 0.02734400 0.03197700
20 0.79638700 0.42296500 0.02832000 0.03197700
6 0.83007800 0.42296500 0.02734400 0.03197700
14 0.86621100 0.42260200 0.02734400 0.03125000
11 0.90039100 0.42187500 0.02734400 0.03125000
10 0.10449200 0.48619200 0.02734400 0.03343000
4 0.13720700 0.48473800 0.02832000 0.03343000
15 0.28222700 0.47747100 0.02734400 0.03343000
14 0.31933600 0.47710800 0.02929700 0.03270300
19 0.35742200 0.47638100 0.02929700 0.03270300
14 0.39550800 0.47601700 0.02929700 0.03197700
12 0.43359400 0.47601700 0.02929700 0.03197700
10 0.54589800 0.47456400 0.02929700 0.03197700
14 0.58300800 0.47420100 0.02929700 0.03270300
11 0.61962900 0.47347400 0.02832000 0.03270300
13 0.69384800 0.47311000 0.02832000 0.03197700
8 0.72900400 0.47238400 0.02832000 0.03197700
10 0.76513700 0.47238400 0.02832000 0.03197700
8 0.80029300 0.47238400 0.02832000 0.03197700
14 0.10205100 0.53633700 0.02832000 0.03343000
19 0.13525400 0.53524700 0.02832000 0.03270300
15 0.17041000 0.53415700 0.02832000 0.03343000
20 0.20654300 0.53270300 0.02832000 0.03343000
18 0.24365200 0.53125000 0.02832000 0.03343000
19 0.28173800 0.52979700 0.02832000 0.03343000
8 0.32031200 0.52943300 0.02929700 0.03415700
11 0.35742200 0.52907000 0.02929700 0.03343000
8 0.39648400 0.52761600 0.02929700 0.03343000
1 0.47265600 0.52689000 0.02929700 0.03343000
4 0.51074200 0.52616300 0.02929700 0.03343000
11 0.54785200 0.52579900 0.02929700 0.03415700
10 0.58593800 0.52543600 0.02929700 0.03343000
20 0.62304700 0.52470900 0.02929700 0.03343000
13 0.69726600 0.52398300 0.02929700 0.03343000
0 0.73339800 0.52361900 0.02929700 0.03270300
22 0.80615200 0.52289200 0.02832000 0.03270300
14 0.84228500 0.52216600 0.02832000 0.03270300
11 0.87695300 0.52180200 0.02929700 0.03343000
18 0.13281200 0.58793600 0.02929700 0.03488400
0 0.16845700 0.58684600 0.02832000 0.03415700
0 0.24267600 0.58502900 0.02832000 0.03488400
15 0.32031200 0.58248500 0.02929700 0.03415700
14 0.35839800 0.58175900 0.02929700 0.03415700
11 0.47460900 0.57957800 0.02929700 0.03415700
15 0.55078100 0.57812500 0.02929700 0.03415700
14 0.58837900 0.57812500 0.03027300 0.03415700
3 0.62597700 0.57739800 0.02929700 0.03415700
14 0.66406200 0.57667200 0.02929700 0.03415700
17 0.70117200 0.57594500 0.02929700 0.03415700
14 0.73828100 0.57521800 0.02929700 0.03415700
6 0.77539100 0.57449100 0.02929700 0.03415700
4 0.81152300 0.57412800 0.02929700 0.03343000
10 0.13085900 0.64207800 0.02929700 0.03415700
14 0.16650400 0.64135200 0.02832000 0.03415700
19 0.20361300 0.63989800 0.02832000 0.03415700
13 0.28076200 0.63771800 0.02832000 0.03415700
14 0.31982400 0.63662800 0.02832000 0.03488400
10 0.35791000 0.63553800 0.03027300 0.03415700
18 0.43798800 0.63408400 0.03027300 0.03415700
15 0.47656200 0.63226700 0.02929700 0.03343000
17 0.51464800 0.63154100 0.02929700 0.03343000
6 0.59277300 0.63081400 0.02929700 0.03343000
13 0.62988300 0.63008700 0.02929700 0.03343000
20 0.66699200 0.63008700 0.02929700 0.03343000
11 0.70361300 0.62863400 0.03027300 0.03343000
18 0.77880900 0.62827000 0.02832000 0.03270300
3 0.85351600 0.62718000 0.02929700 0.03343000
8 0.88867200 0.62645300 0.02929700 0.03343000
22 0.09423800 0.69767400 0.02832000 0.03633700
0 0.12841800 0.69767400 0.02832000 0.03633700
13 0.16357400 0.69731100 0.02832000 0.03561000
0 0.20166000 0.69694800 0.02832000 0.03633700
18 0.09228500 0.75472400 0.03027300 0.03706400
15 0.12597700 0.75399700 0.02929700 0.03706400
17 0.16259800 0.75399700 0.03027300 0.03706400
6 0.27929700 0.75218000 0.02929700 0.03779100
13 0.31933600 0.75181700 0.02929700 0.03706400
20 0.35937500 0.75000000 0.03125000 0.03633700
11 0.39892600 0.74854700 0.03027300 0.03633700
13 0.09033200 0.81141000 0.03027300 0.03706400
2 0.23779300 0.81104700 0.03027300 0.03779100
6 0.12451200 0.86918600 0.03027300 0.03779100
9 0.16015600 0.86991300 0.03125000 0.03779100
2 0.31835900 0.87064000 0.03320300 0.03779100
5 0.48486300 0.86446200 0.03222700 0.03851700
6 0.52490200 0.86300900 0.03222700 0.03851700
7 0.12207000 0.92696200 0.02929700 0.03561000
3 0.27832000 0.93314000 0.02929700 0.03633700
1 0.44384800 0.92805200 0.03222700 0.03779100
