15 0.20937500 0.08359375 0.02968750 0.09062500
12 0.27812500 0.07968750 0.02812500 0.09062500
8 0.31406250 0.07968750 0.02968750 0.09375000
18 0.34687500 0.08359375 0.03125000 0.09062500
13 0.41875000 0.08359375 0.03125000 0.09062500
15 0.62656250 0.08359375 0.02968750 0.09687500
20 0.66250000 0.08671875 0.03125000 0.09687500
1 0.69531250 0.08359375 0.02656250 0.09375000
11 0.72968750 0.08671875 0.03125000 0.09062500
8 0.76562500 0.08671875 0.02812500 0.09062500
11 0.20781250 0.20859375 0.02968750 0.09687500
0 0.24375000 0.20468750 0.02968750 0.09375000
2 0.34687500 0.20468750 0.03125000 0.09375000
8 0.31250000 0.20468750 0.03125000 0.08671875
14 0.17343750 0.20859375 0.02968750 0.10078125
18 0.10781250 0.21562500 0.02968750 0.09687500
2 0.48750000 0.21562500 0.02968750 0.09687500
13 0.10468750 0.34375000 0.03281250 0.09375000
4 0.13750000 0.34375000 0.02500000 0.10078125
22 0.17187500 0.34062500 0.03281250 0.10078125
24 0.27656250 0.34375000 0.03281250 0.09375000
14 0.31093750 0.34062500 0.02812500 0.10078125
