4 0.13125000 0.09375000 0.02656250 0.10781250
4 0.32656250 0.08671875 0.02812500 0.10781250
17 0.52812500 0.08359375 0.02812500 0.10390625
24 0.97812500 0.07968750 0.02968750 0.10781250
13 0.77656250 0.22890625 0.02812500 0.10078125
22 0.69218750 0.23281250 0.02812500 0.10781250
24 0.44531250 0.23593750 0.02500000 0.09687500
0 0.36718750 0.23984375 0.02656250 0.10390625
3 0.12187500 0.38515625 0.02968750 0.10390625
17 0.16406250 0.38515625 0.02812500 0.11093750
4 0.60781250 0.38203125 0.03125000 0.10390625
13 0.86250000 0.38203125 0.02812500 0.10078125
11 0.98750000 0.53828125 0.02500000 0.10390625
0 0.94687500 0.53828125 0.02812500 0.11093750
15 0.86406250 0.53828125 0.02656250 0.10078125
20 0.82187500 0.53437500 0.03281250 0.10781250
19 0.73593750 0.53828125 0.02968750 0.10781250
0 0.69062500 0.53437500 0.02500000 0.10390625
4 0.65156250 0.53437500 0.03125000 0.10390625
3 0.56875000 0.53437500 0.02968750 0.10078125
4 0.48593750 0.53437500 0.02968750 0.10390625
7 0.44687500 0.53437500 0.02968750 0.10390625
11 0.28281250 0.53828125 0.02656250 0.10781250
14 0.24531250 0.53437500 0.03125000 0.10781250
14 0.20312500 0.53828125 0.03125000 0.10781250
18 0.12187500 0.53828125 0.02968750 0.10781250
3 0.52656250 0.69453125 0.02968750 0.11484375
21 0.86718750 0.69765625 0.03437500 0.11484375
6 0.87031250 0.86484375 0.03125000 0.11093750
19 0.95468750 0.86093750 0.03125000 0.11093750
22 0.74218750 0.86484375 0.03125000 0.11484375
11 0.65468750 0.86093750 0.03125000 0.11093750
18 0.48906250 0.85781250 0.02656250 0.10390625
19 0.40625000 0.85781250 0.03125000 0.11093750
0 0.36562500 0.85390625 0.02812500 0.11484375
18 0.28281250 0.85781250 0.02812500 0.11093750
3 0.24218750 0.85390625 0.02968750 0.11484375
8 0.20156250 0.85781250 0.03125000 0.11093750
10 0.16093750 0.85781250 0.02968750 0.11484375
