6 0.10312500 0.10781250 0.03437500 0.12187500
14 0.14218750 0.10781250 0.03281250 0.11093750
19 0.18281250 0.10781250 0.03593750 0.11796875
5 0.47500000 0.11796875 0.03281250 0.11484375
2 0.55781250 0.11796875 0.03281250 0.11093750
13 0.85625000 0.13515625 0.03281250 0.11484375
11 0.93750000 0.29843750 0.03593750 0.11093750
3 0.97656250 0.30234375 0.03437500 0.12500000
13 0.81093750 0.29140625 0.03437500 0.11796875
4 0.59843750 0.28437500 0.03281250 0.11796875
5 0.06250000 0.26406250 0.03593750 0.12500000
18 0.06093750 0.40937500 0.03437500 0.11093750
3 0.10000000 0.40937500 0.03750000 0.11484375
17 0.38750000 0.43437500 0.03125000 0.11093750
6 0.47187500 0.43437500 0.03125000 0.11093750
14 0.59531250 0.44062500 0.03125000 0.11093750
8 0.63750000 0.44453125 0.03437500 0.11796875
18 0.76250000 0.60078125 0.03750000 0.11093750
1 0.67656250 0.59687500 0.02968750 0.12187500
24 0.55312500 0.59375000 0.03437500 0.11796875
0 0.43125000 0.59375000 0.03593750 0.11796875
10 0.30625000 0.57968750 0.03593750 0.12812500
19 0.22343750 0.57265625 0.03593750 0.11796875
0 0.10000000 0.57265625 0.03593750 0.11796875
7 0.05937500 0.57968750 0.03593750 0.13906250
22 0.06250000 0.72187500 0.03750000 0.12500000
0 0.10000000 0.72187500 0.03125000 0.11796875
18 0.14062500 0.72187500 0.03750000 0.12187500
0 0.38750000 0.73593750 0.03125000 0.11093750
0 0.50781250 0.73984375 0.02968750 0.10390625
12 0.59375000 0.74296875 0.03750000 0.12187500
8 0.67500000 0.75312500 0.03125000 0.10781250
12 0.10312500 0.87500000 0.03750000 0.11796875
