6 0.17812500 0.05208333 0.03437500 0.10416667
3 0.29375000 0.05208333 0.03281250 0.10069444
0 0.33281250 0.05208333 0.02656250 0.10069444
8 0.49062500 0.05555556 0.03125000 0.10069444
8 0.52968750 0.05208333 0.03125000 0.10416667
5 0.60781250 0.05208333 0.03281250 0.10069444
19 0.05156250 0.30555556 0.03281250 0.11805556
8 0.08906250 0.30208333 0.03281250 0.11458333
11 0.12812500 0.30555556 0.03125000 0.11805556
11 0.16875000 0.30208333 0.03906250 0.12500000
0 0.25000000 0.30555556 0.03125000 0.11458333
5 0.28906250 0.30208333 0.03281250 0.11458333
18 0.37187500 0.29861111 0.03281250 0.11458333
20 0.41093750 0.30208333 0.03437500 0.11458333
15 0.45156250 0.29861111 0.03281250 0.11805556
15 0.49062500 0.29166667 0.03437500 0.12152778
7 0.77812500 0.29166667 0.03593750 0.12847222
4 0.81562500 0.29166667 0.03281250 0.12500000
11 0.04531250 0.44791667 0.03906250 0.12152778
1 0.24687500 0.44444444 0.03593750 0.11805556
20 0.28750000 0.44791667 0.03281250 0.12847222
14 0.32656250 0.44444444 0.03593750 0.12152778
24 0.37031250 0.44791667 0.03125000 0.12847222
22 0.61875000 0.44444444 0.03437500 0.11805556
4 0.65625000 0.44444444 0.03125000 0.11805556
17 0.73750000 0.44444444 0.03593750 0.11805556
4 0.77968750 0.44097222 0.03593750 0.12500000
13 0.03750000 0.59722222 0.03281250 0.12152778
2 0.07968750 0.60069444 0.03125000 0.12152778
19 0.32656250 0.60069444 0.03281250 0.11805556
13 0.45000000 0.60416667 0.03125000 0.11805556
19 0.61718750 0.59375000 0.03437500 0.11458333
20 0.65937500 0.59375000 0.03593750 0.11805556
17 0.70000000 0.59722222 0.03125000 0.12152778
13 0.74375000 0.59375000 0.03281250 0.11458333
13 0.03281250 0.76388889 0.03593750 0.13541667
13 0.11250000 0.75694444 0.02968750 0.12847222
0 0.15156250 0.75694444 0.03125000 0.12500000
19 0.19531250 0.76041667 0.03281250 0.12847222
20 0.23906250 0.76041667 0.03593750 0.12847222
17 0.27968750 0.75694444 0.03593750 0.12500000
24 0.36406250 0.75694444 0.03593750 0.13541667
17 0.45000000 0.75694444 0.03750000 0.12500000
4 0.49218750 0.75000000 0.03593750 0.13194444
15 0.53593750 0.75347222 0.03750000 0.13194444
19 0.62031250 0.75347222 0.03750000 0.12847222
2 0.19375000 0.92361111 0.03281250 0.12500000
17 0.27656250 0.92013889 0.03593750 0.13541667
8 0.32187500 0.92013889 0.03437500 0.13194444
4 0.36250000 0.92361111 0.03906250 0.13194444
14 0.53593750 0.92361111 0.03593750 0.12152778
22 0.62500000 0.92013889 0.03906250 0.12847222
0 0.66562500 0.91666667 0.03281250 0.13541667
13 0.70781250 0.92013889 0.03437500 0.12152778
19 0.75156250 0.91319444 0.03437500 0.12152778
