18 0.12812500 0.13541667 0.03437500 0.11458333
0 0.37343750 0.13888889 0.03281250 0.11458333
19 0.41562500 0.14236111 0.03281250 0.12152778
14 0.12812500 0.29166667 0.03281250 0.12152778
17 0.21093750 0.29166667 0.03125000 0.11805556
14 0.37500000 0.29861111 0.03125000 0.11458333
0 0.58281250 0.29861111 0.03750000 0.12152778
2 0.62656250 0.29861111 0.03281250 0.12152778
10 0.67031250 0.29861111 0.03593750 0.11805556
10 0.89375000 0.30208333 0.04375000 0.12847222
14 0.17187500 0.44791667 0.03437500 0.11458333
24 0.21093750 0.44791667 0.03593750 0.11805556
1 0.33906250 0.44791667 0.04062500 0.11458333
18 0.54218750 0.45486111 0.03750000 0.12500000
14 0.62500000 0.45833333 0.03593750 0.12500000
18 0.17031250 0.60416667 0.03593750 0.11805556
11 0.21406250 0.60069444 0.03437500 0.11805556
19 0.33593750 0.60069444 0.03281250 0.11458333
11 0.41562500 0.60763889 0.03593750 0.11805556
4 0.54062500 0.61111111 0.03437500 0.12152778
19 0.17187500 0.75347222 0.03281250 0.11458333
19 0.45781250 0.76041667 0.03437500 0.11805556
15 0.62343750 0.77083333 0.03437500 0.12152778
0 0.70937500 0.77430556 0.03593750 0.11805556
19 0.79531250 0.77777778 0.03750000 0.12152778
8 0.83750000 0.78472222 0.03593750 0.11805556
3 0.29531250 0.90625000 0.03437500 0.11805556
18 0.58125000 0.92361111 0.03281250 0.11111111
8 0.62187500 0.92361111 0.03281250 0.11111111
