0 0.11562500 0.10763889 0.04687500 0.13888889
1 0.19687500 0.10416667 0.04687500 0.13541667
24 0.66562500 0.08333333 0.03750000 0.12847222
2 0.75156250 0.07986111 0.03437500 0.12500000
11 0.92343750 0.24652778 0.02812500 0.12500000
0 0.84531250 0.24305556 0.04687500 0.13888889
13 0.62343750 0.23958333 0.03750000 0.12500000
18 0.53750000 0.24652778 0.03906250 0.12500000
25 0.45000000 0.24652778 0.03593750 0.13194444
0 0.40625000 0.25694444 0.03593750 0.12847222
1 0.32031250 0.25347222 0.03750000 0.12500000
24 0.23437500 0.25694444 0.03593750 0.12500000
2 0.19531250 0.26388889 0.04062500 0.12847222
0 0.10937500 0.27083333 0.03906250 0.13194444
5 0.06875000 0.27083333 0.03437500 0.12847222
19 0.02656250 0.43055556 0.03750000 0.13541667
0 0.27968750 0.41319444 0.04218750 0.13194444
8 0.40625000 0.41319444 0.03750000 0.12847222
13 0.49531250 0.40972222 0.03750000 0.14236111
17 0.58281250 0.40625000 0.03750000 0.13541667
13 0.66875000 0.40625000 0.04218750 0.12847222
19 0.71250000 0.40277778 0.04375000 0.12500000
0 0.62500000 0.56944444 0.03437500 0.12847222
8 0.49531250 0.57638889 0.03750000 0.13194444
17 0.32031250 0.58680556 0.03750000 0.13541667
6 0.27968750 0.59027778 0.04375000 0.15625000
3 0.06718750 0.58680556 0.04375000 0.13888889
22 0.02500000 0.59027778 0.04062500 0.14930556
19 0.23437500 0.75000000 0.04218750 0.14583333
14 0.36250000 0.74305556 0.03593750 0.13541667
24 0.40781250 0.73958333 0.03906250 0.13194444
7 0.53750000 0.74652778 0.03593750 0.13888889
0 0.62812500 0.73611111 0.03750000 0.13888889
18 0.59218750 0.90972222 0.04843750 0.14930556
11 0.15156250 0.90625000 0.04531250 0.15277778
14 0.10625000 0.90277778 0.03437500 0.14583333
2 0.06562500 0.90972222 0.03125000 0.13194444
