9 0.11406250 0.10390625 0.03906250 0.12812500
0 0.15312500 0.10078125 0.03750000 0.13203125
18 0.19062500 0.09687500 0.03593750 0.12812500
14 0.23281250 0.09062500 0.03281250 0.12500000
13 0.27812500 0.09375000 0.03125000 0.12500000
18 0.36562500 0.09375000 0.03437500 0.11796875
20 0.40937500 0.09375000 0.03750000 0.12500000
1 0.45625000 0.09375000 0.03593750 0.12500000
12 0.49843750 0.09062500 0.03750000 0.12812500
8 0.54531250 0.09062500 0.03750000 0.13515625
18 0.58906250 0.09062500 0.03750000 0.12500000
18 0.63593750 0.08359375 0.03750000 0.13515625
8 0.68125000 0.08359375 0.03750000 0.12500000
21 0.72656250 0.08359375 0.03750000 0.12500000
4 0.77187500 0.08359375 0.03750000 0.12812500
11 0.81562500 0.07968750 0.03437500 0.13203125
24 0.86562500 0.08359375 0.03750000 0.12500000
1 0.07812500 0.26406250 0.03437500 0.12500000
0 0.11093750 0.26406250 0.02968750 0.12187500
2 0.15312500 0.26406250 0.03125000 0.12500000
10 0.19531250 0.26015625 0.03750000 0.11796875
18 0.32187500 0.26406250 0.03750000 0.12500000
14 0.41093750 0.25703125 0.03593750 0.12500000
18 0.72500000 0.25703125 0.03750000 0.12500000
15 0.11406250 0.42734375 0.03593750 0.12500000
13 0.19375000 0.42343750 0.03750000 0.12812500
11 0.27812500 0.42343750 0.03437500 0.12500000
7 0.41093750 0.42734375 0.03437500 0.12500000
12 0.45625000 0.42343750 0.04062500 0.12812500
2 0.72500000 0.42734375 0.03593750 0.12500000
0 0.76875000 0.42343750 0.03750000 0.13906250
1 0.81718750 0.42343750 0.03750000 0.13906250
8 0.95000000 0.59687500 0.04062500 0.13515625
2 0.86093750 0.59687500 0.04062500 0.13906250
13 0.67812500 0.59375000 0.03906250 0.12500000
15 0.58750000 0.59687500 0.03906250 0.13203125
19 0.45468750 0.59062500 0.03437500 0.12500000
0 0.32343750 0.59375000 0.03593750 0.12500000
19 0.23750000 0.59062500 0.03750000 0.12500000
23 0.15468750 0.75000000 0.03750000 0.12500000
18 0.23750000 0.75000000 0.03437500 0.11796875
9 0.36718750 0.75000000 0.03437500 0.12187500
0 0.41250000 0.75000000 0.03593750 0.12500000
2 0.45468750 0.75000000 0.03750000 0.12500000
14 0.49843750 0.75312500 0.03593750 0.12500000
1 0.54375000 0.75000000 0.03750000 0.12812500
17 0.67812500 0.75703125 0.04218750 0.13203125
14 0.72343750 0.75703125 0.03906250 0.13203125
8 0.58906250 0.91640625 0.03750000 0.12500000
13 0.41250000 0.91328125 0.03593750 0.12500000
19 0.32500000 0.91328125 0.03593750 0.12500000
18 0.28437500 0.91328125 0.04375000 0.12500000
13 0.24062500 0.90937500 0.04062500 0.12812500
7 0.20000000 0.90937500 0.04062500 0.12500000
14 0.15781250 0.90625000 0.04062500 0.13203125
9 0.12031250 0.90625000 0.03437500 0.13515625
