1 0.09912100 0.10101700 0.02050800 0.02180200
9 0.12695300 0.10101700 0.02148400 0.02325600
15 0.07080100 0.13408400 0.02050800 0.02398300
14 0.09765600 0.13372100 0.02148400 0.02470900
3 0.12451200 0.13299400 0.02050800 0.02470900
13 0.15039100 0.13226700 0.02148400 0.02470900
8 0.17724600 0.13154100 0.02246100 0.02470900
12 0.20507800 0.13081400 0.02148400 0.02470900
8 0.23242200 0.13008700 0.02148400 0.02470900
19 0.26074200 0.12936000 0.02148400 0.02470900
4 0.28857400 0.12863400 0.02246100 0.02616300
10 0.34521500 0.12681700 0.02246100 0.02398300
0 0.37255900 0.12645300 0.02246100 0.02470900
13 0.06933600 0.20058100 0.02148400 0.02470900
14 0.09570300 0.19985500 0.02148400 0.02470900
1 0.14941400 0.19912800 0.02148400 0.02470900
10 0.20507800 0.19767400 0.02148400 0.02470900
8 0.23486300 0.19731100 0.02050800 0.02543600
8 0.28906200 0.19658400 0.02148400 0.02543600
13 0.34472700 0.19585800 0.02148400 0.02543600
14 0.37304700 0.19513100 0.02148400 0.02543600
18 0.40087900 0.19476700 0.02050800 0.02616300
14 0.42773400 0.19440400 0.02148400 0.02543600
17 0.45605500 0.19331400 0.02148400 0.02470900
14 0.48437500 0.19295100 0.02148400 0.02398300
6 0.51367200 0.19258700 0.02148400 0.02470900
8 0.54199200 0.19186000 0.02148400 0.02470900
14 0.06787100 0.26889500 0.02246100 0.02470900
19 0.09472700 0.26780500 0.02148400 0.02543600
22 0.12304700 0.26744200 0.02148400 0.02470900
4 0.14990200 0.26707800 0.02246100 0.02543600
16 0.17724600 0.26671500 0.02246100 0.02616300
0 0.20556600 0.26635200 0.02246100 0.02543600
19 0.26220700 0.26562500 0.02246100 0.02543600
8 0.31787100 0.26453500 0.02246100 0.02616300
25 0.34716800 0.26417200 0.02246100 0.02543600
1 0.40283200 0.26453500 0.02246100 0.02470900
4 0.42968800 0.26453500 0.02148400 0.02470900
17 0.45703100 0.26308100 0.02148400 0.02470900
11 0.48584000 0.26235500 0.02246100 0.02470900
14 0.51464800 0.26162800 0.02148400 0.02470900
6 0.54394500 0.26090100 0.02148400 0.02470900
8 0.57275400 0.26017400 0.02246100 0.02470900
12 0.09521500 0.33720900 0.02050800 0.02470900
22 0.17675800 0.33684600 0.02148400 0.02398300
17 0.20556600 0.33648300 0.02050800 0.02470900
0 0.23388700 0.33611900 0.02050800 0.02398300
6 0.26318400 0.33611900 0.02050800 0.02398300
0 0.29150400 0.33575600 0.02050800 0.02470900
1 0.34619100 0.33539200 0.02050800 0.02398300
13 0.06640600 0.40806700 0.02148400 0.02398300
0 0.09375000 0.40770300 0.02148400 0.02470900
17 0.14746100 0.40734000 0.02148400 0.02398300
14 0.17578100 0.40661300 0.02148400 0.02398300
6 0.20507800 0.40625000 0.02148400 0.02470900
0 0.23242200 0.40588700 0.02148400 0.02398300
1 0.29101600 0.40516000 0.02148400 0.02398300
19 0.06298800 0.47856100 0.02246100 0.02543600
14 0.09228500 0.47856100 0.02246100 0.02543600
11 0.12060500 0.47819800 0.02246100 0.02616300
10 0.17627000 0.47819800 0.02246100 0.02616300
14 0.20703100 0.47856100 0.02148400 0.02398300
10 0.29296900 0.47601700 0.02148400 0.02470900
20 0.32128900 0.47601700 0.02148400 0.02470900
17 0.34960900 0.47565400 0.02148400 0.02398300
0 0.37793000 0.47601700 0.02148400 0.02470900
3 0.43408200 0.47456400 0.02246100 0.02470900
14 0.46240200 0.47456400 0.02246100 0.02470900
17 0.49072300 0.47347400 0.02246100 0.02398300
14 0.51904300 0.47347400 0.02246100 0.02398300
6 0.54736300 0.47274700 0.02246100 0.02398300
0 0.57763700 0.47202000 0.02246100 0.02398300
8 0.06396500 0.55123500 0.02246100 0.02543600
17 0.12060500 0.55014500 0.02246100 0.02470900
14 0.14794900 0.54978200 0.02246100 0.02543600
6 0.17627000 0.54941900 0.02246100 0.02470900
0 0.20507800 0.54869200 0.02343800 0.02470900
13 0.26367200 0.54941900 0.02148400 0.02470900
13 0.32177700 0.54796500 0.02246100 0.02470900
16 0.35009800 0.54760200 0.02246100 0.02398300
4 0.37890600 0.54723800 0.02148400 0.02470900
19 0.43554700 0.54614800 0.02148400 0.02398300
14 0.46386700 0.54578500 0.02148400 0.02470900
9 0.49267600 0.54542200 0.02246100 0.02398300
4 0.52197300 0.54505800 0.02246100 0.02470900
13 0.57959000 0.54433100 0.02246100 0.02470900
4 0.60888700 0.54433100 0.02246100 0.02470900
3 0.66552700 0.54287800 0.02246100 0.02470900
4 0.75488300 0.54251500 0.02343800 0.02543600
22 0.78515600 0.54215100 0.02343800 0.02470900
8 0.06298800 0.62391000 0.02246100 0.02543600
18 0.12109400 0.62318300 0.02343800 0.02543600
8 0.14794900 0.62282000 0.02246100 0.02616300
3 0.17724600 0.62245600 0.02246100 0.02543600
19 0.23437500 0.62209300 0.02148400 0.02470900
8 0.29443400 0.62173000 0.02246100 0.02543600
3 0.35205100 0.62027600 0.02246100 0.02543600
17 0.37939500 0.61954900 0.02246100 0.02543600
14 0.40771500 0.61882300 0.02246100 0.02543600
9 0.43603500 0.61809600 0.02246100 0.02543600
0 0.46533200 0.61809600 0.02246100 0.02543600
19 0.49414100 0.61773300 0.02343800 0.02470900
15 0.49560500 0.69222400 0.02246100 0.02689000
14 0.52587900 0.69186000 0.02246100 0.02761600
3 0.55517600 0.69186000 0.02246100 0.02761600
10 0.61279300 0.69258700 0.02246100 0.02761600
20 0.64111300 0.69258700 0.02246100 0.02761600
18 0.67089800 0.69258700 0.02343800 0.02761600
19 0.70068400 0.69258700 0.02246100 0.02761600
14 0.73046900 0.69258700 0.02343800 0.02761600
16 0.76171900 0.69186000 0.02343800 0.02761600
10 0.79150400 0.69404100 0.02441400 0.02761600
0 0.82177700 0.69331400 0.02441400 0.02761600
12 0.85302700 0.69258700 0.02441400 0.02761600
8 0.88330100 0.69258700 0.02441400 0.02761600
25 0.06054700 0.77180200 0.02148400 0.02616300
0 0.09082000 0.77143900 0.02148400 0.02689000
1 0.14550800 0.77107600 0.02148400 0.02616300
14 0.17431600 0.77107600 0.02246100 0.02616300
11 0.20361300 0.76998500 0.02246100 0.02689000
14 0.23291000 0.77034900 0.02246100 0.02616300
19 0.26318400 0.77034900 0.02246100 0.02616300
13 0.29248000 0.77071200 0.02246100 0.02689000
12 0.35156200 0.77071200 0.02148400 0.02689000
8 0.38183600 0.77034900 0.02148400 0.02761600
15 0.43847700 0.76998500 0.02148400 0.02689000
17 0.46777300 0.76962200 0.02148400 0.02761600
16 0.52685500 0.76889500 0.02246100 0.02761600
20 0.55712900 0.76853200 0.02246100 0.02689000
19 0.58642600 0.76853200 0.02246100 0.02689000
18 0.61572300 0.76853200 0.02246100 0.02689000
10 0.70410200 0.76853200 0.02343800 0.02689000
14 0.73291000 0.76889500 0.02246100 0.02616300
16 0.76464800 0.76925900 0.02343800 0.02689000
10 0.79541000 0.76925900 0.02246100 0.02689000
0 0.82617200 0.76925900 0.02343800 0.02689000
12 0.85742200 0.76925900 0.02343800 0.02689000
8 0.88671900 0.76925900 0.02343800 0.02689000
10 0.06054700 0.84629400 0.02148400 0.02543600
17 0.08984400 0.84629400 0.02148400 0.02543600
14 0.11767600 0.84629400 0.02246100 0.02543600
10 0.14550800 0.84629400 0.02148400 0.02543600
14 0.17529300 0.84665700 0.02246100 0.02616300
3 0.20507800 0.84665700 0.02148400 0.02616300
8 0.23388700 0.84593000 0.02246100 0.02616300
11 0.26416000 0.84593000 0.02246100 0.02616300
22 0.35205100 0.84556700 0.02246100 0.02689000
10 0.40918000 0.84556700 0.02148400 0.02689000
17 0.43896500 0.84556700 0.02246100 0.02689000
0 0.46826200 0.84556700 0.02246100 0.02689000
15 0.49853500 0.84629400 0.02246100 0.02834300
8 0.52929700 0.84629400 0.02343800 0.02834300
22 0.55957000 0.84629400 0.02343800 0.02834300
20 0.58886700 0.84593000 0.02343800 0.02761600
25 0.64697300 0.84556700 0.02441400 0.02834300
0 0.67627000 0.84556700 0.02441400 0.02834300
1 0.70752000 0.84629400 0.02441400 0.02834300
8 0.73828100 0.84665700 0.02343800 0.02761600
11 0.76806600 0.84665700 0.02441400 0.02761600
8 0.79980500 0.84665700 0.02343800 0.02761600
18 0.83007800 0.84702000 0.02343800 0.02834300
8 0.06201200 0.92042200 0.02246100 0.02689000
22 0.11962900 0.92114800 0.02246100 0.02689000
10 0.17529300 0.92151200 0.02246100 0.02616300
0 0.20410200 0.92151200 0.02148400 0.02616300
13 0.23291000 0.92187500 0.02246100 0.02689000
0 0.26269500 0.92260200 0.02148400 0.02689000
22 0.29296900 0.92260200 0.02148400 0.02689000
4 0.32470700 0.92332800 0.02246100 0.02689000
18 0.38232400 0.92405500 0.02246100 0.02689000
11 0.41162100 0.92260200 0.02246100 0.02689000
14 0.44043000 0.92332800 0.02343800 0.02689000
13 0.47070300 0.92332800 0.02343800 0.02689000
18 0.56152300 0.92405500 0.02343800 0.02689000
7 0.59277300 0.92369200 0.02343800 0.02761600
14 0.62158200 0.92332800 0.02246100 0.02689000
17 0.64990200 0.92296500 0.02246100 0.02761600
14 0.67968800 0.92260200 0.02343800 0.02689000
13 0.70996100 0.92441900 0.02343800 0.02761600
8 0.74072300 0.92441900 0.02441400 0.02761600
11 0.77099600 0.92441900 0.02441400 0.02761600
8 0.80029300 0.92441900 0.02441400 0.02761600
18 0.83349600 0.92441900 0.02441400 0.02761600
