12 0.09218750 0.14930556 0.03437500 0.10763889
14 0.25156250 0.15972222 0.03125000 0.10416667
14 0.29062500 0.16319444 0.03125000 0.10069444
13 0.48437500 0.17013889 0.03125000 0.10416667
4 0.52187500 0.17013889 0.02968750 0.10069444
23 0.56093750 0.17013889 0.02812500 0.10763889
24 0.71718750 0.17013889 0.03125000 0.11458333
3 0.29062500 0.30208333 0.02812500 0.09375000
0 0.48281250 0.30902778 0.02812500 0.09722222
1 0.52187500 0.31250000 0.02812500 0.09375000
19 0.63906250 0.31597222 0.03281250 0.09722222
4 0.08437500 0.44444444 0.03125000 0.10763889
4 0.20781250 0.44791667 0.02968750 0.10416667
3 0.44531250 0.45486111 0.03125000 0.10069444
3 0.55937500 0.46180556 0.03281250 0.10763889
10 0.67656250 0.46180556 0.03125000 0.10763889
14 0.71562500 0.46180556 0.03281250 0.10763889
0 0.12343750 0.59375000 0.03281250 0.11458333
24 0.24531250 0.59722222 0.03593750 0.10763889
4 0.63750000 0.60763889 0.03281250 0.10416667
6 0.75625000 0.61111111 0.03281250 0.11458333
21 0.83750000 0.61111111 0.03281250 0.10763889
8 0.79687500 0.61111111 0.03125000 0.11458333
7 0.95312500 0.61458333 0.03281250 0.11458333
11 0.03593750 0.73958333 0.03437500 0.12152778
10 0.16250000 0.73958333 0.03593750 0.11458333
17 0.32500000 0.73958333 0.03281250 0.10763889
3 0.40312500 0.74652778 0.03125000 0.11458333
10 0.53750000 0.74652778 0.03593750 0.11111111
0 0.63593750 0.75000000 0.02968750 0.10416667
19 0.67656250 0.75000000 0.03437500 0.11111111
11 0.79843750 0.75694444 0.03906250 0.11458333
24 0.40156250 0.89236111 0.03593750 0.10763889
17 0.44062500 0.89236111 0.03281250 0.10416667
5 0.51875000 0.89583333 0.03437500 0.10763889
11 0.63906250 0.89930556 0.03906250 0.10763889
5 0.71718750 0.89930556 0.03750000 0.09722222
