3 0.08007800 0.10319800 0.02148400 0.02907000
4 0.11035200 0.10101700 0.02148400 0.02907000
19 0.14160200 0.09956400 0.02148400 0.02907000
4 0.17431600 0.09774700 0.02050800 0.02979700
23 0.20800800 0.09593000 0.02148400 0.02907000
8 0.27783200 0.09411300 0.02050800 0.02834300
22 0.34570300 0.09484000 0.02148400 0.02834300
14 0.37841800 0.09556700 0.02050800 0.02834300
25 0.41259800 0.09556700 0.02050800 0.02834300
12 0.44677700 0.09593000 0.02050800 0.02907000
14 0.48193400 0.09702000 0.02050800 0.02834300
6 0.51513700 0.09774700 0.02050800 0.02834300
13 0.54882800 0.09956400 0.01953100 0.02616300
14 0.58349600 0.10065400 0.01855500 0.02689000
8 0.64697300 0.10247100 0.01855500 0.02616300
25 0.67919900 0.10319800 0.01855500 0.02616300
17 0.74218800 0.10537800 0.01953100 0.02616300
14 0.77392600 0.10828500 0.01855500 0.02616300
3 0.07861300 0.14861900 0.02050800 0.02834300
8 0.10986300 0.14643900 0.02050800 0.02834300
19 0.14160200 0.14425900 0.02148400 0.02834300
4 0.17431600 0.14316900 0.02050800 0.02907000
11 0.20752000 0.14207800 0.02050800 0.02834300
4 0.24169900 0.14135200 0.02050800 0.02834300
9 0.34668000 0.14062500 0.02148400 0.02834300
4 0.37890600 0.14026200 0.01953100 0.02761600
13 0.41259800 0.14098800 0.02050800 0.02761600
8 0.51611300 0.14244200 0.02050800 0.02761600
11 0.54882800 0.14280500 0.01953100 0.02689000
8 0.58252000 0.14353200 0.01855500 0.02689000
12 0.64941400 0.14498500 0.01953100 0.02689000
20 0.68115200 0.14607600 0.01855500 0.02761600
9 0.71533200 0.14789200 0.01855500 0.02689000
0 0.74511700 0.14898300 0.01953100 0.02616300
6 0.07910200 0.19367700 0.01953100 0.02834300
3 0.10937500 0.19149700 0.01953100 0.02834300
4 0.14160200 0.19040700 0.01953100 0.02907000
3 0.20849600 0.18786300 0.02050800 0.02834300
4 0.24169900 0.18677300 0.02050800 0.02907000
19 0.27587900 0.18532000 0.02050800 0.02907000
8 0.31005900 0.18495600 0.02050800 0.02834300
22 0.41357400 0.18568300 0.02050800 0.02834300
11 0.44824200 0.18568300 0.02148400 0.02834300
19 0.55273400 0.18713700 0.01953100 0.02689000
18 0.58593800 0.18786300 0.01953100 0.02689000
6 0.68652300 0.19004400 0.01953100 0.02689000
11 0.71777300 0.19004400 0.01953100 0.02689000
0 0.74609400 0.19186000 0.01953100 0.02761600
22 0.78125000 0.19440400 0.01953100 0.02689000
13 0.07763700 0.23873500 0.02050800 0.02834300
14 0.10888700 0.23728200 0.02050800 0.02834300
2 0.20800800 0.23292200 0.01953100 0.02834300
4 0.24169900 0.23219500 0.02050800 0.02834300
13 0.27587900 0.23110500 0.02050800 0.02761600
13 0.30908200 0.23110500 0.02050800 0.02761600
14 0.34472700 0.23074100 0.02148400 0.02834300
18 0.37939500 0.23110500 0.02050800 0.02761600
19 0.41406200 0.23110500 0.02148400 0.02761600
0 0.61962900 0.23292200 0.02050800 0.02834300
5 0.75195300 0.23728200 0.01953100 0.02689000
4 0.78369100 0.23873500 0.01855500 0.02689000
3 0.07617200 0.28415700 0.01953100 0.02761600
14 0.10693400 0.28306700 0.01855500 0.02834300
18 0.13867200 0.28161300 0.01953100 0.02834300
14 0.17285200 0.28016000 0.01953100 0.02834300
22 0.20703100 0.27870600 0.01953100 0.02834300
14 0.34521500 0.27689000 0.02050800 0.02907000
1 0.38037100 0.27689000 0.02050800 0.02907000
16 0.44970700 0.27798000 0.02050800 0.02834300
13 0.48437500 0.27761600 0.01953100 0.02761600
0 0.51953100 0.27725300 0.01953100 0.02834300
17 0.62207000 0.27870600 0.01953100 0.02834300
20 0.65527300 0.27943300 0.01953100 0.02834300
18 0.68896500 0.27979700 0.02050800 0.02761600
18 0.72119100 0.28016000 0.02050800 0.02834300
10 0.75390600 0.28088700 0.01953100 0.02689000
0 0.78564500 0.28234000 0.01855500 0.02689000
18 0.07617200 0.33139500 0.01953100 0.02907000
4 0.10693400 0.32921500 0.01855500 0.02907000
12 0.13916000 0.32776200 0.01855500 0.02907000
17 0.34570300 0.32449100 0.02148400 0.02979700
14 0.38183600 0.32412800 0.02148400 0.02907000
18 0.41699200 0.32412800 0.02148400 0.02907000
18 0.45166000 0.32449100 0.02050800 0.02834300
8 0.48681600 0.32412800 0.02050800 0.02761600
18 0.55566400 0.32376500 0.01953100 0.02834300
10 0.58886700 0.32376500 0.01953100 0.02834300
0 0.62500000 0.32449100 0.01953100 0.02834300
6 0.72412100 0.32667200 0.01855500 0.02689000
0 0.75634800 0.32703500 0.01855500 0.02761600
25 0.78857400 0.32776200 0.01855500 0.02761600
4 0.82128900 0.32812500 0.01757800 0.02689000
19 0.07714800 0.37645300 0.02148400 0.02907000
0 0.10791000 0.37609000 0.02246100 0.02979700
0 0.24218800 0.37245600 0.02148400 0.02979700
8 0.27832000 0.37173000 0.02148400 0.02979700
13 0.34765600 0.37100300 0.02148400 0.02979700
14 0.38281200 0.37064000 0.02148400 0.03052300
1 0.45312500 0.37173000 0.01953100 0.02834300
17 0.49023400 0.37027600 0.01953100 0.02834300
1 0.62695300 0.37173000 0.01953100 0.02834300
9 0.66015600 0.37173000 0.01953100 0.02834300
9 0.69433600 0.37173000 0.01953100 0.02834300
8 0.72753900 0.37136600 0.01953100 0.02761600
20 0.13916000 0.42114800 0.02050800 0.02979700
16 0.17285200 0.42114800 0.02148400 0.02979700
13 0.24267600 0.41969500 0.02050800 0.02979700
4 0.31396500 0.41896800 0.02050800 0.02979700
25 0.38427700 0.41933100 0.02050800 0.02907000
0 0.41943400 0.41860500 0.02050800 0.02907000
13 0.45556600 0.41787800 0.02050800 0.02907000
8 0.49072300 0.41715100 0.02050800 0.02907000
12 0.52392600 0.41787800 0.02050800 0.02907000
0 0.55908200 0.41751500 0.02050800 0.02834300
23 0.62793000 0.41751500 0.01757800 0.02834300
8 0.66210900 0.41787800 0.01757800 0.02761600
4 0.69531200 0.41787800 0.01757800 0.02761600
18 0.72851600 0.41860500 0.01757800 0.02761600
25 0.10742200 0.47056700 0.01953100 0.02834300
10 0.17285200 0.46911300 0.01953100 0.02834300
14 0.20703100 0.46838700 0.01953100 0.02834300
22 0.24658200 0.46693300 0.02050800 0.02834300
12 0.31543000 0.46729700 0.01953100 0.02907000
8 0.35156200 0.46693300 0.01953100 0.02834300
22 0.42089800 0.46584300 0.01953100 0.02907000
14 0.45605500 0.46511600 0.01953100 0.02907000
15 0.48974600 0.46511600 0.01855500 0.02907000
17 0.52539100 0.46511600 0.01953100 0.02907000
14 0.55957000 0.46475300 0.01953100 0.02834300
18 0.59423800 0.46475300 0.01855500 0.02834300
0 0.62890600 0.46475300 0.01953100 0.02834300
12 0.66308600 0.46511600 0.01757800 0.02761600
8 0.69726600 0.46439000 0.01757800 0.02761600
20 0.76367200 0.46475300 0.01757800 0.02689000
19 0.79589800 0.46511600 0.01757800 0.02761600
22 0.07324200 0.51962200 0.01757800 0.02907000
4 0.10595700 0.51925900 0.01855500 0.02834300
17 0.13916000 0.51889500 0.01855500 0.02907000
9 0.17236300 0.51853200 0.01855500 0.02834300
3 0.20703100 0.51780500 0.01757800 0.02834300
0 0.24365200 0.51744200 0.01855500 0.02907000
19 0.31494100 0.51526200 0.02050800 0.02907000
18 0.52734400 0.51271800 0.01953100 0.02834300
15 0.56103500 0.51271800 0.01855500 0.02834300
14 0.59570300 0.51235500 0.01953100 0.02907000
18 0.62988300 0.51199100 0.01953100 0.02834300
14 0.66406200 0.51199100 0.01953100 0.02834300
1 0.69775400 0.51199100 0.01855500 0.02834300
13 0.73193400 0.51162800 0.01855500 0.02761600
14 0.76855500 0.51162800 0.01757800 0.02761600
18 0.79931600 0.51162800 0.01855500 0.02761600
19 0.83154300 0.51162800 0.01855500 0.02761600
10 0.07177700 0.56795100 0.02050800 0.02979700
17 0.13867200 0.56722400 0.01953100 0.02979700
4 0.17285200 0.56649700 0.01953100 0.02979700
16 0.20752000 0.56613400 0.02050800 0.02907000
8 0.24365200 0.56540700 0.02050800 0.02907000
8 0.31591800 0.56431700 0.02050800 0.02979700
18 0.38623000 0.56322700 0.02050800 0.02907000
22 0.42285200 0.56250000 0.01953100 0.02907000
14 0.45849600 0.56177300 0.02050800 0.02907000
1 0.49316400 0.56141000 0.01953100 0.02979700
14 0.52783200 0.56104700 0.02050800 0.02907000
3 0.56347700 0.56032000 0.01953100 0.02907000
13 0.59765600 0.56068300 0.01757800 0.02834300
14 0.63232400 0.56032000 0.01855500 0.02907000
4 0.66748000 0.55995600 0.01855500 0.02834300
22 0.73535200 0.55923000 0.01757800 0.02834300
14 0.76806600 0.55923000 0.01855500 0.02834300
18 0.80078100 0.55850300 0.01757800 0.02834300
15 0.07226600 0.61627900 0.01953100 0.02907000
17 0.10498000 0.61627900 0.01855500 0.02907000
8 0.13867200 0.61627900 0.01953100 0.02907000
19 0.20800800 0.61700600 0.01953100 0.02907000
8 0.24365200 0.61518900 0.02050800 0.02979700
4 0.28222700 0.61446200 0.01953100 0.02979700
17 0.35156200 0.61300900 0.01953100 0.02979700
14 0.38720700 0.61228200 0.02050800 0.02979700
3 0.42382800 0.61155500 0.01953100 0.02979700
13 0.45898400 0.61119200 0.01953100 0.02907000
14 0.49414100 0.61046500 0.01953100 0.02907000
6 0.52978500 0.61046500 0.01855500 0.02907000
14 0.56543000 0.60973800 0.01953100 0.02907000
25 0.67041000 0.60792200 0.01855500 0.02834300
10 0.73779300 0.60719500 0.01855500 0.02834300
0 0.77002000 0.60719500 0.01855500 0.02834300
25 0.07128900 0.66678800 0.01953100 0.02979700
0 0.10449200 0.66678800 0.01953100 0.02979700
11 0.13769500 0.66678800 0.01953100 0.02979700
14 0.17285200 0.66606100 0.01953100 0.02979700
9 0.20703100 0.66569800 0.01953100 0.02907000
4 0.24316400 0.66606100 0.01953100 0.02979700
13 0.27978500 0.66460800 0.01855500 0.02979700
22 0.39160200 0.66170100 0.01953100 0.02979700
6 0.46093800 0.66024700 0.01953100 0.02979700
4 0.49609400 0.65952000 0.01953100 0.02979700
13 0.53173800 0.66024700 0.01855500 0.02979700
4 0.56787100 0.65915700 0.01855500 0.02907000
19 0.60302700 0.65879400 0.01855500 0.02979700
8 0.63720700 0.65843000 0.01855500 0.02907000
10 0.67187500 0.65770300 0.01757800 0.02907000
4 0.70605500 0.65734000 0.01757800 0.02979700
16 0.77490200 0.65661300 0.01855500 0.02979700
4 0.80712900 0.65479700 0.01855500 0.02907000
11 0.07031200 0.71511600 0.02148400 0.03052300
14 0.10400400 0.71548000 0.02050800 0.03125000
22 0.13769500 0.71584300 0.02148400 0.03052300
4 0.17236300 0.71657000 0.02050800 0.03052300
10 0.20752000 0.71657000 0.02050800 0.03052300
0 0.24316400 0.71584300 0.01953100 0.03052300
13 0.35205100 0.71475300 0.02050800 0.02979700
0 0.38916000 0.71439000 0.02050800 0.03052300
8 0.46337900 0.71257300 0.01855500 0.02979700
15 0.53271500 0.71039200 0.01855500 0.02979700
14 0.56787100 0.70966600 0.01855500 0.02979700
18 0.60302700 0.70857600 0.01855500 0.02907000
19 0.63867200 0.70821200 0.01757800 0.02979700
20 0.67431600 0.70712200 0.01855500 0.03052300
15 0.70849600 0.70639500 0.01855500 0.03052300
10 0.74316400 0.70603200 0.01953100 0.02979700
8 0.77880900 0.70385200 0.01855500 0.02979700
19 0.07031200 0.76526200 0.01953100 0.03052300
0 0.10400400 0.76598800 0.01855500 0.03052300
10 0.13769500 0.76707800 0.01953100 0.03125000
9 0.17285200 0.76671500 0.01953100 0.03052300
4 0.20800800 0.76671500 0.01953100 0.03052300
25 0.28027300 0.76671500 0.01953100 0.03052300
0 0.31640600 0.76598800 0.01953100 0.03052300
22 0.35302700 0.76526200 0.01855500 0.03052300
8 0.39013700 0.76453500 0.01855500 0.03052300
18 0.42675800 0.76380800 0.01953100 0.03052300
19 0.49902300 0.76199100 0.01953100 0.02979700
14 0.57031200 0.76017400 0.01953100 0.03052300
19 0.60546900 0.75908400 0.01953100 0.02979700
25 0.71142600 0.75545100 0.01855500 0.02979700
10 0.77880900 0.75363400 0.01855500 0.02907000
14 0.81201200 0.75254400 0.01855500 0.02979700
22 0.07031200 0.81722400 0.01953100 0.02979700
14 0.10351600 0.81758700 0.01953100 0.03052300
10 0.20849600 0.81758700 0.01855500 0.03052300
0 0.24365200 0.81795100 0.01855500 0.02979700
17 0.27978500 0.81795100 0.01855500 0.02979700
19 0.31640600 0.81758700 0.01953100 0.03052300
8 0.35302700 0.81686000 0.01855500 0.03052300
13 0.39013700 0.81686000 0.01855500 0.03052300
12 0.50048800 0.81395300 0.02050800 0.03052300
8 0.53613300 0.81250000 0.01953100 0.03052300
17 0.57128900 0.81177300 0.01953100 0.03052300
0 0.60693400 0.81032000 0.02050800 0.03052300
8 0.67919900 0.80777600 0.01855500 0.02979700
19 0.74658200 0.80486900 0.01855500 0.02979700
14 0.78027300 0.80341600 0.01953100 0.02979700
9 0.81396500 0.80196200 0.01855500 0.02979700
4 0.84716800 0.80050900 0.01855500 0.02979700
8 0.06933600 0.86773300 0.01953100 0.03052300
13 0.10253900 0.86954900 0.01953100 0.03125000
18 0.13623000 0.87027600 0.02050800 0.03125000
19 0.17236300 0.87027600 0.02050800 0.03125000
8 0.20752000 0.87027600 0.02050800 0.03125000
13 0.24365200 0.86991300 0.02050800 0.03052300
10 0.27978500 0.86954900 0.02050800 0.03125000
19 0.31689500 0.86918600 0.02050800 0.03052300
8 0.35400400 0.86882300 0.02050800 0.03125000
22 0.39111300 0.86809600 0.02050800 0.03125000
13 0.42822300 0.86773300 0.02050800 0.03052300
8 0.57373000 0.86228200 0.02050800 0.02979700
12 0.60937500 0.86082800 0.01953100 0.02979700
4 0.64453100 0.85973800 0.01953100 0.03052300
13 0.67968800 0.85864800 0.01953100 0.02979700
13 0.71289100 0.85755800 0.01953100 0.03052300
14 0.74804700 0.85646800 0.01953100 0.02979700
13 0.81591800 0.85174400 0.01855500 0.03052300
0 0.85009800 0.84956400 0.01855500 0.02907000
19 0.10156200 0.92042200 0.01953100 0.02979700
8 0.13671900 0.92114800 0.01953100 0.02979700
7 0.17187500 0.92151200 0.01953100 0.03052300
12 0.24414100 0.92260200 0.02148400 0.02979700
4 0.28173800 0.92187500 0.02050800 0.02979700
7 0.31884800 0.92260200 0.02050800 0.03125000
0 0.35546900 0.92151200 0.02148400 0.03052300
13 0.39209000 0.92042200 0.02050800 0.03125000
8 0.42968800 0.91933100 0.02148400 0.03052300
25 0.46582000 0.91824100 0.02148400 0.03125000
12 0.50293000 0.91715100 0.02148400 0.03052300
0 0.53857400 0.91533400 0.02050800 0.03125000
7 0.57568400 0.91388100 0.02050800 0.03125000
14 0.64599600 0.91024700 0.02050800 0.03125000
18 0.68066400 0.90843000 0.02148400 0.03052300
13 0.71533200 0.90661300 0.02050800 0.03125000
14 0.75048800 0.90298000 0.01855500 0.02834300
22 0.78466800 0.90189000 0.01855500 0.02907000
0 0.81835900 0.90043600 0.01953100 0.02907000
13 0.85156200 0.89898300 0.01953100 0.02907000
