1 0.01640625 0.07343750 0.03281250 0.12500000
3 0.08359375 0.07343750 0.03906250 0.13437500
14 0.29687500 0.05546875 0.03281250 0.11093750
12 0.38437500 0.05234375 0.04062500 0.10468750
4 0.03281250 0.22500000 0.03437500 0.12031250
3 0.34062500 0.20000000 0.03750000 0.12500000
23 0.52031250 0.20625000 0.04218750 0.12812500
22 0.60859375 0.20000000 0.03906250 0.13125000
19 0.69609375 0.20234375 0.03437500 0.12500000
19 0.06484375 0.37812500 0.03750000 0.13281250
8 0.15234375 0.37109375 0.03437500 0.12343750
18 0.20000000 0.37031250 0.03906250 0.12812500
8 0.05546875 0.55234375 0.03750000 0.14218750
0 0.19609375 0.54687500 0.03437500 0.12500000
11 0.24375000 0.53750000 0.04687500 0.14375000
6 0.33515625 0.53750000 0.04218750 0.14531250
18 0.43046875 0.53437500 0.03750000 0.13906250
8 0.47656250 0.52734375 0.03593750 0.14218750
3 0.52109375 0.53515625 0.03750000 0.13906250
4 0.56640625 0.53750000 0.04062500 0.14375000
18 0.70468750 0.53281250 0.03437500 0.14062500
8 0.74609375 0.53515625 0.03437500 0.15156250
3 0.78906250 0.53984375 0.03750000 0.14531250
4 0.82812500 0.53984375 0.03593750 0.14531250
21 0.04609375 0.72343750 0.03906250 0.14531250
4 0.09609375 0.72812500 0.03750000 0.14375000
13 0.19062500 0.71562500 0.04375000 0.14531250
4 0.28437500 0.71093750 0.04062500 0.14843750
18 0.38125000 0.70937500 0.03906250 0.14062500
10 0.42812500 0.70937500 0.04375000 0.14062500
8 0.47734375 0.71406250 0.03906250 0.14218750
18 0.62187500 0.70625000 0.03906250 0.13750000
5 0.70937500 0.70781250 0.04218750 0.14375000
0 0.75390625 0.70781250 0.03750000 0.13593750
