8 0.23125000 0.07968750 0.03593750 0.12500000
21 0.31875000 0.08359375 0.03750000 0.12500000
4 0.36250000 0.07968750 0.03593750 0.12187500
18 0.45000000 0.08671875 0.03593750 0.12500000
4 0.49531250 0.08671875 0.03593750 0.12812500
18 0.62812500 0.09062500 0.03593750 0.12187500
12 0.67343750 0.09062500 0.03593750 0.11796875
0 0.71562500 0.08671875 0.03437500 0.12187500
11 0.76562500 0.09062500 0.03593750 0.11796875
11 0.80937500 0.09062500 0.03750000 0.11796875
0 0.05000000 0.23593750 0.03906250 0.13203125
1 0.09531250 0.23593750 0.04062500 0.12812500
0 0.18906250 0.23593750 0.04843750 0.12812500
18 0.36250000 0.25000000 0.03593750 0.12812500
12 0.49531250 0.24687500 0.03593750 0.12187500
7 0.67343750 0.25703125 0.03593750 0.12812500
0 0.80937500 0.26406250 0.03750000 0.12812500
24 0.98437500 0.26406250 0.03125000 0.12187500
7 0.09218750 0.40312500 0.03906250 0.13203125
4 0.13593750 0.40312500 0.03593750 0.13203125
15 0.22812500 0.40937500 0.03750000 0.13203125
14 0.27031250 0.40937500 0.03750000 0.12812500
19 0.36093750 0.41328125 0.03750000 0.12187500
0 0.53750000 0.41640625 0.03906250 0.12187500
21 0.62656250 0.41640625 0.03750000 0.13203125
0 0.67187500 0.41640625 0.03750000 0.13203125
2 0.71718750 0.42031250 0.03750000 0.12812500
0 0.76093750 0.42734375 0.03437500 0.12500000
13 0.80781250 0.42343750 0.03437500 0.12500000
19 0.85156250 0.42734375 0.03750000 0.12500000
18 0.94218750 0.42734375 0.03750000 0.12812500
15 0.98281250 0.42734375 0.03281250 0.12812500
14 0.44687500 0.57968750 0.03281250 0.12187500
17 0.62500000 0.58671875 0.03593750 0.12187500
4 0.71562500 0.59062500 0.03593750 0.11796875
22 0.35781250 0.75000000 0.03593750 0.12500000
18 0.85156250 0.76718750 0.03281250 0.11796875
17 0.98125000 0.77109375 0.03281250 0.12500000
18 0.04375000 0.90312500 0.03125000 0.12812500
17 0.26718750 0.90937500 0.03437500 0.12812500
13 0.35468750 0.91640625 0.03593750 0.11796875
18 0.62500000 0.92734375 0.03437500 0.12187500
14 0.71250000 0.92734375 0.03437500 0.12187500
22 0.80468750 0.93046875 0.03125000 0.11796875
0 0.84843750 0.93046875 0.03281250 0.11796875
