11 0.12812500 0.55468750 0.11250000 0.20781250
13 0.28593750 0.87812500 0.13437500 0.24218750
0 0.13750000 0.88750000 0.12500000 0.22500000
14 0.28906250 0.55000000 0.11718750 0.22968750
18 0.29218750 0.25625000 0.11875000 0.22812500
7 0.42812500 0.24687500 0.10468750 0.20625000
14 0.43437500 0.53281250 0.11250000 0.21562500
3 0.44062500 0.85468750 0.12500000 0.24687500
10 0.57500000 0.52031250 0.11406250 0.21875000
4 0.55000000 0.24375000 0.10312500 0.19843750
4 0.68437500 0.51406250 0.11406250 0.23437500
6 0.71562500 0.80625000 0.10937500 0.25000000
3 0.79843750 0.49375000 0.09843750 0.22968750
0 0.82656250 0.77812500 0.09531250 0.23906250
