19 0.68906250 0.18750000 0.02812500 0.10416667
18 0.80000000 0.19444444 0.02812500 0.10069444
2 0.90468750 0.20138889 0.02656250 0.09375000
17 0.97343750 0.21180556 0.02812500 0.09722222
12 0.94531250 0.34375000 0.02500000 0.10416667
2 0.22812500 0.46527778 0.02968750 0.10416667
4 0.41875000 0.46875000 0.02656250 0.10069444
20 0.72812500 0.47916667 0.02968750 0.10069444
19 0.80468750 0.47916667 0.02812500 0.09722222
4 0.76562500 0.47569444 0.02968750 0.10416667
19 0.84062500 0.47916667 0.02656250 0.10069444
4 0.87656250 0.47916667 0.02812500 0.09722222
4 0.12187500 0.60416667 0.02968750 0.10416667
3 0.26250000 0.61111111 0.02968750 0.10763889
8 0.30000000 0.60763889 0.02812500 0.10416667
18 0.33906250 0.61111111 0.02968750 0.11111111
10 0.37812500 0.61458333 0.02968750 0.10416667
3 0.65156250 0.61458333 0.02812500 0.10416667
7 0.72812500 0.61805556 0.02968750 0.10069444
21 0.15312500 0.75000000 0.02812500 0.11111111
18 0.22343750 0.75347222 0.03125000 0.10763889
13 0.30000000 0.75347222 0.02968750 0.10416667
11 0.53281250 0.76041667 0.03125000 0.10763889
4 0.65000000 0.76388889 0.02968750 0.10069444
11 0.69218750 0.76736111 0.02968750 0.10416667
24 0.72968750 0.76736111 0.02968750 0.10763889
24 0.91562500 0.77083333 0.02656250 0.10069444
17 0.95000000 0.77083333 0.02500000 0.10416667
0 0.12031250 0.89583333 0.02968750 0.11111111
13 0.15156250 0.89583333 0.02656250 0.10763889
24 0.18593750 0.89583333 0.02968750 0.10763889
22 0.22500000 0.90277778 0.02812500 0.10416667
0 0.25937500 0.90277778 0.02656250 0.10416667
19 0.53125000 0.91319444 0.02968750 0.11111111
23 0.61250000 0.92013889 0.03125000 0.11111111
