7 0.13525400 0.05995600 0.02246100 0.02398300
25 0.10839800 0.09484000 0.02343800 0.02543600
0 0.13623000 0.09411300 0.02246100 0.02543600
10 0.16259800 0.09338700 0.02246100 0.02543600
17 0.19043000 0.09266000 0.02343800 0.02543600
8 0.21972700 0.09193300 0.02343800 0.02543600
16 0.24804700 0.09120600 0.02343800 0.02543600
0 0.27685500 0.09084300 0.02441400 0.02616300
11 0.30419900 0.08939000 0.02441400 0.02616300
8 0.33398400 0.08793600 0.02343800 0.02616300
9 0.39062500 0.08575600 0.02343800 0.02616300
20 0.41894500 0.08430200 0.02343800 0.02616300
17 0.44726600 0.08321200 0.02343800 0.02543600
0 0.47705100 0.08248500 0.02246100 0.02398300
22 0.50537100 0.08139500 0.02246100 0.02470900
11 0.53418000 0.08030500 0.02343800 0.02398300
12 0.59423800 0.07921500 0.02246100 0.02470900
6 0.13623000 0.16424400 0.02246100 0.02470900
14 0.16357400 0.16351700 0.02246100 0.02470900
17 0.19091800 0.16279100 0.02246100 0.02470900
4 0.22021500 0.16206400 0.02246100 0.02470900
6 0.30615200 0.16024700 0.02246100 0.02543600
14 0.33447300 0.16170100 0.02246100 0.02543600
17 0.36279300 0.16024700 0.02246100 0.02543600
4 0.39306600 0.15879400 0.02246100 0.02543600
10 0.47900400 0.15443300 0.02246100 0.02543600
17 0.50732400 0.15370600 0.02246100 0.02543600
14 0.53662100 0.15225300 0.02246100 0.02543600
10 0.56591800 0.15152600 0.02246100 0.02543600
14 0.59570300 0.15079900 0.02343800 0.02543600
3 0.62500000 0.14934600 0.02343800 0.02543600
8 0.65283200 0.14861900 0.02246100 0.02543600
11 0.68212900 0.14789200 0.02246100 0.02543600
18 0.10888700 0.23582800 0.02246100 0.02543600
14 0.13623000 0.23510200 0.02246100 0.02543600
11 0.16357400 0.23510200 0.02246100 0.02543600
13 0.19189500 0.23473800 0.02246100 0.02470900
2 0.22119100 0.23473800 0.02246100 0.02616300
4 0.25048800 0.23401200 0.02246100 0.02616300
22 0.30810500 0.23219500 0.02246100 0.02543600
13 0.36572300 0.23074100 0.02246100 0.02543600
4 0.39453100 0.23001500 0.02343800 0.02543600
1 0.42334000 0.22892400 0.02246100 0.02616300
4 0.45214800 0.22892400 0.02343800 0.02616300
15 0.50976600 0.22674400 0.02343800 0.02616300
17 0.53906200 0.22529100 0.02343800 0.02616300
14 0.56933600 0.22456400 0.02343800 0.02616300
6 0.59814500 0.22311000 0.02246100 0.02616300
11 0.62695300 0.22238400 0.02343800 0.02616300
14 0.65527300 0.22165700 0.02343800 0.02616300
19 0.68457000 0.22020300 0.02343800 0.02616300
8 0.71533200 0.21947700 0.02246100 0.02616300
11 0.74511700 0.21838700 0.02343800 0.02689000
13 0.10986300 0.30704900 0.02246100 0.02543600
0 0.13867200 0.30668600 0.02343800 0.02470900
18 0.16601600 0.30632300 0.02343800 0.02543600
19 0.19384800 0.30632300 0.02246100 0.02543600
20 0.22314500 0.30595900 0.02246100 0.02470900
15 0.25146500 0.30559600 0.02246100 0.02543600
8 0.28125000 0.30523300 0.02343800 0.02470900
11 0.30908200 0.30450600 0.02246100 0.02470900
0 0.33886700 0.30414200 0.02343800 0.02543600
19 0.39648400 0.30268900 0.02343800 0.02543600
4 0.42529300 0.30232600 0.02246100 0.02616300
12 0.45410200 0.30159900 0.02343800 0.02616300
13 0.48291000 0.30087200 0.02246100 0.02616300
14 0.51171900 0.29978200 0.02343800 0.02543600
19 0.54199200 0.29869200 0.02343800 0.02616300
0 0.57226600 0.29760200 0.02343800 0.02543600
13 0.11181600 0.38045100 0.02246100 0.02543600
4 0.14111300 0.37972400 0.02246100 0.02543600
7 0.19726600 0.37899700 0.02343800 0.02543600
14 0.22558600 0.37827000 0.02343800 0.02543600
3 0.25439500 0.37754400 0.02246100 0.02543600
8 0.28369100 0.37681700 0.02246100 0.02543600
25 0.34130900 0.37536300 0.02246100 0.02543600
0 0.37011700 0.37463700 0.02343800 0.02543600
22 0.42724600 0.37463700 0.02246100 0.02543600
14 0.45556600 0.37391000 0.02246100 0.02543600
17 0.48486300 0.37318300 0.02246100 0.02543600
14 0.51464800 0.37245600 0.02343800 0.02543600
19 0.54394500 0.37136600 0.02343800 0.02616300
0 0.57421900 0.37064000 0.02343800 0.02616300
10 0.11474600 0.45276200 0.02246100 0.02616300
19 0.14111300 0.45130800 0.02246100 0.02470900
14 0.16943400 0.45094500 0.02246100 0.02543600
13 0.22753900 0.45058100 0.02148400 0.02470900
0 0.25634800 0.44985500 0.02246100 0.02470900
20 0.31494100 0.44912800 0.02246100 0.02470900
11 0.34375000 0.44912800 0.02343800 0.02470900
8 0.37304700 0.44840100 0.02343800 0.02470900
2 0.40087900 0.44803800 0.02246100 0.02543600
20 0.42919900 0.44731100 0.02246100 0.02543600
15 0.48681600 0.44585800 0.02246100 0.02543600
14 0.51611300 0.44585800 0.02246100 0.02543600
15 0.54589800 0.44513100 0.02343800 0.02543600
0 0.57519500 0.44440400 0.02343800 0.02543600
11 0.60546900 0.44367700 0.02343800 0.02543600
25 0.11474600 0.52579900 0.02246100 0.02398300
0 0.14306600 0.52507300 0.02246100 0.02398300
1 0.17041000 0.52470900 0.02246100 0.02470900
11 0.19970700 0.52398300 0.02246100 0.02470900
20 0.22900400 0.52398300 0.02246100 0.02470900
3 0.25830100 0.52325600 0.02246100 0.02470900
8 0.28759800 0.52252900 0.02246100 0.02470900
11 0.31591800 0.52143900 0.02246100 0.02543600
18 0.34521500 0.52143900 0.02246100 0.02543600
8 0.43212900 0.51998500 0.02246100 0.02543600
15 0.48877000 0.51925900 0.02246100 0.02543600
17 0.51904300 0.51853200 0.02246100 0.02543600
14 0.54785200 0.51780500 0.02343800 0.02543600
15 0.57763700 0.51707800 0.02246100 0.02543600
0 0.60693400 0.51635200 0.02246100 0.02543600
11 0.63720700 0.51562500 0.02246100 0.02543600
15 0.11669900 0.59920100 0.02246100 0.02689000
11 0.14453100 0.59847400 0.02343800 0.02689000
0 0.17236300 0.59774700 0.02246100 0.02689000
16 0.20117200 0.59738400 0.02343800 0.02761600
4 0.23144500 0.59702000 0.02343800 0.02689000
19 0.26074200 0.59593000 0.02343800 0.02616300
18 0.31884800 0.59520300 0.02246100 0.02616300
4 0.34765600 0.59447700 0.02343800 0.02616300
17 0.37646500 0.59411300 0.02246100 0.02543600
22 0.49169900 0.59266000 0.02246100 0.02543600
14 0.52099600 0.59193300 0.02246100 0.02543600
17 0.55127000 0.59193300 0.02246100 0.02543600
14 0.58007800 0.59157000 0.02343800 0.02616300
1 0.60986300 0.59084300 0.02246100 0.02470900
4 0.63964800 0.59084300 0.02343800 0.02616300
22 0.14697300 0.67223800 0.02246100 0.02616300
3 0.23291000 0.67114800 0.02246100 0.02543600
8 0.26220700 0.67078500 0.02246100 0.02616300
18 0.31982400 0.67005800 0.02246100 0.02616300
14 0.34912100 0.66969500 0.02246100 0.02689000
11 0.37744100 0.66896800 0.02246100 0.02689000
13 0.40673800 0.66824100 0.02246100 0.02689000
10 0.49511700 0.66751500 0.02343800 0.02689000
14 0.52441400 0.66751500 0.02343800 0.02689000
18 0.58398400 0.66715100 0.02343800 0.02761600
10 0.61377000 0.66642400 0.02441400 0.02761600
14 0.64355500 0.66642400 0.02343800 0.02761600
17 0.67236300 0.66642400 0.02441400 0.02761600
4 0.70263700 0.66642400 0.02441400 0.02761600
13 0.11962900 0.74745600 0.02246100 0.02543600
0 0.14794900 0.74709300 0.02246100 0.02616300
12 0.17627000 0.74673000 0.02246100 0.02543600
1 0.23486300 0.74600300 0.02246100 0.02543600
4 0.26318400 0.74564000 0.02246100 0.02616300
25 0.29296900 0.74527600 0.02343800 0.02543600
18 0.35107400 0.74491300 0.02246100 0.02616300
14 0.38037100 0.74491300 0.02246100 0.02616300
11 0.40869100 0.74491300 0.02246100 0.02616300
13 0.43798800 0.74418600 0.02246100 0.02616300
10 0.52734400 0.74345900 0.02343800 0.02616300
0 0.55664100 0.74309600 0.02343800 0.02689000
14 0.61767600 0.74309600 0.02441400 0.02689000
1 0.64746100 0.74309600 0.02343800 0.02689000
8 0.67675800 0.74309600 0.02343800 0.02689000
3 0.70654300 0.74309600 0.02441400 0.02689000
13 0.73681600 0.74309600 0.02441400 0.02689000
14 0.76855500 0.74309600 0.02343800 0.02689000
22 0.12158200 0.82194800 0.02246100 0.02616300
15 0.17724600 0.82122100 0.02246100 0.02616300
14 0.20605500 0.82085800 0.02343800 0.02689000
11 0.23584000 0.82049400 0.02246100 0.02616300
4 0.26611300 0.82122100 0.02246100 0.02616300
25 0.32470700 0.82049400 0.02246100 0.02616300
17 0.38281200 0.82049400 0.02343800 0.02761600
13 0.41162100 0.82013100 0.02246100 0.02689000
10 0.50048800 0.81976700 0.02246100 0.02761600
0 0.52978500 0.81976700 0.02246100 0.02616300
13 0.59033200 0.81904100 0.02246100 0.02616300
4 0.62060500 0.81940400 0.02246100 0.02689000
22 0.67968800 0.82013100 0.02343800 0.02689000
8 0.71044900 0.82085800 0.02246100 0.02689000
3 0.74023400 0.82085800 0.02343800 0.02689000
13 0.77148400 0.82085800 0.02539100 0.02834300
14 0.80273400 0.82085800 0.02539100 0.02834300
15 0.12402300 0.89607600 0.02343800 0.02761600
11 0.15185500 0.89607600 0.02246100 0.02761600
0 0.17968800 0.89607600 0.02343800 0.02616300
16 0.20849600 0.89607600 0.02246100 0.02616300
20 0.23828100 0.89607600 0.02343800 0.02616300
19 0.26757800 0.89607600 0.02343800 0.02616300
25 0.32666000 0.89571200 0.02246100 0.02689000
0 0.35546900 0.89571200 0.02343800 0.02689000
10 0.41503900 0.89607600 0.02343800 0.02616300
8 0.44384800 0.89643900 0.02246100 0.02689000
