12 0.04843750 0.09375000 0.03593750 0.11111111
8 0.08593750 0.09375000 0.03125000 0.11805556
11 0.12343750 0.09027778 0.03125000 0.12152778
4 0.16562500 0.09375000 0.03437500 0.12847222
22 0.24843750 0.07986111 0.03750000 0.11111111
4 0.28906250 0.07986111 0.03125000 0.12152778
18 0.41406250 0.07638889 0.03593750 0.12152778
22 0.54218750 0.06597222 0.03593750 0.11458333
4 0.58437500 0.07291667 0.03593750 0.11805556
14 0.71250000 0.06250000 0.03593750 0.11458333
19 0.20312500 0.23263889 0.03906250 0.12847222
17 0.24531250 0.22569444 0.03125000 0.12152778
0 0.28437500 0.23263889 0.02812500 0.12152778
12 0.32656250 0.22569444 0.03593750 0.11458333
15 0.36406250 0.22569444 0.02812500 0.13541667
8 0.58281250 0.21875000 0.04062500 0.13541667
5 0.62812500 0.21875000 0.03906250 0.14236111
19 0.71406250 0.21527778 0.04218750 0.13888889
18 0.80468750 0.21527778 0.04062500 0.14236111
0 0.88593750 0.21527778 0.03281250 0.11805556
13 0.92656250 0.21527778 0.03593750 0.12500000
24 0.96562500 0.22569444 0.03750000 0.12152778
22 0.06406250 0.54513889 0.03750000 0.12152778
0 0.10468750 0.54861111 0.03281250 0.12152778
13 0.14687500 0.54513889 0.03437500 0.12847222
9 0.23281250 0.54861111 0.03750000 0.13541667
20 0.27656250 0.54513889 0.03906250 0.13194444
12 0.32187500 0.54166667 0.03437500 0.12847222
15 0.36406250 0.54166667 0.03906250 0.13541667
5 0.49687500 0.53819444 0.03750000 0.14236111
17 0.58750000 0.53819444 0.03750000 0.12847222
5 0.67656250 0.53472222 0.03750000 0.14583333
4 0.72031250 0.53472222 0.03906250 0.14583333
4 0.76875000 0.53819444 0.03593750 0.13194444
19 0.81406250 0.53819444 0.03593750 0.14930556
2 0.22968750 0.71180556 0.03750000 0.14930556
14 0.27343750 0.70833333 0.03906250 0.14236111
14 0.31875000 0.71527778 0.03750000 0.13888889
10 0.36406250 0.71180556 0.04375000 0.14583333
7 0.13593750 0.88194444 0.04062500 0.14930556
4 0.17812500 0.88194444 0.03750000 0.14583333
1 0.31562500 0.88194444 0.03750000 0.14583333
11 0.40625000 0.87500000 0.03750000 0.14236111
3 0.45312500 0.87847222 0.04062500 0.14583333
1 0.64062500 0.87152778 0.04062500 0.14236111
17 0.68437500 0.87152778 0.03906250 0.15277778
0 0.72968750 0.87500000 0.03593750 0.14236111
18 0.77968750 0.87500000 0.04687500 0.17013889
18 0.82812500 0.87847222 0.04062500 0.13888889
