12 0.26250000 0.07291667 0.04062500 0.13541667
15 0.30781250 0.06944444 0.04062500 0.13541667
14 0.49375000 0.07986111 0.03437500 0.13194444
19 0.67812500 0.08333333 0.03750000 0.12500000
13 0.94687500 0.09722222 0.03593750 0.12847222
19 0.81250000 0.26041667 0.03750000 0.12500000
14 0.77031250 0.25694444 0.03437500 0.12500000
6 0.72500000 0.25694444 0.02812500 0.12500000
0 0.49375000 0.25694444 0.03593750 0.12500000
24 0.26093750 0.24652778 0.03750000 0.12847222
0 0.21562500 0.24305556 0.03125000 0.12500000
22 0.17187500 0.24305556 0.03750000 0.13194444
0 0.13125000 0.24305556 0.03750000 0.13194444
14 0.17187500 0.42013889 0.03750000 0.13194444
4 0.26250000 0.41666667 0.03750000 0.12500000
11 0.30625000 0.42361111 0.03750000 0.13194444
18 0.35625000 0.42013889 0.04062500 0.12500000
4 0.40000000 0.42013889 0.04218750 0.12500000
7 0.17187500 0.58680556 0.03750000 0.12847222
21 0.26093750 0.58680556 0.04062500 0.12847222
4 0.30781250 0.58680556 0.03593750 0.11805556
8 0.49062500 0.59722222 0.03125000 0.11458333
19 0.67500000 0.60069444 0.03750000 0.13194444
23 0.90156250 0.60416667 0.03906250 0.13888889
3 0.62812500 0.77777778 0.03125000 0.12152778
15 0.30781250 0.76388889 0.03437500 0.12152778
3 0.12812500 0.93055556 0.03750000 0.12847222
17 0.17187500 0.92708333 0.03750000 0.13541667
0 0.21406250 0.93055556 0.03593750 0.12500000
0 0.40000000 0.93055556 0.04062500 0.12847222
6 0.49062500 0.93402778 0.03750000 0.13194444
17 0.53437500 0.93750000 0.03437500 0.12500000
7 0.71875000 0.93750000 0.03281250 0.12500000
3 0.80937500 0.93750000 0.03437500 0.12500000
12 0.93906250 0.93750000 0.03750000 0.12500000
