5 0.08593750 0.31250000 0.02812500 0.11111111
8 0.12187500 0.31250000 0.03125000 0.10416667
21 0.15937500 0.31250000 0.02812500 0.11458333
4 0.20156250 0.31250000 0.03593750 0.11111111
24 0.27500000 0.31250000 0.03750000 0.12152778
3 0.35468750 0.31944444 0.03437500 0.11111111
18 0.39843750 0.31944444 0.03437500 0.11111111
19 0.51093750 0.31944444 0.03125000 0.11458333
11 0.67031250 0.31250000 0.03593750 0.12847222
15 0.28281250 0.17361111 0.03125000 0.10416667
8 0.20312500 0.16666667 0.03125000 0.10416667
12 0.24218750 0.17361111 0.03281250 0.11111111
14 0.32031250 0.17708333 0.02968750 0.10763889
17 0.35937500 0.18055556 0.03281250 0.11458333
19 0.39843750 0.18055556 0.03281250 0.11111111
0 0.43593750 0.17361111 0.02968750 0.10763889
13 0.47500000 0.18055556 0.02968750 0.11111111
19 0.51250000 0.17361111 0.03125000 0.11458333
13 0.78281250 0.17013889 0.03125000 0.10416667
14 0.81875000 0.16666667 0.03437500 0.11458333
12 0.74687500 0.30902778 0.03593750 0.11805556
0 0.70937500 0.31250000 0.02968750 0.12152778
15 0.78750000 0.31250000 0.03593750 0.12847222
15 0.82812500 0.30902778 0.03750000 0.12152778
14 0.86718750 0.30902778 0.02968750 0.10416667
17 0.11562500 0.45486111 0.03125000 0.12500000
4 0.15781250 0.46527778 0.03281250 0.12847222
1 0.19687500 0.46180556 0.03437500 0.12500000
0 0.31250000 0.45833333 0.03125000 0.11111111
18 0.39375000 0.45486111 0.03437500 0.10763889
18 0.55156250 0.45486111 0.02812500 0.11458333
19 0.74843750 0.46180556 0.03125000 0.11805556
2 0.82968750 0.45833333 0.03437500 0.12152778
22 0.19375000 0.60763889 0.03281250 0.11458333
4 0.23125000 0.61111111 0.03281250 0.11458333
7 0.31250000 0.60763889 0.03281250 0.12847222
19 0.63281250 0.60763889 0.03281250 0.11805556
17 0.75468750 0.60069444 0.03750000 0.12152778
18 0.83593750 0.60763889 0.03437500 0.12152778
14 0.91406250 0.59722222 0.03593750 0.12500000
18 0.94218750 0.31597222 0.02968750 0.11805556
2 0.06875000 0.75347222 0.02968750 0.10763889
0 0.10625000 0.75694444 0.02812500 0.11111111
11 0.14375000 0.75694444 0.03281250 0.12500000
11 0.18593750 0.75694444 0.03593750 0.11805556
5 0.34843750 0.75694444 0.03281250 0.11805556
17 0.39062500 0.75694444 0.03906250 0.12152778
4 0.43437500 0.76041667 0.03125000 0.12500000
8 0.63437500 0.75694444 0.03593750 0.11805556
17 0.67500000 0.75694444 0.03437500 0.11805556
3 0.84062500 0.76041667 0.03281250 0.12847222
23 0.10156250 0.90625000 0.03281250 0.11805556
18 0.18125000 0.91319444 0.03281250 0.12847222
11 0.26562500 0.90972222 0.03750000 0.14583333
14 0.47187500 0.90972222 0.03437500 0.11805556
11 0.51250000 0.91319444 0.03593750 0.12500000
4 0.55468750 0.91319444 0.03593750 0.13541667
3 0.67968750 0.91319444 0.03593750 0.13541667
15 0.88906250 0.91319444 0.03750000 0.13194444
