24 0.02187500 0.10416667 0.04375000 0.13194444
1 0.14687500 0.10416667 0.04218750 0.14236111
24 0.27343750 0.09722222 0.04531250 0.15277778
19 0.35937500 0.10069444 0.04218750 0.13888889
0 0.40156250 0.10416667 0.04062500 0.14236111
1 0.57187500 0.09722222 0.03906250 0.15277778
4 0.61562500 0.09722222 0.04531250 0.15277778
19 0.65937500 0.10069444 0.03906250 0.14930556
19 0.70156250 0.09375000 0.04375000 0.13888889
18 0.84062500 0.09027778 0.04531250 0.13888889
11 0.88906250 0.25347222 0.05000000 0.15277778
11 0.75468750 0.25694444 0.05156250 0.13541667
11 0.70625000 0.25694444 0.04375000 0.15277778
4 0.66093750 0.26388889 0.04375000 0.13888889
12 0.61406250 0.26041667 0.04843750 0.13541667
18 0.56875000 0.26041667 0.04062500 0.13541667
19 0.40312500 0.26736111 0.04218750 0.14236111
7 0.31562500 0.26388889 0.04218750 0.14930556
24 0.06406250 0.26736111 0.04375000 0.14583333
17 0.02031250 0.26388889 0.04062500 0.15277778
15 0.14687500 0.42361111 0.04375000 0.14236111
11 0.19062500 0.42708333 0.04218750 0.15277778
20 0.27343750 0.42361111 0.04375000 0.13541667
24 0.52812500 0.42361111 0.04218750 0.13888889
5 0.61718750 0.42708333 0.04375000 0.13541667
3 0.70156250 0.42361111 0.04375000 0.14583333
24 0.79375000 0.58680556 0.04687500 0.15625000
4 0.74843750 0.58333333 0.04218750 0.14930556
21 0.70312500 0.58680556 0.04843750 0.14236111
7 0.61406250 0.58680556 0.05000000 0.15277778
21 0.40312500 0.57986111 0.04843750 0.14930556
14 0.35937500 0.59027778 0.03750000 0.14236111
7 0.19062500 0.57986111 0.04218750 0.13194444
4 0.10625000 0.59027778 0.04375000 0.14583333
7 0.06562500 0.58333333 0.04531250 0.14236111
18 0.02968750 0.74305556 0.04062500 0.14930556
3 0.07031250 0.74305556 0.04375000 0.14930556
7 0.14687500 0.74305556 0.04375000 0.14236111
4 0.19062500 0.74305556 0.04218750 0.14930556
8 0.40156250 0.73958333 0.03906250 0.12500000
12 0.48437500 0.74305556 0.03906250 0.13194444
8 0.52812500 0.73958333 0.04218750 0.13194444
18 0.57031250 0.74652778 0.03906250 0.14583333
19 0.61093750 0.74652778 0.04218750 0.14236111
17 0.65625000 0.75000000 0.04531250 0.13888889
20 0.70000000 0.75000000 0.04218750 0.13541667
8 0.88437500 0.75000000 0.04375000 0.13541667
8 0.88437500 0.92361111 0.04218750 0.12500000
4 0.57031250 0.90972222 0.04062500 0.13541667
1 0.52812500 0.90277778 0.04375000 0.14236111
12 0.44375000 0.89930556 0.04062500 0.13888889
8 0.36093750 0.90625000 0.03593750 0.12500000
24 0.11093750 0.89236111 0.04375000 0.12847222
13 0.07031250 0.90277778 0.03906250 0.15625000
0 0.02812500 0.89583333 0.03906250 0.14930556
