19 0.17138700 0.18713700 0.01855500 0.02107600
4 0.19287100 0.18532000 0.01855500 0.02034900
15 0.21533200 0.18350300 0.01855500 0.02107600
4 0.23828100 0.18132300 0.01953100 0.02107600
17 0.26220700 0.17914200 0.01855500 0.02107600
13 0.33252000 0.17296500 0.01855500 0.02034900
4 0.35839800 0.17114800 0.01953100 0.02107600
13 0.40918000 0.16751500 0.01953100 0.02252900
0 0.43457000 0.16606100 0.01953100 0.02252900
3 0.45996100 0.16388100 0.01953100 0.02252900
14 0.48584000 0.16242700 0.02050800 0.02252900
10 0.53857400 0.15806700 0.02050800 0.02252900
0 0.56543000 0.15588700 0.01953100 0.02252900
11 0.59228500 0.15443300 0.02050800 0.02252900
0 0.61962900 0.15189000 0.02050800 0.02325600
13 0.64648400 0.15007300 0.02148400 0.02398300
16 0.67480500 0.14825600 0.02148400 0.02325600
8 0.70263700 0.14643900 0.02246100 0.02398300
25 0.17041000 0.21657000 0.01855500 0.02034900
22 0.19238300 0.21511600 0.01757800 0.02034900
14 0.21533200 0.21402600 0.01855500 0.02107600
13 0.23779300 0.21220900 0.01855500 0.02180200
8 0.26220700 0.21039200 0.01855500 0.02107600
15 0.30957000 0.20603200 0.01953100 0.02252900
14 0.33398400 0.20457800 0.01953100 0.02252900
19 0.38427700 0.20167200 0.02050800 0.02252900
4 0.40918000 0.20021800 0.01953100 0.02252900
11 0.43505900 0.19803800 0.02050800 0.02252900
4 0.46044900 0.19658400 0.02050800 0.02252900
5 0.48681600 0.19476700 0.02050800 0.02325600
14 0.51220700 0.19331400 0.02050800 0.02325600
13 0.53906200 0.19149700 0.01953100 0.02252900
20 0.56543000 0.18968000 0.01953100 0.02325600
8 0.16894500 0.24673000 0.01757800 0.02107600
14 0.21435500 0.24382300 0.01855500 0.02107600
15 0.26123000 0.24091600 0.01855500 0.02107600
14 0.28515600 0.23946200 0.01757800 0.02107600
9 0.31005900 0.23800900 0.01855500 0.02107600
0 0.33398400 0.23619200 0.01757800 0.02180200
17 0.35937500 0.23546500 0.01953100 0.02180200
4 0.38476600 0.23401200 0.01953100 0.02325600
18 0.43554700 0.23074100 0.01953100 0.02252900
14 0.46191400 0.22928800 0.01953100 0.02252900
14 0.48681600 0.22783400 0.02050800 0.02252900
1 0.51318400 0.22601700 0.02050800 0.02325600
23 0.54003900 0.22456400 0.01953100 0.02325600
8 0.56640600 0.22274700 0.01953100 0.02252900
1 0.16796900 0.27725300 0.01757800 0.02107600
11 0.19043000 0.27579900 0.01757800 0.02107600
8 0.21386700 0.27434600 0.01757800 0.02107600
9 0.23779300 0.27289200 0.01855500 0.02107600
0 0.26123000 0.27180200 0.01855500 0.02180200
4 0.33447300 0.26816900 0.01855500 0.02180200
12 0.35986300 0.26671500 0.01855500 0.02180200
20 0.38525400 0.26598800 0.02050800 0.02325600
17 0.43603500 0.26308100 0.02050800 0.02325600
0 0.46191400 0.26199100 0.01953100 0.02252900
14 0.51367200 0.25908400 0.01953100 0.02252900
13 0.53955100 0.25690400 0.02050800 0.02252900
20 0.56689500 0.25508700 0.02050800 0.02325600
15 0.12207000 0.31068300 0.01757800 0.02107600
20 0.14453100 0.30923000 0.01757800 0.02107600
18 0.16748000 0.30814000 0.01855500 0.02180200
19 0.18994100 0.30704900 0.01855500 0.02107600
15 0.26171900 0.30305200 0.01757800 0.02180200
14 0.28564500 0.30159900 0.01855500 0.02180200
12 0.31054700 0.30087200 0.01757800 0.02180200
13 0.33496100 0.30014500 0.01757800 0.02180200
8 0.36035200 0.29905500 0.01953100 0.02252900
19 0.38574200 0.29760200 0.01953100 0.02252900
10 0.43603500 0.29614800 0.02050800 0.02252900
0 0.46191400 0.29469500 0.01953100 0.02252900
9 0.48877000 0.29324100 0.02050800 0.02252900
3 0.51464800 0.29215100 0.01953100 0.02325600
6 0.62109400 0.28633700 0.02148400 0.02325600
17 0.64843800 0.28488400 0.02148400 0.02325600
0 0.67578100 0.28379400 0.02148400 0.02398300
9 0.70459000 0.28197700 0.02246100 0.02325600
3 0.73291000 0.28052300 0.02246100 0.02325600
0 0.76171900 0.27943300 0.02343800 0.02398300
13 0.79101600 0.27834300 0.02343800 0.02470900
8 0.82031200 0.27725300 0.02343800 0.02398300
13 0.84863300 0.27616300 0.02343800 0.02470900
15 0.12255900 0.34048000 0.01660200 0.01962200
14 0.14404300 0.33975300 0.01660200 0.01962200
9 0.16748000 0.33829900 0.01660200 0.01962200
0 0.18994100 0.33757300 0.01660200 0.01962200
17 0.21337900 0.33611900 0.01855500 0.02107600
13 0.23779300 0.33502900 0.01855500 0.02180200
13 0.33593800 0.33212200 0.01757800 0.02180200
14 0.36035200 0.33103200 0.01953100 0.02252900
12 0.38574200 0.33030500 0.01953100 0.02252900
4 0.41113300 0.32957800 0.01953100 0.02252900
17 0.43652300 0.32812500 0.01953100 0.02252900
13 0.51464800 0.32521800 0.01953100 0.02252900
14 0.54150400 0.32449100 0.01855500 0.02252900
11 0.56689500 0.32267400 0.02050800 0.02325600
14 0.64941400 0.31904100 0.01953100 0.02325600
3 0.67724600 0.31795100 0.02050800 0.02398300
8 0.70556600 0.31686000 0.02050800 0.02325600
13 0.73388700 0.31504400 0.02050800 0.02398300
22 0.16650400 0.36918600 0.01855500 0.02180200
17 0.21435500 0.36773300 0.01855500 0.02180200
0 0.23681600 0.36700600 0.01855500 0.02180200
14 0.28662100 0.36555200 0.01855500 0.02180200
13 0.31103500 0.36482600 0.01855500 0.02180200
4 0.33593800 0.36409900 0.01953100 0.02180200
4 0.38671900 0.36264500 0.01953100 0.02180200
18 0.41210900 0.36191900 0.01953100 0.02180200
19 0.43750000 0.36119200 0.01953100 0.02180200
1 0.51513700 0.35864800 0.02050800 0.02252900
4 0.54150400 0.35755800 0.02050800 0.02325600
19 0.56787100 0.35610500 0.02050800 0.02325600
14 0.59472700 0.35501500 0.01953100 0.02252900
13 0.62158200 0.35392400 0.02050800 0.02325600
13 0.65039100 0.35283400 0.02148400 0.02398300
3 0.76318400 0.34920100 0.02246100 0.02398300
14 0.79248000 0.34774700 0.02246100 0.02398300
12 0.82128900 0.34702000 0.02148400 0.02398300
22 0.16650400 0.40043600 0.01855500 0.02180200
19 0.21337900 0.39898300 0.01855500 0.02180200
17 0.23779300 0.39825600 0.01855500 0.02180200
8 0.26171900 0.39752900 0.01953100 0.02180200
19 0.33642600 0.39607600 0.01855500 0.02180200
0 0.36181600 0.39534900 0.01855500 0.02180200
9 0.38720700 0.39534900 0.01855500 0.02180200
0 0.41259800 0.39425900 0.02050800 0.02252900
8 0.46386700 0.39280500 0.01953100 0.02252900
22 0.51562500 0.39135200 0.01953100 0.02252900
4 0.59521500 0.38844500 0.02050800 0.02252900
18 0.16650400 0.43095900 0.01855500 0.02180200
1 0.21337900 0.43023300 0.01855500 0.02180200
14 0.23730500 0.42950600 0.01757800 0.02180200
11 0.26220700 0.42950600 0.01855500 0.02180200
8 0.33740200 0.42805200 0.01855500 0.02180200
12 0.36230500 0.42768900 0.01953100 0.02252900
3 0.41308600 0.42659900 0.01953100 0.02180200
22 0.43798800 0.42587200 0.01855500 0.02180200
14 0.46386700 0.42550900 0.01953100 0.02252900
17 0.48877000 0.42478200 0.01855500 0.02252900
14 0.51562500 0.42441900 0.01953100 0.02325600
12 0.54150400 0.42369200 0.02050800 0.02325600
8 0.59619100 0.42223800 0.02050800 0.02325600
6 0.65087900 0.42078500 0.02050800 0.02325600
0 0.67871100 0.42005800 0.01953100 0.02325600
17 0.70703100 0.41933100 0.02148400 0.02325600
0 0.73535200 0.41860500 0.02148400 0.02325600
9 0.76367200 0.41787800 0.02148400 0.02325600
14 0.79248000 0.41678800 0.02246100 0.02398300
12 0.82226600 0.41642400 0.02343800 0.02470900
8 0.16601600 0.46220900 0.01757800 0.02180200
18 0.21337900 0.46148300 0.01855500 0.02180200
22 0.26269500 0.46075600 0.01757800 0.02180200
10 0.33740200 0.45966600 0.01855500 0.02252900
14 0.36279300 0.45930200 0.01855500 0.02180200
13 0.43847700 0.45821200 0.01953100 0.02252900
0 0.46386700 0.45784900 0.01953100 0.02325600
10 0.51660200 0.45675900 0.01953100 0.02252900
17 0.54248000 0.45639500 0.02050800 0.02325600
4 0.62353500 0.45494200 0.02050800 0.02325600
18 0.12011700 0.49382300 0.01757800 0.02107600
12 0.14257800 0.49382300 0.01757800 0.02107600
4 0.16650400 0.49345900 0.01855500 0.02180200
13 0.18994100 0.49345900 0.01855500 0.02180200
18 0.26367200 0.49236900 0.01757800 0.02107600
22 0.33789100 0.49127900 0.01757800 0.02180200
22 0.38818400 0.49055200 0.01855500 0.02180200
4 0.41308600 0.49091600 0.01953100 0.02252900
17 0.43847700 0.49055200 0.01953100 0.02180200
7 0.46435500 0.49055200 0.01855500 0.02180200
13 0.48974600 0.49018900 0.02050800 0.02252900
4 0.51611300 0.48982600 0.02050800 0.02325600
12 0.54296900 0.48946200 0.01953100 0.02252900
19 0.62353500 0.48837200 0.02050800 0.02325600
0 0.65185500 0.48800900 0.02050800 0.02252900
9 0.67968800 0.48800900 0.02148400 0.02252900
4 0.70752000 0.48691900 0.02050800 0.02325600
15 0.12011700 0.52507300 0.01757800 0.02107600
14 0.14160200 0.52470900 0.01757800 0.02034900
9 0.16601600 0.52434600 0.01757800 0.02107600
0 0.19043000 0.52434600 0.01757800 0.02107600
17 0.21386700 0.52434600 0.01757800 0.02107600
13 0.23828100 0.52434600 0.01757800 0.02107600
4 0.28808600 0.52398300 0.01757800 0.02180200
18 0.33837900 0.52398300 0.01855500 0.02180200
8 0.36328100 0.52325600 0.01953100 0.02180200
3 0.38867200 0.52289200 0.01953100 0.02252900
19 0.43896500 0.52252900 0.01855500 0.02180200
0 0.11962900 0.55595900 0.01855500 0.02180200
8 0.16552700 0.55595900 0.01855500 0.02180200
7 0.18994100 0.55595900 0.01855500 0.02180200
12 0.23779300 0.55595900 0.01855500 0.02180200
0 0.26318400 0.55595900 0.01855500 0.02180200
8 0.31298800 0.55595900 0.01855500 0.02180200
13 0.33837900 0.55559600 0.01855500 0.02252900
22 0.41406200 0.55559600 0.01953100 0.02252900
6 0.46582000 0.55559600 0.01953100 0.02252900
0 0.49121100 0.55559600 0.01953100 0.02252900
17 0.51757800 0.55559600 0.01953100 0.02252900
0 0.54394500 0.55559600 0.01953100 0.02252900
9 0.57080100 0.55486900 0.02050800 0.02252900
4 0.59765600 0.55486900 0.01953100 0.02252900
12 0.11816400 0.58720900 0.01757800 0.02180200
14 0.14160200 0.58757300 0.01757800 0.02107600
19 0.16552700 0.58757300 0.01855500 0.02107600
14 0.18945300 0.58793600 0.01757800 0.02180200
17 0.21337900 0.58793600 0.01855500 0.02180200
14 0.23779300 0.58793600 0.01855500 0.02180200
12 0.26269500 0.58793600 0.01757800 0.02180200
22 0.31250000 0.58793600 0.01953100 0.02180200
3 0.36328100 0.58793600 0.01953100 0.02180200
22 0.38867200 0.58793600 0.01953100 0.02180200
4 0.41406200 0.58793600 0.01953100 0.02180200
17 0.43994100 0.58793600 0.01855500 0.02180200
6 0.51806600 0.58829900 0.02050800 0.02252900
11 0.54492200 0.58829900 0.01953100 0.02252900
3 0.59863300 0.58866300 0.01953100 0.02325600
19 0.65380900 0.58866300 0.02050800 0.02325600
16 0.16552700 0.61845900 0.01855500 0.02180200
20 0.18994100 0.61882300 0.01855500 0.02252900
19 0.21337900 0.61918600 0.01855500 0.02180200
19 0.28710900 0.61954900 0.01953100 0.02252900
14 0.31250000 0.62027600 0.01953100 0.02252900
11 0.33740200 0.62027600 0.01855500 0.02252900
10 0.38867200 0.62100300 0.01953100 0.02252900
14 0.41503900 0.62064000 0.01953100 0.02325600
13 0.49121100 0.62173000 0.01953100 0.02252900
14 0.51855500 0.62173000 0.01953100 0.02252900
16 0.54492200 0.62173000 0.01953100 0.02252900
8 0.65478500 0.65770300 0.02246100 0.02470900
11 0.68261700 0.65843000 0.02148400 0.02470900
8 0.71142600 0.65879400 0.02246100 0.02398300
3 0.76953100 0.65988400 0.02148400 0.02470900
13 0.79785200 0.66061000 0.02148400 0.02470900
4 0.82714800 0.66097400 0.02343800 0.02543600
12 0.85693400 0.66097400 0.02246100 0.02543600
3 0.16455100 0.68204900 0.01855500 0.02252900
0 0.18896500 0.68277600 0.01855500 0.02252900
3 0.21337900 0.68350300 0.01855500 0.02252900
20 0.23779300 0.68423000 0.01855500 0.02252900
19 0.26171900 0.68423000 0.01757800 0.02252900
18 0.31201200 0.68568300 0.01855500 0.02252900
8 0.33740200 0.68568300 0.01855500 0.02252900
6 0.36230500 0.68604700 0.01953100 0.02325600
13 0.38769500 0.68677300 0.01953100 0.02325600
0 0.41406200 0.68677300 0.01953100 0.02325600
11 0.43945300 0.68750000 0.01953100 0.02325600
19 0.49169900 0.68822700 0.02050800 0.02325600
17 0.51855500 0.68895300 0.01953100 0.02325600
4 0.54541000 0.68968000 0.02050800 0.02325600
22 0.57275400 0.69077000 0.02050800 0.02398300
14 0.60009800 0.69149700 0.02050800 0.02398300
6 0.62744100 0.69186000 0.02050800 0.02470900
8 0.65527300 0.69222400 0.02148400 0.02398300
11 0.16455100 0.71439000 0.01855500 0.02180200
8 0.18798800 0.71475300 0.01855500 0.02252900
7 0.21289100 0.71548000 0.01953100 0.02252900
14 0.23730500 0.71620600 0.01953100 0.02252900
14 0.31201200 0.71766000 0.01855500 0.02252900
19 0.33691400 0.71838700 0.01953100 0.02252900
17 0.36181600 0.71911300 0.01855500 0.02252900
3 0.41406200 0.72020300 0.01953100 0.02325600
1 0.46533200 0.72165700 0.02050800 0.02325600
14 0.49267600 0.72238400 0.02050800 0.02325600
2 0.54589800 0.72383700 0.01953100 0.02325600
14 0.57324200 0.72456400 0.01953100 0.02325600
22 0.60009800 0.72529100 0.02050800 0.02325600
18 0.65576200 0.72747100 0.02246100 0.02470900
14 0.71191400 0.72928800 0.02343800 0.02543600
6 0.74218800 0.73001500 0.02343800 0.02543600
13 0.77050800 0.73074100 0.02343800 0.02543600
4 0.79980500 0.73146800 0.02343800 0.02543600
12 0.83007800 0.73219500 0.02343800 0.02543600
13 0.16455100 0.74564000 0.01855500 0.02180200
4 0.18798800 0.74673000 0.01855500 0.02252900
18 0.21289100 0.74745600 0.01953100 0.02252900
4 0.23681600 0.74854700 0.01855500 0.02180200
19 0.26123000 0.74927300 0.01855500 0.02180200
18 0.28564500 0.75000000 0.01855500 0.02180200
15 0.36230500 0.75254400 0.01953100 0.02252900
14 0.38769500 0.75327000 0.01953100 0.02252900
3 0.43896500 0.75508700 0.02050800 0.02325600
14 0.46582000 0.75581400 0.01953100 0.02325600
17 0.49267600 0.75654100 0.02050800 0.02325600
14 0.51904300 0.75726700 0.02050800 0.02325600
6 0.54638700 0.75944800 0.02050800 0.02470900
4 0.57324200 0.76017400 0.02148400 0.02470900
12 0.11328100 0.80923000 0.01953100 0.02252900
0 0.13769500 0.81032000 0.01953100 0.02325600
19 0.16162100 0.81177300 0.02050800 0.02325600
13 0.23535200 0.81468000 0.01953100 0.02325600
0 0.25976600 0.81540700 0.01953100 0.02325600
17 0.31005900 0.81722400 0.02050800 0.02398300
13 0.36084000 0.81976700 0.02050800 0.02325600
14 0.38671900 0.82085800 0.01953100 0.02398300
10 0.41308600 0.82194800 0.01953100 0.02325600
20 0.46630900 0.82376500 0.02050800 0.02398300
7 0.49267600 0.82521800 0.02050800 0.02398300
14 0.51953100 0.82667200 0.02148400 0.02398300
3 0.54687500 0.82812500 0.02148400 0.02398300
8 0.57373000 0.82921500 0.02050800 0.02470900
11 0.60156200 0.83030500 0.02148400 0.02398300
0 0.62939500 0.83139500 0.02050800 0.02325600
3 0.11132800 0.84193300 0.01953100 0.02398300
14 0.13476600 0.84302300 0.01953100 0.02325600
16 0.15918000 0.84447700 0.01953100 0.02325600
10 0.18457000 0.84556700 0.01953100 0.02398300
4 0.20898400 0.84665700 0.01953100 0.02325600
11 0.25878900 0.84883700 0.01953100 0.02325600
4 0.28369100 0.84992700 0.02050800 0.02398300
13 0.30908200 0.85138100 0.02050800 0.02398300
4 0.33447300 0.85210800 0.02050800 0.02398300
6 0.38623000 0.85501500 0.02050800 0.02398300
14 0.41259800 0.85646800 0.02050800 0.02398300
22 0.43896500 0.85792200 0.02050800 0.02398300
14 0.46533200 0.85937500 0.02050800 0.02398300
17 0.49267600 0.86082800 0.02050800 0.02398300
8 0.51904300 0.86191900 0.02050800 0.02470900
11 0.54687500 0.86300900 0.02148400 0.02398300
0 0.57373000 0.86446200 0.02050800 0.02398300
15 0.13378900 0.87645300 0.01953100 0.02325600
4 0.15820300 0.87754400 0.01953100 0.02252900
16 0.18310500 0.87899700 0.01855500 0.02252900
10 0.20752000 0.88045100 0.01855500 0.02252900
20 0.23291000 0.88154100 0.02050800 0.02325600
11 0.28320300 0.88408400 0.01953100 0.02398300
4 0.30761700 0.88553800 0.01953100 0.02398300
13 0.33300800 0.88699100 0.01953100 0.02398300
14 0.35888700 0.88844500 0.02050800 0.02398300
16 0.38525400 0.88989800 0.02050800 0.02398300
10 0.41162100 0.89135200 0.02050800 0.02398300
0 0.43896500 0.89280500 0.02050800 0.02398300
13 0.49218800 0.89571200 0.02148400 0.02398300
4 0.51904300 0.89680200 0.02246100 0.02470900
19 0.57470700 0.90007300 0.02246100 0.02543600
17 0.60253900 0.90189000 0.02343800 0.02616300
14 0.63037100 0.90334300 0.02246100 0.02616300
13 0.65918000 0.90516000 0.02343800 0.02543600
9 0.11035200 0.90734000 0.01953100 0.02252900
9 0.13378900 0.90879400 0.01953100 0.02252900
4 0.15722700 0.91024700 0.01953100 0.02252900
19 0.18115200 0.91279100 0.02050800 0.02325600
18 0.20556600 0.91424400 0.02050800 0.02325600
11 0.28125000 0.91860500 0.01953100 0.02325600
4 0.30664100 0.92005800 0.01953100 0.02325600
13 0.33252000 0.92151200 0.02050800 0.02325600
14 0.35791000 0.92296500 0.02050800 0.02325600
16 0.38427700 0.92369200 0.02246100 0.02470900
10 0.41113300 0.92550900 0.02148400 0.02398300
0 0.43750000 0.92732600 0.02148400 0.02470900
14 0.49121100 0.93095900 0.02148400 0.02470900
6 0.51855500 0.93241300 0.02148400 0.02470900
14 0.54638700 0.93386600 0.02246100 0.02470900
13 0.57373000 0.93568300 0.02246100 0.02543600
