8 0.19775400 0.04248000 0.02441400 0.03613300
0 0.22802700 0.04150400 0.02441400 0.03613300
6 0.35546900 0.03857400 0.02539100 0.03613300
0 0.48486300 0.03906200 0.02441400 0.03710900
2 0.51904300 0.03808600 0.02636700 0.03515600
8 0.16894500 0.10400400 0.02539100 0.03808600
1 0.22753900 0.10156200 0.02539100 0.03710900
0 0.25927700 0.10156200 0.02441400 0.03710900
9 0.32226600 0.10156200 0.02539100 0.03710900
6 0.16894500 0.16406200 0.02539100 0.03710900
1 0.22705100 0.16259800 0.02441400 0.03613300
0 0.26025400 0.16308600 0.02441400 0.03710900
24 0.19824200 0.22265600 0.02539100 0.03710900
0 0.32031200 0.22119100 0.02539100 0.03613300
8 0.35351600 0.22070300 0.02539100 0.03710900
0 0.48242200 0.22363300 0.02539100 0.03906200
6 0.51513700 0.22314500 0.02636700 0.04003900
0 0.54980500 0.22363300 0.02734400 0.03906200
24 0.19824200 0.28027300 0.02539100 0.03906200
0 0.19628900 0.34277300 0.02539100 0.03906200
6 0.22705100 0.34277300 0.02636700 0.03906200
0 0.25732400 0.34375000 0.02636700 0.03906200
0 0.35449200 0.34326200 0.02539100 0.03808600
8 0.38574200 0.34375000 0.02539100 0.03906200
0 0.32080100 0.40283200 0.02636700 0.04003900
6 0.35449200 0.40234400 0.02539100 0.03906200
0 0.38623000 0.40283200 0.02636700 0.04003900
0 0.35253900 0.46191400 0.02539100 0.04101600
8 0.38525400 0.46191400 0.02636700 0.04101600
0 0.28710900 0.51904300 0.02539100 0.03808600
4 0.31933600 0.51904300 0.02539100 0.03808600
2 0.35351600 0.51904300 0.02539100 0.03808600
8 0.38574200 0.51904300 0.02539100 0.03808600
1 0.28906200 0.57714800 0.02539100 0.03710900
6 0.32080100 0.57714800 0.02441400 0.03710900
0 0.35400400 0.57812500 0.02441400 0.03710900
2 0.28808600 0.63671900 0.02539100 0.03710900
1 0.32031200 0.63671900 0.02539100 0.03710900
3 0.35253900 0.63671900 0.02539100 0.03710900
8 0.38281200 0.63769500 0.02539100 0.03710900
23 0.19775400 0.69140600 0.02441400 0.03710900
2 0.31982400 0.69482400 0.02441400 0.03808600
1 0.35107400 0.69580100 0.02441400 0.03808600
3 0.38427700 0.69628900 0.02441400 0.03710900
8 0.41552700 0.69628900 0.02441400 0.03710900
14 0.19726600 0.75097700 0.02539100 0.03710900
19 0.22705100 0.75195300 0.02441400 0.03710900
22 0.25781200 0.75244100 0.02539100 0.03613300
4 0.28759800 0.75293000 0.02441400 0.03710900
19 0.31884800 0.75341800 0.02441400 0.03613300
2 0.44775400 0.75439500 0.02441400 0.03418000
1 0.47851600 0.75439500 0.02343800 0.03418000
3 0.51123000 0.75488300 0.02441400 0.03515600
8 0.54296900 0.75488300 0.02343800 0.03320300
