10 0.63330100 0.05523300 0.02441400 0.02616300
14 0.66552700 0.05523300 0.02441400 0.02616300
11 0.69775400 0.05559600 0.02441400 0.02543600
4 0.72998000 0.05486900 0.02441400 0.02543600
13 0.76318400 0.05486900 0.02441400 0.02689000
8 0.79443400 0.05414200 0.02246100 0.02543600
23 0.07812500 0.09593000 0.02539100 0.02616300
4 0.10986300 0.09520300 0.02441400 0.02616300
13 0.14257800 0.09520300 0.02539100 0.02616300
14 0.17529300 0.09447700 0.02441400 0.02616300
10 0.20703100 0.09411300 0.02539100 0.02689000
15 0.27343800 0.09375000 0.02539100 0.02616300
14 0.30615200 0.09302300 0.02441400 0.02616300
19 0.33935500 0.09302300 0.02441400 0.02616300
13 0.40478500 0.09229700 0.02636700 0.02761600
20 0.43798800 0.09229700 0.02636700 0.02761600
11 0.47021500 0.09193300 0.02636700 0.02689000
18 0.50341800 0.09193300 0.02636700 0.02689000
8 0.60107400 0.08902600 0.02636700 0.02689000
25 0.66748000 0.09011600 0.02636700 0.02761600
0 0.69921900 0.09048000 0.02539100 0.02689000
18 0.73242200 0.09048000 0.02539100 0.02689000
13 0.76464800 0.09084300 0.02539100 0.02616300
20 0.79736300 0.09084300 0.02636700 0.02616300
11 0.82910200 0.09084300 0.02539100 0.02616300
22 0.07763700 0.13299400 0.02441400 0.02761600
0 0.10937500 0.13263100 0.02539100 0.02689000
11 0.14160200 0.13226700 0.02539100 0.02761600
0 0.24023400 0.13081400 0.02539100 0.02761600
18 0.30566400 0.13154100 0.02539100 0.02761600
15 0.33789100 0.13154100 0.02539100 0.02761600
14 0.37207000 0.13154100 0.02539100 0.02761600
19 0.40429700 0.13117700 0.02539100 0.02689000
10 0.43701200 0.13081400 0.02441400 0.02761600
13 0.46972700 0.13045100 0.02539100 0.02689000
20 0.50244100 0.13008700 0.02441400 0.02761600
11 0.53564500 0.12972400 0.02636700 0.02689000
0 0.56933600 0.12972400 0.02539100 0.02689000
18 0.60253900 0.12936000 0.02539100 0.02616300
14 0.70117200 0.12718000 0.02539100 0.02616300
15 0.76660200 0.12718000 0.02539100 0.02616300
4 0.79980500 0.12681700 0.02539100 0.02543600
13 0.83203100 0.12681700 0.02539100 0.02543600
10 0.93017600 0.12681700 0.02441400 0.02543600
8 0.04589800 0.17332800 0.02539100 0.02834300
25 0.10937500 0.17296500 0.02539100 0.02761600
0 0.14209000 0.17296500 0.02441400 0.02761600
15 0.17382800 0.17296500 0.02539100 0.02761600
11 0.20703100 0.17260200 0.02539100 0.02689000
0 0.24023400 0.17223800 0.02539100 0.02761600
10 0.27294900 0.17187500 0.02636700 0.02834300
0 0.30712900 0.17187500 0.02636700 0.02834300
11 0.33984400 0.17151200 0.02539100 0.02761600
0 0.37255900 0.17114800 0.02636700 0.02834300
12 0.07812500 0.21475300 0.02539100 0.02834300
0 0.11132800 0.21439000 0.02539100 0.02761600
11 0.14355500 0.21439000 0.02539100 0.02761600
16 0.20849600 0.21366300 0.02441400 0.02761600
8 0.24121100 0.21366300 0.02539100 0.02761600
10 0.27441400 0.21329900 0.02539100 0.02834300
9 0.43847700 0.21329900 0.02539100 0.02834300
4 0.47119100 0.21220900 0.02441400 0.02761600
13 0.50390600 0.21184600 0.02539100 0.02834300
18 0.63574200 0.21039200 0.02539100 0.02834300
10 0.66845700 0.21039200 0.02441400 0.02834300
22 0.70166000 0.20966600 0.02441400 0.02834300
14 0.73437500 0.20930200 0.02539100 0.02761600
17 0.76757800 0.20857600 0.02539100 0.02761600
2 0.80078100 0.20784900 0.02539100 0.02761600
14 0.83398400 0.20712200 0.02539100 0.02761600
22 0.86621100 0.20639500 0.02539100 0.02761600
0 0.08056600 0.25617700 0.02441400 0.02834300
6 0.11328100 0.25581400 0.02539100 0.02761600
0 0.14550800 0.25581400 0.02539100 0.02761600
11 0.17773400 0.25545100 0.02539100 0.02834300
15 0.24365200 0.25545100 0.02441400 0.02834300
14 0.27636700 0.25545100 0.02539100 0.02834300
10 0.37402300 0.25472400 0.02539100 0.02834300
17 0.40625000 0.25436000 0.02539100 0.02761600
0 0.43896500 0.25436000 0.02441400 0.02761600
18 0.47119100 0.25399700 0.02441400 0.02834300
13 0.50390600 0.25363400 0.02539100 0.02761600
14 0.53710900 0.25363400 0.02539100 0.02761600
15 0.63574200 0.25218000 0.02539100 0.02761600
11 0.70117200 0.25109000 0.02539100 0.02834300
14 0.73388700 0.25036300 0.02441400 0.02834300
23 0.76709000 0.25000000 0.02441400 0.02761600
4 0.79980500 0.24927300 0.02539100 0.02761600
3 0.86718800 0.24782000 0.02539100 0.02761600
8 0.90039100 0.24745600 0.02539100 0.02689000
2 0.08349600 0.29760200 0.02441400 0.02834300
5 0.18066400 0.29651200 0.02539100 0.02761600
0 0.31103500 0.29651200 0.02441400 0.02761600
7 0.34326200 0.29651200 0.02441400 0.02761600
2 0.08740200 0.33757300 0.02441400 0.02689000
3 0.18359400 0.33793600 0.02343800 0.02761600
0 0.34472700 0.33720900 0.02539100 0.02761600
1 0.37646500 0.33684600 0.02441400 0.02689000
2 0.08935500 0.37863400 0.02441400 0.02761600
2 0.18603500 0.37827000 0.02441400 0.02689000
8 0.31445300 0.37827000 0.02343800 0.02689000
0 0.09130900 0.41751500 0.02441400 0.02689000
4 0.12304700 0.41751500 0.02343800 0.02689000
2 0.25146500 0.41751500 0.02441400 0.02689000
4 0.37939500 0.41678800 0.02441400 0.02689000
