6 0.10312500 0.10763889 0.03437500 0.12152778
14 0.14218750 0.10763889 0.03281250 0.11111111
19 0.18281250 0.10763889 0.03593750 0.11805556
5 0.47500000 0.11805556 0.03281250 0.11458333
2 0.55781250 0.11805556 0.03281250 0.11111111
13 0.85625000 0.13541667 0.03281250 0.11458333
11 0.93750000 0.29861111 0.03593750 0.11111111
3 0.97656250 0.30208333 0.03437500 0.12500000
13 0.81093750 0.29166667 0.03437500 0.11805556
4 0.59843750 0.28472222 0.03281250 0.11805556
5 0.06250000 0.26388889 0.03593750 0.12500000
18 0.06093750 0.40972222 0.03437500 0.11111111
3 0.10000000 0.40972222 0.03750000 0.11458333
17 0.38750000 0.43402778 0.03125000 0.11111111
6 0.47187500 0.43402778 0.03125000 0.11111111
14 0.59531250 0.44097222 0.03125000 0.11111111
8 0.63750000 0.44444444 0.03437500 0.11805556
18 0.76250000 0.60069444 0.03750000 0.11111111
1 0.67656250 0.59722222 0.02968750 0.12152778
24 0.55312500 0.59375000 0.03437500 0.11805556
0 0.43125000 0.59375000 0.03593750 0.11805556
10 0.30625000 0.57986111 0.03593750 0.12847222
19 0.22343750 0.57291667 0.03593750 0.11805556
0 0.10000000 0.57291667 0.03593750 0.11805556
7 0.05937500 0.57986111 0.03593750 0.13888889
22 0.06250000 0.72222222 0.03750000 0.12500000
0 0.10000000 0.72222222 0.03125000 0.11805556
18 0.14062500 0.72222222 0.03750000 0.12152778
0 0.38750000 0.73611111 0.03125000 0.11111111
0 0.50781250 0.73958333 0.02968750 0.10416667
12 0.59375000 0.74305556 0.03750000 0.12152778
8 0.67500000 0.75347222 0.03125000 0.10763889
12 0.10312500 0.87500000 0.03750000 0.11805556
