13 0.31445300 0.11155500 0.01757800 0.02543600
0 0.34668000 0.11155500 0.01757800 0.02543600
20 0.38085900 0.11082800 0.01757800 0.02543600
10 0.41406200 0.11155500 0.01757800 0.02543600
0 0.44775400 0.11228200 0.01660200 0.02543600
18 0.58007800 0.11591600 0.01757800 0.02543600
14 0.61181600 0.11664200 0.01660200 0.02543600
22 0.64404300 0.11773300 0.01660200 0.02470900
17 0.67529300 0.11882300 0.01660200 0.02543600
4 0.70556600 0.11991300 0.01660200 0.02470900
12 0.73681600 0.12209300 0.01660200 0.02470900
4 0.76660200 0.12354700 0.01757800 0.02470900
13 0.79736300 0.12500000 0.01660200 0.02470900
13 0.82666000 0.12572700 0.01660200 0.02470900
14 0.85742200 0.12790700 0.01562500 0.02470900
12 0.88476600 0.12827000 0.01562500 0.02398300
14 0.44921900 0.15697700 0.01757800 0.02616300
1 0.48242200 0.15734000 0.01757800 0.02689000
23 0.51660200 0.15770300 0.01757800 0.02616300
14 0.28320300 0.20385200 0.01757800 0.02689000
18 0.31591800 0.20312500 0.01660200 0.02689000
14 0.34912100 0.20276200 0.01660200 0.02616300
1 0.38281200 0.20239800 0.01757800 0.02689000
14 0.41601600 0.20239800 0.01757800 0.02689000
4 0.44970700 0.20276200 0.01660200 0.02616300
13 0.51709000 0.20348800 0.01660200 0.02616300
15 0.55029300 0.20385200 0.01660200 0.02689000
16 0.61523400 0.20494200 0.01757800 0.02616300
25 0.70947300 0.20821200 0.01660200 0.02543600
13 0.73974600 0.20966600 0.01660200 0.02543600
0 0.76953100 0.21075600 0.01562500 0.02470900
13 0.79980500 0.21148300 0.01562500 0.02470900
8 0.83105500 0.21257300 0.01562500 0.02398300
19 0.25048800 0.25036300 0.01660200 0.02689000
19 0.28271500 0.25000000 0.01660200 0.02616300
17 0.31689500 0.24927300 0.01660200 0.02616300
20 0.34960900 0.24854700 0.01757800 0.02616300
10 0.38281200 0.24891000 0.01757800 0.02689000
19 0.41699200 0.24891000 0.01757800 0.02689000
20 0.45117200 0.24891000 0.01757800 0.02689000
17 0.48437500 0.24891000 0.01757800 0.02689000
0 0.51709000 0.24891000 0.01660200 0.02689000
0 0.18652300 0.29978200 0.01757800 0.02689000
6 0.25195300 0.29832800 0.01757800 0.02689000
20 0.28418000 0.29687500 0.01757800 0.02689000
15 0.31738300 0.29614800 0.01757800 0.02689000
0 0.35058600 0.29542200 0.01757800 0.02689000
13 0.38476600 0.29505800 0.01757800 0.02616300
8 0.41845700 0.29542200 0.01660200 0.02689000
19 0.45214800 0.29542200 0.01757800 0.02689000
0 0.48486300 0.29542200 0.01660200 0.02689000
17 0.51855500 0.29542200 0.01757800 0.02689000
13 0.55224600 0.29542200 0.01660200 0.02689000
4 0.61816400 0.29651200 0.01562500 0.02470900
13 0.68017600 0.29760200 0.01660200 0.02543600
0 0.70996100 0.29796500 0.01562500 0.02470900
20 0.74218800 0.29832800 0.01562500 0.02543600
10 0.77246100 0.29905500 0.01562500 0.02543600
8 0.80371100 0.29941900 0.01562500 0.02470900
1 0.18701200 0.34484000 0.01660200 0.02689000
4 0.25195300 0.34375000 0.01757800 0.02761600
18 0.28515600 0.34338700 0.01757800 0.02689000
19 0.31884800 0.34266000 0.01660200 0.02689000
4 0.35253900 0.34229700 0.01757800 0.02761600
18 0.38623000 0.34193300 0.01660200 0.02689000
19 0.42041000 0.34120600 0.01660200 0.02689000
22 0.45410200 0.34193300 0.01757800 0.02689000
4 0.48730500 0.34157000 0.01757800 0.02616300
13 0.52002000 0.34229700 0.01660200 0.02616300
13 0.55273400 0.34229700 0.01562500 0.02616300
4 0.61914100 0.34229700 0.01562500 0.02616300
13 0.68115200 0.34302300 0.01660200 0.02616300
0 0.71142600 0.34302300 0.01660200 0.02616300
20 0.74267600 0.34375000 0.01660200 0.02616300
10 0.77294900 0.34375000 0.01660200 0.02616300
8 0.80419900 0.34411300 0.01660200 0.02543600
2 0.18750000 0.39098800 0.01757800 0.02616300
19 0.25293000 0.38989800 0.01757800 0.02689000
4 0.28662100 0.38953500 0.01660200 0.02616300
7 0.32031200 0.38880800 0.01757800 0.02616300
13 0.35449200 0.38844500 0.01757800 0.02689000
8 0.38769500 0.38844500 0.01757800 0.02689000
16 0.42187500 0.38844500 0.01757800 0.02689000
4 0.45507800 0.38844500 0.01757800 0.02689000
18 0.48779300 0.38844500 0.01660200 0.02689000
10 0.52197300 0.38844500 0.01660200 0.02689000
8 0.55468800 0.38844500 0.01757800 0.02689000
4 0.58691400 0.38808100 0.01562500 0.02616300
13 0.65185500 0.38771800 0.01660200 0.02543600
0 0.68164100 0.38844500 0.01562500 0.02543600
21 0.71484400 0.38844500 0.01562500 0.02543600
10 0.74414100 0.38880800 0.01562500 0.02616300
8 0.77490200 0.38917200 0.01660200 0.02543600
13 0.25585900 0.48292200 0.01757800 0.02689000
17 0.28906200 0.48292200 0.01757800 0.02689000
0 0.32226600 0.48255800 0.01757800 0.02761600
22 0.35693400 0.48255800 0.01660200 0.02616300
18 0.39062500 0.48183100 0.01757800 0.02616300
19 0.42480500 0.48110500 0.01757800 0.02616300
22 0.45849600 0.48110500 0.01660200 0.02616300
4 0.49121100 0.48037800 0.01757800 0.02616300
13 0.52441400 0.47965100 0.01757800 0.02616300
4 0.58984400 0.47892400 0.01757800 0.02616300
15 0.65380900 0.47856100 0.01660200 0.02543600
17 0.68505900 0.47819800 0.01660200 0.02470900
8 0.71630900 0.47819800 0.01660200 0.02470900
13 0.74804700 0.47747100 0.01562500 0.02470900
2 0.77929700 0.47674400 0.01562500 0.02470900
4 0.80957000 0.47674400 0.01562500 0.02470900
15 0.84082000 0.47601700 0.01562500 0.02470900
23 0.15869100 0.52943300 0.01660200 0.02543600
16 0.18994100 0.53088700 0.01660200 0.02543600
13 0.25585900 0.52979700 0.01757800 0.02616300
14 0.28955100 0.52907000 0.01660200 0.02616300
6 0.32421900 0.52834300 0.01757800 0.02616300
17 0.35839800 0.52761600 0.01757800 0.02616300
3 0.25781200 0.62463700 0.01757800 0.02834300
25 0.35986300 0.62245600 0.01855500 0.02834300
13 0.15918000 0.67260200 0.01757800 0.02689000
0 0.19043000 0.67260200 0.01757800 0.02689000
19 0.25781200 0.67187500 0.01757800 0.02689000
18 0.29101600 0.67187500 0.01757800 0.02689000
0 0.35986300 0.67042200 0.01855500 0.02689000
13 0.39453100 0.66933100 0.01757800 0.02616300
0 0.42773400 0.66824100 0.01757800 0.02689000
11 0.46093800 0.66715100 0.01757800 0.02616300
14 0.49511700 0.66642400 0.01757800 0.02616300
6 0.52832000 0.66569800 0.01757800 0.02616300
18 0.59570300 0.66315400 0.01757800 0.02543600
6 0.62793000 0.66242700 0.01757800 0.02543600
11 0.65918000 0.66170100 0.01757800 0.02543600
8 0.69091800 0.66061000 0.01660200 0.02470900
10 0.72265600 0.65915700 0.01757800 0.02470900
14 0.75439500 0.65843000 0.01660200 0.02470900
16 0.78515600 0.65697700 0.01757800 0.02470900
14 0.81591800 0.65625000 0.01660200 0.02470900
22 0.84716800 0.65479700 0.01660200 0.02470900
14 0.87744100 0.65407000 0.01660200 0.02470900
3 0.15966800 0.71911300 0.01660200 0.02689000
14 0.19140600 0.71911300 0.01757800 0.02689000
11 0.22412100 0.71911300 0.01660200 0.02689000
8 0.25732400 0.71911300 0.01660200 0.02689000
13 0.29248000 0.71911300 0.01660200 0.02689000
