7 0.11718750 0.23263889 0.03593750 0.12847222
0 0.15781250 0.23263889 0.03593750 0.12847222
21 0.20000000 0.23263889 0.03593750 0.12500000
19 0.32031250 0.23611111 0.03437500 0.12152778
7 0.44375000 0.24305556 0.03281250 0.10763889
0 0.52500000 0.24652778 0.03437500 0.11805556
13 0.56562500 0.25000000 0.03593750 0.11805556
14 0.64843750 0.25347222 0.03750000 0.11458333
1 0.69062500 0.25000000 0.03281250 0.11458333
18 0.73437500 0.25000000 0.03593750 0.11805556
21 0.81875000 0.25347222 0.03593750 0.12152778
13 0.90156250 0.26041667 0.03593750 0.11805556
18 0.11718750 0.38194444 0.03437500 0.11458333
20 0.15625000 0.38541667 0.03125000 0.11805556
15 0.19687500 0.38541667 0.03125000 0.11458333
15 0.23750000 0.38541667 0.03281250 0.12152778
14 0.27812500 0.38888889 0.03437500 0.11111111
18 0.31875000 0.38541667 0.03437500 0.11458333
4 0.36093750 0.38541667 0.03125000 0.11458333
22 0.44062500 0.39583333 0.03281250 0.11458333
4 0.48281250 0.39583333 0.03281250 0.11805556
2 0.56406250 0.39583333 0.03125000 0.11805556
17 0.64843750 0.40277778 0.03281250 0.12152778
20 0.68750000 0.40277778 0.03281250 0.12847222
7 0.81718750 0.41666667 0.03437500 0.12500000
11 0.98437500 0.42708333 0.02968750 0.11805556
22 0.27656250 0.54166667 0.03281250 0.12500000
0 0.31718750 0.54166667 0.03593750 0.12500000
11 0.48125000 0.55208333 0.03437500 0.11458333
0 0.43906250 0.54861111 0.03281250 0.11111111
10 0.62187500 0.55902778 0.03750000 0.11111111
8 0.68750000 0.56250000 0.03125000 0.10763889
2 0.77343750 0.56250000 0.03281250 0.11458333
3 0.98437500 0.57638889 0.03125000 0.11111111
19 0.27187500 0.69097222 0.03281250 0.11458333
0 0.23281250 0.69097222 0.03437500 0.11458333
18 0.35312500 0.69791667 0.03125000 0.11111111
17 0.64375000 0.71875000 0.03437500 0.11458333
11 0.72968750 0.72222222 0.03437500 0.11111111
3 0.81406250 0.72569444 0.03281250 0.11111111
4 0.98437500 0.73958333 0.03125000 0.11111111
14 0.14843750 0.83680556 0.02968750 0.11111111
14 0.26875000 0.85069444 0.02968750 0.11805556
12 0.30937500 0.85069444 0.03125000 0.11111111
14 0.43281250 0.86111111 0.03281250 0.11805556
17 0.47343750 0.86111111 0.03125000 0.11458333
12 0.72656250 0.88194444 0.03281250 0.11458333
19 0.89843750 0.89236111 0.03125000 0.11111111
