13 0.06718750 0.07968750 0.03750000 0.12500000
20 0.27812500 0.06562500 0.03750000 0.12500000
12 0.62656250 0.06250000 0.03437500 0.12187500
13 0.36406250 0.22578125 0.03750000 0.12500000
0 0.67187500 0.21875000 0.03125000 0.13515625
13 0.93281250 0.22578125 0.03281250 0.12500000
18 0.10312500 0.39921875 0.03437500 0.12500000
14 0.14531250 0.39218750 0.03593750 0.12500000
13 0.18750000 0.39609375 0.03750000 0.12500000
19 0.31875000 0.39218750 0.03750000 0.12500000
14 0.36250000 0.38906250 0.03281250 0.11796875
14 0.40781250 0.39218750 0.03437500 0.12812500
14 0.58281250 0.38515625 0.03593750 0.12500000
7 0.62812500 0.39218750 0.03750000 0.13906250
7 0.80937500 0.38203125 0.03750000 0.13203125
23 0.02031250 0.55937500 0.03750000 0.11796875
21 0.27500000 0.55546875 0.03125000 0.12187500
18 0.14531250 0.72578125 0.03906250 0.11484375
18 0.31875000 0.72578125 0.03593750 0.12500000
8 0.58437500 0.72187500 0.03437500 0.11484375
11 0.62968750 0.71875000 0.03281250 0.11484375
4 0.67656250 0.72187500 0.03125000 0.11796875
12 0.06250000 0.88203125 0.03750000 0.12500000
13 0.14375000 0.88515625 0.03437500 0.12187500
1 0.27500000 0.88906250 0.03281250 0.12812500
14 0.31875000 0.88515625 0.03437500 0.12500000
3 0.40625000 0.88906250 0.03437500 0.12812500
