19 0.64687500 0.16328125 0.03281250 0.11093750
18 0.76562500 0.17031250 0.03281250 0.11093750
2 0.88125000 0.18437500 0.03125000 0.09687500
17 0.95625000 0.18046875 0.03125000 0.10781250
17 0.95937500 0.32968750 0.03281250 0.11484375
14 0.92343750 0.32656250 0.03593750 0.11796875
11 0.88437500 0.32656250 0.03125000 0.12187500
6 0.84687500 0.32656250 0.03593750 0.12500000
5 0.68906250 0.31562500 0.03750000 0.12500000
12 0.64531250 0.31250000 0.03593750 0.11484375
7 0.60625000 0.31250000 0.03437500 0.12187500
21 0.44218750 0.30546875 0.03593750 0.12500000
14 0.40312500 0.30234375 0.03750000 0.12500000
2 0.36250000 0.30234375 0.03906250 0.12500000
13 0.27812500 0.29843750 0.04218750 0.12500000
15 0.19687500 0.29531250 0.03750000 0.12500000
11 0.07812500 0.29140625 0.04062500 0.12500000
11 0.04062500 0.29140625 0.03437500 0.12500000
6 0.11250000 0.44062500 0.03593750 0.12500000
4 0.15156250 0.44062500 0.03281250 0.12500000
4 0.19375000 0.44453125 0.03750000 0.12500000
0 0.27656250 0.45468750 0.03437500 0.11796875
11 0.36093750 0.44765625 0.04218750 0.12500000
11 0.40156250 0.45468750 0.03750000 0.13515625
7 0.56250000 0.46562500 0.03281250 0.12500000
18 0.60468750 0.46562500 0.03125000 0.14609375
4 0.88437500 0.47578125 0.03125000 0.12187500
0 0.76875000 0.62187500 0.03437500 0.12187500
13 0.52187500 0.61484375 0.03750000 0.12500000
14 0.47968750 0.61093750 0.03437500 0.12500000
4 0.40000000 0.61484375 0.03437500 0.11796875
3 0.35937500 0.61796875 0.03437500 0.12500000
14 0.31718750 0.61093750 0.03593750 0.11484375
17 0.27500000 0.61093750 0.03750000 0.12500000
24 0.19375000 0.60390625 0.03593750 0.12500000
14 0.07343750 0.75000000 0.03593750 0.12187500
17 0.10937500 0.75312500 0.03281250 0.12812500
19 0.15000000 0.75703125 0.03750000 0.12187500
18 0.27187500 0.76718750 0.03437500 0.12187500
13 0.31562500 0.76718750 0.03281250 0.12187500
0 0.35468750 0.76406250 0.03125000 0.11796875
15 0.39531250 0.76718750 0.03281250 0.12500000
15 0.43750000 0.77109375 0.03437500 0.11796875
24 0.47812500 0.77109375 0.03125000 0.11093750
20 0.60312500 0.77421875 0.03125000 0.11093750
13 0.64218750 0.77421875 0.02968750 0.11484375
4 0.68437500 0.78125000 0.02968750 0.11093750
0 0.72500000 0.77812500 0.03281250 0.11484375
24 0.80468750 0.77812500 0.03281250 0.10781250
12 0.88281250 0.78437500 0.03125000 0.12187500
14 0.91875000 0.78125000 0.02656250 0.11796875
2 0.95781250 0.93750000 0.03125000 0.12187500
17 0.88125000 0.92734375 0.03593750 0.13203125
13 0.80625000 0.93046875 0.03750000 0.11796875
0 0.15312500 0.90937500 0.03437500 0.11093750
22 0.11250000 0.91328125 0.03593750 0.12812500
