2 0.39218750 0.11796875 0.04062500 0.13515625
17 0.44062500 0.11796875 0.04218750 0.13203125
4 0.49062500 0.12187500 0.04218750 0.13906250
22 0.54218750 0.12187500 0.04218750 0.14921875
12 0.73906250 0.11796875 0.03750000 0.14218750
14 0.78906250 0.12500000 0.04062500 0.14921875
11 0.88593750 0.12187500 0.03750000 0.13515625
24 0.93281250 0.13515625 0.03750000 0.15312500
17 0.18906250 0.30234375 0.04375000 0.14921875
14 0.43906250 0.29843750 0.04218750 0.13906250
12 0.59062500 0.29531250 0.04218750 0.14921875
24 0.69062500 0.29843750 0.04375000 0.13906250
11 0.74062500 0.29531250 0.04218750 0.13906250
19 0.94375000 0.29843750 0.04062500 0.13906250
2 0.09062500 0.48281250 0.03750000 0.13906250
0 0.13593750 0.47890625 0.03906250 0.14609375
11 0.18281250 0.48281250 0.03750000 0.16328125
11 0.22968750 0.48593750 0.04218750 0.15312500
7 0.38750000 0.47890625 0.04062500 0.16328125
12 0.43750000 0.47890625 0.04531250 0.14218750
0 0.54218750 0.47890625 0.04375000 0.14609375
12 0.64531250 0.47890625 0.04218750 0.15312500
20 0.69843750 0.48281250 0.04531250 0.14218750
19 0.74843750 0.47890625 0.04218750 0.14609375
4 0.85000000 0.48593750 0.04687500 0.14218750
12 0.17656250 0.67031250 0.04062500 0.15625000
8 0.27812500 0.67031250 0.04062500 0.15937500
11 0.33125000 0.67343750 0.03906250 0.15625000
11 0.38281250 0.67343750 0.04218750 0.15312500
0 0.43593750 0.68046875 0.04218750 0.16640625
18 0.69687500 0.68046875 0.04062500 0.15625000
8 0.75156250 0.67031250 0.04062500 0.14921875
4 0.90781250 0.68046875 0.04218750 0.15312500
8 0.07343750 0.86484375 0.03906250 0.13906250
11 0.11718750 0.86484375 0.04375000 0.14609375
11 0.16875000 0.86484375 0.04687500 0.15312500
8 0.22187500 0.86484375 0.04375000 0.15937500
6 0.27500000 0.86093750 0.04375000 0.16640625
0 0.32812500 0.87187500 0.04218750 0.15937500
13 0.37968750 0.87500000 0.04531250 0.17031250
19 0.59687500 0.87187500 0.04375000 0.17343750
21 0.70468750 0.87500000 0.04687500 0.15937500
8 0.75781250 0.87500000 0.04218750 0.16640625
18 0.81250000 0.87812500 0.04687500 0.16328125
8 0.86406250 0.88203125 0.04375000 0.15937500
19 0.91875000 0.87812500 0.04531250 0.15937500
