17 0.06718750 0.06250000 0.02968750 0.10078125
11 0.29062500 0.05937500 0.03281250 0.09687500
12 0.21718750 0.05937500 0.02812500 0.09375000
4 0.33125000 0.05937500 0.03125000 0.09375000
18 0.37031250 0.06562500 0.03281250 0.09375000
1 0.55468750 0.06953125 0.02656250 0.08359375
6 0.63125000 0.07265625 0.02500000 0.08359375
1 0.06406250 0.20156250 0.02500000 0.09687500
14 0.10156250 0.20156250 0.02968750 0.10390625
0 0.13593750 0.20156250 0.02656250 0.10078125
19 0.17656250 0.20156250 0.03125000 0.10390625
11 0.33281250 0.20156250 0.03125000 0.10390625
0 0.29062500 0.20156250 0.02812500 0.09062500
3 0.55937500 0.20859375 0.03125000 0.09062500
14 0.66718750 0.21171875 0.02968750 0.10078125
21 0.70312500 0.22187500 0.02656250 0.09375000
14 0.80468750 0.22578125 0.02812500 0.09687500
4 0.02500000 0.34062500 0.02500000 0.09687500
0 0.25156250 0.33359375 0.02656250 0.08671875
18 0.40781250 0.34687500 0.03125000 0.10781250
2 0.52187500 0.34375000 0.02968750 0.10078125
8 0.09843750 0.48281250 0.03281250 0.10078125
24 0.25156250 0.48984375 0.03437500 0.10390625
11 0.32968750 0.48984375 0.02968750 0.10781250
4 0.29062500 0.48984375 0.02656250 0.10078125
12 0.63125000 0.49296875 0.02812500 0.10078125
4 0.06250000 0.63203125 0.03750000 0.11796875
11 0.36718750 0.63203125 0.02500000 0.10390625
11 0.44531250 0.63203125 0.02968750 0.09687500
11 0.48281250 0.63203125 0.03125000 0.09687500
14 0.52031250 0.63203125 0.02812500 0.09687500
11 0.16875000 0.78125000 0.02812500 0.10781250
4 0.21093750 0.78125000 0.03281250 0.10781250
4 0.32968750 0.78125000 0.03281250 0.10781250
18 0.40625000 0.77812500 0.03125000 0.09687500
14 0.48281250 0.77421875 0.02812500 0.10390625
0 0.59531250 0.77109375 0.02656250 0.09062500
0 0.09375000 0.92343750 0.02656250 0.10390625
6 0.32812500 0.92031250 0.03125000 0.10390625
4 0.44531250 0.91640625 0.02968750 0.10781250
18 0.59687500 0.91640625 0.02968750 0.11093750
15 0.70625000 0.91328125 0.02812500 0.09687500
