0 0.04531250 0.27192982 0.03437500 0.23684211
1 0.12343750 0.28070175 0.04062500 0.23684211
2 0.19531250 0.28070175 0.03125000 0.23684211
3 0.26875000 0.28070175 0.03281250 0.25438596
4 0.34375000 0.27192982 0.03125000 0.23684211
5 0.41875000 0.28070175 0.03437500 0.23684211
6 0.49375000 0.28947368 0.03125000 0.25438596
7 0.56718750 0.28070175 0.03125000 0.28947368
8 0.64375000 0.27192982 0.03750000 0.26315789
9 0.71562500 0.29824561 0.03593750 0.30701754
10 0.79218750 0.29824561 0.03906250 0.31578947
11 0.86562500 0.28947368 0.03281250 0.30701754
12 0.93906250 0.28070175 0.04062500 0.30701754
13 0.04687500 0.64035088 0.03750000 0.31578947
14 0.12031250 0.64912281 0.03750000 0.30701754
15 0.19687500 0.64912281 0.03906250 0.31578947
16 0.27031250 0.65789474 0.03437500 0.28947368
17 0.34531250 0.64912281 0.03281250 0.29824561
