18 0.38281250 0.08671875 0.03593750 0.11093750
18 0.47343750 0.08671875 0.03437500 0.11796875
17 0.56562500 0.09062500 0.03593750 0.12187500
18 0.61250000 0.09375000 0.03593750 0.12187500
9 0.70156250 0.09375000 0.03593750 0.11796875
4 0.74843750 0.09687500 0.03593750 0.12500000
18 0.79375000 0.10078125 0.03750000 0.12187500
18 0.96875000 0.10781250 0.03281250 0.11796875
3 0.42812500 0.25312500 0.03593750 0.11484375
8 0.47343750 0.26406250 0.03437500 0.11484375
20 0.65625000 0.26406250 0.03437500 0.12500000
15 0.15156250 0.42343750 0.03750000 0.11796875
13 0.24375000 0.42734375 0.03593750 0.11484375
18 0.33593750 0.43046875 0.03593750 0.11796875
11 0.56406250 0.43437500 0.03437500 0.11093750
11 0.60937500 0.43437500 0.03593750 0.11093750
20 0.79375000 0.43750000 0.03437500 0.11796875
11 0.83906250 0.43750000 0.04062500 0.11796875
3 0.06406250 0.59062500 0.03593750 0.12812500
14 0.10781250 0.59375000 0.03593750 0.13906250
24 0.33437500 0.60078125 0.03593750 0.12812500
3 0.42656250 0.59687500 0.03437500 0.12812500
20 0.47187500 0.59687500 0.03437500 0.12500000
19 0.51562500 0.59687500 0.03437500 0.12500000
24 0.56250000 0.60078125 0.03437500 0.12500000
12 0.74687500 0.60390625 0.03593750 0.12187500
0 0.37968750 0.76718750 0.03281250 0.11484375
8 0.42656250 0.76718750 0.03437500 0.11796875
1 0.67187500 0.77109375 0.03281250 0.11093750
13 0.87812500 0.77812500 0.03593750 0.12187500
6 0.92343750 0.77812500 0.03125000 0.11796875
19 0.06562500 0.93046875 0.03281250 0.12187500
8 0.10625000 0.93046875 0.03281250 0.11093750
11 0.19687500 0.94062500 0.03906250 0.11484375
15 0.33281250 0.94062500 0.03750000 0.11484375
13 0.42500000 0.94062500 0.03750000 0.11796875
17 0.51718750 0.94453125 0.03593750 0.11093750
0 0.60625000 0.94062500 0.03281250 0.11484375
15 0.65156250 0.94062500 0.03437500 0.11484375
4 0.74375000 0.94062500 0.03437500 0.11484375
