25 0.21142600 0.13553800 0.02050800 0.02252900
0 0.23681600 0.13408400 0.02050800 0.02252900
15 0.26123000 0.13226700 0.02050800 0.02180200
8 0.28662100 0.13045100 0.02050800 0.02252900
18 0.31298800 0.12899700 0.02050800 0.02252900
10 0.33837900 0.12718000 0.02050800 0.02180200
4 0.36377000 0.12500000 0.02246100 0.02325600
19 0.41796900 0.12064000 0.02148400 0.02325600
13 0.49951200 0.11482600 0.02246100 0.02325600
4 0.52685500 0.11300900 0.02246100 0.02398300
22 0.58349600 0.10864800 0.02246100 0.02398300
4 0.61279300 0.10646800 0.02246100 0.02398300
17 0.64111300 0.10501500 0.02246100 0.02398300
18 0.26171900 0.16242700 0.01953100 0.02252900
0 0.28515600 0.16133700 0.01953100 0.02180200
12 0.31103500 0.15988400 0.02050800 0.02180200
3 0.41699200 0.15370600 0.02148400 0.02252900
14 0.44433600 0.15189000 0.02148400 0.02325600
1 0.47216800 0.15043600 0.02050800 0.02325600
17 0.49951200 0.14861900 0.02246100 0.02398300
25 0.61181600 0.14171500 0.02246100 0.02470900
22 0.64160200 0.13989800 0.02148400 0.02398300
4 0.67041000 0.13844500 0.02246100 0.02398300
17 0.70068400 0.13662800 0.02246100 0.02470900
25 0.15820300 0.20094500 0.01953100 0.02252900
0 0.18261700 0.19949100 0.01953100 0.02252900
16 0.23291000 0.19658400 0.02050800 0.02252900
19 0.25732400 0.19513100 0.02050800 0.02252900
14 0.28369100 0.19367700 0.02050800 0.02252900
18 0.33544900 0.19077000 0.02050800 0.02252900
8 0.36328100 0.18931700 0.02148400 0.02398300
9 0.38964800 0.18822700 0.02148400 0.02325600
20 0.41601600 0.18677300 0.02148400 0.02325600
22 0.52734400 0.18132300 0.02148400 0.02398300
10 0.58349600 0.17768900 0.02246100 0.02398300
11 0.61181600 0.17623500 0.02246100 0.02398300
4 0.64111300 0.17478200 0.02246100 0.02398300
19 0.67041000 0.17332800 0.02246100 0.02398300
10 0.70166000 0.17187500 0.02246100 0.02398300
4 0.73144500 0.17078500 0.02343800 0.02470900
18 0.20556600 0.22965100 0.02050800 0.02325600
0 0.23193400 0.22892400 0.02050800 0.02325600
12 0.25732400 0.22747100 0.02050800 0.02325600
13 0.30957000 0.22529100 0.02148400 0.02325600
4 0.33544900 0.22383700 0.02050800 0.02325600
25 0.38867200 0.22165700 0.02148400 0.02325600
13 0.41552700 0.22020300 0.02050800 0.02325600
0 0.44335900 0.21911300 0.02148400 0.02398300
3 0.52783200 0.21548000 0.02246100 0.02398300
4 0.55419900 0.21402600 0.02246100 0.02398300
19 0.58300800 0.21257300 0.02148400 0.02398300
10 0.61181600 0.21111900 0.02246100 0.02398300
8 0.64111300 0.20966600 0.02246100 0.02398300
18 0.38671900 0.28888100 0.02148400 0.02398300
14 0.41406200 0.28815400 0.02148400 0.02398300
1 0.44091800 0.28742700 0.02246100 0.02398300
0 0.46923800 0.28597400 0.02246100 0.02398300
10 0.49755900 0.28488400 0.02246100 0.02470900
0 0.52490200 0.28379400 0.02246100 0.02398300
3 0.58154300 0.28125000 0.02246100 0.02470900
8 0.61132800 0.28052300 0.02343800 0.02470900
13 0.64062500 0.27979700 0.02343800 0.02470900
6 0.66992200 0.27907000 0.02343800 0.02470900
14 0.70019500 0.27798000 0.02343800 0.02398300
13 0.15185500 0.32885200 0.02050800 0.02252900
4 0.17627000 0.32812500 0.02050800 0.02252900
19 0.20166000 0.32739800 0.02050800 0.02398300
13 0.30517600 0.32485500 0.02050800 0.02325600
4 0.33154300 0.32449100 0.02050800 0.02398300
22 0.38623000 0.32303800 0.02050800 0.02398300
14 0.41357400 0.32231100 0.02050800 0.02398300
11 0.44091800 0.32194800 0.02246100 0.02470900
10 0.46875000 0.32122100 0.02148400 0.02470900
8 0.52441400 0.31904100 0.02148400 0.02470900
13 0.58154300 0.31686000 0.02246100 0.02470900
4 0.61132800 0.31613400 0.02343800 0.02470900
11 0.66992200 0.31468000 0.02343800 0.02470900
8 0.70019500 0.31395300 0.02343800 0.02470900
18 0.73046900 0.31359000 0.02343800 0.02543600
0 0.76123000 0.31286300 0.02246100 0.02543600
22 0.15039100 0.36155500 0.01953100 0.02252900
15 0.22607400 0.36046500 0.02050800 0.02325600
17 0.25195300 0.35973800 0.01953100 0.02325600
8 0.27832000 0.35901200 0.01953100 0.02325600
4 0.30468800 0.35901200 0.01953100 0.02325600
25 0.33154300 0.35828500 0.02050800 0.02325600
9 0.35839800 0.35792200 0.01953100 0.02398300
0 0.38525400 0.35755800 0.02050800 0.02325600
19 0.44043000 0.35646800 0.02148400 0.02398300
4 0.46679700 0.35574100 0.02148400 0.02398300
10 0.52343800 0.35428800 0.02148400 0.02398300
13 0.58203100 0.35283400 0.02148400 0.02398300
0 0.61035200 0.35210800 0.02148400 0.02398300
12 0.63964800 0.35138100 0.02343800 0.02543600
22 0.69970700 0.35065400 0.02246100 0.02543600
11 0.76074200 0.34920100 0.02343800 0.02543600
4 0.79150400 0.34920100 0.02246100 0.02543600
18 0.82128900 0.34847400 0.02343800 0.02543600
0 0.85107400 0.34956400 0.02441400 0.02616300
8 0.14843800 0.39425900 0.01953100 0.02398300
19 0.19921900 0.39389500 0.01953100 0.02325600
0 0.22509800 0.39389500 0.02050800 0.02325600
12 0.25048800 0.39316900 0.02050800 0.02325600
20 0.30419900 0.39244200 0.02050800 0.02325600
22 0.33056600 0.39244200 0.02050800 0.02325600
8 0.35791000 0.39171500 0.02050800 0.02325600
3 0.38525400 0.39135200 0.02050800 0.02398300
8 0.41259800 0.39171500 0.02050800 0.02325600
19 0.44043000 0.39062500 0.02148400 0.02398300
4 0.46826200 0.39026200 0.02246100 0.02470900
22 0.52294900 0.38953500 0.02246100 0.02470900
15 0.60986300 0.38735500 0.02246100 0.02470900
18 0.63916000 0.38735500 0.02246100 0.02470900
0 0.66943400 0.38662800 0.02246100 0.02470900
22 0.19824200 0.42732600 0.01953100 0.02325600
14 0.22412100 0.42732600 0.02050800 0.02325600
8 0.25048800 0.42696200 0.02050800 0.02398300
13 0.27685500 0.42659900 0.02050800 0.02325600
18 0.30322300 0.42659900 0.02050800 0.02325600
19 0.33007800 0.42659900 0.01953100 0.02325600
22 0.35693400 0.42659900 0.02050800 0.02325600
4 0.38476600 0.42623500 0.02148400 0.02398300
13 0.41113300 0.42587200 0.02148400 0.02470900
13 0.44043000 0.42550900 0.02148400 0.02398300
14 0.46679700 0.42550900 0.02148400 0.02398300
6 0.49511700 0.42478200 0.02148400 0.02398300
14 0.52343800 0.42478200 0.02148400 0.02398300
3 0.58105500 0.42405500 0.02343800 0.02543600
8 0.61084000 0.42369200 0.02246100 0.02470900
13 0.63916000 0.42332800 0.02246100 0.02543600
6 0.66943400 0.42296500 0.02246100 0.02470900
14 0.70019500 0.42223800 0.02343800 0.02470900
15 0.14502000 0.49418600 0.02050800 0.02325600
20 0.17041000 0.49418600 0.02050800 0.02325600
18 0.19580100 0.49418600 0.02050800 0.02325600
19 0.22216800 0.49454900 0.02050800 0.02398300
22 0.30078100 0.49491300 0.02148400 0.02470900
0 0.32763700 0.49491300 0.02050800 0.02470900
12 0.35449200 0.49491300 0.02148400 0.02470900
17 0.40869100 0.49491300 0.02050800 0.02470900
0 0.43603500 0.49491300 0.02050800 0.02470900
18 0.46484400 0.49491300 0.02148400 0.02470900
18 0.49316400 0.49491300 0.02148400 0.02470900
10 0.52148400 0.49564000 0.02148400 0.02470900
0 0.55029300 0.49564000 0.02246100 0.02470900
9 0.57910200 0.49564000 0.02148400 0.02470900
4 0.60937500 0.49527600 0.02148400 0.02398300
19 0.63818400 0.49491300 0.02246100 0.02470900
10 0.69921900 0.49491300 0.02343800 0.02616300
4 0.72949200 0.49564000 0.02343800 0.02616300
13 0.76074200 0.49564000 0.02343800 0.02616300
6 0.79101600 0.49636600 0.02343800 0.02616300
20 0.82128900 0.49636600 0.02343800 0.02616300
17 0.85156200 0.49709300 0.02343800 0.02616300
20 0.88085900 0.49782000 0.02343800 0.02616300
10 0.14453100 0.52725300 0.01953100 0.02398300
0 0.16943400 0.52761600 0.02050800 0.02325600
10 0.19580100 0.52798000 0.02050800 0.02398300
22 0.24658200 0.52870600 0.02050800 0.02398300
0 0.30029300 0.52870600 0.02050800 0.02398300
22 0.32666000 0.52943300 0.02050800 0.02398300
18 0.35400400 0.52979700 0.02050800 0.02470900
19 0.38085900 0.52979700 0.02148400 0.02470900
17 0.40820300 0.52979700 0.02148400 0.02470900
0 0.43603500 0.52979700 0.02050800 0.02470900
11 0.46435500 0.52979700 0.02246100 0.02470900
8 0.49267600 0.53016000 0.02246100 0.02543600
18 0.54980500 0.53088700 0.02148400 0.02543600
10 0.57910200 0.53125000 0.02148400 0.02470900
20 0.60888700 0.53161300 0.02246100 0.02543600
9 0.69873000 0.53234000 0.02246100 0.02543600
0 0.72949200 0.53234000 0.02343800 0.02543600
17 0.76025400 0.53343000 0.02246100 0.02616300
20 0.79101600 0.53379400 0.02343800 0.02543600
6 0.14355500 0.56104700 0.01953100 0.02325600
13 0.16845700 0.56141000 0.02050800 0.02398300
0 0.19433600 0.56177300 0.01953100 0.02325600
11 0.21972700 0.56213700 0.02148400 0.02398300
15 0.27246100 0.56395300 0.02148400 0.02470900
14 0.29882800 0.56431700 0.02148400 0.02398300
11 0.35351600 0.56431700 0.02148400 0.02398300
4 0.38085900 0.56431700 0.02148400 0.02398300
18 0.40771500 0.56431700 0.02050800 0.02398300
0 0.43554700 0.56468000 0.02148400 0.02470900
12 0.46386700 0.56540700 0.02148400 0.02470900
4 0.52050800 0.56649700 0.02148400 0.02543600
6 0.54931600 0.56686000 0.02050800 0.02470900
14 0.57959000 0.56758700 0.02246100 0.02616300
18 0.63818400 0.56831400 0.02246100 0.02616300
4 0.66845700 0.56867700 0.02246100 0.02543600
18 0.69921900 0.56940400 0.02343800 0.02543600
19 0.72900400 0.56940400 0.02246100 0.02543600
17 0.76074200 0.57013100 0.02343800 0.02543600
20 0.79052700 0.57085800 0.02246100 0.02543600
15 0.19287100 0.59593000 0.02050800 0.02325600
14 0.21826200 0.59629400 0.02050800 0.02398300
3 0.24462900 0.59702000 0.02050800 0.02398300
9 0.27099600 0.59774700 0.02050800 0.02398300
0 0.29834000 0.59774700 0.02050800 0.02398300
17 0.32519500 0.59847400 0.02148400 0.02398300
19 0.43457000 0.60101700 0.02148400 0.02470900
14 0.46289100 0.60174400 0.02148400 0.02470900
23 0.49121100 0.60210800 0.02148400 0.02543600
8 0.52050800 0.60247100 0.02148400 0.02470900
3 0.60742200 0.60428800 0.02343800 0.02543600
8 0.63769500 0.60501500 0.02343800 0.02543600
13 0.66894500 0.60537800 0.02343800 0.02616300
6 0.69921900 0.60610500 0.02343800 0.02616300
14 0.72949200 0.60646800 0.02343800 0.02543600
14 0.13916000 0.66279100 0.02050800 0.02470900
13 0.16455100 0.66388100 0.02050800 0.02398300
0 0.19043000 0.66460800 0.02148400 0.02398300
22 0.24316400 0.66642400 0.02148400 0.02470900
10 0.29589800 0.66860500 0.02148400 0.02470900
20 0.32324200 0.66933100 0.02148400 0.02470900
18 0.34960900 0.67005800 0.02148400 0.02470900
19 0.37793000 0.67151200 0.02148400 0.02470900
8 0.49023400 0.67514500 0.02148400 0.02470900
25 0.60791000 0.67805200 0.02246100 0.02470900
0 0.63769500 0.67914200 0.02343800 0.02689000
13 0.69970700 0.68023300 0.02441400 0.02616300
4 0.72949200 0.68095900 0.02343800 0.02616300
14 0.13818400 0.69731100 0.02050800 0.02398300
13 0.16259800 0.69767400 0.02050800 0.02470900
0 0.18798800 0.69912800 0.02050800 0.02470900
22 0.24169900 0.70130800 0.02050800 0.02470900
17 0.29492200 0.70348800 0.02148400 0.02470900
20 0.32177700 0.70494200 0.02050800 0.02470900
16 0.34912100 0.70530500 0.02246100 0.02543600
4 0.37695300 0.70675900 0.02148400 0.02543600
8 0.48974600 0.71148300 0.02246100 0.02616300
22 0.60742200 0.71548000 0.02343800 0.02543600
17 0.66845700 0.71766000 0.02246100 0.02543600
20 0.69921900 0.71802300 0.02343800 0.02616300
16 0.72949200 0.71875000 0.02343800 0.02616300
4 0.76074200 0.71947700 0.02343800 0.02616300
14 0.13671900 0.73146800 0.01953100 0.02398300
13 0.16162100 0.73255800 0.02050800 0.02470900
0 0.18798800 0.73401200 0.02050800 0.02470900
1 0.24072300 0.73655500 0.02050800 0.02398300
18 0.29394500 0.73873500 0.02148400 0.02543600
19 0.32031200 0.74018900 0.02148400 0.02543600
17 0.34765600 0.74164200 0.02148400 0.02543600
4 0.37548800 0.74309600 0.02246100 0.02543600
8 0.48877000 0.74782000 0.02246100 0.02616300
1 0.60742200 0.75327000 0.02343800 0.02689000
18 0.66796900 0.75472400 0.02343800 0.02689000
19 0.69824200 0.75581400 0.02343800 0.02616300
17 0.72900400 0.75690400 0.02441400 0.02689000
4 0.75927700 0.75763100 0.02441400 0.02689000
13 0.18652300 0.76889500 0.02148400 0.02470900
4 0.21191400 0.77034900 0.02148400 0.02470900
20 0.23877000 0.77180200 0.02050800 0.02470900
19 0.26562500 0.77325600 0.02148400 0.02470900
14 0.29150400 0.77470900 0.02050800 0.02470900
12 0.31933600 0.77616300 0.02148400 0.02470900
8 0.34668000 0.77761600 0.02148400 0.02470900
12 0.37500000 0.77907000 0.02148400 0.02470900
3 0.48828100 0.78488400 0.02343800 0.02616300
8 0.51757800 0.78633700 0.02343800 0.02616300
13 0.54687500 0.78779100 0.02343800 0.02616300
6 0.57714800 0.78888100 0.02343800 0.02543600
14 0.60644500 0.79033400 0.02343800 0.02543600
14 0.13281200 0.83502900 0.02148400 0.02470900
13 0.15820300 0.83684600 0.02148400 0.02398300
0 0.18457000 0.83902600 0.02148400 0.02398300
7 0.23681600 0.84302300 0.02246100 0.02470900
8 0.26318400 0.84484000 0.02246100 0.02398300
19 0.29052700 0.84702000 0.02246100 0.02398300
17 0.31738300 0.84774700 0.02343800 0.02543600
0 0.34521500 0.84992700 0.02246100 0.02543600
8 0.40136700 0.85428800 0.02343800 0.02689000
13 0.51709000 0.86010200 0.02441400 0.02689000
4 0.54589800 0.86155500 0.02343800 0.02689000
15 0.60644500 0.86482600 0.02343800 0.02616300
17 0.63720700 0.86627900 0.02441400 0.02616300
14 0.66748000 0.86809600 0.02441400 0.02689000
18 0.69873000 0.86954900 0.02441400 0.02689000
19 0.72900400 0.87027600 0.02441400 0.02689000
18 0.13085900 0.87027600 0.02148400 0.02543600
20 0.18359400 0.87536300 0.02148400 0.02543600
19 0.20849600 0.87681700 0.02246100 0.02543600
17 0.23535200 0.87899700 0.02148400 0.02543600
0 0.26123000 0.88045100 0.02246100 0.02543600
1 0.31640600 0.88481100 0.02148400 0.02543600
4 0.34472700 0.88662800 0.02148400 0.02616300
9 0.37207000 0.88844500 0.02343800 0.02543600
0 0.40039100 0.88989800 0.02343800 0.02543600
11 0.42871100 0.89207800 0.02343800 0.02543600
8 0.45800800 0.89389500 0.02343800 0.02616300
12 0.51660200 0.89680200 0.02343800 0.02616300
3 0.60644500 0.90261600 0.02343800 0.02616300
14 0.63623000 0.90516000 0.02441400 0.02689000
25 0.69775400 0.91024700 0.02441400 0.02689000
22 0.72949200 0.90879400 0.02539100 0.02689000
4 0.75976600 0.90915700 0.02539100 0.02761600
25 0.79052700 0.90988400 0.02441400 0.02761600
3 0.82080100 0.90988400 0.02441400 0.02761600
13 0.12841800 0.90588700 0.02246100 0.02543600
14 0.15429700 0.90806700 0.02148400 0.02543600
22 0.20703100 0.91242700 0.02148400 0.02543600
14 0.23437500 0.91460800 0.02148400 0.02543600
19 0.26025400 0.91715100 0.02246100 0.02616300
15 0.31543000 0.92078500 0.02343800 0.02616300
14 0.34375000 0.92223800 0.02343800 0.02616300
12 0.39941400 0.92623500 0.02343800 0.02689000
0 0.42871100 0.92841600 0.02343800 0.02689000
11 0.45654300 0.93132300 0.02441400 0.02689000
4 0.51611300 0.93495600 0.02441400 0.02689000
4 0.54541000 0.93641000 0.02441400 0.02689000
25 0.60546900 0.94004400 0.02343800 0.02689000
0 0.63574200 0.94222400 0.02343800 0.02689000
7 0.69775400 0.94585800 0.02441400 0.02689000
22 0.72802700 0.94549400 0.02441400 0.02616300
14 0.75927700 0.94658400 0.02441400 0.02689000
18 0.78955100 0.94731100 0.02441400 0.02689000
19 0.81982400 0.94840100 0.02441400 0.02616300
13 0.17822300 0.94622100 0.02246100 0.02616300
4 0.20556600 0.94803800 0.02246100 0.02543600
20 0.23193400 0.95021800 0.02246100 0.02543600
12 0.25927700 0.95239800 0.02246100 0.02543600
14 0.28662100 0.95457800 0.02246100 0.02543600
11 0.31347700 0.95748500 0.02343800 0.02689000
8 0.34179700 0.95930200 0.02343800 0.02616300
12 0.37011700 0.96148300 0.02343800 0.02616300
3 0.48632800 0.96984000 0.02343800 0.02689000
8 0.51562500 0.97238400 0.02343800 0.02761600
13 0.54492200 0.97383700 0.02343800 0.02761600
6 0.57470700 0.97601700 0.02441400 0.02761600
14 0.60498000 0.97747100 0.02441400 0.02761600
