23 0.10625000 0.13541667 0.03281250 0.12500000
18 0.18125000 0.13194444 0.03437500 0.11111111
9 0.29843750 0.13888889 0.03437500 0.11458333
0 0.33906250 0.13541667 0.03593750 0.11458333
2 0.37812500 0.13541667 0.03593750 0.11805556
14 0.41562500 0.13194444 0.03437500 0.11111111
1 0.45625000 0.13194444 0.03593750 0.11111111
17 0.57656250 0.13194444 0.03281250 0.11458333
14 0.61562500 0.12847222 0.03281250 0.10763889
8 0.49687500 0.28125000 0.02968750 0.11111111
13 0.33906250 0.28125000 0.03125000 0.10763889
19 0.25937500 0.28125000 0.03437500 0.11805556
18 0.22031250 0.28125000 0.03437500 0.11111111
13 0.18125000 0.28125000 0.03281250 0.10763889
7 0.14375000 0.28125000 0.03281250 0.11111111
14 0.10625000 0.28472222 0.03906250 0.11111111
9 0.07187500 0.28472222 0.02968750 0.11111111
11 0.03593750 0.43055556 0.03281250 0.11458333
8 0.06875000 0.43055556 0.02968750 0.11111111
21 0.10468750 0.43055556 0.03281250 0.11111111
12 0.25937500 0.43055556 0.02968750 0.10763889
18 0.41718750 0.43402778 0.03125000 0.11111111
3 0.57812500 0.43055556 0.03281250 0.11805556
0 0.77656250 0.43402778 0.02968750 0.12152778
0 0.25937500 0.57638889 0.02968750 0.10763889
3 0.14375000 0.57638889 0.03281250 0.10763889
8 0.06875000 0.57638889 0.03125000 0.10763889
2 0.25781250 0.72569444 0.02968750 0.10763889
7 0.37812500 0.72916667 0.02968750 0.10763889
4 0.41718750 0.72569444 0.02968750 0.10763889
18 0.73750000 0.72916667 0.03437500 0.11458333
21 0.81562500 0.72916667 0.03281250 0.11111111
8 0.89531250 0.73263889 0.02968750 0.11458333
2 0.93125000 0.72916667 0.03125000 0.11805556
11 0.96875000 0.87500000 0.03125000 0.10763889
11 0.93125000 0.87500000 0.02968750 0.11111111
13 0.85468750 0.87847222 0.03437500 0.11111111
14 0.81562500 0.87500000 0.03281250 0.10763889
19 0.73750000 0.87847222 0.03437500 0.11458333
22 0.65781250 0.87847222 0.03437500 0.10763889
18 0.57656250 0.87847222 0.03281250 0.10416667
13 0.49687500 0.87500000 0.03281250 0.10416667
15 0.41875000 0.87847222 0.03281250 0.10416667
13 0.29843750 0.87847222 0.03125000 0.10416667
17 0.10625000 0.87152778 0.03281250 0.11111111
6 0.06875000 0.86805556 0.03125000 0.11111111
19 0.03593750 0.86805556 0.02812500 0.11111111
