22 0.14111300 0.15879400 0.02246100 0.02398300
15 0.19580100 0.15625000 0.02246100 0.02470900
4 0.22314500 0.15443300 0.02246100 0.02398300
17 0.25146500 0.15370600 0.02246100 0.02398300
4 0.27978500 0.15261600 0.02246100 0.02470900
15 0.30810500 0.15189000 0.02246100 0.02470900
11 0.33252000 0.15116300 0.02246100 0.02470900
4 0.36377000 0.15043600 0.02246100 0.02470900
19 0.39404300 0.14970900 0.02246100 0.02470900
0 0.42187500 0.14789200 0.02343800 0.02543600
7 0.45263700 0.14680200 0.02246100 0.02470900
22 0.54101600 0.14571200 0.02343800 0.02543600
10 0.60156200 0.14498500 0.02343800 0.02543600
3 0.13818400 0.22819800 0.02246100 0.02470900
17 0.16455100 0.22747100 0.02246100 0.02470900
20 0.19287100 0.22638100 0.02246100 0.02543600
9 0.22119100 0.22529100 0.02246100 0.02470900
13 0.24951200 0.22456400 0.02246100 0.02470900
14 0.27832000 0.22420100 0.02343800 0.02543600
22 0.33593800 0.22274700 0.02343800 0.02543600
18 0.39306600 0.22202000 0.02246100 0.02543600
19 0.42285200 0.22129400 0.02343800 0.02543600
17 0.45214800 0.22093000 0.02343800 0.02616300
14 0.48291000 0.21947700 0.02441400 0.02616300
8 0.51123000 0.21911300 0.02441400 0.02689000
22 0.54101600 0.21947700 0.02343800 0.02616300
8 0.59960900 0.21875000 0.02343800 0.02616300
18 0.63085900 0.21838700 0.02343800 0.02689000
7 0.90429700 0.18241300 0.02343800 0.02616300
1 0.13720700 0.26235500 0.02246100 0.02470900
11 0.16357400 0.26199100 0.02246100 0.02398300
4 0.19238300 0.26126500 0.02343800 0.02543600
23 0.22021500 0.26053800 0.02246100 0.02543600
20 0.24902300 0.25981100 0.02343800 0.02543600
19 0.27783200 0.25981100 0.02246100 0.02543600
10 0.33447300 0.25872100 0.02246100 0.02470900
13 0.36328100 0.25835800 0.02343800 0.02543600
8 0.39257800 0.25763100 0.02343800 0.02543600
6 0.42236300 0.25726700 0.02246100 0.02470900
8 0.45117200 0.25654100 0.02343800 0.02470900
3 0.51171900 0.25617700 0.02343800 0.02543600
22 0.54101600 0.25581400 0.02343800 0.02470900
20 0.57080100 0.25581400 0.02441400 0.02470900
7 0.60107400 0.25545100 0.02441400 0.02543600
18 0.63134800 0.29215100 0.02441400 0.02616300
10 0.66113300 0.29215100 0.02343800 0.02616300
22 0.69189500 0.29215100 0.02441400 0.02616300
14 0.72314500 0.29178800 0.02441400 0.02543600
17 0.75341800 0.29178800 0.02441400 0.02543600
2 0.78369100 0.29142400 0.02441400 0.02616300
14 0.81396500 0.29142400 0.02441400 0.02616300
22 0.84326200 0.29287800 0.02441400 0.02616300
7 0.90185500 0.29433100 0.02441400 0.02616300
19 0.13525400 0.33321200 0.02246100 0.02543600
14 0.16259800 0.33284900 0.02246100 0.02616300
16 0.19091800 0.33321200 0.02246100 0.02543600
13 0.21923800 0.33248500 0.02246100 0.02543600
14 0.24755900 0.33248500 0.02246100 0.02543600
22 0.30615200 0.33175900 0.02246100 0.02543600
11 0.39209000 0.33066900 0.02246100 0.02616300
8 0.42041000 0.33030500 0.02246100 0.02543600
13 0.48046900 0.33030500 0.02343800 0.02543600
0 0.51074200 0.32994200 0.02343800 0.02616300
15 0.56982400 0.32994200 0.02441400 0.02761600
0 0.60009800 0.32994200 0.02441400 0.02761600
17 0.63037100 0.32957800 0.02441400 0.02689000
0 0.66064500 0.32957800 0.02441400 0.02689000
3 0.69189500 0.32957800 0.02441400 0.02689000
0 0.07959000 0.37027600 0.02246100 0.02543600
9 0.13427700 0.36845900 0.02246100 0.02470900
8 0.16162100 0.36809600 0.02246100 0.02543600
22 0.18994100 0.36809600 0.02246100 0.02543600
4 0.21826200 0.36809600 0.02246100 0.02543600
19 0.24755900 0.36809600 0.02246100 0.02543600
18 0.27587900 0.36809600 0.02246100 0.02543600
8 0.36279300 0.36736900 0.02246100 0.02543600
12 0.39160200 0.36700600 0.02343800 0.02616300
13 0.45019500 0.36773300 0.02343800 0.02616300
4 0.48095700 0.36736900 0.02441400 0.02689000
7 0.54003900 0.36700600 0.02343800 0.02616300
20 0.56982400 0.36700600 0.02441400 0.02616300
3 0.60009800 0.36700600 0.02441400 0.02616300
14 0.62939500 0.36700600 0.02441400 0.02616300
8 0.07861300 0.40479700 0.02246100 0.02470900
7 0.10595700 0.40443300 0.02246100 0.02543600
22 0.16113300 0.40407000 0.02343800 0.02616300
11 0.18896500 0.40407000 0.02246100 0.02616300
0 0.21777300 0.40407000 0.02343800 0.02616300
3 0.24560500 0.40370600 0.02246100 0.02543600
4 0.27490200 0.40407000 0.02246100 0.02616300
11 0.30419900 0.40407000 0.02246100 0.02616300
2 0.36181600 0.40407000 0.02246100 0.02616300
1 0.45019500 0.40407000 0.02343800 0.02616300
4 0.47998000 0.40407000 0.02246100 0.02616300
17 0.51025400 0.40407000 0.02246100 0.02616300
4 0.53906200 0.40443300 0.02343800 0.02689000
6 0.56933600 0.40443300 0.02343800 0.02689000
20 0.59912100 0.40443300 0.02441400 0.02689000
19 0.62890600 0.40443300 0.02343800 0.02689000
13 0.07861300 0.44077000 0.02246100 0.02543600
8 0.10498000 0.44077000 0.02246100 0.02543600
10 0.13232400 0.44040700 0.02246100 0.02616300
14 0.16015600 0.44004400 0.02343800 0.02543600
6 0.18847700 0.44004400 0.02343800 0.02543600
3 0.21630900 0.44004400 0.02246100 0.02543600
0 0.24658200 0.43968000 0.02246100 0.02616300
14 0.30419900 0.44004400 0.02246100 0.02543600
13 0.33203100 0.44004400 0.02343800 0.02543600
8 0.36132800 0.44077000 0.02343800 0.02543600
14 0.42041000 0.44040700 0.02246100 0.02616300
19 0.44970700 0.44077000 0.02246100 0.02543600
18 0.47900400 0.44113400 0.02246100 0.02616300
3 0.53857400 0.44149700 0.02246100 0.02543600
0 0.56787100 0.44222400 0.02246100 0.02543600
13 0.07763700 0.47456400 0.02246100 0.02616300
8 0.10302700 0.47492700 0.02246100 0.02543600
10 0.13085900 0.47492700 0.02343800 0.02543600
20 0.15869100 0.47529100 0.02246100 0.02616300
3 0.18750000 0.47565400 0.02343800 0.02543600
0 0.21484400 0.47529100 0.02343800 0.02616300
13 0.27343800 0.47565400 0.02343800 0.02543600
4 0.30273400 0.47601700 0.02343800 0.02616300
20 0.36132800 0.47638100 0.02343800 0.02543600
1 0.39013700 0.47674400 0.02246100 0.02616300
4 0.41992200 0.47710800 0.02343800 0.02543600
6 0.44921900 0.47710800 0.02343800 0.02543600
20 0.47900400 0.47747100 0.02246100 0.02616300
19 0.50878900 0.47747100 0.02343800 0.02616300
20 0.63134800 0.14498500 0.02246100 0.02543600
17 0.66210900 0.14389500 0.02343800 0.02616300
19 0.69287100 0.14425900 0.02246100 0.02543600
10 0.72558600 0.14389500 0.02343800 0.02470900
0 0.75488300 0.14316900 0.02343800 0.02470900
7 0.78515600 0.14425900 0.02343800 0.02689000
13 0.78466800 0.18095900 0.02246100 0.02470900
14 0.81494100 0.18095900 0.02441400 0.02616300
22 0.84570300 0.18241300 0.02343800 0.02616300
22 0.72265600 0.21802300 0.02343800 0.02616300
17 0.78222700 0.21766000 0.02343800 0.02543600
3 0.84521500 0.21875000 0.02246100 0.02616300
