4 0.16406250 0.10069444 0.03281250 0.12500000
22 0.20781250 0.10416667 0.03281250 0.12152778
19 0.33593750 0.11458333 0.03750000 0.11458333
14 0.53906250 0.12152778 0.02968750 0.11111111
6 0.90468750 0.13194444 0.02968750 0.11111111
13 0.03437500 0.25000000 0.03281250 0.11458333
4 0.07500000 0.25000000 0.03125000 0.12500000
22 0.29062500 0.26388889 0.03906250 0.12500000
7 0.45781250 0.26736111 0.02500000 0.10763889
3 0.66250000 0.27430556 0.03125000 0.09375000
17 0.03125000 0.40972222 0.03750000 0.12500000
4 0.07031250 0.40625000 0.03125000 0.12847222
19 0.11406250 0.40972222 0.03593750 0.12500000
8 0.15781250 0.40972222 0.03125000 0.12500000
13 0.20000000 0.57986111 0.04062500 0.12500000
14 0.24375000 0.57986111 0.03437500 0.12847222
11 0.28750000 0.58680556 0.03906250 0.12500000
3 0.32812500 0.57986111 0.03906250 0.12152778
8 0.53906250 0.58333333 0.03281250 0.12500000
11 0.62187500 0.57986111 0.03437500 0.12152778
12 0.74531250 0.58333333 0.03750000 0.13194444
0 0.78750000 0.58680556 0.03281250 0.11805556
10 0.83125000 0.59027778 0.03750000 0.11111111
4 0.45468750 0.73611111 0.03125000 0.12152778
0 0.58125000 0.73611111 0.03125000 0.11458333
11 0.66562500 0.73611111 0.03125000 0.12500000
0 0.06250000 0.89583333 0.03437500 0.12152778
0 0.19687500 0.89583333 0.03437500 0.13194444
18 0.32656250 0.90277778 0.03281250 0.12500000
