11 0.27880900 0.06758700 0.02441400 0.02761600
8 0.34814500 0.06831400 0.02441400 0.02907000
19 0.41503900 0.06940400 0.02539100 0.02834300
18 0.38281200 0.06867700 0.02539100 0.02979700
15 0.17627000 0.11337200 0.02441400 0.02907000
20 0.21044900 0.11191900 0.02441400 0.02761600
18 0.24462900 0.11119200 0.02441400 0.02907000
19 0.27880900 0.11082800 0.02441400 0.02834300
14 0.41503900 0.11155500 0.02539100 0.02834300
18 0.44970700 0.11228200 0.02441400 0.02834300
13 0.48291000 0.11300900 0.02441400 0.02834300
8 0.58496100 0.11591600 0.02343800 0.02834300
4 0.65039100 0.11845900 0.02539100 0.02907000
11 0.68310500 0.11882300 0.02441400 0.02689000
8 0.71533200 0.11918600 0.02441400 0.02616300
22 0.78076200 0.12100300 0.02441400 0.02689000
18 0.81250000 0.12173000 0.02343800 0.02543600
25 0.14111300 0.15952000 0.02441400 0.02834300
8 0.17529300 0.15879400 0.02441400 0.02979700
12 0.20947300 0.15697700 0.02441400 0.02907000
20 0.24414100 0.15625000 0.02343800 0.03052300
19 0.31201200 0.15479700 0.02441400 0.02907000
14 0.34912100 0.15516000 0.02441400 0.02979700
17 0.38037100 0.15552300 0.02441400 0.03052300
16 0.41503900 0.15588700 0.02539100 0.02979700
0 0.45117200 0.15734000 0.02343800 0.02979700
19 0.48388700 0.15770300 0.02441400 0.02907000
22 0.14111300 0.20421500 0.02636700 0.03052300
18 0.20703100 0.20167200 0.02539100 0.02979700
13 0.24218800 0.20058100 0.02539100 0.02907000
4 0.27685500 0.20058100 0.02441400 0.03052300
6 0.31201200 0.20021800 0.02441400 0.02979700
0 0.34668000 0.20058100 0.02343800 0.02907000
8 0.41650400 0.20203500 0.02441400 0.03052300
12 0.48486300 0.20239800 0.02636700 0.02979700
4 0.51953100 0.20276200 0.02343800 0.02907000
19 0.55322300 0.20348800 0.02441400 0.02761600
4 0.58789100 0.20566900 0.02343800 0.02761600
11 0.62060500 0.20530500 0.02441400 0.02689000
25 0.75341800 0.20712200 0.02441400 0.02761600
0 0.78564500 0.20784900 0.02246100 0.02761600
10 0.81884800 0.20821200 0.02441400 0.02689000
20 0.85156200 0.20821200 0.02343800 0.02689000
19 0.13818400 0.24891000 0.02441400 0.02979700
22 0.20703100 0.24673000 0.02539100 0.02979700
8 0.27685500 0.24709300 0.02441400 0.03052300
18 0.31201200 0.24636600 0.02441400 0.02907000
18 0.41699200 0.24782000 0.02539100 0.02907000
15 0.45166000 0.24818300 0.02441400 0.02979700
19 0.52002000 0.24891000 0.02441400 0.02979700
8 0.17236300 0.29433100 0.02441400 0.03197700
7 0.20605500 0.29360500 0.02539100 0.03052300
19 0.27685500 0.29324100 0.02636700 0.03125000
14 0.31201200 0.29251500 0.02441400 0.02979700
23 0.34668000 0.29287800 0.02539100 0.03052300
0 0.38232400 0.29324100 0.02441400 0.03125000
25 0.48681600 0.29469500 0.02441400 0.02979700
4 0.52099600 0.29505800 0.02441400 0.02907000
11 0.55468800 0.29578500 0.02343800 0.03052300
4 0.58935500 0.29578500 0.02441400 0.02907000
13 0.62353500 0.29651200 0.02441400 0.02761600
10 0.72412100 0.29687500 0.02441400 0.02834300
0 0.75732400 0.29760200 0.02441400 0.02979700
10 0.79199200 0.29651200 0.02734400 0.02907000
8 0.13476600 0.34375000 0.02539100 0.03197700
6 0.16992200 0.34193300 0.02539100 0.03125000
11 0.20361300 0.34157000 0.02441400 0.03197700
4 0.31152300 0.34157000 0.02539100 0.03197700
9 0.34765600 0.34157000 0.02539100 0.03052300
0 0.38232400 0.34157000 0.02441400 0.03197700
7 0.13476600 0.39026200 0.02539100 0.03052300
14 0.16894500 0.38917200 0.02539100 0.02979700
19 0.20410200 0.38917200 0.02539100 0.03125000
22 0.31201200 0.38880800 0.02636700 0.03052300
4 0.34814500 0.38917200 0.02636700 0.02979700
10 0.38330100 0.38989800 0.02441400 0.02979700
13 0.45312500 0.39026200 0.02539100 0.03052300
4 0.48828100 0.39026200 0.02539100 0.03052300
9 0.55712900 0.39026200 0.02636700 0.03052300
4 0.59130900 0.39062500 0.02441400 0.02979700
11 0.62548800 0.39026200 0.02441400 0.02907000
19 0.65966800 0.38989800 0.02636700 0.02979700
4 0.69384800 0.39062500 0.02441400 0.02979700
4 0.72802700 0.39026200 0.02441400 0.02907000
19 0.76220700 0.38953500 0.02636700 0.02907000
13 0.83105500 0.38953500 0.02539100 0.02761600
14 0.86474600 0.38917200 0.02441400 0.02689000
22 0.13330100 0.43931700 0.02441400 0.02979700
4 0.16943400 0.43786300 0.02636700 0.02979700
10 0.20459000 0.43786300 0.02636700 0.02979700
13 0.27636700 0.43713700 0.02734400 0.02979700
4 0.31250000 0.43713700 0.02734400 0.03125000
18 0.38330100 0.43750000 0.02636700 0.03197700
22 0.41943400 0.43713700 0.02636700 0.02979700
4 0.45507800 0.43677300 0.02539100 0.03052300
9 0.49023400 0.43713700 0.02539100 0.02979700
0 0.52441400 0.43786300 0.02539100 0.02979700
12 0.16601600 0.53742700 0.02734400 0.03270300
9 0.27587900 0.53960800 0.02636700 0.03270300
11 0.34912100 0.53633700 0.02636700 0.03197700
6 0.42041000 0.53415700 0.02636700 0.03197700
10 0.45556600 0.53452000 0.02636700 0.03125000
0 0.49169900 0.53488400 0.02441400 0.03052300
15 0.59570300 0.53343000 0.02539100 0.03052300
11 0.63037100 0.53343000 0.02636700 0.03197700
4 0.66503900 0.53306700 0.02539100 0.03270300
12 0.69921900 0.53270300 0.02539100 0.03052300
5 0.16455100 0.58720900 0.02832000 0.03052300
22 0.20117200 0.58684600 0.02734400 0.03270300
4 0.23681600 0.58720900 0.02636700 0.03343000
19 0.27490200 0.58648300 0.02636700 0.03343000
12 0.34765600 0.58502900 0.02734400 0.03197700
12 0.41992200 0.58393900 0.02539100 0.03270300
1 0.52685500 0.58321200 0.02636700 0.03270300
11 0.56201200 0.58284900 0.02441400 0.03197700
4 0.59619100 0.58284900 0.02441400 0.03197700
18 0.63183600 0.58248500 0.02539100 0.03125000
19 0.66601600 0.58212200 0.02539100 0.03197700
8 0.70166000 0.58139500 0.02636700 0.03197700
12 0.73632800 0.58030500 0.02539100 0.03125000
8 0.16113300 0.63662800 0.03125000 0.03779100
10 0.23730500 0.63735500 0.02929700 0.03343000
17 0.27587900 0.63771800 0.03027300 0.03125000
0 0.31005900 0.63771800 0.02832000 0.03270300
19 0.34814500 0.63626500 0.02832000 0.03270300
10 0.38476600 0.63444800 0.02929700 0.03197700
14 0.42138700 0.63372100 0.02636700 0.03197700
4 0.45703100 0.63299400 0.02734400 0.03343000
22 0.52832000 0.63154100 0.02539100 0.03052300
17 0.56250000 0.63117700 0.02734400 0.03125000
4 0.59765600 0.63008700 0.02539100 0.03197700
12 0.63232400 0.63045100 0.02636700 0.03270300
13 0.14794900 0.69222400 0.02832000 0.03270300
0 0.18164100 0.69331400 0.02734400 0.03343000
18 0.21826200 0.69404100 0.02832000 0.03343000
20 0.25439500 0.69440400 0.02636700 0.03270300
16 0.29052700 0.69404100 0.02832000 0.03343000
7 0.40234400 0.69513100 0.03125000 0.03561000
1 0.47412100 0.69585800 0.03027300 0.03561000
11 0.51269500 0.69585800 0.03125000 0.03561000
4 0.54638700 0.69622100 0.02832000 0.03488400
18 0.58496100 0.69585800 0.02734400 0.02979700
19 0.61816400 0.69622100 0.02734400 0.03343000
8 0.65478500 0.69767400 0.02832000 0.03343000
12 0.68994100 0.69767400 0.02832000 0.03488400
22 0.17871100 0.74418600 0.02734400 0.03343000
18 0.21582000 0.74527600 0.02734400 0.03270300
10 0.32714800 0.74636600 0.02734400 0.03488400
17 0.36377000 0.74673000 0.02832000 0.03270300
0 0.40185500 0.74673000 0.02636700 0.03415700
18 0.43798800 0.74673000 0.02636700 0.03270300
13 0.47412100 0.74673000 0.02636700 0.03270300
14 0.51025400 0.74673000 0.02636700 0.03270300
4 0.54638700 0.74745600 0.02636700 0.03270300
11 0.61669900 0.74709300 0.02636700 0.03197700
4 0.65332000 0.74709300 0.02539100 0.03197700
19 0.68798800 0.74745600 0.02636700 0.03125000
14 0.72363300 0.74745600 0.02539100 0.03125000
12 0.79394500 0.74891000 0.02734400 0.03125000
6 0.14013700 0.79651200 0.02636700 0.03343000
11 0.21289100 0.79760200 0.02734400 0.03415700
8 0.25000000 0.79832800 0.02734400 0.03415700
22 0.32470700 0.79905500 0.02636700 0.03561000
10 0.39892600 0.79869200 0.02636700 0.03197700
17 0.43505900 0.79832800 0.02636700 0.03270300
0 0.47216800 0.79869200 0.02636700 0.03343000
18 0.50830100 0.79869200 0.02636700 0.03197700
4 0.54394500 0.79832800 0.02539100 0.03270300
8 0.17382800 0.84920100 0.02734400 0.03415700
6 0.21044900 0.85029100 0.02636700 0.03343000
17 0.24707000 0.85065400 0.02734400 0.03415700
0 0.28466800 0.85138100 0.02636700 0.03415700
11 0.32226600 0.85138100 0.02734400 0.03270300
8 0.35986300 0.85210800 0.02636700 0.03415700
18 0.43310500 0.84992700 0.02636700 0.03415700
11 0.50732400 0.84956400 0.02636700 0.03343000
20 0.54296900 0.84956400 0.02734400 0.03343000
16 0.57861300 0.84992700 0.02636700 0.03270300
0 0.61523400 0.84956400 0.02539100 0.03197700
12 0.65039100 0.84992700 0.02539100 0.03270300
8 0.68701200 0.84883700 0.02636700 0.03197700
10 0.17041000 0.90043600 0.02636700 0.03052300
20 0.20752000 0.90189000 0.02636700 0.03197700
15 0.24511700 0.90189000 0.02734400 0.03197700
0 0.28320300 0.90298000 0.02734400 0.03125000
11 0.32031200 0.90370600 0.02734400 0.03125000
8 0.35839800 0.90261600 0.02734400 0.03052300
18 0.39453100 0.90298000 0.02734400 0.03125000
22 0.50537100 0.90189000 0.02636700 0.03052300
17 0.57812500 0.90152600 0.02734400 0.03125000
14 0.61377000 0.90079900 0.02636700 0.03270300
18 0.64990200 0.90007300 0.02636700 0.03125000
4 0.68554700 0.89861900 0.02539100 0.02979700
18 0.38232400 0.11228200 0.02441400 0.02834300
