13 0.07812500 0.26049100 0.01757800 0.01651800
0 0.11084000 0.26004500 0.01855500 0.01651800
13 0.14746100 0.26004500 0.01757800 0.01651800
8 0.18359400 0.26026800 0.01757800 0.01607100
14 0.29052700 0.26049100 0.01855500 0.01651800
22 0.36425800 0.26093700 0.01757800 0.01651800
14 0.39892600 0.26160700 0.01855500 0.01607100
13 0.46777300 0.26250000 0.01757800 0.01607100
4 0.50146500 0.26361600 0.01855500 0.01562500
12 0.57031200 0.26540200 0.01757800 0.01562500
16 0.67285200 0.26808000 0.01757800 0.01562500
19 0.70605500 0.26897300 0.01757800 0.01562500
8 0.73925800 0.26986600 0.01757800 0.01562500
12 0.77148400 0.27031300 0.01757800 0.01562500
18 0.07666000 0.29040200 0.01855500 0.01741100
12 0.11181600 0.29017900 0.01855500 0.01696400
4 0.14794900 0.29017900 0.01855500 0.01696400
11 0.18359400 0.28995500 0.01757800 0.01741100
4 0.25634800 0.28973200 0.01855500 0.01696400
15 0.32763700 0.28973200 0.01855500 0.01696400
14 0.36230500 0.29017900 0.01757800 0.01696400
18 0.39794900 0.29084800 0.01855500 0.01651800
19 0.43359400 0.29107100 0.01757800 0.01696400
20 0.46826200 0.29174100 0.01855500 0.01651800
15 0.50244100 0.29241100 0.01855500 0.01696400
10 0.53662100 0.29308000 0.01855500 0.01651800
8 0.57128900 0.29397300 0.01757800 0.01651800
18 0.64062500 0.29531200 0.01757800 0.01651800
14 0.67382800 0.29575900 0.01757800 0.01651800
11 0.70605500 0.29665200 0.01757800 0.01651800
3 0.73925800 0.29732100 0.01757800 0.01607100
0 0.77197300 0.29799100 0.01660200 0.01562500
19 0.80419900 0.29888400 0.01660200 0.01562500
10 0.07617200 0.32053600 0.01953100 0.01696400
14 0.11230500 0.32031200 0.01953100 0.01741100
19 0.14794900 0.32031200 0.01855500 0.01741100
14 0.18359400 0.32008900 0.01953100 0.01696400
17 0.22021500 0.31986600 0.01855500 0.01741100
4 0.29248000 0.32008900 0.01855500 0.01696400
14 0.36328100 0.32008900 0.01953100 0.01696400
19 0.39892600 0.32008900 0.01855500 0.01696400
3 0.43457000 0.32008900 0.01953100 0.01696400
0 0.46826200 0.32008900 0.01855500 0.01696400
11 0.50293000 0.32165200 0.01757800 0.01651800
8 0.53808600 0.32209800 0.01757800 0.01651800
18 0.60888700 0.32321400 0.01855500 0.01696400
22 0.64355500 0.32366100 0.01757800 0.01696400
14 0.67627000 0.32433000 0.01855500 0.01651800
8 0.70947300 0.32477700 0.01855500 0.01651800
9 0.07763700 0.35089300 0.01855500 0.01696400
8 0.11279300 0.35067000 0.01855500 0.01741100
25 0.14794900 0.35022300 0.01855500 0.01741100
13 0.18457000 0.35022300 0.01953100 0.01741100
8 0.22021500 0.34977700 0.01855500 0.01741100
3 0.29296900 0.35022300 0.01757800 0.01741100
11 0.32812500 0.35022300 0.01757800 0.01741100
19 0.43457000 0.35067000 0.01757800 0.01741100
14 0.46923800 0.35067000 0.01855500 0.01741100
6 0.50537100 0.35067000 0.01855500 0.01741100
14 0.54003900 0.35178600 0.01757800 0.01696400
16 0.61035200 0.35245500 0.01757800 0.01651800
19 0.64453100 0.35290200 0.01757800 0.01651800
14 0.67773400 0.35334800 0.01757800 0.01651800
1 0.71093800 0.35379500 0.01757800 0.01651800
13 0.80957000 0.35513400 0.01757800 0.01651800
0 0.84082000 0.35602700 0.01757800 0.01651800
3 0.87304700 0.35647300 0.01757800 0.01651800
13 0.07861300 0.38192000 0.01855500 0.01741100
0 0.11279300 0.38147300 0.01855500 0.01741100
8 0.18505900 0.38058000 0.01855500 0.01741100
12 0.22021500 0.38035700 0.01855500 0.01785700
8 0.25634800 0.38013400 0.01855500 0.01741100
6 0.32910200 0.38013400 0.01953100 0.01741100
14 0.36425800 0.38013400 0.01953100 0.01741100
11 0.39941400 0.37991100 0.01757800 0.01696400
14 0.43408200 0.38013400 0.01855500 0.01741100
22 0.47119100 0.38035700 0.01855500 0.01696400
0 0.50634800 0.38058000 0.01855500 0.01741100
12 0.54150400 0.38080400 0.01855500 0.01696400
8 0.57568400 0.38102700 0.01855500 0.01741100
1 0.64502000 0.38169600 0.01855500 0.01696400
11 0.71289100 0.38214300 0.01757800 0.01696400
14 0.74707000 0.38258900 0.01757800 0.01696400
12 0.07861300 0.41138400 0.01855500 0.01741100
8 0.11377000 0.41138400 0.01855500 0.01741100
17 0.14892600 0.41093800 0.01855500 0.01741100
13 0.18505900 0.41093800 0.01855500 0.01741100
14 0.22119100 0.41071400 0.01855500 0.01696400
4 0.25732400 0.41049100 0.01855500 0.01741100
13 0.32959000 0.41026800 0.01855500 0.01785700
4 0.36523400 0.41026800 0.01953100 0.01785700
1 0.39990200 0.41004500 0.01855500 0.01741100
14 0.43603500 0.40959800 0.01855500 0.01741100
8 0.50830100 0.41049100 0.01855500 0.01741100
3 0.57763700 0.41071400 0.01855500 0.01696400
11 0.61279300 0.41093800 0.01855500 0.01741100
19 0.71630900 0.41116100 0.01855500 0.01696400
14 0.74951200 0.41183000 0.01855500 0.01651800
6 0.78320300 0.41250000 0.01757800 0.01696400
14 0.81640600 0.41294600 0.01757800 0.01696400
16 0.07861300 0.44174100 0.01855500 0.01741100
19 0.11377000 0.44174100 0.01855500 0.01741100
14 0.14990200 0.44129500 0.01855500 0.01741100
1 0.18505900 0.44129500 0.01855500 0.01741100
12 0.29443400 0.44084800 0.01855500 0.01741100
1 0.40087900 0.44017900 0.01855500 0.01785700
11 0.47216800 0.44040200 0.01855500 0.01741100
8 0.50732400 0.44040200 0.01855500 0.01741100
18 0.57861300 0.44040200 0.01855500 0.01741100
16 0.61425800 0.44040200 0.01953100 0.01741100
0 0.64892600 0.44040200 0.01855500 0.01741100
18 0.68310500 0.44040200 0.01855500 0.01741100
19 0.71728500 0.44062500 0.01855500 0.01696400
11 0.75048800 0.44084800 0.01855500 0.01741100
8 0.78515600 0.44107100 0.01757800 0.01696400
22 0.81884800 0.44174100 0.01855500 0.01651800
13 0.18652300 0.47209800 0.01953100 0.01741100
4 0.22265600 0.47187500 0.01953100 0.01785700
14 0.25878900 0.47165200 0.01953100 0.01741100
1 0.29492200 0.47120500 0.01953100 0.01741100
7 0.33105500 0.47120500 0.01953100 0.01741100
14 0.36669900 0.47075900 0.01855500 0.01741100
3 0.40283200 0.47075900 0.01855500 0.01741100
8 0.43798800 0.47031300 0.01855500 0.01741100
12 0.47412100 0.47031300 0.01855500 0.01741100
14 0.50830100 0.47031300 0.01855500 0.01741100
15 0.58056600 0.47031300 0.01855500 0.01741100
14 0.61474600 0.47031300 0.01855500 0.01741100
12 0.64990200 0.46964300 0.01855500 0.01696400
13 0.68505900 0.46986600 0.01855500 0.01741100
8 0.71923800 0.47031300 0.01855500 0.01741100
19 0.75341800 0.47053600 0.01855500 0.01696400
14 0.85400400 0.47142900 0.01855500 0.01696400
22 0.07910200 0.50312500 0.01953100 0.01785700
14 0.11474600 0.50290200 0.01855500 0.01741100
13 0.18701200 0.50245500 0.01855500 0.01741100
4 0.22314500 0.50245500 0.01855500 0.01741100
19 0.29443400 0.50178600 0.01855500 0.01785700
0 0.33056600 0.50133900 0.01855500 0.01785700
10 0.36474600 0.50089300 0.01855500 0.01785700
10 0.43798800 0.50089300 0.01855500 0.01785700
0 0.47314500 0.50111600 0.01855500 0.01741100
10 0.50927700 0.50089300 0.01855500 0.01696400
11 0.58105500 0.50044600 0.01757800 0.01696400
8 0.61718800 0.50044600 0.01757800 0.01696400
19 0.75585900 0.50044600 0.01757800 0.01696400
14 0.78955100 0.50044600 0.01855500 0.01696400
11 0.82324200 0.50044600 0.01757800 0.01696400
10 0.07763700 0.53437500 0.01855500 0.01785700
14 0.11328100 0.53370500 0.01953100 0.01830400
19 0.22363300 0.53303600 0.01953100 0.01785700
8 0.25878900 0.53281200 0.01953100 0.01830400
12 0.29492200 0.53258900 0.01953100 0.01785700
12 0.36621100 0.53214300 0.01953100 0.01785700
12 0.47558600 0.53169600 0.01953100 0.01785700
14 0.51074200 0.53125000 0.01953100 0.01785700
9 0.54687500 0.53102700 0.01953100 0.01741100
4 0.58300800 0.53102700 0.01953100 0.01741100
12 0.61865200 0.53080400 0.01855500 0.01785700
14 0.68945300 0.53058000 0.01953100 0.01741100
19 0.72412100 0.53058000 0.01855500 0.01741100
1 0.75781200 0.53035700 0.01757800 0.01785700
11 0.79199200 0.53035700 0.01757800 0.01785700
0 0.82519500 0.53013400 0.01757800 0.01741100
6 0.07861300 0.56428600 0.01855500 0.01785700
14 0.11425800 0.56428600 0.01953100 0.01785700
3 0.15039100 0.56406300 0.01953100 0.01741100
0 0.18652300 0.56383900 0.01953100 0.01785700
17 0.22314500 0.56383900 0.01855500 0.01785700
8 0.25927700 0.56361600 0.01855500 0.01741100
19 0.29541000 0.56361600 0.02050800 0.01830400
20 0.40332000 0.56250000 0.01953100 0.01785700
12 0.43945300 0.56250000 0.01953100 0.01785700
4 0.47656200 0.56205400 0.01953100 0.01785700
17 0.51269500 0.56205400 0.01953100 0.01785700
8 0.58447300 0.56160700 0.01855500 0.01785700
7 0.62011700 0.56116100 0.01953100 0.01785700
18 0.69091800 0.56071400 0.01855500 0.01785700
14 0.72607400 0.56071400 0.01855500 0.01785700
11 0.75976600 0.56049100 0.01757800 0.01741100
3 0.79492200 0.56049100 0.01757800 0.01741100
0 0.82812500 0.56004500 0.01757800 0.01741100
19 0.07763700 0.59598200 0.01855500 0.01785700
14 0.11377000 0.59575900 0.01855500 0.01830400
22 0.15087900 0.59553600 0.01855500 0.01785700
25 0.22412100 0.59508900 0.01855500 0.01785700
0 0.25927700 0.59464300 0.01855500 0.01785700
22 0.33203100 0.59397300 0.01953100 0.01830400
18 0.36816400 0.59397300 0.01953100 0.01830400
4 0.40429700 0.59442000 0.01953100 0.01830400
8 0.47753900 0.59375000 0.01953100 0.01875000
7 0.51367200 0.59330400 0.01953100 0.01875000
15 0.58496100 0.59263400 0.01953100 0.01830400
14 0.62109400 0.59241100 0.01953100 0.01875000
3 0.65771500 0.59218800 0.01855500 0.01830400
22 0.69384800 0.59174100 0.01855500 0.01830400
8 0.72900400 0.59151800 0.01855500 0.01785700
6 0.76513700 0.59129500 0.01855500 0.01830400
8 0.79931600 0.59129500 0.01855500 0.01830400
8 0.86669900 0.59040200 0.01855500 0.01741100
9 0.07861300 0.62678600 0.01855500 0.01785700
4 0.11474600 0.62633900 0.01855500 0.01785700
17 0.15087900 0.62633900 0.01855500 0.01785700
19 0.18750000 0.62611600 0.01953100 0.01741100
22 0.22412100 0.62589300 0.01855500 0.01785700
17 0.33252000 0.62544600 0.01855500 0.01785700
0 0.36767600 0.62522300 0.01855500 0.01830400
3 0.40478500 0.62477700 0.01855500 0.01830400
8 0.47753900 0.62455400 0.01953100 0.01785700
13 0.54980500 0.62410700 0.01953100 0.01785700
0 0.58544900 0.62388400 0.01855500 0.01830400
18 0.62207000 0.62388400 0.01953100 0.01830400
13 0.69482400 0.62343800 0.01855500 0.01830400
0 0.72998000 0.62321400 0.01855500 0.01785700
18 0.76611300 0.62299100 0.01855500 0.01830400
1 0.11474600 0.65758900 0.01855500 0.01785700
11 0.15087900 0.65736600 0.01855500 0.01830400
0 0.18701200 0.65714300 0.01855500 0.01785700
6 0.22509800 0.65669600 0.01855500 0.01785700
14 0.26074200 0.65647300 0.01757800 0.01830400
3 0.29638700 0.65625000 0.01855500 0.01785700
0 0.33203100 0.65602700 0.01953100 0.01830400
17 0.36914100 0.65602700 0.01953100 0.01830400
22 0.47851600 0.65602700 0.01953100 0.01830400
14 0.51464800 0.65580400 0.01953100 0.01875000
18 0.55078100 0.65558000 0.01953100 0.01830400
15 0.58691400 0.65535700 0.01953100 0.01875000
14 0.62304700 0.65513400 0.01953100 0.01830400
12 0.66015600 0.65491100 0.01953100 0.01875000
8 0.69628900 0.65468800 0.01953100 0.01830400
13 0.73242200 0.65446400 0.01953100 0.01875000
0 0.76806600 0.65401800 0.01855500 0.01785700
13 0.80517600 0.65357100 0.01855500 0.01785700
8 0.84082000 0.65357100 0.01757800 0.01785700
12 0.90869100 0.65290200 0.01855500 0.01830400
12 0.08007800 0.68883900 0.01953100 0.01785700
22 0.18896500 0.68861600 0.01855500 0.01830400
1 0.26123000 0.68817000 0.01855500 0.01830400
20 0.29736300 0.68817000 0.01855500 0.01830400
3 0.33349600 0.68817000 0.01855500 0.01830400
20 0.36962900 0.68772300 0.01855500 0.01830400
23 0.40625000 0.68772300 0.01953100 0.01830400
4 0.44287100 0.68772300 0.01855500 0.01830400
12 0.47900400 0.68772300 0.01855500 0.01830400
12 0.55175800 0.68750000 0.01953100 0.01875000
14 0.58837900 0.68750000 0.01855500 0.01875000
9 0.62500000 0.68727700 0.01953100 0.01830400
4 0.66210900 0.68705400 0.01953100 0.01875000
12 0.69824200 0.68660700 0.01953100 0.01875000
15 0.77099600 0.68616100 0.01855500 0.01875000
14 0.80761700 0.68593800 0.01953100 0.01830400
18 0.84277300 0.68571400 0.01953100 0.01875000
19 0.08105500 0.71964300 0.01953100 0.01785700
0 0.11572300 0.71942000 0.01855500 0.01741100
17 0.15283200 0.71942000 0.01855500 0.01741100
0 0.18896500 0.71942000 0.01855500 0.01741100
19 0.22509800 0.71919600 0.01855500 0.01785700
18 0.29785200 0.71919600 0.01757800 0.01785700
15 0.40576200 0.71875000 0.01855500 0.01785700
17 0.44287100 0.71897300 0.01855500 0.01830400
4 0.47998000 0.71897300 0.01855500 0.01830400
3 0.51562500 0.71986600 0.01953100 0.01830400
14 0.55273400 0.71964300 0.01953100 0.01875000
19 0.58984400 0.71942000 0.01953100 0.01830400
22 0.62744100 0.71942000 0.01855500 0.01830400
17 0.66406200 0.71919600 0.01953100 0.01875000
0 0.69921900 0.71897300 0.01953100 0.01830400
19 0.73730500 0.71852700 0.01953100 0.01830400
8 0.77392600 0.71808000 0.02050800 0.01830400
19 0.80957000 0.71741100 0.01953100 0.01875000
19 0.08154300 0.75089300 0.01855500 0.01785700
0 0.11669900 0.75067000 0.01855500 0.01830400
10 0.15283200 0.75067000 0.01855500 0.01830400
14 0.18945300 0.75089300 0.01953100 0.01785700
4 0.22607400 0.75089300 0.01855500 0.01785700
20 0.29834000 0.75089300 0.01855500 0.01785700
9 0.33496100 0.75067000 0.01757800 0.01830400
0 0.37060500 0.75067000 0.01855500 0.01830400
18 0.40576200 0.75089300 0.01855500 0.01785700
13 0.44384800 0.75089300 0.01855500 0.01785700
14 0.47998000 0.75111600 0.01855500 0.01830400
4 0.51562500 0.75133900 0.01953100 0.01875000
18 0.59082000 0.75178600 0.01953100 0.01875000
14 0.62793000 0.75156200 0.01953100 0.01830400
1 0.66503900 0.75133900 0.01953100 0.01875000
19 0.73925800 0.75111600 0.01953100 0.01830400
8 0.77539100 0.75067000 0.01953100 0.01830400
4 0.81250000 0.75044600 0.01953100 0.01875000
13 0.18994100 0.78147300 0.01855500 0.01741100
20 0.22607400 0.78169600 0.01855500 0.01785700
9 0.26220700 0.78192000 0.01855500 0.01741100
13 0.29834000 0.78214300 0.01855500 0.01785700
14 0.33447300 0.78214300 0.01855500 0.01785700
15 0.40625000 0.78258900 0.01953100 0.01785700
14 0.44335900 0.78281300 0.01953100 0.01741100
12 0.48046900 0.78281300 0.01953100 0.01741100
13 0.51709000 0.78303600 0.01855500 0.01785700
8 0.55566400 0.78325900 0.01953100 0.01741100
19 0.59179700 0.78325900 0.01953100 0.01741100
14 0.70263700 0.78303600 0.01855500 0.01785700
22 0.77832000 0.78214300 0.01953100 0.01785700
14 0.81347700 0.78169600 0.01953100 0.01785700
13 0.88671900 0.78102700 0.01953100 0.01741100
4 0.92187500 0.77968700 0.01953100 0.01741100
