0 0.09218750 0.10069444 0.03437500 0.12500000
2 0.30625000 0.09375000 0.03281250 0.12500000
17 0.69218750 0.10069444 0.03593750 0.12500000
0 0.72968750 0.10069444 0.03750000 0.12152778
19 0.81562500 0.10069444 0.03437500 0.12500000
19 0.98125000 0.25694444 0.03750000 0.12500000
17 0.65312500 0.25347222 0.03750000 0.12152778
15 0.39375000 0.25694444 0.03750000 0.11458333
20 0.35156250 0.25347222 0.03750000 0.11458333
14 0.12968750 0.26041667 0.04218750 0.11805556
6 0.09062500 0.26388889 0.03593750 0.12500000
14 0.12500000 0.42361111 0.03593750 0.13194444
11 0.17031250 0.42361111 0.03750000 0.12847222
3 0.39375000 0.57986111 0.03750000 0.11805556
7 0.74375000 0.57638889 0.03281250 0.12152778
11 0.87187500 0.57291667 0.03750000 0.12500000
3 0.48281250 0.73958333 0.03593750 0.12847222
4 0.25937500 0.75000000 0.03750000 0.12500000
1 0.16562500 0.75694444 0.03750000 0.13194444
4 0.07812500 0.92013889 0.03593750 0.12847222
21 0.12031250 0.92361111 0.04062500 0.13888889
0 0.25625000 0.92361111 0.03750000 0.13888889
3 0.35000000 0.91666667 0.03906250 0.13888889
14 0.39062500 0.91666667 0.04062500 0.13888889
17 0.43750000 0.91666667 0.03750000 0.13888889
24 0.48437500 0.91319444 0.03906250 0.14236111
18 0.57187500 0.90972222 0.03906250 0.13541667
19 0.66093750 0.90277778 0.03750000 0.13888889
0 0.70468750 0.90625000 0.03593750 0.13541667
2 0.74843750 0.90625000 0.03593750 0.13194444
10 0.79218750 0.90277778 0.03906250 0.13541667
11 0.83750000 0.90277778 0.04218750 0.14236111
4 0.87812500 0.89930556 0.03750000 0.15277778
