11 0.10312500 0.52812500 0.14375000 0.25000000
18 0.12812500 0.20625000 0.12656250 0.22968750
23 0.29218750 0.18125000 0.11250000 0.20781250
14 0.45000000 0.47500000 0.11718750 0.22812500
20 0.59062500 0.46562500 0.11406250 0.20625000
5 0.46406250 0.85156250 0.13125000 0.27500000
14 0.61875000 0.81718750 0.13906250 0.25937500
16 0.77500000 0.79218750 0.12968750 0.26562500
4 0.72031250 0.44062500 0.10000000 0.21875000
10 0.67968750 0.16875000 0.10000000 0.20625000
16 0.84218750 0.42656250 0.10000000 0.22031250
4 0.78750000 0.17812500 0.09531250 0.19218750
23 0.88437500 0.18593750 0.10000000 0.16718750
