1 0.13281200 0.09011600 0.01757800 0.02761600
14 0.16455100 0.08939000 0.01855500 0.02907000
11 0.19873000 0.08902600 0.01855500 0.02834300
4 0.30908200 0.08720900 0.01855500 0.02907000
12 0.38183600 0.08829900 0.01953100 0.02834300
14 0.41650400 0.08866300 0.01855500 0.02907000
17 0.45410200 0.09157000 0.01953100 0.02907000
12 0.23486300 0.13662800 0.01855500 0.02907000
14 0.27148400 0.13590100 0.01953100 0.03052300
17 0.30761700 0.13735500 0.01953100 0.03052300
4 0.34472700 0.13844500 0.01953100 0.02979700
14 0.41699200 0.14026200 0.01953100 0.03052300
16 0.45312500 0.14171500 0.01953100 0.03052300
0 0.48877000 0.14353200 0.02050800 0.02979700
17 0.52539100 0.14534900 0.01953100 0.03052300
14 0.56152300 0.14716600 0.01953100 0.02979700
22 0.59619100 0.14934600 0.01855500 0.02834300
22 0.66552700 0.15298000 0.01855500 0.02834300
0 0.69873000 0.15479700 0.01855500 0.02907000
4 0.73291000 0.15661300 0.01855500 0.02834300
19 0.76709000 0.15879400 0.01855500 0.02834300
22 0.83300800 0.16170100 0.01757800 0.02689000
0 0.86523400 0.16351700 0.01757800 0.02616300
18 0.89794900 0.16533400 0.01660200 0.02689000
22 0.16552700 0.18822700 0.01855500 0.02907000
13 0.23584000 0.18677300 0.01855500 0.02907000
12 0.30664100 0.18641000 0.01953100 0.02979700
19 0.38183600 0.19077000 0.01953100 0.02979700
14 0.41796900 0.19077000 0.01953100 0.02979700
13 0.45361300 0.19222400 0.01855500 0.02979700
4 0.49072300 0.19404100 0.01855500 0.02907000
19 0.52490200 0.19476700 0.01855500 0.02907000
22 0.59521500 0.19840100 0.01855500 0.02907000
18 0.62988300 0.19985500 0.01757800 0.02907000
8 0.76660200 0.20566900 0.01757800 0.02761600
14 0.83252000 0.20930200 0.01660200 0.02761600
1 0.86425800 0.21075600 0.01757800 0.02761600
11 0.89599600 0.21220900 0.01660200 0.02761600
0 0.92871100 0.21366300 0.01757800 0.02761600
10 0.12793000 0.23909900 0.01757800 0.02907000
0 0.16357400 0.23909900 0.01855500 0.02907000
8 0.23388700 0.23873500 0.01855500 0.02979700
13 0.30615200 0.23837200 0.01855500 0.02907000
4 0.34228500 0.23909900 0.01855500 0.02907000
1 0.37841800 0.23982600 0.01855500 0.02907000
14 0.41455100 0.24127900 0.01855500 0.02907000
8 0.48877000 0.24382300 0.01855500 0.02834300
25 0.55908200 0.24600300 0.01855500 0.02834300
22 0.59472700 0.24745600 0.01757800 0.02834300
3 0.69824200 0.25109000 0.01757800 0.02834300
22 0.86523400 0.25835800 0.01757800 0.02834300
12 0.12841800 0.28851700 0.01855500 0.03052300
14 0.16259800 0.28888100 0.01855500 0.02979700
14 0.19775400 0.28888100 0.01855500 0.02979700
18 0.23242200 0.28888100 0.01757800 0.02979700
10 0.26806600 0.28888100 0.01855500 0.02979700
14 0.30419900 0.28960800 0.01855500 0.02979700
15 0.41406200 0.29178800 0.01757800 0.02979700
4 0.45019500 0.29215100 0.01953100 0.02907000
13 0.48681600 0.29324100 0.01855500 0.02834300
4 0.52246100 0.29433100 0.01953100 0.02907000
13 0.59326200 0.29651200 0.01855500 0.02761600
4 0.62890600 0.29760200 0.01757800 0.02834300
25 0.66308600 0.29869200 0.01757800 0.02761600
17 0.69677700 0.29941900 0.01855500 0.02761600
13 0.79882800 0.30268900 0.01757800 0.02834300
4 0.83203100 0.30450600 0.01757800 0.02761600
25 0.12744100 0.33866300 0.01855500 0.02907000
17 0.16259800 0.33866300 0.01855500 0.02907000
8 0.26757800 0.33866300 0.01757800 0.02907000
25 0.30468800 0.33939000 0.01757800 0.02907000
13 0.37793000 0.34084300 0.01757800 0.02907000
4 0.41406200 0.34157000 0.01757800 0.02907000
17 0.52148400 0.34375000 0.01757800 0.02907000
14 0.55664100 0.34484000 0.01757800 0.02834300
3 0.59277300 0.34593000 0.01757800 0.02907000
8 0.62646500 0.34702000 0.01855500 0.02834300
11 0.66113300 0.34774700 0.01757800 0.02834300
0 0.69531200 0.34883700 0.01757800 0.02907000
18 0.72949200 0.34920100 0.01757800 0.02834300
1 0.83007800 0.35247100 0.01757800 0.02761600
14 0.86328100 0.35356100 0.01757800 0.02834300
6 0.89648400 0.35428800 0.01757800 0.02834300
8 0.92919900 0.35610500 0.01660200 0.02761600
13 0.12695300 0.38662800 0.01757800 0.02907000
10 0.22998000 0.38953500 0.01855500 0.02907000
17 0.26709000 0.39098800 0.01855500 0.02907000
0 0.30322300 0.39135200 0.01855500 0.02979700
18 0.33984400 0.39171500 0.01757800 0.02907000
14 0.37646500 0.39171500 0.01855500 0.02907000
19 0.41259800 0.39207800 0.01855500 0.02979700
8 0.52002000 0.39316900 0.01855500 0.02907000
6 0.55566400 0.39389500 0.01757800 0.02907000
17 0.59033200 0.39425900 0.01855500 0.02834300
0 0.62500000 0.39498500 0.01757800 0.02834300
19 0.69482400 0.39789200 0.01855500 0.02834300
15 0.76318400 0.39825600 0.01660200 0.02761600
4 0.79736300 0.39898300 0.01660200 0.02761600
17 0.82959000 0.40043600 0.01660200 0.02761600
4 0.86279300 0.40116300 0.01660200 0.02761600
11 0.89502000 0.40189000 0.01660200 0.02761600
8 0.92919900 0.40334300 0.01660200 0.02761600
22 0.12548800 0.43786300 0.01855500 0.02979700
18 0.22998000 0.43931700 0.01855500 0.02979700
8 0.26611300 0.44004400 0.01855500 0.02979700
13 0.30224600 0.44077000 0.01855500 0.02979700
4 0.33886700 0.44040700 0.01757800 0.02907000
6 0.37597700 0.44113400 0.01757800 0.02907000
14 0.41064500 0.44186000 0.01855500 0.02907000
13 0.48388700 0.44258700 0.01855500 0.02907000
4 0.51953100 0.44331400 0.01757800 0.02907000
1 0.55371100 0.44404100 0.01757800 0.02907000
0 0.58886700 0.44476700 0.01757800 0.02907000
18 0.65966800 0.44549400 0.01660200 0.02907000
4 0.69628900 0.44622100 0.01757800 0.02907000
17 0.72900400 0.44585800 0.01660200 0.02834300
4 0.76269500 0.44658400 0.01757800 0.02834300
1 0.79541000 0.44731100 0.01660200 0.02834300
17 0.82861300 0.44840100 0.01660200 0.02761600
8 0.86181600 0.44912800 0.01660200 0.02761600
18 0.89697300 0.44985500 0.01660200 0.02761600
19 0.12451200 0.48800900 0.01855500 0.02979700
1 0.26464800 0.49055200 0.01757800 0.02907000
11 0.30127000 0.49018900 0.01855500 0.02834300
4 0.33740200 0.49055200 0.01855500 0.02907000
18 0.37353500 0.49127900 0.01855500 0.02907000
10 0.40966800 0.49127900 0.01855500 0.02907000
12 0.48291000 0.49236900 0.01855500 0.02834300
4 0.51806600 0.49273300 0.01855500 0.02907000
18 0.55273400 0.49345900 0.01757800 0.02907000
2 0.62451200 0.49382300 0.01660200 0.02834300
0 0.65869100 0.49454900 0.01660200 0.02834300
14 0.79492200 0.49600300 0.01757800 0.02834300
10 0.85986300 0.49709300 0.01660200 0.02761600
0 0.89209000 0.49709300 0.01660200 0.02761600
10 0.92431600 0.49782000 0.01660200 0.02761600
10 0.12402300 0.53779100 0.01757800 0.02907000
17 0.15820300 0.53815400 0.01757800 0.02979700
0 0.19287100 0.53851700 0.01855500 0.02907000
18 0.22851600 0.53960800 0.01757800 0.02979700
8 0.26416000 0.53997100 0.01855500 0.02907000
22 0.30127000 0.54033400 0.01855500 0.02979700
14 0.33740200 0.54069800 0.01855500 0.02907000
12 0.40869100 0.54106100 0.01855500 0.02979700
14 0.44482400 0.54142400 0.01855500 0.02907000
17 0.48095700 0.54142400 0.01855500 0.02907000
4 0.51709000 0.54142400 0.01855500 0.02907000
13 0.58789100 0.54287800 0.01757800 0.02761600
14 0.62304700 0.54287800 0.01757800 0.02761600
16 0.65722700 0.54360500 0.01757800 0.02761600
22 0.15771500 0.58829900 0.01855500 0.02834300
14 0.19287100 0.58866300 0.01855500 0.02907000
19 0.22753900 0.58939000 0.01757800 0.02907000
15 0.29931600 0.59011600 0.01855500 0.02907000
14 0.33740200 0.59048000 0.01855500 0.02834300
10 0.37158200 0.59084300 0.01855500 0.02907000
0 0.40869100 0.59011600 0.01855500 0.02907000
25 0.44433600 0.59157000 0.01757800 0.02907000
22 0.51660200 0.59157000 0.01757800 0.02907000
0 0.55127000 0.59193300 0.01855500 0.02834300
4 0.58691400 0.59229700 0.01757800 0.02907000
19 0.62207000 0.59229700 0.01757800 0.02907000
18 0.65722700 0.59266000 0.01757800 0.02834300
8 0.75976600 0.59266000 0.01562500 0.02689000
25 0.79443400 0.59266000 0.01660200 0.02689000
25 0.85986300 0.59266000 0.01660200 0.02689000
0 0.89111300 0.59229700 0.01660200 0.02616300
19 0.12158200 0.63735500 0.01855500 0.02907000
20 0.15576200 0.63735500 0.01855500 0.02907000
16 0.19091800 0.63808100 0.01855500 0.02907000
15 0.26220700 0.63953500 0.01855500 0.02907000
14 0.29834000 0.64026200 0.01855500 0.02907000
11 0.33642600 0.64026200 0.01855500 0.02907000
13 0.37158200 0.64026200 0.01855500 0.02907000
0 0.40576200 0.64026200 0.01855500 0.02907000
17 0.51464800 0.64171500 0.01757800 0.02907000
20 0.55078100 0.64171500 0.01757800 0.02907000
12 0.62109400 0.64171500 0.01757800 0.02907000
13 0.69043000 0.64171500 0.01757800 0.02907000
0 0.72558600 0.64135200 0.01757800 0.02834300
11 0.12011700 0.68568300 0.01757800 0.02979700
20 0.15429700 0.68677300 0.01757800 0.02907000
13 0.18945300 0.68786300 0.01757800 0.02979700
0 0.22412100 0.68895300 0.01855500 0.02907000
16 0.29736300 0.69004400 0.01855500 0.02979700
0 0.33252000 0.69077000 0.01855500 0.02979700
17 0.36914100 0.69077000 0.01953100 0.02979700
14 0.40576200 0.69113400 0.01855500 0.02907000
3 0.44287100 0.69113400 0.01855500 0.02907000
4 0.47802700 0.69113400 0.01855500 0.02907000
10 0.54882800 0.69113400 0.01757800 0.02907000
0 0.58447300 0.69186000 0.01855500 0.02907000
14 0.72509800 0.69077000 0.01660200 0.02834300
13 0.79394500 0.69113400 0.01757800 0.02761600
0 0.82617200 0.69149700 0.01757800 0.02834300
15 0.11914100 0.73582800 0.01953100 0.02979700
17 0.15332000 0.73728200 0.01953100 0.02979700
14 0.18847700 0.73800900 0.01953100 0.02979700
11 0.22363300 0.73946200 0.01953100 0.02979700
8 0.25976600 0.74091600 0.01953100 0.02979700
22 0.29638700 0.74164200 0.01855500 0.02979700
0 0.33300800 0.74091600 0.01953100 0.02979700
4 0.36865200 0.74091600 0.01855500 0.02979700
19 0.40478500 0.74091600 0.01855500 0.02834300
18 0.47705100 0.74091600 0.01855500 0.02834300
22 0.51269500 0.74091600 0.01953100 0.02834300
14 0.54834000 0.74091600 0.01855500 0.02834300
12 0.65429700 0.74018900 0.01757800 0.02834300
6 0.72363300 0.73946200 0.01757800 0.02834300
10 0.75683600 0.73946200 0.01757800 0.02834300
8 0.79199200 0.74018900 0.01757800 0.02834300
18 0.11914100 0.78561000 0.01953100 0.03052300
22 0.15332000 0.78633700 0.01953100 0.03052300
4 0.18798800 0.78779100 0.02050800 0.03052300
19 0.22314500 0.78924400 0.02050800 0.03052300
8 0.29589800 0.79142400 0.01953100 0.03052300
14 0.36718800 0.79106100 0.01953100 0.02979700
19 0.40332000 0.79069800 0.01953100 0.03052300
17 0.43945300 0.79069800 0.01953100 0.03052300
0 0.47558600 0.79069800 0.01953100 0.03052300
9 0.51171900 0.79033400 0.01953100 0.02979700
0 0.54736300 0.79069800 0.01855500 0.02907000
4 0.58300800 0.79069800 0.01757800 0.02907000
19 0.61816400 0.78997100 0.01757800 0.02907000
4 0.68798800 0.78924400 0.01855500 0.02907000
6 0.72314500 0.78924400 0.01855500 0.02907000
14 0.75732400 0.78924400 0.01855500 0.02907000
22 0.82617200 0.78779100 0.01757800 0.02761600
12 0.89257800 0.78706400 0.01757800 0.02761600
14 0.92529300 0.78633700 0.01660200 0.02761600
17 0.11914100 0.83321200 0.01953100 0.02979700
4 0.15283200 0.83466600 0.02050800 0.02979700
10 0.22168000 0.84048000 0.01953100 0.02979700
17 0.25781200 0.84048000 0.01953100 0.02979700
0 0.29394500 0.84048000 0.01953100 0.02979700
18 0.32959000 0.84084300 0.02050800 0.03052300
13 0.36621100 0.84084300 0.01953100 0.02907000
14 0.40234400 0.84084300 0.01953100 0.02907000
15 0.50976600 0.84011600 0.01953100 0.02907000
14 0.54589800 0.83939000 0.01953100 0.02907000
11 0.58105500 0.83939000 0.01757800 0.02907000
14 0.61669900 0.83902600 0.01855500 0.02834300
18 0.65136700 0.83902600 0.01757800 0.02834300
14 0.68652300 0.83902600 0.01757800 0.02834300
10 0.22216800 0.88844500 0.02050800 0.02979700
18 0.29394500 0.88989800 0.01953100 0.02979700
14 0.36523400 0.89062500 0.01953100 0.02979700
9 0.40136700 0.88989800 0.01953100 0.02979700
0 0.43701200 0.88917200 0.02050800 0.02979700
11 0.47314500 0.88808100 0.01855500 0.02907000
4 0.50732400 0.88808100 0.01855500 0.02907000
13 0.54394500 0.88771800 0.01757800 0.02834300
8 0.57959000 0.88771800 0.01855500 0.02834300
3 0.75439500 0.88626500 0.01855500 0.02834300
0 0.78808600 0.88553800 0.01757800 0.02834300
22 0.82128900 0.88517400 0.01757800 0.02761600
13 0.85546900 0.88481100 0.01757800 0.02834300
14 0.88867200 0.88444800 0.01757800 0.02761600
13 0.11767600 0.93132300 0.02050800 0.02834300
4 0.15087900 0.93350300 0.02050800 0.02834300
1 0.22216800 0.93895300 0.02050800 0.02907000
11 0.29101600 0.94077000 0.01953100 0.02834300
13 0.36523400 0.93968000 0.01953100 0.02761600
0 0.40039100 0.93895300 0.01953100 0.02761600
12 0.47265600 0.93750000 0.01953100 0.02761600
14 0.50781200 0.93604700 0.01953100 0.02761600
17 0.54296900 0.93532000 0.01953100 0.02761600
4 0.57763700 0.93495600 0.01855500 0.02689000
8 0.64892600 0.93386600 0.01855500 0.02761600
18 0.71728500 0.93314000 0.01855500 0.02761600
13 0.75244100 0.93277600 0.01855500 0.02689000
14 0.78662100 0.93204900 0.01855500 0.02689000
22 0.82080100 0.93168600 0.01855500 0.02761600
0 0.88818400 0.93095900 0.01855500 0.02616300
