1 0.12500000 0.07656250 0.03593750 0.13203125
8 0.16093750 0.07968750 0.03593750 0.13906250
11 0.20000000 0.08359375 0.03906250 0.13515625
11 0.24062500 0.07968750 0.04218750 0.14609375
12 0.92500000 0.09062500 0.03593750 0.12500000
4 0.96718750 0.09375000 0.03125000 0.12812500
19 0.96718750 0.25703125 0.03593750 0.12500000
0 0.92968750 0.26015625 0.03750000 0.14218750
22 0.62656250 0.24296875 0.04218750 0.13203125
17 0.49531250 0.24296875 0.03437500 0.12187500
14 0.40937500 0.23984375 0.02968750 0.11484375
17 0.36562500 0.23984375 0.03906250 0.12500000
3 0.19843750 0.24687500 0.03906250 0.13515625
11 0.15937500 0.24296875 0.03906250 0.13906250
14 0.12031250 0.23593750 0.03593750 0.12812500
17 0.15625000 0.39921875 0.04062500 0.14218750
12 0.23750000 0.39609375 0.04687500 0.13203125
2 0.40937500 0.40312500 0.03750000 0.13515625
11 0.62500000 0.40625000 0.03750000 0.13906250
14 0.75468750 0.40312500 0.03750000 0.13515625
8 0.80000000 0.40625000 0.03906250 0.12812500
18 0.88750000 0.40625000 0.03750000 0.14921875
4 0.92656250 0.57656250 0.03750000 0.13515625
0 0.79687500 0.57265625 0.03750000 0.13515625
14 0.66562500 0.56562500 0.03906250 0.12500000
8 0.45156250 0.56250000 0.03125000 0.13906250
11 0.40937500 0.55937500 0.03906250 0.13906250
4 0.27812500 0.55546875 0.03437500 0.12812500
3 0.23593750 0.56250000 0.03281250 0.13515625
4 0.15156250 0.71875000 0.03750000 0.13203125
10 0.58125000 0.72578125 0.03750000 0.14609375
0 0.66875000 0.73593750 0.04218750 0.12500000
11 0.88593750 0.73984375 0.03593750 0.12500000
11 0.92500000 0.73593750 0.03593750 0.12812500
11 0.92343750 0.89218750 0.03125000 0.11796875
4 0.88125000 0.89609375 0.03593750 0.12500000
4 0.84375000 0.89921875 0.04062500 0.13515625
14 0.62343750 0.89609375 0.04375000 0.13203125
