0 0.19062500 0.27812500 0.04687500 0.07187500
3 0.42812500 0.28046875 0.04375000 0.08125000
5 0.59140625 0.27812500 0.04062500 0.07968750
6 0.67109375 0.28125000 0.04531250 0.07968750
7 0.75234375 0.28046875 0.04062500 0.08125000
8 0.83515625 0.28046875 0.04375000 0.08125000
11 0.27109375 0.44921875 0.03906250 0.07343750
12 0.34921875 0.44687500 0.04218750 0.07500000
16 0.67109375 0.45000000 0.03906250 0.07500000
20 0.18671875 0.62421875 0.03593750 0.07343750
21 0.26875000 0.62343750 0.03593750 0.07500000
22 0.34609375 0.62031250 0.03125000 0.06718750
