3 0.21562500 0.39609375 0.04531250 0.13906250
11 0.17187500 0.39609375 0.03437500 0.14218750
14 0.12968750 0.39921875 0.03437500 0.12812500
13 0.08750000 0.40312500 0.03437500 0.13515625
7 0.43437500 0.37812500 0.03750000 0.12812500
4 0.48125000 0.37187500 0.03593750 0.13515625
17 0.56875000 0.36484375 0.04062500 0.12812500
8 0.61250000 0.36484375 0.03281250 0.12187500
3 0.65625000 0.36484375 0.03906250 0.13515625
4 0.70156250 0.36484375 0.03906250 0.12187500
18 0.74843750 0.36796875 0.04218750 0.12812500
7 0.04062500 0.55937500 0.03281250 0.13515625
18 0.12500000 0.55937500 0.03437500 0.12812500
4 0.16875000 0.55234375 0.03437500 0.12812500
4 0.03593750 0.72578125 0.04062500 0.12812500
22 0.11875000 0.72187500 0.03750000 0.13203125
0 0.16562500 0.72578125 0.03906250 0.14921875
24 0.20468750 0.72187500 0.03437500 0.14609375
21 0.02656250 0.89921875 0.02656250 0.12812500
19 0.11093750 0.89609375 0.03593750 0.14218750
17 0.29062500 0.89218750 0.03750000 0.14218750
13 0.43125000 0.88906250 0.03750000 0.14218750
2 0.52656250 0.89218750 0.04375000 0.14218750
19 0.62187500 0.88515625 0.04062500 0.13515625
17 0.66718750 0.88203125 0.04062500 0.13906250
24 0.71718750 0.88203125 0.03906250 0.13906250
