21 0.11562500 0.14930556 0.03437500 0.12152778
4 0.07500000 0.14583333 0.03437500 0.12500000
8 0.25000000 0.14583333 0.03593750 0.12152778
5 0.29531250 0.14930556 0.03593750 0.12500000
4 0.78593750 0.16666667 0.03437500 0.11805556
3 0.92500000 0.17013889 0.03437500 0.12500000
4 0.47187500 0.32986111 0.03281250 0.11805556
7 0.69062500 0.33333333 0.03437500 0.12152778
4 0.82812500 0.34375000 0.03593750 0.12847222
15 0.87343750 0.34722222 0.03906250 0.12500000
19 0.92031250 0.35069444 0.03593750 0.12152778
9 0.11875000 0.48263889 0.03281250 0.12500000
2 0.20625000 0.48263889 0.03281250 0.12500000
14 0.42812500 0.49305556 0.03125000 0.11805556
3 0.47187500 0.49305556 0.03125000 0.11458333
23 0.55781250 0.49652778 0.03125000 0.11805556
18 0.73437500 0.50347222 0.03593750 0.11458333
8 0.77812500 0.50694444 0.03281250 0.10763889
8 0.91718750 0.51388889 0.03437500 0.12152778
18 0.07812500 0.64236111 0.03281250 0.11805556
10 0.12031250 0.64236111 0.03750000 0.11805556
8 0.16250000 0.64583333 0.03281250 0.12847222
15 0.20781250 0.64930556 0.03437500 0.12500000
15 0.25000000 0.64930556 0.03437500 0.12152778
11 0.31718750 0.64930556 0.03593750 0.11111111
10 0.47031250 0.65277778 0.02812500 0.11111111
4 0.51250000 0.65277778 0.03281250 0.12152778
18 0.55625000 0.65277778 0.03281250 0.11458333
7 0.86562500 0.67708333 0.03593750 0.12500000
18 0.07812500 0.80555556 0.03281250 0.11458333
15 0.12031250 0.80555556 0.03281250 0.11111111
14 0.16250000 0.80902778 0.03281250 0.11805556
10 0.20781250 0.80555556 0.03593750 0.12152778
4 0.25156250 0.80902778 0.03281250 0.12500000
0 0.34062500 0.80902778 0.03906250 0.12152778
2 0.38281250 0.81250000 0.03593750 0.12152778
17 0.42656250 0.81597222 0.03437500 0.12500000
19 0.59687500 0.81597222 0.03437500 0.11805556
0 0.64062500 0.81597222 0.03437500 0.11805556
0 0.77187500 0.83333333 0.03750000 0.12847222
5 0.81718750 0.83680556 0.03593750 0.13194444
18 0.90625000 0.84722222 0.04062500 0.12500000
20 0.95000000 0.85069444 0.03593750 0.12500000
