0 0.07812500 0.08720930 0.04062500 0.12500000
6 0.18281250 0.09011628 0.05000000 0.13372093
17 0.23281250 0.08720930 0.04218750 0.12500000
4 0.28281250 0.08720930 0.03750000 0.13081395
0 0.33281250 0.08139535 0.04375000 0.12500000
19 0.38437500 0.08720930 0.04687500 0.12790698
12 0.48593750 0.07848837 0.03906250 0.13081395
0 0.53593750 0.08720930 0.03906250 0.11627907
13 0.58750000 0.08720930 0.04687500 0.12500000
8 0.68906250 0.08139535 0.04062500 0.12500000
18 0.74218750 0.08720930 0.04687500 0.12209302
14 0.83750000 0.07267442 0.04218750 0.13081395
13 0.88750000 0.07558140 0.04218750 0.13662791
4 0.93750000 0.08139535 0.04062500 0.13372093
22 0.08281250 0.23837209 0.04687500 0.12500000
7 0.13125000 0.23546512 0.04062500 0.12500000
14 0.17656250 0.23255814 0.03906250 0.11918605
7 0.28125000 0.23255814 0.04687500 0.13662791
0 0.33593750 0.22965116 0.03906250 0.13372093
18 0.38437500 0.22965116 0.04218750 0.12209302
13 0.48593750 0.22965116 0.03593750 0.12790698
14 0.53437500 0.22965116 0.03906250 0.12209302
19 0.58750000 0.23546512 0.03906250 0.12500000
11 0.68906250 0.22383721 0.04375000 0.12500000
14 0.73906250 0.22674419 0.03906250 0.13081395
18 0.78906250 0.22674419 0.04375000 0.13081395
19 0.83906250 0.22383721 0.04375000 0.11918605
7 0.08125000 0.38081395 0.04375000 0.13662791
8 0.13125000 0.37790698 0.04062500 0.12790698
18 0.18437500 0.38081395 0.04375000 0.13081395
2 0.28125000 0.37790698 0.04062500 0.11918605
7 0.33281250 0.38081395 0.05156250 0.13081395
8 0.38750000 0.37790698 0.04375000 0.12500000
11 0.43906250 0.38081395 0.04375000 0.13372093
3 0.48593750 0.37790698 0.04062500 0.13953488
18 0.58750000 0.37500000 0.04218750 0.13662791
7 0.69062500 0.37790698 0.04375000 0.13953488
4 0.74375000 0.38081395 0.04375000 0.13662791
0 0.78906250 0.37500000 0.04375000 0.13953488
17 0.84062500 0.37209302 0.04062500 0.12790698
19 0.89218750 0.36918605 0.04375000 0.13081395
12 0.13125000 0.67151163 0.04062500 0.13372093
4 0.18125000 0.67732558 0.04218750 0.13372093
13 0.23125000 0.67732558 0.04531250 0.14244186
2 0.28437500 0.68023256 0.03750000 0.13372093
8 0.33437500 0.67441860 0.04218750 0.14534884
20 0.38437500 0.67441860 0.04062500 0.13662791
18 0.43593750 0.68023256 0.04375000 0.14244186
