4 0.31250000 0.11093750 0.03125000 0.11484375
15 0.35468750 0.11484375 0.03281250 0.12187500
14 0.39687500 0.12187500 0.03281250 0.12187500
17 0.43906250 0.12187500 0.03125000 0.11796875
19 0.48125000 0.12500000 0.03437500 0.11796875
4 0.80937500 0.14609375 0.03125000 0.11484375
15 0.05781250 0.26718750 0.03125000 0.12187500
19 0.05937500 0.42734375 0.03125000 0.11484375
11 0.43906250 0.43750000 0.03281250 0.11796875
11 0.48125000 0.44062500 0.03593750 0.11484375
12 0.56093750 0.44062500 0.03437500 0.11796875
24 0.60312500 0.44453125 0.03125000 0.11796875
14 0.30937500 0.59062500 0.03125000 0.10781250
13 0.35312500 0.59062500 0.03281250 0.11093750
0 0.10156250 0.73984375 0.02968750 0.10781250
24 0.14218750 0.73984375 0.03281250 0.11484375
11 0.47656250 0.75000000 0.03437500 0.11093750
11 0.51875000 0.90312500 0.03437500 0.11484375
