0 0.11875000 0.17827298 0.05781250 0.13370474
1 0.20625000 0.17827298 0.05156250 0.12813370
2 0.29062500 0.17827298 0.06093750 0.13091922
3 0.37500000 0.18105850 0.06093750 0.13091922
10 0.12187500 0.45125348 0.06406250 0.17270195
11 0.20781250 0.44846797 0.06406250 0.17548747
12 0.28906250 0.44846797 0.06875000 0.17827298
13 0.37343750 0.44846797 0.05937500 0.16991643
14 0.45156250 0.45125348 0.06562500 0.17827298
15 0.53750000 0.45125348 0.05937500 0.16434540
16 0.62187500 0.44846797 0.05937500 0.16713092
17 0.70468750 0.44568245 0.06875000 0.16991643
18 0.78593750 0.44846797 0.06875000 0.17548747
19 0.87187500 0.45403900 0.06562500 0.17827298
20 0.29062500 0.70752089 0.05937500 0.17827298
21 0.37343750 0.70752089 0.06718750 0.17548747
22 0.45468750 0.70473538 0.05937500 0.16991643
23 0.54375000 0.70473538 0.07031250 0.17827298
24 0.62343750 0.70752089 0.06406250 0.16713092
25 0.70937500 0.69916435 0.06875000 0.17548747
9 0.86875000 0.16155989 0.06406250 0.17270195
8 0.78437500 0.15041783 0.06250000 0.16434540
7 0.70468750 0.16434540 0.06562500 0.16991643
6 0.62187500 0.15877437 0.06093750 0.17548747
5 0.53750000 0.15598886 0.06562500 0.16155989
4 0.45625000 0.15877437 0.06562500 0.16991643
