0 0.35468750 0.09062500 0.03593750 0.10781250
19 0.46406250 0.08671875 0.03281250 0.10781250
18 0.80468750 0.07968750 0.03437500 0.11093750
0 0.84218750 0.07968750 0.03750000 0.11484375
19 0.23906250 0.22578125 0.03125000 0.10078125
11 0.38906250 0.22187500 0.02812500 0.10078125
0 0.68906250 0.22187500 0.03125000 0.10781250
15 0.76406250 0.22187500 0.03593750 0.10781250
4 0.91718750 0.22187500 0.03593750 0.11093750
0 0.31562500 0.36093750 0.03125000 0.11093750
12 0.39218750 0.36796875 0.03281250 0.11093750
0 0.42812500 0.36796875 0.03281250 0.11484375
13 0.46562500 0.36484375 0.03750000 0.11093750
11 0.68750000 0.36093750 0.02812500 0.10781250
14 0.72656250 0.36093750 0.03125000 0.11093750
14 0.91562500 0.36093750 0.03593750 0.11093750
18 0.08437500 0.50703125 0.03750000 0.12187500
20 0.12031250 0.50000000 0.03281250 0.11796875
12 0.15937500 0.50312500 0.03437500 0.11093750
18 0.31562500 0.50312500 0.03281250 0.11093750
22 0.43125000 0.50000000 0.03750000 0.11093750
13 0.76406250 0.50000000 0.03281250 0.11796875
8 0.11875000 0.64609375 0.03437500 0.11093750
17 0.15625000 0.64609375 0.03281250 0.10781250
24 0.23750000 0.64609375 0.03125000 0.10390625
19 0.39062500 0.64218750 0.03437500 0.11093750
2 0.57656250 0.64218750 0.02968750 0.10078125
13 0.65000000 0.63906250 0.03125000 0.10781250
18 0.95000000 0.63906250 0.03437500 0.11093750
14 0.15625000 0.79140625 0.03125000 0.11093750
13 0.27343750 0.79140625 0.03437500 0.11796875
