18 0.06718750 0.10390625 0.02968750 0.10781250
2 0.09843750 0.09687500 0.02812500 0.11093750
4 0.16562500 0.07968750 0.02812500 0.10390625
13 0.16093750 0.20859375 0.03281250 0.11484375
4 0.19843750 0.20859375 0.03281250 0.11484375
23 0.23593750 0.21171875 0.03281250 0.11796875
19 0.27500000 0.20468750 0.03281250 0.11796875
22 0.35000000 0.20859375 0.03593750 0.12500000
4 0.38906250 0.20859375 0.03281250 0.11484375
4 0.42656250 0.21171875 0.02812500 0.11796875
10 0.46250000 0.21171875 0.03437500 0.11796875
12 0.65000000 0.20156250 0.03750000 0.12187500
8 0.57656250 0.20859375 0.03437500 0.12187500
6 0.72343750 0.20859375 0.03437500 0.11796875
14 0.76250000 0.20859375 0.03437500 0.11484375
18 0.94531250 0.20859375 0.02968750 0.11796875
4 0.07500000 0.35781250 0.02812500 0.11484375
3 0.12343750 0.35390625 0.03281250 0.11796875
24 0.16093750 0.35390625 0.02968750 0.10390625
1 0.15781250 0.48984375 0.03125000 0.11093750
24 0.19531250 0.49296875 0.02812500 0.11796875
4 0.23281250 0.49296875 0.03125000 0.12500000
1 0.30937500 0.48593750 0.02812500 0.11796875
24 0.35156250 0.48984375 0.03593750 0.11093750
4 0.39218750 0.48593750 0.02968750 0.11484375
0 0.46250000 0.48281250 0.03125000 0.13203125
15 0.50312500 0.48593750 0.03281250 0.11484375
15 0.54218750 0.48281250 0.03125000 0.11093750
11 0.58281250 0.48984375 0.03593750 0.11796875
4 0.62343750 0.48281250 0.03750000 0.12500000
15 0.69531250 0.48593750 0.03593750 0.11796875
8 0.73593750 0.48593750 0.03125000 0.11484375
4 0.77187500 0.48281250 0.02968750 0.11484375
