11 0.06875000 0.08680556 0.02656250 0.11458333
6 0.30781250 0.08680556 0.03281250 0.10763889
4 0.42656250 0.09027778 0.03281250 0.11458333
18 0.58125000 0.10069444 0.03125000 0.11111111
15 0.69375000 0.10763889 0.02656250 0.10416667
12 0.10781250 0.23263889 0.03437500 0.11111111
8 0.14843750 0.22916667 0.03125000 0.10763889
19 0.22812500 0.23263889 0.03437500 0.11111111
19 0.46718750 0.23263889 0.03125000 0.10763889
4 0.58125000 0.23958333 0.03281250 0.11111111
24 0.35000000 0.38541667 0.03593750 0.11458333
24 0.58125000 0.39236111 0.03281250 0.10763889
14 0.03125000 0.53125000 0.03125000 0.10416667
13 0.22812500 0.52777778 0.03125000 0.10416667
18 0.62031250 0.53472222 0.03281250 0.10416667
13 0.76406250 0.53472222 0.02812500 0.10069444
14 0.79843750 0.53125000 0.02500000 0.09722222
13 0.10625000 0.67708333 0.03437500 0.11458333
4 0.14687500 0.68055556 0.03125000 0.10763889
1 0.26718750 0.67708333 0.03125000 0.10069444
17 0.34687500 0.68055556 0.03125000 0.10416667
18 0.38750000 0.67708333 0.03281250 0.10416667
13 0.54218750 0.67361111 0.02968750 0.10416667
24 0.65625000 0.67361111 0.02812500 0.10069444
15 0.02968750 0.82638889 0.03125000 0.10416667
14 0.34531250 0.82638889 0.03125000 0.10763889
11 0.72812500 0.81597222 0.02656250 0.09375000
8 0.69375000 0.81250000 0.03125000 0.09027778
