22 0.23281250 0.09062500 0.03437500 0.11796875
4 0.27500000 0.08671875 0.03593750 0.11484375
3 0.36250000 0.09375000 0.03593750 0.12187500
14 0.40625000 0.09375000 0.03593750 0.11796875
13 0.45000000 0.09687500 0.03593750 0.12187500
19 0.53750000 0.09687500 0.03593750 0.11484375
5 0.62656250 0.09687500 0.03593750 0.11484375
4 0.67031250 0.09687500 0.03125000 0.11093750
4 0.71406250 0.09687500 0.03125000 0.11484375
11 0.75781250 0.10390625 0.03437500 0.11093750
11 0.84843750 0.10390625 0.03906250 0.11484375
6 0.93125000 0.11093750 0.03437500 0.11484375
20 0.97343750 0.11484375 0.03125000 0.12187500
3 0.10000000 0.24687500 0.03437500 0.11796875
8 0.14375000 0.25000000 0.03437500 0.11796875
18 0.18906250 0.25000000 0.03593750 0.11484375
10 0.23125000 0.25312500 0.03437500 0.12187500
14 0.27343750 0.25312500 0.03437500 0.11796875
4 0.75468750 0.43046875 0.03437500 0.12187500
11 0.79843750 0.43046875 0.03437500 0.12187500
11 0.84375000 0.43437500 0.03281250 0.12187500
10 0.05625000 0.57265625 0.03906250 0.12812500
3 0.14218750 0.57656250 0.03437500 0.12187500
10 0.31875000 0.57968750 0.04062500 0.12187500
3 0.40468750 0.58671875 0.03437500 0.12500000
3 0.53437500 0.59062500 0.03593750 0.13203125
17 0.57812500 0.59062500 0.03593750 0.12812500
8 0.62031250 0.59062500 0.03437500 0.12812500
5 0.66406250 0.59375000 0.03593750 0.12812500
19 0.70781250 0.59375000 0.03906250 0.12187500
11 0.14375000 0.73593750 0.04062500 0.11484375
11 0.18593750 0.73984375 0.03750000 0.12187500
15 0.61718750 0.91640625 0.03281250 0.11093750
17 0.66093750 0.91640625 0.03593750 0.11796875
18 0.74843750 0.92343750 0.03437500 0.10781250
18 0.79375000 0.92343750 0.03593750 0.11093750
8 0.83750000 0.92343750 0.03437500 0.10390625
