3 0.16484375 0.08671875 0.03593750 0.12187500
18 0.20234375 0.08359375 0.03750000 0.12031250
0 0.28593750 0.07265625 0.03437500 0.10937500
19 0.32890625 0.07890625 0.03437500 0.13906250
22 0.45390625 0.07421875 0.03906250 0.12500000
19 0.53593750 0.07500000 0.03906250 0.13750000
7 0.62265625 0.07265625 0.03593750 0.13281250
4 0.66250000 0.07421875 0.03281250 0.12500000
7 0.78906250 0.07343750 0.03437500 0.12968750
20 0.91093750 0.07968750 0.03906250 0.12500000
18 0.95000000 0.07890625 0.03281250 0.11875000
6 0.12031250 0.24296875 0.03593750 0.12812500
17 0.16015625 0.23750000 0.03750000 0.12812500
24 0.20156250 0.23203125 0.03437500 0.11718750
20 0.32578125 0.22656250 0.03593750 0.13437500
13 0.36953125 0.22734375 0.03281250 0.12500000
19 0.41250000 0.22812500 0.03750000 0.13281250
8 0.45546875 0.23046875 0.03593750 0.12031250
11 0.49609375 0.23203125 0.03906250 0.12812500
8 0.62109375 0.23437500 0.03437500 0.13437500
5 0.70546875 0.22500000 0.03593750 0.13750000
3 0.78906250 0.22265625 0.03593750 0.12031250
19 0.95390625 0.22500000 0.03750000 0.12656250
3 0.15703125 0.38828125 0.03593750 0.12500000
17 0.19609375 0.38593750 0.03437500 0.12031250
8 0.23750000 0.38828125 0.03593750 0.11875000
21 0.28203125 0.38750000 0.03906250 0.12812500
4 0.32500000 0.39296875 0.03437500 0.12812500
19 0.45078125 0.37890625 0.04062500 0.14531250
14 0.49375000 0.37968750 0.03437500 0.12500000
14 0.53593750 0.37812500 0.03437500 0.11718750
14 0.75312500 0.38281250 0.03437500 0.12968750
24 0.79375000 0.38281250 0.03906250 0.14218750
14 0.87890625 0.38125000 0.04062500 0.14375000
22 0.96250000 0.37968750 0.03593750 0.13593750
21 0.15078125 0.54453125 0.03750000 0.13281250
19 0.23515625 0.54609375 0.03281250 0.14062500
8 0.27734375 0.54531250 0.03750000 0.14531250
2 0.44843750 0.54296875 0.03906250 0.13906250
14 0.49453125 0.53750000 0.03281250 0.14531250
17 0.53828125 0.54453125 0.03750000 0.13750000
21 0.58125000 0.54609375 0.03906250 0.14062500
4 0.62265625 0.55156250 0.03593750 0.14531250
19 0.66875000 0.54062500 0.03906250 0.13593750
19 0.71171875 0.54062500 0.03906250 0.14687500
4 0.75468750 0.54843750 0.03437500 0.12812500
13 0.92500000 0.53515625 0.03593750 0.12968750
20 0.96562500 0.54218750 0.03750000 0.12656250
4 0.31796875 0.70156250 0.03750000 0.12968750
14 0.36171875 0.70000000 0.04531250 0.13750000
13 0.22968750 0.87343750 0.03750000 0.13437500
14 0.27265625 0.87109375 0.03125000 0.14062500
1 0.31562500 0.86718750 0.03750000 0.13906250
14 0.35937500 0.86953125 0.04062500 0.13750000
3 0.40625000 0.87734375 0.03906250 0.14218750
24 0.45234375 0.86718750 0.04218750 0.14375000
22 0.54062500 0.87109375 0.04062500 0.14062500
0 0.58515625 0.86953125 0.03593750 0.13750000
13 0.63046875 0.87265625 0.03593750 0.14375000
19 0.67343750 0.87265625 0.03906250 0.15468750
17 0.85078125 0.86718750 0.03906250 0.14375000
8 0.89765625 0.86796875 0.03437500 0.14531250
3 0.93671875 0.86953125 0.03906250 0.13750000
