22 0.18164100 0.10210800 0.01757800 0.02398300
14 0.23388700 0.09411300 0.01855500 0.02398300
3 0.26318400 0.08975300 0.01855500 0.02398300
13 0.29248000 0.08757300 0.01855500 0.02398300
14 0.32275400 0.08539200 0.01855500 0.02398300
12 0.35400400 0.08321200 0.01855500 0.02398300
14 0.41796900 0.08030500 0.01562500 0.02398300
1 0.44921900 0.08139500 0.01562500 0.02325600
23 0.48242200 0.08212200 0.01562500 0.02325600
4 0.51562500 0.08321200 0.01562500 0.02398300
18 0.54589800 0.08430200 0.01562500 0.02325600
19 0.57617200 0.08539200 0.01562500 0.02398300
22 0.60839800 0.08684600 0.01562500 0.02252900
4 0.63916000 0.08939000 0.01660200 0.02325600
12 0.20556600 0.13917200 0.01660200 0.02252900
4 0.23339800 0.13553800 0.01562500 0.02252900
13 0.26171900 0.13081400 0.01562500 0.02180200
13 0.29150400 0.12972400 0.01660200 0.02252900
14 0.32226600 0.12718000 0.01757800 0.02470900
15 0.38525400 0.12282000 0.01855500 0.02470900
14 0.41845700 0.12064000 0.01855500 0.02470900
19 0.51416000 0.12318300 0.01660200 0.02398300
14 0.54492200 0.12354700 0.01562500 0.02325600
12 0.57714800 0.12572700 0.01562500 0.02325600
20 0.60791000 0.12827000 0.01660200 0.02252900
4 0.67089800 0.13263100 0.01562500 0.02252900
6 0.70117200 0.13481100 0.01562500 0.02252900
14 0.72949200 0.13662800 0.01562500 0.02325600
8 0.78808600 0.14062500 0.01562500 0.02252900
12 0.17822300 0.18423000 0.01660200 0.02252900
14 0.20507800 0.17986900 0.01757800 0.02398300
9 0.23291000 0.17550900 0.01855500 0.02398300
13 0.26074200 0.17187500 0.01757800 0.02398300
14 0.29248000 0.16678800 0.01855500 0.02398300
13 0.35351600 0.16533400 0.01757800 0.02398300
0 0.38476600 0.16460800 0.01757800 0.02398300
25 0.41943400 0.16388100 0.01855500 0.02398300
22 0.45117200 0.16315400 0.01757800 0.02398300
0 0.48193400 0.16242700 0.01855500 0.02398300
19 0.51318400 0.16424400 0.01660200 0.02325600
12 0.60986300 0.16751500 0.01660200 0.02252900
0 0.64013700 0.16969500 0.01660200 0.02252900
17 0.67138700 0.17187500 0.01660200 0.02252900
6 0.70312500 0.17478200 0.01562500 0.02252900
8 0.73095700 0.17659900 0.01660200 0.02325600
13 0.17578100 0.22420100 0.01757800 0.02252900
0 0.20214800 0.22056700 0.01757800 0.02252900
11 0.22998000 0.21620600 0.01855500 0.02252900
14 0.25976600 0.21402600 0.01757800 0.02252900
12 0.29052700 0.21184600 0.01855500 0.02252900
