7 0.11718750 0.23281250 0.03593750 0.12812500
0 0.15781250 0.23281250 0.03593750 0.12812500
21 0.20000000 0.23281250 0.03593750 0.12500000
19 0.32031250 0.23593750 0.03437500 0.12187500
7 0.44375000 0.24296875 0.03281250 0.10781250
0 0.52500000 0.24687500 0.03437500 0.11796875
13 0.56562500 0.25000000 0.03593750 0.11796875
14 0.64843750 0.25312500 0.03750000 0.11484375
1 0.69062500 0.25000000 0.03281250 0.11484375
18 0.73437500 0.25000000 0.03593750 0.11796875
21 0.81875000 0.25312500 0.03593750 0.12187500
13 0.90156250 0.26015625 0.03593750 0.11796875
18 0.11718750 0.38203125 0.03437500 0.11484375
20 0.15625000 0.38515625 0.03125000 0.11796875
15 0.19687500 0.38515625 0.03125000 0.11484375
15 0.23750000 0.38515625 0.03281250 0.12187500
14 0.27812500 0.38906250 0.03437500 0.11093750
18 0.31875000 0.38515625 0.03437500 0.11484375
4 0.36093750 0.38515625 0.03125000 0.11484375
22 0.44062500 0.39609375 0.03281250 0.11484375
4 0.48281250 0.39609375 0.03281250 0.11796875
2 0.56406250 0.39609375 0.03125000 0.11796875
17 0.64843750 0.40312500 0.03281250 0.12187500
20 0.68750000 0.40312500 0.03281250 0.12812500
7 0.81718750 0.41640625 0.03437500 0.12500000
11 0.98437500 0.42734375 0.02968750 0.11796875
22 0.27656250 0.54140625 0.03281250 0.12500000
0 0.31718750 0.54140625 0.03593750 0.12500000
11 0.48125000 0.55234375 0.03437500 0.11484375
0 0.43906250 0.54843750 0.03281250 0.11093750
10 0.62187500 0.55937500 0.03750000 0.11093750
8 0.68750000 0.56250000 0.03125000 0.10781250
2 0.77343750 0.56250000 0.03281250 0.11484375
3 0.98437500 0.57656250 0.03125000 0.11093750
19 0.27187500 0.69062500 0.03281250 0.11484375
0 0.23281250 0.69062500 0.03437500 0.11484375
18 0.35312500 0.69765625 0.03125000 0.11093750
17 0.64375000 0.71875000 0.03437500 0.11484375
11 0.72968750 0.72187500 0.03437500 0.11093750
3 0.81406250 0.72578125 0.03281250 0.11093750
4 0.98437500 0.73984375 0.03125000 0.11093750
14 0.14843750 0.83671875 0.02968750 0.11093750
14 0.26875000 0.85078125 0.02968750 0.11796875
12 0.30937500 0.85078125 0.03125000 0.11093750
14 0.43281250 0.86093750 0.03281250 0.11796875
17 0.47343750 0.86093750 0.03125000 0.11484375
12 0.72656250 0.88203125 0.03281250 0.11484375
19 0.89843750 0.89218750 0.03125000 0.11093750
