0 0.05156250 0.34375000 0.05156250 0.27265625
1 0.12968750 0.33359375 0.05156250 0.26796875
2 0.20468750 0.33359375 0.05000000 0.25234375
3 0.27968750 0.32812500 0.04843750 0.24218750
4 0.35468750 0.32812500 0.04687500 0.24218750
5 0.42968750 0.32812500 0.04843750 0.24218750
6 0.50781250 0.32812500 0.04687500 0.23750000
7 0.57968750 0.32343750 0.04687500 0.23750000
8 0.65625000 0.32343750 0.05156250 0.24218750
9 0.72968750 0.31796875 0.05156250 0.23750000
10 0.80625000 0.32343750 0.04843750 0.23750000
11 0.88125000 0.32812500 0.04843750 0.24218750
12 0.95625000 0.32343750 0.04687500 0.24218750
13 0.05156250 0.81328125 0.05000000 0.22187500
14 0.13125000 0.82343750 0.04687500 0.22734375
15 0.20625000 0.81328125 0.05156250 0.23203125
16 0.27968750 0.82812500 0.04843750 0.23750000
17 0.35468750 0.82812500 0.04843750 0.24218750
18 0.43125000 0.82343750 0.05000000 0.24765625
19 0.50625000 0.81328125 0.04687500 0.24218750
20 0.58125000 0.82343750 0.04843750 0.25234375
21 0.65468750 0.81796875 0.05312500 0.25234375
22 0.72968750 0.82812500 0.05000000 0.25781250
23 0.80468750 0.82343750 0.05312500 0.23203125
24 0.87812500 0.82343750 0.05000000 0.23750000
25 0.95625000 0.82812500 0.05156250 0.24218750
