4 0.13125000 0.09375000 0.02656250 0.10763889
4 0.32656250 0.08680556 0.02812500 0.10763889
17 0.52812500 0.08333333 0.02812500 0.10416667
24 0.97812500 0.07986111 0.02968750 0.10763889
13 0.77656250 0.22916667 0.02812500 0.10069444
22 0.69218750 0.23263889 0.02812500 0.10763889
24 0.44531250 0.23611111 0.02500000 0.09722222
0 0.36718750 0.23958333 0.02656250 0.10416667
3 0.12187500 0.38541667 0.02968750 0.10416667
17 0.16406250 0.38541667 0.02812500 0.11111111
4 0.60781250 0.38194444 0.03125000 0.10416667
13 0.86250000 0.38194444 0.02812500 0.10069444
11 0.98750000 0.53819444 0.02500000 0.10416667
0 0.94687500 0.53819444 0.02812500 0.11111111
15 0.86406250 0.53819444 0.02656250 0.10069444
20 0.82187500 0.53472222 0.03281250 0.10763889
19 0.73593750 0.53819444 0.02968750 0.10763889
0 0.69062500 0.53472222 0.02500000 0.10416667
4 0.65156250 0.53472222 0.03125000 0.10416667
3 0.56875000 0.53472222 0.02968750 0.10069444
4 0.48593750 0.53472222 0.02968750 0.10416667
7 0.44687500 0.53472222 0.02968750 0.10416667
11 0.28281250 0.53819444 0.02656250 0.10763889
14 0.24531250 0.53472222 0.03125000 0.10763889
14 0.20312500 0.53819444 0.03125000 0.10763889
18 0.12187500 0.53819444 0.02968750 0.10763889
3 0.52656250 0.69444444 0.02968750 0.11458333
21 0.86718750 0.69791667 0.03437500 0.11458333
6 0.87031250 0.86458333 0.03125000 0.11111111
19 0.95468750 0.86111111 0.03125000 0.11111111
22 0.74218750 0.86458333 0.03125000 0.11458333
11 0.65468750 0.86111111 0.03125000 0.11111111
18 0.48906250 0.85763889 0.02656250 0.10416667
19 0.40625000 0.85763889 0.03125000 0.11111111
0 0.36562500 0.85416667 0.02812500 0.11458333
18 0.28281250 0.85763889 0.02812500 0.11111111
3 0.24218750 0.85416667 0.02968750 0.11458333
8 0.20156250 0.85763889 0.03125000 0.11111111
10 0.16093750 0.85763889 0.02968750 0.11458333
