8 0.16113300 0.10937500 0.02148400 0.02398300
1 0.85839800 0.09920100 0.02148400 0.02398300
0 0.88427700 0.09920100 0.02246100 0.02398300
9 0.43994100 0.13989800 0.02246100 0.02398300
8 0.46728500 0.13953500 0.02246100 0.02325600
17 0.49560500 0.13917200 0.02246100 0.02398300
0 0.52294900 0.13844500 0.02246100 0.02398300
5 0.55127000 0.13808100 0.02246100 0.02325600
17 0.10839800 0.17805200 0.02148400 0.02325600
22 0.13525400 0.17768900 0.02050800 0.02398300
0 0.16210900 0.17732600 0.02148400 0.02325600
19 0.19043000 0.17659900 0.02148400 0.02325600
2 0.27441400 0.17514500 0.02148400 0.02325600
22 0.30078100 0.17550900 0.02148400 0.02398300
4 0.32812500 0.17514500 0.02148400 0.02325600
19 0.35644500 0.17441900 0.02148400 0.02325600
11 0.43994100 0.17296500 0.02050800 0.02325600
4 0.46777300 0.17296500 0.02148400 0.02325600
6 0.49609400 0.17260200 0.02148400 0.02398300
10 0.52441400 0.17223800 0.02148400 0.02325600
14 0.55175800 0.17187500 0.02148400 0.02398300
8 0.60693400 0.17187500 0.02050800 0.02398300
15 0.66357400 0.17151200 0.02050800 0.02325600
17 0.69140600 0.17151200 0.02148400 0.02325600
14 0.71826200 0.17114800 0.02050800 0.02398300
18 0.74658200 0.17114800 0.02246100 0.02398300
19 0.77441400 0.17042200 0.02148400 0.02398300
14 0.80224600 0.17005800 0.02246100 0.02470900
3 0.10839800 0.21220900 0.02148400 0.02325600
4 0.13574200 0.21184600 0.02148400 0.02398300
19 0.16259800 0.21111900 0.02050800 0.02398300
12 0.21728500 0.21002900 0.02050800 0.02325600
12 0.27294900 0.20857600 0.02050800 0.02325600
0 0.30078100 0.20857600 0.02148400 0.02325600
11 0.32812500 0.20821200 0.02148400 0.02398300
4 0.35644500 0.20821200 0.02148400 0.02398300
13 0.38476600 0.20748500 0.02148400 0.02398300
10 0.44043000 0.20675900 0.02148400 0.02398300
14 0.46875000 0.20639500 0.02148400 0.02325600
6 0.49658200 0.20530500 0.02050800 0.02398300
14 0.52441400 0.20530500 0.02148400 0.02398300
17 0.58007800 0.20530500 0.02148400 0.02398300
14 0.60839800 0.20603200 0.02148400 0.02398300
18 0.63623000 0.20566900 0.02050800 0.02325600
19 0.66357400 0.20566900 0.02050800 0.02325600
0 0.69189500 0.20566900 0.02050800 0.02325600
13 0.10791000 0.24600300 0.02050800 0.02398300
14 0.13525400 0.24564000 0.02050800 0.02325600
19 0.19043000 0.24454900 0.02148400 0.02398300
14 0.21728500 0.24382300 0.02050800 0.02398300
12 0.24560500 0.24345900 0.02050800 0.02325600
20 0.27343800 0.24309600 0.02148400 0.02398300
10 0.32910200 0.24236900 0.02148400 0.02398300
19 0.35644500 0.24164200 0.02148400 0.02398300
14 0.38525400 0.24164200 0.02050800 0.02398300
19 0.44140600 0.24091600 0.02148400 0.02398300
0 0.46875000 0.24091600 0.02148400 0.02398300
10 0.49707000 0.24018900 0.02148400 0.02398300
22 0.55322300 0.24018900 0.02050800 0.02398300
18 0.60888700 0.24018900 0.02050800 0.02398300
14 0.63671900 0.24018900 0.02148400 0.02398300
10 0.66455100 0.23946200 0.02050800 0.02398300
13 0.10839800 0.28016000 0.02148400 0.02398300
4 0.13574200 0.27943300 0.02148400 0.02398300
11 0.16308600 0.27907000 0.02148400 0.02325600
4 0.19140600 0.27870600 0.02148400 0.02398300
6 0.21826200 0.27798000 0.02050800 0.02398300
10 0.24511700 0.27761600 0.02148400 0.02470900
14 0.27343800 0.27725300 0.02148400 0.02398300
18 0.32910200 0.27652600 0.02148400 0.02398300
14 0.35742200 0.27652600 0.02148400 0.02398300
17 0.38574200 0.27579900 0.02148400 0.02398300
22 0.41308600 0.27579900 0.02148400 0.02398300
0 0.44238300 0.27543600 0.02148400 0.02470900
19 0.47021500 0.27543600 0.02050800 0.02325600
2 0.55419900 0.27470900 0.02050800 0.02325600
22 0.58203100 0.27470900 0.02148400 0.02325600
4 0.60937500 0.27434600 0.02148400 0.02398300
19 0.63818400 0.27434600 0.02050800 0.02398300
14 0.66552700 0.27434600 0.02050800 0.02252900
10 0.69287100 0.27398300 0.02050800 0.02325600
19 0.41406200 0.34447700 0.02148400 0.02470900
8 0.44238300 0.34447700 0.02148400 0.02470900
6 0.47070300 0.34411300 0.02148400 0.02398300
17 0.49902300 0.34411300 0.02148400 0.02398300
4 0.52734400 0.34411300 0.02148400 0.02398300
13 0.55468800 0.34338700 0.02148400 0.02398300
14 0.58252000 0.34338700 0.02050800 0.02398300
10 0.61132800 0.34338700 0.02148400 0.02398300
13 0.19043000 0.38117700 0.02148400 0.02398300
4 0.21777300 0.38081400 0.02148400 0.02470900
18 0.27441400 0.37936000 0.02148400 0.02470900
19 0.30175800 0.37863400 0.02148400 0.02470900
14 0.33007800 0.37936000 0.02148400 0.02470900
19 0.38671900 0.37936000 0.02148400 0.02470900
4 0.41503900 0.37936000 0.02148400 0.02470900
18 0.47168000 0.37899700 0.02148400 0.02398300
11 0.49902300 0.37899700 0.02148400 0.02398300
8 0.52734400 0.37899700 0.02148400 0.02398300
10 0.58300800 0.37827000 0.02148400 0.02398300
14 0.61084000 0.37827000 0.02050800 0.02398300
12 0.63916000 0.37754400 0.02050800 0.02398300
1 0.69482400 0.37754400 0.02050800 0.02398300
11 0.72265600 0.37718000 0.02148400 0.02325600
8 0.75000000 0.37681700 0.02148400 0.02398300
25 0.77832000 0.37681700 0.02148400 0.02398300
10 0.80664100 0.37609000 0.02148400 0.02398300
14 0.83398400 0.37572700 0.02148400 0.02470900
19 0.16308600 0.41533400 0.02148400 0.02398300
8 0.19140600 0.41497100 0.02148400 0.02325600
6 0.21875000 0.41497100 0.02148400 0.02325600
17 0.24707000 0.41497100 0.02148400 0.02325600
4 0.27539100 0.41460800 0.02148400 0.02398300
13 0.30273400 0.41460800 0.02148400 0.02398300
14 0.33105500 0.41460800 0.02148400 0.02398300
10 0.35937500 0.41460800 0.02148400 0.02398300
0 0.41601600 0.41424400 0.02148400 0.02325600
13 0.47265600 0.41351700 0.02148400 0.02325600
4 0.50000000 0.41315400 0.02148400 0.02398300
10 0.55566400 0.41279100 0.02148400 0.02325600
8 0.58398400 0.41242700 0.02148400 0.02398300
18 0.61132800 0.41242700 0.02148400 0.02398300
10 0.63964800 0.41206400 0.02148400 0.02325600
0 0.66699200 0.41170100 0.02148400 0.02398300
1 0.33252000 0.48219500 0.02050800 0.02398300
4 0.36035200 0.48219500 0.02148400 0.02398300
11 0.38964800 0.48219500 0.02148400 0.02398300
4 0.44531200 0.48292200 0.02148400 0.02398300
12 0.50097700 0.48219500 0.02148400 0.02398300
4 0.52832000 0.48219500 0.02148400 0.02398300
3 0.55712900 0.48146800 0.02050800 0.02398300
22 0.58496100 0.48146800 0.02148400 0.02398300
4 0.61279300 0.48074100 0.02050800 0.02398300
3 0.64062500 0.48146800 0.02148400 0.02398300
8 0.66796900 0.48001500 0.02148400 0.02398300
20 0.10888700 0.51998500 0.02246100 0.02543600
13 0.16308600 0.51962200 0.02148400 0.02470900
0 0.19140600 0.51925900 0.02148400 0.02543600
18 0.21972700 0.51889500 0.02148400 0.02470900
15 0.27636700 0.51853200 0.02148400 0.02543600
17 0.30468800 0.51816900 0.02148400 0.02470900
14 0.33252000 0.51780500 0.02050800 0.02398300
18 0.36084000 0.51780500 0.02050800 0.02398300
19 0.38916000 0.51780500 0.02050800 0.02398300
14 0.41699200 0.51780500 0.02148400 0.02398300
17 0.44482400 0.51707800 0.02050800 0.02398300
13 0.47314500 0.51671500 0.02050800 0.02325600
22 0.58544900 0.51562500 0.02050800 0.02398300
14 0.61279300 0.51526200 0.02050800 0.02325600
3 0.64062500 0.51489800 0.02148400 0.02398300
14 0.66943400 0.51453500 0.02050800 0.02470900
4 0.69726600 0.51417200 0.02148400 0.02398300
12 0.72509800 0.51417200 0.02050800 0.02398300
12 0.10888700 0.55450600 0.02050800 0.02325600
18 0.19140600 0.55450600 0.02148400 0.02325600
1 0.24853500 0.55414200 0.02050800 0.02398300
17 0.27734400 0.55414200 0.02148400 0.02398300
0 0.30468800 0.55341600 0.02148400 0.02398300
19 0.33300800 0.55305200 0.02148400 0.02325600
14 0.36035200 0.55268900 0.02148400 0.02398300
12 0.38964800 0.55232600 0.02148400 0.02325600
15 0.44580100 0.55159900 0.02050800 0.02325600
11 0.47363300 0.55123500 0.02148400 0.02398300
0 0.50195300 0.55050900 0.02148400 0.02398300
22 0.53027300 0.55050900 0.02148400 0.02398300
0 0.55810500 0.55050900 0.02050800 0.02398300
4 0.58642600 0.54978200 0.02050800 0.02398300
12 0.61377000 0.54978200 0.02050800 0.02398300
22 0.67041000 0.54905500 0.02050800 0.02398300
3 0.69873000 0.54905500 0.02050800 0.02398300
22 0.72607400 0.54869200 0.02050800 0.02325600
14 0.75390600 0.54869200 0.02148400 0.02325600
4 0.78173800 0.54796500 0.02050800 0.02325600
12 0.80908200 0.54796500 0.02050800 0.02325600
22 0.16357400 0.58829900 0.02050800 0.02398300
14 0.19189500 0.58829900 0.02050800 0.02398300
3 0.22021500 0.58902600 0.02050800 0.02398300
0 0.24804700 0.58866300 0.02148400 0.02325600
15 0.30517600 0.58829900 0.02050800 0.02398300
17 0.33349600 0.58757300 0.02050800 0.02398300
14 0.36181600 0.58757300 0.02050800 0.02398300
7 0.39013700 0.58684600 0.02050800 0.02398300
11 0.41894500 0.58684600 0.02148400 0.02398300
0 0.44726600 0.58611900 0.02148400 0.02398300
3 0.47460900 0.58611900 0.02148400 0.02398300
13 0.50244100 0.58539200 0.02050800 0.02398300
0 0.53027300 0.58539200 0.02148400 0.02398300
8 0.58691400 0.58466600 0.02148400 0.02398300
18 0.64355500 0.58393900 0.02148400 0.02398300
22 0.67138700 0.58321200 0.02050800 0.02398300
4 0.69921900 0.58393900 0.02148400 0.02398300
9 0.72753900 0.58321200 0.02148400 0.02398300
0 0.75537100 0.58321200 0.02050800 0.02398300
4 0.16503900 0.62391000 0.02148400 0.02398300
4 0.19238300 0.62391000 0.02148400 0.02398300
12 0.24853500 0.62354700 0.02050800 0.02470900
4 0.27685500 0.62354700 0.02050800 0.02470900
13 0.30566400 0.62354700 0.02148400 0.02470900
19 0.39013700 0.62209300 0.02050800 0.02470900
18 0.44726600 0.62100300 0.02148400 0.02398300
19 0.47509800 0.62100300 0.02050800 0.02398300
14 0.50293000 0.62027600 0.02148400 0.02398300
17 0.53125000 0.62027600 0.02148400 0.02398300
14 0.55908200 0.61954900 0.02050800 0.02398300
9 0.58740200 0.61954900 0.02050800 0.02398300
0 0.61474600 0.61954900 0.02050800 0.02398300
12 0.11035200 0.65843000 0.02148400 0.02325600
14 0.19287100 0.65879400 0.02050800 0.02398300
19 0.22070300 0.65879400 0.02148400 0.02398300
18 0.27734400 0.65843000 0.02148400 0.02470900
19 0.30517600 0.65806700 0.02050800 0.02398300
4 0.33398400 0.65806700 0.02148400 0.02398300
13 0.36230500 0.65734000 0.02148400 0.02398300
15 0.44726600 0.65661300 0.02148400 0.02398300
11 0.47558600 0.65588700 0.02148400 0.02398300
22 0.53222700 0.65479700 0.02148400 0.02470900
4 0.55957000 0.65443300 0.02148400 0.02398300
12 0.58789100 0.65370600 0.02148400 0.02398300
10 0.64355500 0.65334300 0.02148400 0.02470900
18 0.70019500 0.65298000 0.02148400 0.02398300
19 0.72851600 0.65261600 0.02148400 0.02470900
4 0.75634800 0.65225300 0.02050800 0.02398300
13 0.78418000 0.65225300 0.02148400 0.02398300
4 0.81152300 0.65152600 0.02148400 0.02398300
19 0.11084000 0.69295100 0.02050800 0.02398300
14 0.13818400 0.69331400 0.02050800 0.02470900
13 0.19335900 0.69404100 0.02148400 0.02470900
0 0.22119100 0.69404100 0.02050800 0.02470900
1 0.27734400 0.69476700 0.02148400 0.02470900
14 0.30566400 0.69331400 0.02148400 0.02470900
10 0.33398400 0.69258700 0.02148400 0.02470900
20 0.36230500 0.69222400 0.02148400 0.02398300
19 0.41894500 0.69149700 0.02148400 0.02398300
14 0.44775400 0.69077000 0.02050800 0.02398300
13 0.50390600 0.69004400 0.02148400 0.02398300
0 0.53173800 0.68968000 0.02050800 0.02470900
18 0.58886700 0.68895300 0.02148400 0.02470900
15 0.61669900 0.68859000 0.02050800 0.02398300
8 0.64502000 0.68859000 0.02050800 0.02398300
13 0.67334000 0.68786300 0.02050800 0.02398300
4 0.70117200 0.68786300 0.02148400 0.02398300
3 0.16601600 0.72819800 0.02148400 0.02470900
4 0.19335900 0.72856100 0.02148400 0.02398300
17 0.22119100 0.72892400 0.02050800 0.02470900
9 0.24902300 0.72892400 0.02148400 0.02470900
8 0.27783200 0.72856100 0.02050800 0.02398300
18 0.30615200 0.72819800 0.02050800 0.02470900
15 0.39160200 0.72747100 0.02148400 0.02470900
17 0.41992200 0.72674400 0.02148400 0.02470900
0 0.44824200 0.72638100 0.02148400 0.02398300
22 0.47656200 0.72638100 0.02148400 0.02398300
4 0.50488300 0.72565400 0.02148400 0.02398300
4 0.53222700 0.72492700 0.02148400 0.02398300
3 0.58935500 0.72383700 0.02050800 0.02470900
14 0.61718800 0.72347400 0.02148400 0.02398300
17 0.64550800 0.72311000 0.02148400 0.02470900
14 0.67382800 0.72274700 0.02148400 0.02398300
6 0.70117200 0.72274700 0.02148400 0.02398300
14 0.72949200 0.72202000 0.02148400 0.02398300
13 0.16699200 0.76271800 0.02148400 0.02398300
4 0.19335900 0.76308100 0.02148400 0.02470900
25 0.25000000 0.76417200 0.02148400 0.02398300
0 0.27832000 0.76344500 0.02148400 0.02398300
3 0.30712900 0.76344500 0.02050800 0.02398300
4 0.33496100 0.76344500 0.02148400 0.02398300
22 0.36328100 0.76308100 0.02148400 0.02470900
0 0.39257800 0.76271800 0.02148400 0.02398300
12 0.47753900 0.76090100 0.02148400 0.02470900
4 0.50585900 0.76053800 0.02148400 0.02398300
13 0.53369100 0.76017400 0.02246100 0.02470900
13 0.61865200 0.75872100 0.02246100 0.02470900
14 0.64599600 0.75799400 0.02246100 0.02470900
6 0.67480500 0.75799400 0.02148400 0.02470900
14 0.70214800 0.75726700 0.02148400 0.02470900
25 0.36377000 0.83357600 0.02246100 0.02470900
4 0.39209000 0.83321200 0.02246100 0.02543600
1 0.42138700 0.83284900 0.02246100 0.02470900
17 0.45019500 0.83212200 0.02148400 0.02470900
15 0.11425800 0.86591600 0.02148400 0.02398300
14 0.14111300 0.86664200 0.02050800 0.02398300
11 0.16796900 0.86773300 0.02148400 0.02470900
14 0.19628900 0.86845900 0.02148400 0.02470900
18 0.22363300 0.86882300 0.02148400 0.02543600
0 0.25195300 0.86918600 0.02148400 0.02470900
19 0.27978500 0.86991300 0.02246100 0.02470900
4 0.33593800 0.87064000 0.02148400 0.02470900
11 0.39306600 0.86918600 0.02246100 0.02470900
14 0.42187500 0.86918600 0.02148400 0.02470900
0 0.47900400 0.86736900 0.02246100 0.02398300
3 0.50732400 0.86664200 0.02246100 0.02398300
10 0.53564500 0.86555200 0.02246100 0.02470900
8 0.56396500 0.86482600 0.02246100 0.02470900
0 0.11474600 0.90007300 0.02050800 0.02398300
5 0.14209000 0.90079900 0.02050800 0.02398300
17 0.16894500 0.90189000 0.02148400 0.02470900
8 0.19628900 0.90261600 0.02148400 0.02470900
10 0.22363300 0.90334300 0.02148400 0.02470900
0 0.25195300 0.90407000 0.02148400 0.02470900
13 0.28027300 0.90479700 0.02148400 0.02470900
18 0.30810500 0.90479700 0.02246100 0.02470900
10 0.33740200 0.90479700 0.02246100 0.02470900
8 0.36474600 0.90443300 0.02246100 0.02543600
4 0.39404300 0.90407000 0.02246100 0.02470900
11 0.45166000 0.90334300 0.02246100 0.02470900
14 0.47998000 0.90261600 0.02246100 0.02470900
0 0.53662100 0.90116300 0.02246100 0.02470900
3 0.56494100 0.90043600 0.02246100 0.02470900
10 0.59375000 0.89970900 0.02148400 0.02470900
8 0.62158200 0.89934600 0.02246100 0.02543600
