3 0.11865200 0.15661300 0.01855500 0.02107600
17 0.14257800 0.15552300 0.01953100 0.02034900
20 0.16650400 0.15479700 0.01855500 0.02034900
9 0.18994100 0.15334300 0.01855500 0.02034900
4 0.21337900 0.15261600 0.01855500 0.02034900
18 0.23681600 0.15116300 0.01855500 0.02034900
19 0.26025400 0.14934600 0.01855500 0.02107600
22 0.28369100 0.14752900 0.01855500 0.02034900
4 0.30664100 0.14680200 0.01953100 0.02034900
18 0.35449200 0.14353200 0.01953100 0.02107600
15 0.40576200 0.13989800 0.02050800 0.02107600
8 0.42919900 0.13808100 0.02050800 0.02180200
18 0.45459000 0.13662800 0.02050800 0.02180200
0 0.47949200 0.13481100 0.01953100 0.02107600
19 0.50537100 0.13299400 0.02050800 0.02180200
4 0.53125000 0.13154100 0.02148400 0.02180200
11 0.55712900 0.12936000 0.02050800 0.02180200
13 0.60986300 0.12572700 0.02050800 0.02180200
8 0.63623000 0.12391000 0.02050800 0.02252900
2 0.66406200 0.12209300 0.02148400 0.02180200
4 0.69091800 0.12064000 0.02050800 0.02180200
4 0.11865200 0.18713700 0.01855500 0.01962200
8 0.16650400 0.18459300 0.01855500 0.02034900
22 0.23584000 0.17950600 0.01855500 0.02034900
0 0.25927700 0.17805200 0.01855500 0.02034900
18 0.28222700 0.17623500 0.01757800 0.01962200
8 0.30712900 0.17587200 0.01855500 0.02034900
11 0.33056600 0.17441900 0.01855500 0.02034900
4 0.37988300 0.17114800 0.01953100 0.02107600
22 0.40527300 0.17005800 0.01953100 0.02180200
14 0.42968800 0.16824100 0.01953100 0.02107600
15 0.50585900 0.16351700 0.01953100 0.02180200
17 0.53173800 0.16242700 0.02050800 0.02107600
4 0.55712900 0.16061000 0.02050800 0.02180200
3 0.58349600 0.15843000 0.02050800 0.02180200
13 0.61084000 0.15734000 0.02050800 0.02252900
0 0.63623000 0.15588700 0.02050800 0.02252900
25 0.66406200 0.15370600 0.02148400 0.02252900
13 0.69140600 0.15152600 0.02148400 0.02252900
0 0.71777300 0.14970900 0.02148400 0.02325600
16 0.74609400 0.14789200 0.02148400 0.02252900
0 0.77441400 0.14643900 0.02148400 0.02252900
11 0.11572300 0.21548000 0.01855500 0.01962200
8 0.14013700 0.21439000 0.01855500 0.02034900
18 0.16357400 0.21293600 0.01855500 0.02034900
3 0.23291000 0.20857600 0.01855500 0.02034900
11 0.25683600 0.20748500 0.01953100 0.02107600
13 0.35449200 0.20239800 0.01953100 0.02107600
7 0.40429700 0.19985500 0.01953100 0.02034900
25 0.45459000 0.19731100 0.01855500 0.02107600
17 0.47998000 0.19585800 0.02050800 0.02107600
8 0.50634800 0.19476700 0.02050800 0.02180200
19 0.53173800 0.19295100 0.02050800 0.02107600
4 0.55761700 0.19149700 0.01953100 0.02107600
11 0.58398400 0.18968000 0.01953100 0.02180200
4 0.61084000 0.18822700 0.02050800 0.02180200
10 0.69189500 0.18314000 0.02050800 0.02180200
17 0.71875000 0.18132300 0.02148400 0.02252900
0 0.74707000 0.17950600 0.02148400 0.02325600
18 0.77539100 0.17805200 0.02148400 0.02325600
13 0.80273400 0.17623500 0.02148400 0.02252900
14 0.83203100 0.17441900 0.02148400 0.02325600
3 0.11474600 0.24345900 0.01855500 0.02034900
0 0.13720700 0.24236900 0.01855500 0.01962200
17 0.16015600 0.24127900 0.01757800 0.02034900
18 0.18310500 0.24018900 0.01855500 0.01962200
10 0.20654300 0.23909900 0.01855500 0.02034900
14 0.23095700 0.23800900 0.01855500 0.01962200
6 0.25439500 0.23691900 0.01855500 0.02034900
14 0.27978500 0.23510200 0.01855500 0.02107600
19 0.32910200 0.23328500 0.01953100 0.02034900
4 0.35351600 0.23219500 0.01953100 0.02107600
0 0.37793000 0.23146800 0.01953100 0.02107600
19 0.40332000 0.23001500 0.01953100 0.02107600
17 0.42822300 0.22928800 0.01855500 0.02107600
0 0.45410200 0.22783400 0.01953100 0.02107600
14 0.50488300 0.22565400 0.01953100 0.02107600
13 0.53173800 0.22420100 0.02050800 0.02252900
8 0.55712900 0.22274700 0.02050800 0.02252900
11 0.63818400 0.21875000 0.02050800 0.02180200
8 0.66455100 0.21729700 0.02050800 0.02180200
18 0.72021500 0.21439000 0.02050800 0.02180200
13 0.77636700 0.21039200 0.02148400 0.02252900
4 0.80468800 0.20893900 0.02148400 0.02252900
8 0.11181600 0.27216600 0.01855500 0.02107600
25 0.13476600 0.27107600 0.01757800 0.02034900
12 0.15820300 0.26998500 0.01757800 0.02107600
4 0.18115200 0.26925900 0.01855500 0.02107600
13 0.20459000 0.26816900 0.01855500 0.02034900
13 0.22900400 0.26707800 0.01855500 0.02107600
12 0.27685500 0.26489800 0.01855500 0.02107600
20 0.32617200 0.26271800 0.01757800 0.02107600
18 0.35107400 0.26162800 0.01855500 0.02034900
15 0.37646500 0.26126500 0.01855500 0.02107600
4 0.40234400 0.26053800 0.01953100 0.02107600
7 0.42724600 0.25944800 0.02050800 0.02180200
14 0.45312500 0.25835800 0.01953100 0.02107600
12 0.47900400 0.25690400 0.02050800 0.02107600
15 0.55761700 0.25290700 0.01953100 0.02180200
4 0.58398400 0.25181700 0.01953100 0.02107600
17 0.61132800 0.25072700 0.01953100 0.02180200
22 0.63867200 0.24927300 0.01953100 0.02180200
18 0.74902300 0.24454900 0.02148400 0.02252900
14 0.77685500 0.24309600 0.02246100 0.02252900
22 0.11035200 0.30341600 0.01757800 0.02107600
12 0.13330100 0.30196200 0.01855500 0.02107600
4 0.15673800 0.30050900 0.01855500 0.02107600
18 0.17919900 0.29905500 0.01855500 0.02107600
19 0.20312500 0.29796500 0.01757800 0.02034900
13 0.22753900 0.29687500 0.01757800 0.02107600
18 0.32568400 0.29360500 0.01855500 0.02180200
1 0.35058600 0.29287800 0.01953100 0.02180200
14 0.37597700 0.29142400 0.01953100 0.02180200
17 0.40039100 0.29069800 0.01953100 0.02180200
13 0.42675800 0.28997100 0.01953100 0.02180200
8 0.45263700 0.28924400 0.02050800 0.02180200
10 0.47851600 0.28815400 0.01953100 0.02252900
15 0.53076200 0.28561000 0.02050800 0.02180200
4 0.58447300 0.28306700 0.02050800 0.02252900
18 0.61132800 0.28197700 0.01953100 0.02180200
1 0.66650400 0.28016000 0.02050800 0.02252900
11 0.72119100 0.27798000 0.02050800 0.02252900
14 0.10742200 0.33212200 0.01757800 0.02034900
15 0.13085900 0.33139500 0.01757800 0.02034900
20 0.15478500 0.33066900 0.01855500 0.02034900
1 0.17724600 0.32994200 0.01855500 0.02034900
11 0.20117200 0.32885200 0.01757800 0.02107600
8 0.22607400 0.32812500 0.01855500 0.02107600
10 0.24951200 0.32667200 0.01855500 0.02107600
14 0.27441400 0.32630800 0.01953100 0.02180200
22 0.29980500 0.32558100 0.01953100 0.02180200
0 0.32421900 0.32558100 0.01953100 0.02180200
13 0.34960900 0.32449100 0.01953100 0.02252900
22 0.40039100 0.32267400 0.01953100 0.02180200
10 0.45214800 0.32085800 0.01953100 0.02252900
17 0.47802700 0.32013100 0.02050800 0.02252900
0 0.50390600 0.31867700 0.01953100 0.02252900
18 0.53076200 0.31795100 0.02050800 0.02252900
13 0.55712900 0.31722400 0.02050800 0.02252900
14 0.58398400 0.31577000 0.01953100 0.02252900
3 0.61084000 0.31504400 0.02050800 0.02252900
0 0.63818400 0.31359000 0.02050800 0.02252900
17 0.66650400 0.31286300 0.02050800 0.02252900
4 0.69433600 0.31141000 0.02148400 0.02252900
22 0.10498000 0.36373500 0.01855500 0.02107600
0 0.17578100 0.36010200 0.01953100 0.02107600
8 0.19970700 0.35937500 0.01855500 0.02107600
1 0.22314500 0.35864800 0.01855500 0.02107600
1 0.24804700 0.35719500 0.01953100 0.02252900
6 0.29882800 0.35610500 0.01953100 0.02180200
14 0.32373000 0.35610500 0.01855500 0.02180200
3 0.34863300 0.35537800 0.01953100 0.02180200
20 0.37451200 0.35537800 0.01855500 0.02180200
10 0.12646500 0.39207800 0.01855500 0.02107600
16 0.17431600 0.39098800 0.01855500 0.02180200
8 0.19873000 0.39026200 0.01855500 0.02180200
18 0.22314500 0.38989800 0.01855500 0.02107600
11 0.24755900 0.38917200 0.01855500 0.02107600
20 0.27294900 0.38844500 0.01855500 0.02107600
1 0.32324200 0.38808100 0.01953100 0.02180200
14 0.34863300 0.38735500 0.01953100 0.02180200
11 0.37500000 0.38699100 0.01953100 0.02252900
4 0.39941400 0.38626500 0.01953100 0.02252900
4 0.42578100 0.38553800 0.01953100 0.02252900
15 0.47753900 0.38408400 0.01953100 0.02252900
14 0.50390600 0.38372100 0.01953100 0.02180200
25 0.53076200 0.38299400 0.02050800 0.02325600
3 0.55712900 0.38263100 0.02050800 0.02252900
13 0.58398400 0.38190400 0.02148400 0.02398300
8 0.61132800 0.38117700 0.02148400 0.02398300
7 0.63867200 0.38008700 0.02148400 0.02325600
3 0.69433600 0.37863400 0.02148400 0.02325600
17 0.72265600 0.37754400 0.02148400 0.02398300
0 0.75048800 0.37681700 0.02246100 0.02398300
12 0.77978500 0.37609000 0.02246100 0.02398300
0 0.81005900 0.37536300 0.02246100 0.02398300
19 0.10156200 0.42369200 0.01757800 0.02180200
8 0.12548800 0.42296500 0.01855500 0.02180200
16 0.14892600 0.42223800 0.01855500 0.02180200
4 0.17334000 0.42223800 0.01855500 0.02180200
18 0.19677700 0.42151200 0.01855500 0.02180200
10 0.22168000 0.42114800 0.01953100 0.02252900
8 0.24707000 0.42078500 0.01953100 0.02180200
7 0.27246100 0.42042200 0.01953100 0.02252900
15 0.32324200 0.41969500 0.01953100 0.02252900
17 0.34863300 0.41933100 0.01953100 0.02180200
14 0.37402300 0.41860500 0.01953100 0.02180200
8 0.40039100 0.41824100 0.01953100 0.02252900
25 0.42578100 0.41787800 0.01953100 0.02180200
22 0.45166000 0.41751500 0.02050800 0.02252900
4 0.47753900 0.41715100 0.01953100 0.02180200
3 0.50341800 0.41642400 0.02050800 0.02325600
4 0.53076200 0.41606100 0.02050800 0.02252900
13 0.55712900 0.41533400 0.02050800 0.02252900
8 0.58447300 0.41460800 0.02050800 0.02252900
14 0.66748000 0.41279100 0.02050800 0.02325600
19 0.69531200 0.41170100 0.02148400 0.02398300
13 0.72363300 0.41097400 0.02148400 0.02398300
14 0.75195300 0.41024700 0.02148400 0.02398300
18 0.78173800 0.40952000 0.02246100 0.02398300
8 0.81054700 0.40915700 0.02148400 0.02325600
19 0.84130900 0.40843000 0.02246100 0.02325600
18 0.09960900 0.45348800 0.01953100 0.02180200
18 0.17138700 0.45312500 0.01855500 0.02252900
10 0.19580100 0.45276200 0.01855500 0.02180200
0 0.22021500 0.45276200 0.01855500 0.02180200
25 0.24560500 0.45239800 0.01855500 0.02252900
10 0.27099600 0.45203500 0.01855500 0.02180200
0 0.29589800 0.45167200 0.01953100 0.02252900
3 0.37402300 0.45058100 0.01953100 0.02325600
22 0.39941400 0.45021800 0.01953100 0.02252900
4 0.42529300 0.45021800 0.02050800 0.02252900
13 0.45117200 0.44949100 0.01953100 0.02252900
0 0.47656200 0.44949100 0.01953100 0.02252900
3 0.50341800 0.44876500 0.02050800 0.02252900
2 0.53027300 0.44840100 0.01953100 0.02325600
0 0.55761700 0.44803800 0.01953100 0.02252900
19 0.58398400 0.44767400 0.01953100 0.02325600
12 0.66748000 0.44622100 0.02050800 0.02325600
4 0.69580100 0.44549400 0.02050800 0.02325600
18 0.72412100 0.44549400 0.02050800 0.02325600
2 0.09716800 0.48473800 0.01855500 0.02180200
4 0.12109400 0.48473800 0.01953100 0.02180200
22 0.14599600 0.48546500 0.01855500 0.02180200
13 0.22021500 0.48401200 0.01855500 0.02180200
0 0.24511700 0.48401200 0.01953100 0.02180200
15 0.27002000 0.48328500 0.01855500 0.02180200
8 0.29589800 0.48364800 0.01953100 0.02252900
18 0.32177700 0.48364800 0.01855500 0.02252900
0 0.34716800 0.48364800 0.01855500 0.02252900
13 0.37304700 0.48292200 0.01953100 0.02252900
13 0.39843800 0.48292200 0.01953100 0.02252900
0 0.42480500 0.48219500 0.01953100 0.02252900
12 0.50341800 0.48146800 0.02050800 0.02252900
0 0.53027300 0.48146800 0.01953100 0.02252900
17 0.55712900 0.48110500 0.02050800 0.02325600
0 0.61181600 0.48074100 0.02050800 0.02398300
10 0.63916000 0.48037800 0.02050800 0.02325600
14 0.66748000 0.48001500 0.02050800 0.02398300
12 0.69580100 0.47965100 0.02050800 0.02325600
22 0.75390600 0.47856100 0.02148400 0.02398300
6 0.09521500 0.51635200 0.01855500 0.02252900
14 0.11914100 0.51671500 0.01953100 0.02180200
3 0.14404300 0.51671500 0.01855500 0.02180200
22 0.21875000 0.51635200 0.01953100 0.02252900
14 0.24414100 0.51635200 0.01953100 0.02252900
13 0.29589800 0.51598800 0.01953100 0.02180200
8 0.37255900 0.51562500 0.01855500 0.02252900
22 0.42480500 0.51562500 0.01953100 0.02252900
15 0.45068400 0.51489800 0.02050800 0.02252900
4 0.47656200 0.51453500 0.01953100 0.02325600
17 0.50244100 0.51453500 0.02050800 0.02325600
22 0.52978500 0.51453500 0.02050800 0.02325600
4 0.58447300 0.51417200 0.02050800 0.02398300
14 0.64013700 0.51417200 0.02050800 0.02398300
15 0.66796900 0.51380800 0.02148400 0.02325600
20 0.69628900 0.51380800 0.02148400 0.02325600
1 0.72509800 0.51380800 0.02246100 0.02470900
11 0.75439500 0.51344500 0.02246100 0.02398300
8 0.78418000 0.51344500 0.02148400 0.02398300
10 0.81396500 0.51308100 0.02246100 0.02470900
14 0.84326200 0.51308100 0.02246100 0.02470900
22 0.09375000 0.54832800 0.01953100 0.02252900
0 0.11816400 0.54832800 0.01953100 0.02252900
13 0.14257800 0.54905500 0.01953100 0.02252900
13 0.16748000 0.54905500 0.01855500 0.02252900
0 0.19238300 0.54905500 0.01953100 0.02252900
22 0.26855500 0.54832800 0.01953100 0.02252900
0 0.34570300 0.54832800 0.01953100 0.02252900
8 0.37207000 0.54832800 0.01953100 0.02252900
3 0.39843800 0.54832800 0.01953100 0.02252900
2 0.42431600 0.54796500 0.02050800 0.02325600
6 0.47607400 0.54796500 0.02050800 0.02325600
14 0.50341800 0.54796500 0.02050800 0.02325600
3 0.53027300 0.54796500 0.01953100 0.02325600
20 0.55810500 0.54796500 0.02050800 0.02325600
22 0.11621100 0.58030500 0.01953100 0.02252900
14 0.16552700 0.58103200 0.02050800 0.02252900
18 0.19043000 0.58103200 0.01953100 0.02252900
13 0.21582000 0.58066900 0.01953100 0.02325600
14 0.24169900 0.58066900 0.02050800 0.02325600
22 0.26757800 0.58066900 0.01953100 0.02325600
4 0.29296900 0.58066900 0.01953100 0.02325600
1 0.34521500 0.58103200 0.02050800 0.02398300
14 0.37109400 0.58103200 0.01953100 0.02398300
11 0.39746100 0.58139500 0.01953100 0.02325600
8 0.47656200 0.58175900 0.01953100 0.02398300
13 0.50341800 0.58139500 0.02050800 0.02325600
18 0.53027300 0.58175900 0.02148400 0.02398300
19 0.55761700 0.58175900 0.02148400 0.02398300
22 0.58496100 0.58248500 0.02148400 0.02398300
0 0.61279300 0.58248500 0.02050800 0.02398300
15 0.66992200 0.58248500 0.02148400 0.02398300
4 0.72705100 0.58321200 0.02246100 0.02398300
18 0.75634800 0.58357600 0.02246100 0.02470900
12 0.08935500 0.61264500 0.02050800 0.02325600
0 0.11425800 0.61337200 0.01953100 0.02325600
17 0.13964800 0.61337200 0.01953100 0.02325600
0 0.18945300 0.61337200 0.01953100 0.02325600
10 0.21484400 0.61409900 0.01953100 0.02325600
0 0.24023400 0.61409900 0.01953100 0.02325600
18 0.31787100 0.61446200 0.02050800 0.02252900
9 0.37011700 0.61482600 0.01953100 0.02325600
4 0.39648400 0.61518900 0.01953100 0.02398300
19 0.42285200 0.61518900 0.01953100 0.02398300
13 0.47558600 0.61555200 0.02148400 0.02470900
0 0.50244100 0.61555200 0.02050800 0.02470900
17 0.53027300 0.61591600 0.02148400 0.02398300
14 0.55761700 0.61627900 0.02148400 0.02470900
3 0.58496100 0.61627900 0.02148400 0.02470900
13 0.61328100 0.61700600 0.02148400 0.02470900
14 0.64160200 0.61700600 0.02148400 0.02470900
18 0.72802700 0.61845900 0.02246100 0.02470900
10 0.75732400 0.61882300 0.02246100 0.02398300
0 0.78662100 0.61954900 0.02246100 0.02543600
25 0.81787100 0.62027600 0.02246100 0.02543600
10 0.08740200 0.64534900 0.02050800 0.02325600
8 0.11230500 0.64534900 0.01953100 0.02325600
15 0.16259800 0.64607600 0.02050800 0.02325600
4 0.18798800 0.64607600 0.02050800 0.02325600
17 0.21337900 0.64680200 0.02050800 0.02325600
18 0.23925800 0.64716600 0.01953100 0.02398300
14 0.26513700 0.64752900 0.02050800 0.02325600
13 0.29101600 0.64752900 0.01953100 0.02325600
0 0.31640600 0.64825600 0.01953100 0.02325600
9 0.34277300 0.64825600 0.01953100 0.02325600
8 0.36865200 0.64861900 0.02050800 0.02398300
15 0.42236300 0.64934600 0.02050800 0.02398300
4 0.47607400 0.65007300 0.02050800 0.02398300
18 0.50293000 0.65007300 0.02148400 0.02398300
14 0.58593800 0.65189000 0.02148400 0.02470900
1 0.61328100 0.65225300 0.02148400 0.02398300
16 0.67041000 0.65298000 0.02246100 0.02543600
13 0.70068400 0.65370600 0.02246100 0.02543600
14 0.72900400 0.65443300 0.02246100 0.02543600
8 0.78759800 0.65588700 0.02246100 0.02543600
25 0.81787100 0.65661300 0.02246100 0.02543600
11 0.08593800 0.67805200 0.01953100 0.02325600
1 0.13574200 0.67877900 0.01953100 0.02325600
11 0.16015600 0.67950600 0.01953100 0.02325600
4 0.18603500 0.67986900 0.02050800 0.02398300
13 0.21191400 0.68023300 0.01953100 0.02325600
13 0.23779300 0.68059600 0.02050800 0.02398300
4 0.28955100 0.68095900 0.02050800 0.02325600
6 0.34130900 0.68168600 0.02050800 0.02325600
4 0.36767600 0.68241300 0.02050800 0.02325600
17 0.39404300 0.68459300 0.02050800 0.02470900
14 0.42138700 0.68459300 0.02050800 0.02470900
8 0.44775400 0.68495600 0.02050800 0.02543600
13 0.50244100 0.68532000 0.02050800 0.02470900
0 0.52978500 0.68532000 0.02050800 0.02470900
17 0.55810500 0.68532000 0.02050800 0.02470900
14 0.58593800 0.68641000 0.02148400 0.02543600
3 0.61377000 0.68713700 0.02246100 0.02543600
13 0.64306600 0.68786300 0.02246100 0.02543600
7 0.69970700 0.68895300 0.02246100 0.02470900
18 0.75927700 0.69040700 0.02246100 0.02470900
10 0.78955100 0.69113400 0.02246100 0.02470900
0 0.81982400 0.69186000 0.02246100 0.02470900
25 0.08349600 0.71148300 0.02050800 0.02325600
14 0.10791000 0.71148300 0.02050800 0.02325600
10 0.13330100 0.71220900 0.02050800 0.02325600
13 0.21044900 0.71402600 0.02050800 0.02398300
14 0.23584000 0.71475300 0.02050800 0.02398300
13 0.28759800 0.71620600 0.02050800 0.02398300
0 0.31396500 0.71584300 0.02050800 0.02325600
19 0.39355500 0.71802300 0.02148400 0.02470900
14 0.42089800 0.71875000 0.02148400 0.02470900
14 0.50195300 0.72020300 0.02148400 0.02470900
18 0.52978500 0.72093000 0.02246100 0.02470900
13 0.55761700 0.72165700 0.02148400 0.02470900
14 0.58593800 0.72274700 0.02148400 0.02543600
22 0.61425800 0.72347400 0.02148400 0.02543600
4 0.64306600 0.72456400 0.02246100 0.02470900
12 0.70117200 0.72565400 0.02148400 0.02543600
0 0.72998000 0.72565400 0.02246100 0.02543600
17 0.76025400 0.72710800 0.02246100 0.02543600
0 0.82031200 0.72856100 0.02343800 0.02543600
10 0.85156200 0.72928800 0.02343800 0.02543600
22 0.08154300 0.74527600 0.02050800 0.02398300
18 0.10595700 0.74600300 0.02050800 0.02398300
4 0.13134800 0.74673000 0.02050800 0.02398300
6 0.15722700 0.74745600 0.01953100 0.02398300
3 0.18261700 0.74818300 0.01953100 0.02398300
0 0.20800800 0.74891000 0.02148400 0.02398300
18 0.26074200 0.75036300 0.02148400 0.02398300
14 0.28710900 0.75000000 0.02148400 0.02470900
25 0.31347700 0.75072700 0.02148400 0.02470900
3 0.33935500 0.75145300 0.02050800 0.02470900
0 0.36621100 0.75218000 0.02148400 0.02470900
4 0.39306600 0.75290700 0.02050800 0.02470900
19 0.41992200 0.75363400 0.02148400 0.02470900
14 0.47460900 0.75581400 0.02148400 0.02470900
17 0.50195300 0.75581400 0.02148400 0.02470900
8 0.52929700 0.75654100 0.02148400 0.02470900
6 0.55859400 0.75726700 0.02148400 0.02470900
8 0.58642600 0.75799400 0.02246100 0.02616300
13 0.61474600 0.75908400 0.02246100 0.02543600
0 0.64404300 0.76017400 0.02246100 0.02616300
11 0.67236300 0.76126500 0.02246100 0.02543600
13 0.73095700 0.76344500 0.02246100 0.02543600
4 0.79199200 0.76526200 0.02343800 0.02616300
18 0.07861300 0.77834300 0.02050800 0.02470900
0 0.10400400 0.77943300 0.02050800 0.02398300
12 0.12939500 0.78016000 0.02050800 0.02398300
14 0.15478500 0.78088700 0.02050800 0.02398300
18 0.18066400 0.78161300 0.02148400 0.02398300
19 0.20654300 0.78234000 0.02050800 0.02398300
14 0.23291000 0.78306700 0.02050800 0.02398300
19 0.28466800 0.78488400 0.02050800 0.02470900
4 0.31201200 0.78561000 0.02050800 0.02470900
11 0.33837900 0.78633700 0.02050800 0.02470900
13 0.39257800 0.78742700 0.02148400 0.02543600
4 0.44628900 0.78960800 0.02148400 0.02543600
15 0.50195300 0.79106100 0.02148400 0.02543600
17 0.52978500 0.79215100 0.02246100 0.02470900
14 0.55761700 0.79324100 0.02148400 0.02543600
8 0.58593800 0.79433100 0.02148400 0.02470900
25 0.61572300 0.79542200 0.02246100 0.02543600
22 0.64355500 0.79687500 0.02148400 0.02543600
4 0.67334000 0.79760200 0.02246100 0.02543600
3 0.70263700 0.79869200 0.02246100 0.02616300
4 0.73193400 0.79978200 0.02246100 0.02543600
13 0.76269500 0.80087200 0.02343800 0.02616300
8 0.79248000 0.80232600 0.02441400 0.02616300
15 0.07666000 0.81322700 0.02050800 0.02470900
14 0.10253900 0.81431700 0.02148400 0.02398300
18 0.15380900 0.81613400 0.02050800 0.02470900
22 0.17919900 0.81686000 0.02050800 0.02470900
14 0.20507800 0.81758700 0.02148400 0.02470900
4 0.23095700 0.81831400 0.02050800 0.02470900
12 0.25732400 0.81940400 0.02050800 0.02398300
20 0.28320300 0.82013100 0.02148400 0.02543600
15 0.33789100 0.82158400 0.02148400 0.02543600
4 0.36425800 0.82267400 0.02148400 0.02470900
17 0.39160200 0.82376500 0.02148400 0.02543600
4 0.41894500 0.82449100 0.02148400 0.02543600
14 0.44580100 0.82558100 0.02246100 0.02616300
18 0.47412100 0.82630800 0.02246100 0.02616300
12 0.50146500 0.82776200 0.02246100 0.02616300
18 0.55908200 0.82994200 0.02246100 0.02616300
11 0.58740200 0.83066900 0.02246100 0.02616300
8 0.70410200 0.83502900 0.02343800 0.02616300
25 0.76318400 0.83684600 0.02246100 0.02689000
0 0.79394500 0.84048000 0.02343800 0.02689000
14 0.07568400 0.84702000 0.02050800 0.02398300
18 0.10058600 0.84774700 0.02148400 0.02398300
19 0.12646500 0.84883700 0.02050800 0.02470900
17 0.15234400 0.84992700 0.02148400 0.02398300
18 0.25585900 0.85465100 0.02148400 0.02470900
14 0.28271500 0.85501500 0.02246100 0.02543600
3 0.30957000 0.85646800 0.02148400 0.02543600
4 0.33642600 0.85755800 0.02246100 0.02470900
17 0.36328100 0.85864800 0.02148400 0.02543600
9 0.39062500 0.85973800 0.02148400 0.02616300
0 0.41796900 0.86082800 0.02148400 0.02543600
13 0.44628900 0.86228200 0.02148400 0.02543600
8 0.47265600 0.86337200 0.02148400 0.02616300
4 0.50146500 0.86446200 0.02246100 0.02543600
18 0.55761700 0.86700600 0.02148400 0.02616300
10 0.58740200 0.86809600 0.02246100 0.02543600
0 0.61572300 0.86918600 0.02246100 0.02616300
25 0.64550800 0.86954900 0.02343800 0.02689000
10 0.67480500 0.87173000 0.02343800 0.02689000
8 0.70459000 0.87354700 0.02441400 0.02616300
22 0.76513700 0.87754400 0.02441400 0.02689000
22 0.79541000 0.87899700 0.02441400 0.02689000
14 0.82666000 0.88117700 0.02441400 0.02689000
3 0.07324200 0.88154100 0.02148400 0.02470900
22 0.15039100 0.88553800 0.02148400 0.02543600
19 0.20214800 0.88771800 0.02148400 0.02543600
10 0.22753900 0.88880800 0.02148400 0.02470900
0 0.25390600 0.88989800 0.02148400 0.02543600
13 0.28125000 0.89098800 0.02148400 0.02470900
15 0.36230500 0.89498500 0.02148400 0.02543600
4 0.41748000 0.89716600 0.02246100 0.02689000
18 0.44482400 0.89861900 0.02246100 0.02689000
13 0.52978500 0.90298000 0.02246100 0.02689000
14 0.55761700 0.90443300 0.02343800 0.02689000
22 0.58740200 0.90588700 0.02246100 0.02689000
4 0.64502000 0.90806700 0.02246100 0.02689000
18 0.70459000 0.91133700 0.02441400 0.02761600
9 0.76611300 0.91497100 0.02441400 0.02761600
4 0.79736300 0.91715100 0.02441400 0.02761600
19 0.82763700 0.91860500 0.02441400 0.02761600
13 0.07226600 0.91533400 0.02148400 0.02398300
4 0.12304700 0.91860500 0.02148400 0.02470900
10 0.17431600 0.92187500 0.02246100 0.02543600
14 0.19970700 0.92296500 0.02246100 0.02616300
11 0.22607400 0.92441900 0.02246100 0.02616300
11 0.25244100 0.92587200 0.02246100 0.02616300
8 0.27929700 0.92732600 0.02343800 0.02616300
25 0.30712900 0.92877900 0.02246100 0.02616300
8 0.33349600 0.93023300 0.02246100 0.02616300
8 0.36084000 0.93168600 0.02246100 0.02616300
13 0.41650400 0.93459300 0.02246100 0.02616300
14 0.44335900 0.93604700 0.02343800 0.02616300
22 0.47216800 0.93750000 0.02246100 0.02616300
7 0.52832000 0.94004400 0.02343800 0.02689000
6 0.58642600 0.94367700 0.02441400 0.02689000
4 0.61523400 0.94513100 0.02343800 0.02689000
17 0.64599600 0.94731100 0.02441400 0.02834300
14 0.67480500 0.94876500 0.02539100 0.02834300
4 0.70507800 0.95058100 0.02539100 0.02761600
22 0.73632800 0.95239800 0.02539100 0.02834300
10 0.82959000 0.95784900 0.02441400 0.02761600
0 0.86084000 0.95821200 0.02636700 0.02834300
10 0.89111300 0.95966600 0.02636700 0.02834300
