7 0.11250000 0.05937500 0.03750000 0.11093750
5 0.29531250 0.06562500 0.03437500 0.11093750
5 0.65468750 0.05546875 0.03281250 0.11093750
12 0.90468750 0.07968750 0.02968750 0.11796875
0 0.11093750 0.19453125 0.03593750 0.13515625
19 0.52500000 0.20859375 0.03281250 0.11796875
14 0.05937500 0.35781250 0.03593750 0.12187500
10 0.10625000 0.35781250 0.03593750 0.12500000
12 0.61093750 0.37812500 0.03281250 0.11484375
3 0.14843750 0.53828125 0.03593750 0.12812500
17 0.19531250 0.53828125 0.03593750 0.12187500
6 0.87343750 0.55937500 0.03437500 0.12187500
12 0.14531250 0.71171875 0.03750000 0.12812500
24 0.19218750 0.71171875 0.03593750 0.13203125
18 0.38281250 0.71562500 0.03750000 0.12187500
8 0.42968750 0.71562500 0.03437500 0.12187500
11 0.09531250 0.88906250 0.03281250 0.12812500
10 0.28593750 0.89218750 0.03593750 0.12812500
10 0.56875000 0.89218750 0.03906250 0.12500000
18 0.70156250 0.89609375 0.03125000 0.12500000
12 0.74687500 0.89218750 0.03125000 0.12812500
0 0.78906250 0.89218750 0.03281250 0.12500000
11 0.87656250 0.89218750 0.03125000 0.11796875
0 0.95781250 0.89218750 0.03125000 0.12187500
