4 0.31250000 0.11111111 0.03125000 0.11458333
15 0.35468750 0.11458333 0.03281250 0.12152778
14 0.39687500 0.12152778 0.03281250 0.12152778
17 0.43906250 0.12152778 0.03125000 0.11805556
19 0.48125000 0.12500000 0.03437500 0.11805556
4 0.80937500 0.14583333 0.03125000 0.11458333
15 0.05781250 0.26736111 0.03125000 0.12152778
19 0.05937500 0.42708333 0.03125000 0.11458333
11 0.43906250 0.43750000 0.03281250 0.11805556
11 0.48125000 0.44097222 0.03593750 0.11458333
12 0.56093750 0.44097222 0.03437500 0.11805556
24 0.60312500 0.44444444 0.03125000 0.11805556
14 0.30937500 0.59027778 0.03125000 0.10763889
13 0.35312500 0.59027778 0.03281250 0.11111111
0 0.10156250 0.73958333 0.02968750 0.10763889
24 0.14218750 0.73958333 0.03281250 0.11458333
11 0.47656250 0.75000000 0.03437500 0.11111111
11 0.51875000 0.90277778 0.03437500 0.11458333
