6 0.12343750 0.15937500 0.03125000 0.12187500
17 0.23906250 0.15625000 0.03593750 0.11796875
0 0.32187500 0.15625000 0.03281250 0.12500000
2 0.36093750 0.15312500 0.03281250 0.12187500
17 0.40156250 0.14609375 0.03281250 0.11796875
0 0.56093750 0.14609375 0.03125000 0.11796875
5 0.60312500 0.14218750 0.03437500 0.11093750
17 0.64375000 0.14218750 0.03125000 0.11484375
8 0.68437500 0.14609375 0.03593750 0.11796875
2 0.72343750 0.14609375 0.03437500 0.12500000
0 0.76250000 0.13906250 0.02968750 0.12187500
4 0.06562500 0.44453125 0.03281250 0.12500000
5 0.10625000 0.44062500 0.03750000 0.12187500
18 0.31406250 0.44062500 0.03593750 0.13203125
0 0.39843750 0.43437500 0.03437500 0.11796875
13 0.43750000 0.43437500 0.03125000 0.11796875
22 0.65000000 0.43046875 0.03437500 0.12812500
17 0.73125000 0.43437500 0.03281250 0.12812500
7 0.01562500 0.59062500 0.02812500 0.12500000
14 0.05156250 0.59062500 0.03437500 0.11796875
11 0.09687500 0.59062500 0.03906250 0.12500000
3 0.13750000 0.59375000 0.03125000 0.11796875
18 0.17968750 0.59375000 0.03593750 0.11796875
18 0.26875000 0.59062500 0.03281250 0.11093750
3 0.35156250 0.59062500 0.03437500 0.11796875
18 0.52343750 0.59375000 0.03125000 0.12812500
3 0.56406250 0.59375000 0.03593750 0.13203125
3 0.69375000 0.59062500 0.03281250 0.12500000
8 0.73593750 0.58671875 0.03437500 0.12500000
18 0.78125000 0.58671875 0.03437500 0.12812500
10 0.82187500 0.58359375 0.03281250 0.12812500
14 0.86250000 0.58359375 0.03593750 0.12187500
0 0.04843750 0.74687500 0.03437500 0.12500000
2 0.08906250 0.75312500 0.03437500 0.12187500
10 0.13125000 0.75312500 0.03437500 0.11484375
4 0.17343750 0.75312500 0.03281250 0.12187500
19 0.21718750 0.75312500 0.03750000 0.12812500
0 0.35156250 0.75000000 0.03593750 0.12187500
13 0.39375000 0.74687500 0.03750000 0.12500000
4 0.56718750 0.74687500 0.03593750 0.12187500
3 0.82968750 0.74296875 0.03906250 0.12500000
14 0.91562500 0.74687500 0.03593750 0.13203125
19 0.07968750 0.92031250 0.03750000 0.12812500
14 0.12343750 0.92031250 0.03750000 0.13515625
13 0.16718750 0.92031250 0.03593750 0.13203125
8 0.34687500 0.91640625 0.03281250 0.12500000
6 0.43750000 0.91640625 0.03750000 0.13203125
20 0.48125000 0.92031250 0.03750000 0.13906250
4 0.52500000 0.91328125 0.03750000 0.13515625
18 0.57031250 0.91640625 0.03593750 0.13515625
18 0.61562500 0.91640625 0.03593750 0.13906250
