8 0.09062500 0.23611111 0.03593750 0.11805556
11 0.17656250 0.24305556 0.03593750 0.12152778
15 0.48437500 0.24652778 0.03437500 0.12500000
24 0.40000000 0.40277778 0.03281250 0.11805556
11 0.04531250 0.39930556 0.03750000 0.12152778
2 0.08750000 0.56944444 0.03437500 0.11805556
19 0.35468750 0.56944444 0.03593750 0.12500000
13 0.48750000 0.56597222 0.03750000 0.11111111
20 0.69687500 0.56597222 0.03437500 0.12500000
19 0.65468750 0.72916667 0.03437500 0.12152778
15 0.57187500 0.73263889 0.03437500 0.12847222
4 0.52656250 0.72916667 0.03593750 0.12152778
17 0.48593750 0.72569444 0.03593750 0.11458333
20 0.26562500 0.73263889 0.03593750 0.12152778
10 0.15156250 0.89583333 0.03437500 0.12152778
