23 0.10625000 0.13515625 0.03281250 0.12500000
18 0.18125000 0.13203125 0.03437500 0.11093750
9 0.29843750 0.13906250 0.03437500 0.11484375
0 0.33906250 0.13515625 0.03593750 0.11484375
2 0.37812500 0.13515625 0.03593750 0.11796875
14 0.41562500 0.13203125 0.03437500 0.11093750
1 0.45625000 0.13203125 0.03593750 0.11093750
17 0.57656250 0.13203125 0.03281250 0.11484375
14 0.61562500 0.12812500 0.03281250 0.10781250
8 0.49687500 0.28125000 0.02968750 0.11093750
13 0.33906250 0.28125000 0.03125000 0.10781250
19 0.25937500 0.28125000 0.03437500 0.11796875
18 0.22031250 0.28125000 0.03437500 0.11093750
13 0.18125000 0.28125000 0.03281250 0.10781250
7 0.14375000 0.28125000 0.03281250 0.11093750
14 0.10625000 0.28437500 0.03906250 0.11093750
9 0.07187500 0.28437500 0.02968750 0.11093750
11 0.03593750 0.43046875 0.03281250 0.11484375
8 0.06875000 0.43046875 0.02968750 0.11093750
21 0.10468750 0.43046875 0.03281250 0.11093750
12 0.25937500 0.43046875 0.02968750 0.10781250
18 0.41718750 0.43437500 0.03125000 0.11093750
3 0.57812500 0.43046875 0.03281250 0.11796875
0 0.77656250 0.43437500 0.02968750 0.12187500
0 0.25937500 0.57656250 0.02968750 0.10781250
3 0.14375000 0.57656250 0.03281250 0.10781250
8 0.06875000 0.57656250 0.03125000 0.10781250
2 0.25781250 0.72578125 0.02968750 0.10781250
7 0.37812500 0.72890625 0.02968750 0.10781250
4 0.41718750 0.72578125 0.02968750 0.10781250
18 0.73750000 0.72890625 0.03437500 0.11484375
21 0.81562500 0.72890625 0.03281250 0.11093750
8 0.89531250 0.73281250 0.02968750 0.11484375
2 0.93125000 0.72890625 0.03125000 0.11796875
11 0.96875000 0.87500000 0.03125000 0.10781250
11 0.93125000 0.87500000 0.02968750 0.11093750
13 0.85468750 0.87812500 0.03437500 0.11093750
14 0.81562500 0.87500000 0.03281250 0.10781250
19 0.73750000 0.87812500 0.03437500 0.11484375
22 0.65781250 0.87812500 0.03437500 0.10781250
18 0.57656250 0.87812500 0.03281250 0.10390625
13 0.49687500 0.87500000 0.03281250 0.10390625
15 0.41875000 0.87812500 0.03281250 0.10390625
13 0.29843750 0.87812500 0.03125000 0.10390625
17 0.10625000 0.87187500 0.03281250 0.11093750
6 0.06875000 0.86796875 0.03125000 0.11093750
19 0.03593750 0.86796875 0.02812500 0.11093750
