8 0.19687500 0.15625000 0.02968750 0.10763889
22 0.27812500 0.16666667 0.03750000 0.11458333
19 0.35625000 0.17361111 0.03593750 0.12152778
7 0.42968750 0.18402778 0.03125000 0.09722222
14 0.46875000 0.18750000 0.03125000 0.11111111
4 0.54375000 0.19097222 0.02812500 0.11111111
13 0.23437500 0.30555556 0.03437500 0.12500000
14 0.27343750 0.30555556 0.03281250 0.11111111
11 0.31250000 0.31250000 0.03125000 0.11111111
3 0.35156250 0.31597222 0.03125000 0.11111111
18 0.42968750 0.32291667 0.03593750 0.11458333
12 0.50625000 0.32986111 0.03750000 0.10763889
14 0.54062500 0.32986111 0.03125000 0.11111111
12 0.57812500 0.33333333 0.04062500 0.12152778
8 0.65000000 0.33680556 0.03593750 0.11805556
18 0.68750000 0.34027778 0.03281250 0.11805556
3 0.76093750 0.34722222 0.03281250 0.11111111
3 0.83593750 0.35416667 0.02968750 0.11458333
4 0.15000000 0.44444444 0.03281250 0.12152778
8 0.18906250 0.44444444 0.03593750 0.11458333
19 0.27187500 0.45486111 0.03906250 0.11805556
13 0.46562500 0.46527778 0.03125000 0.11111111
14 0.50312500 0.46527778 0.02968750 0.10069444
14 0.86875000 0.49305556 0.03125000 0.09722222
3 0.94531250 0.49652778 0.02500000 0.09027778
19 0.10625000 0.59027778 0.03281250 0.11111111
13 0.18593750 0.58680556 0.03593750 0.11458333
0 0.26875000 0.59375000 0.03750000 0.11458333
19 0.26562500 0.74305556 0.03750000 0.12500000
2 0.42343750 0.74305556 0.03437500 0.11458333
4 0.46093750 0.74305556 0.03437500 0.12152778
12 0.50000000 0.75000000 0.03750000 0.12500000
4 0.53750000 0.75000000 0.03750000 0.12500000
19 0.57500000 0.75000000 0.03437500 0.12500000
24 0.64843750 0.75000000 0.03593750 0.12500000
14 0.90312500 0.76388889 0.02812500 0.10763889
13 0.86562500 0.76388889 0.02812500 0.11111111
3 0.97656250 0.77083333 0.02500000 0.09722222
13 0.34062500 0.89583333 0.03437500 0.12152778
19 0.42187500 0.89583333 0.03125000 0.10763889
11 0.53750000 0.89236111 0.03281250 0.11111111
4 0.61250000 0.89583333 0.02812500 0.11458333
21 0.64687500 0.89583333 0.02812500 0.11111111
4 0.68437500 0.89583333 0.02656250 0.11458333
7 0.75781250 0.90277778 0.02656250 0.11111111
