22 0.26250000 0.21180556 0.03437500 0.12152778
19 0.77656250 0.30208333 0.02656250 0.10416667
14 0.97031250 0.34027778 0.02656250 0.10069444
4 0.13593750 0.32986111 0.03437500 0.11805556
1 0.21718750 0.34027778 0.03750000 0.11805556
18 0.41406250 0.37500000 0.02968750 0.11111111
19 0.52500000 0.39236111 0.03125000 0.10763889
15 0.59687500 0.40277778 0.02656250 0.10763889
10 0.12968750 0.47916667 0.03750000 0.11805556
22 0.37187500 0.51736111 0.03125000 0.11111111
0 0.52031250 0.53472222 0.02968750 0.10416667
20 0.70000000 0.55555556 0.02812500 0.10763889
4 0.24687500 0.64583333 0.03125000 0.12847222
