15 0.20166000 0.07521800 0.02441400 0.02689000
14 0.22900400 0.07594500 0.02441400 0.02689000
8 0.25732400 0.07667200 0.02441400 0.02689000
25 0.28515600 0.07739800 0.02539100 0.02689000
3 0.31445300 0.07739800 0.02539100 0.02689000
15 0.39746100 0.07885200 0.02539100 0.02689000
14 0.42724600 0.07921500 0.02441400 0.02761600
3 0.45556600 0.07957800 0.02441400 0.02689000
7 0.48535200 0.07994200 0.02539100 0.02616300
14 0.54296900 0.08321200 0.02539100 0.02689000
3 0.57128900 0.08466600 0.02539100 0.02689000
8 0.60058600 0.08648300 0.02539100 0.02616300
19 0.62988300 0.08829900 0.02539100 0.02689000
10 0.68457000 0.09011600 0.02539100 0.02616300
12 0.74121100 0.09266000 0.02539100 0.02689000
0 0.76855500 0.09338700 0.02539100 0.02689000
11 0.79785200 0.09484000 0.02539100 0.02689000
4 0.82763700 0.09629400 0.02636700 0.02689000
13 0.85644500 0.09774700 0.02539100 0.02689000
13 0.88525400 0.09920100 0.02441400 0.02689000
10 0.94091800 0.09992700 0.02441400 0.02689000
4 0.34228500 0.14970900 0.02441400 0.02616300
0 0.39697300 0.14898300 0.02441400 0.02616300
22 0.42871100 0.14861900 0.02343800 0.02689000
6 0.45703100 0.14825600 0.02343800 0.02616300
20 0.48632800 0.14825600 0.02343800 0.02616300
18 0.51416000 0.14825600 0.02441400 0.02616300
19 0.54296900 0.14825600 0.02343800 0.02616300
0 0.57324200 0.14825600 0.02343800 0.02616300
15 0.14111300 0.18641000 0.02441400 0.02689000
14 0.17089800 0.18641000 0.02343800 0.02689000
3 0.19970700 0.18568300 0.02441400 0.02689000
11 0.28369100 0.18641000 0.02441400 0.02689000
10 0.31298800 0.18641000 0.02441400 0.02689000
14 0.34228500 0.18641000 0.02441400 0.02689000
15 0.42919900 0.18495600 0.02441400 0.02689000
17 0.45605500 0.18423000 0.02343800 0.02689000
14 0.48486300 0.18423000 0.02441400 0.02689000
1 0.51416000 0.18423000 0.02441400 0.02689000
4 0.54345700 0.18423000 0.02441400 0.02689000
9 0.57275400 0.18423000 0.02441400 0.02689000
0 0.60107400 0.18495600 0.02441400 0.02689000
11 0.62890600 0.18495600 0.02343800 0.02689000
0 0.65771500 0.18532000 0.02441400 0.02761600
12 0.71630900 0.18532000 0.02441400 0.02761600
10 0.80322300 0.18459300 0.02441400 0.02761600
0 0.83154300 0.18423000 0.02441400 0.02834300
22 0.14013700 0.22274700 0.02441400 0.02689000
14 0.16943400 0.22274700 0.02441400 0.02689000
22 0.19873000 0.22347400 0.02441400 0.02689000
19 0.22705100 0.22420100 0.02441400 0.02689000
14 0.25537100 0.22420100 0.02441400 0.02689000
1 0.28369100 0.22456400 0.02441400 0.02616300
20 0.31396500 0.22347400 0.02441400 0.02689000
18 0.34228500 0.22420100 0.02441400 0.02689000
18 0.40136700 0.22347400 0.02343800 0.02689000
4 0.42822300 0.22274700 0.02441400 0.02689000
11 0.45605500 0.22274700 0.02343800 0.02689000
0 0.48486300 0.22274700 0.02441400 0.02689000
3 0.54492200 0.22238400 0.02343800 0.02761600
4 0.57421900 0.22238400 0.02343800 0.02761600
22 0.60205100 0.22202000 0.02441400 0.02689000
14 0.63037100 0.22202000 0.02441400 0.02689000
16 0.65771500 0.22202000 0.02441400 0.02689000
10 0.68652300 0.22202000 0.02343800 0.02689000
0 0.71630900 0.22202000 0.02441400 0.02689000
20 0.14013700 0.25908400 0.02441400 0.02689000
16 0.16943400 0.25908400 0.02441400 0.02689000
4 0.19873000 0.25908400 0.02441400 0.02689000
13 0.22705100 0.25908400 0.02441400 0.02689000
8 0.25683600 0.26017400 0.02343800 0.02616300
10 0.28418000 0.26053800 0.02343800 0.02689000
18 0.34277300 0.25981100 0.02343800 0.02689000
19 0.37207000 0.25981100 0.02343800 0.02689000
17 0.42871100 0.25944800 0.02343800 0.02761600
15 0.48632800 0.25908400 0.02343800 0.02689000
11 0.54394500 0.25908400 0.02343800 0.02689000
18 0.63085900 0.25944800 0.02343800 0.02616300
3 0.68896500 0.25981100 0.02246100 0.02689000
14 0.71777300 0.25908400 0.02343800 0.02689000
18 0.74755900 0.25835800 0.02441400 0.02689000
10 0.77685500 0.25835800 0.02441400 0.02689000
8 0.80615200 0.25835800 0.02441400 0.02689000
22 0.13916000 0.29433100 0.02441400 0.02761600
14 0.16943400 0.29505800 0.02441400 0.02761600
25 0.19873000 0.29505800 0.02441400 0.02761600
22 0.25634800 0.29578500 0.02441400 0.02761600
14 0.28515600 0.29578500 0.02539100 0.02761600
25 0.31445300 0.29651200 0.02343800 0.02616300
8 0.34277300 0.29614800 0.02343800 0.02689000
19 0.37207000 0.29578500 0.02343800 0.02616300
22 0.42968800 0.29469500 0.02343800 0.02689000
14 0.45800800 0.29469500 0.02343800 0.02689000
25 0.48730500 0.29469500 0.02343800 0.02689000
14 0.51464800 0.29469500 0.02343800 0.02689000
10 0.54394500 0.29614800 0.02343800 0.02689000
22 0.60253900 0.29542200 0.02343800 0.02689000
14 0.63085900 0.29542200 0.02343800 0.02689000
25 0.65966800 0.29542200 0.02441400 0.02689000
13 0.68847700 0.29542200 0.02343800 0.02689000
8 0.71875000 0.29433100 0.02343800 0.02616300
2 0.74804700 0.29360500 0.02343800 0.02616300
0 0.77685500 0.29360500 0.02441400 0.02616300
11 0.34277300 0.36700600 0.02343800 0.02761600
4 0.37304700 0.36664200 0.02343800 0.02689000
19 0.40039100 0.36627900 0.02343800 0.02761600
14 0.42919900 0.36627900 0.02441400 0.02761600
12 0.45800800 0.36627900 0.02343800 0.02761600
22 0.16845700 0.40334300 0.02441400 0.02761600
8 0.19873000 0.40334300 0.02441400 0.02761600
19 0.22802700 0.40334300 0.02441400 0.02761600
8 0.31494100 0.40407000 0.02441400 0.02761600
25 0.40136700 0.40407000 0.02343800 0.02761600
14 0.42968800 0.40407000 0.02343800 0.02761600
9 0.51611300 0.40370600 0.02441400 0.02834300
8 0.54492200 0.40407000 0.02343800 0.02761600
22 0.57373000 0.40407000 0.02441400 0.02761600
20 0.60302700 0.40407000 0.02441400 0.02761600
19 0.63134800 0.40370600 0.02441400 0.02834300
20 0.68994100 0.40370600 0.02441400 0.02834300
17 0.74755900 0.40334300 0.02441400 0.02761600
4 0.77783200 0.40298000 0.02441400 0.02834300
10 0.80664100 0.40298000 0.02539100 0.02834300
8 0.83593800 0.40298000 0.02539100 0.02834300
17 0.13818400 0.44222400 0.02441400 0.02834300
4 0.16845700 0.44222400 0.02441400 0.02834300
1 0.19775400 0.44258700 0.02441400 0.02761600
19 0.25634800 0.44295100 0.02441400 0.02834300
0 0.28418000 0.44295100 0.02343800 0.02834300
22 0.34326200 0.44295100 0.02441400 0.02834300
18 0.37207000 0.44295100 0.02343800 0.02834300
19 0.40039100 0.44295100 0.02343800 0.02834300
0 0.42871100 0.44331400 0.02343800 0.02761600
19 0.48730500 0.44331400 0.02343800 0.02761600
17 0.54589800 0.44331400 0.02343800 0.02761600
0 0.57421900 0.44331400 0.02343800 0.02761600
13 0.60253900 0.44331400 0.02343800 0.02761600
14 0.63085900 0.44331400 0.02343800 0.02761600
22 0.13769500 0.48401200 0.02343800 0.02761600
8 0.16748000 0.48401200 0.02441400 0.02761600
19 0.19726600 0.48364800 0.02343800 0.02834300
8 0.28466800 0.48364800 0.02441400 0.02834300
3 0.31347700 0.48401200 0.02343800 0.02761600
19 0.37109400 0.48401200 0.02343800 0.02761600
20 0.42968800 0.48328500 0.02343800 0.02761600
3 0.45703100 0.48328500 0.02343800 0.02761600
8 0.48681600 0.48328500 0.02441400 0.02761600
19 0.51562500 0.48328500 0.02343800 0.02761600
17 0.60253900 0.48328500 0.02343800 0.02761600
1 0.66015600 0.48328500 0.02343800 0.02761600
20 0.68896500 0.48364800 0.02441400 0.02834300
25 0.13769500 0.52180200 0.02343800 0.02761600
14 0.16748000 0.52143900 0.02246100 0.02689000
17 0.25488300 0.52107600 0.02343800 0.02761600
22 0.28418000 0.52107600 0.02343800 0.02761600
19 0.34179700 0.52107600 0.02343800 0.02761600
2 0.39941400 0.52107600 0.02343800 0.02761600
22 0.42871100 0.52071200 0.02343800 0.02689000
4 0.45800800 0.52071200 0.02343800 0.02689000
19 0.48632800 0.52143900 0.02343800 0.02689000
