12 0.28984375 0.07265625 0.03593750 0.12031250
24 0.33671875 0.07265625 0.04375000 0.14375000
3 0.42656250 0.07421875 0.04375000 0.13593750
0 0.47187500 0.07421875 0.03750000 0.13593750
3 0.51640625 0.07343750 0.03750000 0.13437500
11 0.60625000 0.07109375 0.03437500 0.14218750
11 0.65234375 0.07031250 0.04218750 0.13281250
18 0.73906250 0.07421875 0.04062500 0.12500000
10 0.78437500 0.07265625 0.03906250 0.12812500
8 0.82656250 0.07578125 0.03281250 0.12187500
3 0.86875000 0.07578125 0.03750000 0.12187500
14 0.95078125 0.07890625 0.03593750 0.13437500
18 0.11484375 0.25781250 0.03906250 0.13593750
20 0.15468750 0.24921875 0.03281250 0.12968750
4 0.24375000 0.24453125 0.03750000 0.13750000
13 0.28359375 0.41250000 0.03906250 0.14531250
0 0.33125000 0.41328125 0.04218750 0.14687500
0 0.38046875 0.40781250 0.04062500 0.14687500
22 0.42578125 0.40781250 0.03750000 0.13593750
22 0.47421875 0.40468750 0.04062500 0.15312500
22 0.51562500 0.40546875 0.03750000 0.14375000
22 0.56406250 0.40468750 0.03906250 0.13437500
4 0.79375000 0.40859375 0.03906250 0.13750000
24 0.83593750 0.40703125 0.04375000 0.13437500
1 0.88125000 0.40546875 0.03437500 0.13750000
14 0.92031250 0.40390625 0.03750000 0.13906250
3 0.96328125 0.40546875 0.03750000 0.13281250
13 0.28281250 0.58671875 0.03906250 0.14375000
8 0.42734375 0.57968750 0.03593750 0.13593750
18 0.51796875 0.57812500 0.04218750 0.15468750
3 0.56171875 0.57968750 0.03906250 0.14687500
19 0.65703125 0.57031250 0.04062500 0.16250000
14 0.79531250 0.57187500 0.04375000 0.12968750
4 0.88359375 0.56796875 0.03750000 0.12968750
22 0.97187500 0.56875000 0.04062500 0.14687500
5 0.09921875 0.76093750 0.03750000 0.13750000
17 0.14218750 0.76250000 0.03593750 0.13437500
14 0.18359375 0.76015625 0.03750000 0.14687500
13 0.23203125 0.75468750 0.04062500 0.14687500
19 0.27968750 0.75312500 0.04375000 0.13750000
18 0.37812500 0.75390625 0.03906250 0.15156250
19 0.47187500 0.75312500 0.03593750 0.13750000
6 0.93281250 0.74843750 0.03750000 0.14062500
23 0.27812500 0.93359375 0.04375000 0.13281250
18 0.37734375 0.93203125 0.04062500 0.13593750
13 0.46953125 0.92812500 0.04375000 0.14375000
17 0.56796875 0.92656250 0.04062500 0.14687500
4 0.61640625 0.93046875 0.03906250 0.13906250
24 0.71250000 0.92500000 0.04375000 0.15000000
