0 0.12500000 0.07885200 0.01953100 0.02107600
3 0.15380900 0.07812500 0.01855500 0.02107600
19 0.34179700 0.10537800 0.02148400 0.02470900
0 0.36865200 0.10465100 0.02050800 0.02470900
17 0.39648400 0.10465100 0.02148400 0.02470900
0 0.42431600 0.10428800 0.02050800 0.02398300
10 0.45117200 0.10392400 0.01953100 0.02325600
0 0.47998000 0.10319800 0.02050800 0.02325600
13 0.50781200 0.10210800 0.02148400 0.02252900
8 0.53710900 0.10065400 0.02148400 0.02398300
23 0.56445300 0.10065400 0.02148400 0.02252900
4 0.59277300 0.10029100 0.02148400 0.02325600
16 0.31103500 0.17478200 0.02246100 0.02689000
0 0.33984400 0.17369200 0.02148400 0.02616300
18 0.36718800 0.17332800 0.02148400 0.02543600
19 0.39453100 0.17260200 0.02148400 0.02543600
15 0.47705100 0.17078500 0.02246100 0.02616300
4 0.50732400 0.16969500 0.02246100 0.02543600
17 0.53466800 0.16933100 0.02246100 0.02616300
22 0.56396500 0.16860500 0.02246100 0.02616300
0 0.59326200 0.16787800 0.02246100 0.02616300
4 0.09228500 0.24454900 0.02246100 0.02398300
7 0.11914100 0.24454900 0.02148400 0.02398300
0 0.14502000 0.24382300 0.02246100 0.02398300
11 0.17187500 0.24345900 0.02148400 0.02470900
8 0.19970700 0.24309600 0.02246100 0.02398300
12 0.25537100 0.24200600 0.02246100 0.02470900
4 0.28369100 0.24127900 0.02246100 0.02325600
3 0.31201200 0.24091600 0.02246100 0.02398300
22 0.33984400 0.24055200 0.02148400 0.02325600
4 0.36816400 0.24018900 0.02148400 0.02398300
3 0.39550800 0.23982600 0.02148400 0.02325600
8 0.42285200 0.23946200 0.02148400 0.02398300
13 0.09033200 0.31395300 0.02246100 0.02470900
0 0.11865200 0.31359000 0.02246100 0.02398300
22 0.17041000 0.31322700 0.02246100 0.02470900
4 0.19970700 0.31322700 0.02246100 0.02470900
11 0.22802700 0.31250000 0.02246100 0.02470900
14 0.25537100 0.31286300 0.02246100 0.02398300
18 0.28369100 0.31213700 0.02246100 0.02398300
8 0.31201200 0.31286300 0.02246100 0.02398300
15 0.34082000 0.31177300 0.02148400 0.02470900
4 0.36865200 0.31177300 0.02246100 0.02470900
3 0.39697300 0.31141000 0.02246100 0.02398300
4 0.42529300 0.31141000 0.02246100 0.02398300
0 0.08837900 0.38372100 0.02246100 0.02470900
25 0.14306600 0.38299400 0.02246100 0.02470900
0 0.16845700 0.38299400 0.02246100 0.02470900
13 0.22509800 0.38226700 0.02246100 0.02470900
8 0.25439500 0.38226700 0.02246100 0.02470900
12 0.28271500 0.38190400 0.02246100 0.02543600
8 0.31201200 0.38154100 0.02246100 0.02470900
10 0.36865200 0.38154100 0.02246100 0.02470900
14 0.39502000 0.38154100 0.02246100 0.02470900
19 0.42334000 0.38081400 0.02246100 0.02470900
25 0.08642600 0.45530500 0.02246100 0.02543600
0 0.11474600 0.45385200 0.02246100 0.02543600
3 0.14209000 0.45385200 0.02246100 0.02543600
14 0.16894500 0.45457800 0.02148400 0.02543600
12 0.19677700 0.45457800 0.02246100 0.02543600
13 0.25439500 0.45385200 0.02246100 0.02543600
0 0.28271500 0.45348800 0.02246100 0.02470900
15 0.31201200 0.45276200 0.02246100 0.02470900
4 0.34033200 0.45203500 0.02246100 0.02470900
17 0.36914100 0.45276200 0.02343800 0.02470900
3 0.42529300 0.45203500 0.02246100 0.02470900
0 0.08544900 0.52507300 0.02246100 0.02543600
25 0.14013700 0.52579900 0.02246100 0.02543600
0 0.16748000 0.52579900 0.02246100 0.02543600
13 0.22412100 0.52434600 0.02246100 0.02543600
8 0.25341800 0.52434600 0.02246100 0.02543600
12 0.28222700 0.52398300 0.02148400 0.02470900
10 0.33984400 0.52325600 0.02148400 0.02470900
14 0.36767600 0.52325600 0.02246100 0.02470900
12 0.39550800 0.52325600 0.02148400 0.02470900
0 0.42334000 0.52289200 0.02246100 0.02543600
17 0.45166000 0.52289200 0.02246100 0.02543600
8 0.48046900 0.52252900 0.02148400 0.02470900
10 0.50927700 0.52252900 0.02246100 0.02470900
8 0.54003900 0.52252900 0.02148400 0.02470900
13 0.08349600 0.59593000 0.02246100 0.02470900
0 0.11279300 0.59629400 0.02246100 0.02543600
22 0.16699200 0.59665700 0.02148400 0.02470900
14 0.19433600 0.59665700 0.02148400 0.02470900
25 0.22314500 0.59665700 0.02246100 0.02470900
3 0.25244100 0.59665700 0.02246100 0.02470900
20 0.28076200 0.59593000 0.02246100 0.02470900
13 0.33935500 0.59556700 0.02246100 0.02543600
14 0.36767600 0.59593000 0.02246100 0.02470900
12 0.39599600 0.59556700 0.02246100 0.02398300
0 0.48095700 0.59447700 0.02246100 0.02470900
17 0.50976600 0.59484000 0.02343800 0.02543600
8 0.53955100 0.59447700 0.02246100 0.02616300
10 0.56884800 0.59411300 0.02246100 0.02543600
4 0.59863300 0.59411300 0.02343800 0.02543600
0 0.08105500 0.66933100 0.02148400 0.02470900
25 0.13867200 0.66933100 0.02148400 0.02470900
0 0.16601600 0.66933100 0.02148400 0.02470900
13 0.22216800 0.66933100 0.02246100 0.02470900
8 0.25146500 0.66933100 0.02246100 0.02616300
12 0.28027300 0.66933100 0.02343800 0.02616300
8 0.30957000 0.66933100 0.02343800 0.02616300
17 0.36669900 0.66896800 0.02246100 0.02543600
0 0.39697300 0.66933100 0.02246100 0.02616300
10 0.42431600 0.66933100 0.02246100 0.02616300
8 0.45312500 0.66969500 0.02343800 0.02543600
13 0.08007800 0.74564000 0.02148400 0.02470900
0 0.10791000 0.74418600 0.02246100 0.02616300
7 0.16308600 0.74418600 0.02343800 0.02616300
17 0.19189500 0.74345900 0.02246100 0.02616300
14 0.22070300 0.74418600 0.02343800 0.02616300
12 0.24951200 0.74454900 0.02246100 0.02689000
14 0.27783200 0.74491300 0.02246100 0.02616300
18 0.36474600 0.74491300 0.02246100 0.02470900
14 0.39355500 0.74491300 0.02343800 0.02470900
1 0.42236300 0.74491300 0.02246100 0.02470900
0 0.45166000 0.74491300 0.02246100 0.02470900
10 0.48144500 0.74600300 0.02343800 0.02543600
4 0.51171900 0.74709300 0.02343800 0.02470900
22 0.07714800 0.81649700 0.02343800 0.02689000
14 0.10644500 0.81758700 0.02343800 0.02616300
11 0.13330100 0.81831400 0.02246100 0.02616300
10 0.16162100 0.81867700 0.02246100 0.02689000
8 0.19140600 0.81904100 0.02343800 0.02616300
13 0.24853500 0.81976700 0.02246100 0.02616300
0 0.27929700 0.82085800 0.02343800 0.02689000
10 0.33593800 0.82049400 0.02343800 0.02616300
14 0.36425800 0.82158400 0.02148400 0.02689000
1 0.39306600 0.82267400 0.02246100 0.02761600
11 0.45068400 0.82303800 0.02246100 0.02689000
4 0.48095700 0.82303800 0.02246100 0.02689000
11 0.07666000 0.89207800 0.02246100 0.02543600
22 0.13427700 0.89353200 0.02246100 0.02543600
22 0.21923800 0.89534900 0.02246100 0.02616300
0 0.27734400 0.89680200 0.02343800 0.02616300
22 0.30566400 0.89716600 0.02343800 0.02834300
19 0.33544900 0.89789200 0.02246100 0.02834300
14 0.36425800 0.89825600 0.02343800 0.02907000
12 0.39404300 0.89861900 0.02246100 0.02834300
14 0.42285200 0.89898300 0.02343800 0.02907000
1 0.45312500 0.90007300 0.02343800 0.02834300
8 0.48242200 0.90225300 0.02539100 0.03125000
11 0.51318400 0.90225300 0.02441400 0.03125000
4 0.54345700 0.90261600 0.02441400 0.03052300
