3 0.04062500 0.25000000 0.03593750 0.12847222
7 0.13750000 0.27083333 0.03906250 0.14583333
11 0.56093750 0.28125000 0.04218750 0.12847222
12 0.64218750 0.29861111 0.03593750 0.12847222
3 0.72656250 0.30208333 0.02968750 0.11458333
8 0.76875000 0.30902778 0.03281250 0.11458333
9 0.03750000 0.42708333 0.03437500 0.13541667
18 0.13593750 0.57291667 0.03906250 0.13541667
6 0.27968750 0.59027778 0.03906250 0.13541667
13 0.37187500 0.59375000 0.03437500 0.12152778
8 0.59062500 0.61805556 0.03281250 0.12500000
11 0.13593750 0.73958333 0.04218750 0.12847222
24 0.27500000 0.75347222 0.03593750 0.12500000
22 0.54375000 0.76736111 0.03437500 0.11458333
0 0.75625000 0.78819444 0.03281250 0.11458333
