13 0.12031250 0.21875000 0.03125000 0.11093750
18 0.23125000 0.21562500 0.02968750 0.10781250
7 0.38281250 0.19765625 0.03125000 0.11093750
3 0.46250000 0.19453125 0.03281250 0.11796875
18 0.08281250 0.36484375 0.03125000 0.11484375
20 0.15468750 0.36093750 0.03437500 0.11484375
11 0.23281250 0.35078125 0.04218750 0.13515625
19 0.38437500 0.34375000 0.03593750 0.13203125
17 0.46250000 0.33671875 0.03281250 0.12812500
4 0.50312500 0.34375000 0.03593750 0.13203125
18 0.53906250 0.33671875 0.03593750 0.13203125
14 0.08125000 0.51015625 0.02812500 0.11796875
13 0.11875000 0.51015625 0.03750000 0.11093750
12 0.19062500 0.50312500 0.03281250 0.12187500
24 0.23125000 0.50703125 0.03125000 0.12187500
17 0.34531250 0.49687500 0.03593750 0.12187500
4 0.38437500 0.49687500 0.03437500 0.12187500
4 0.42343750 0.49296875 0.03281250 0.12500000
18 0.50468750 0.49296875 0.03437500 0.11796875
15 0.54531250 0.48281250 0.03125000 0.12187500
4 0.58281250 0.48281250 0.03281250 0.11484375
19 0.70625000 0.47890625 0.03750000 0.12812500
5 0.08125000 0.65312500 0.03281250 0.11484375
3 0.15312500 0.65625000 0.02968750 0.11796875
8 0.38593750 0.64609375 0.03125000 0.12500000
11 0.46250000 0.64218750 0.03750000 0.13203125
4 0.50625000 0.63906250 0.03437500 0.13203125
23 0.66718750 0.62812500 0.03593750 0.13515625
18 0.75312500 0.63203125 0.03437500 0.12812500
8 0.04531250 0.80546875 0.02968750 0.11796875
5 0.07968750 0.80234375 0.03281250 0.12187500
17 0.19062500 0.80234375 0.03750000 0.13203125
4 0.22812500 0.80234375 0.03125000 0.13203125
1 0.26875000 0.80546875 0.03750000 0.12812500
4 0.30781250 0.80546875 0.03593750 0.12812500
0 0.38437500 0.79531250 0.03593750 0.13515625
18 0.46562500 0.80234375 0.03593750 0.13203125
0 0.50781250 0.79843750 0.03750000 0.13515625
22 0.55156250 0.78828125 0.03593750 0.12500000
12 0.62812500 0.78437500 0.03750000 0.12187500
4 0.66718750 0.78828125 0.03593750 0.12500000
2 0.42500000 0.94453125 0.03437500 0.11093750
14 0.46562500 0.94062500 0.03437500 0.11796875
4 0.54687500 0.93750000 0.03437500 0.12187500
18 0.92656250 0.94062500 0.03906250 0.11796875
