14 0.33906250 0.10763889 0.02656250 0.09027778
14 0.71718750 0.11805556 0.02500000 0.09027778
17 0.93125000 0.10763889 0.02656250 0.09027778
4 0.97187500 0.23611111 0.02656250 0.09027778
18 0.78906250 0.24305556 0.02343750 0.09027778
15 0.71875000 0.24652778 0.02500000 0.08680556
14 0.75468750 0.24305556 0.02343750 0.08680556
18 0.61406250 0.25000000 0.02500000 0.09027778
24 0.54687500 0.24652778 0.02343750 0.08333333
4 0.47812500 0.24305556 0.02500000 0.09027778
13 0.11718750 0.35069444 0.02656250 0.09375000
14 0.15156250 0.35416667 0.02656250 0.09027778
19 0.18906250 0.35416667 0.02656250 0.09375000
4 0.22656250 0.35069444 0.02656250 0.09375000
1 0.26406250 0.35069444 0.02500000 0.09375000
14 0.30156250 0.35763889 0.02656250 0.09027778
14 0.33906250 0.35763889 0.02812500 0.09027778
10 0.37343750 0.36111111 0.02500000 0.09027778
10 0.20000000 0.48611111 0.02656250 0.10416667
1 0.29843750 0.48958333 0.02656250 0.09722222
13 0.58281250 0.63194444 0.02656250 0.09027778
10 0.19687500 0.62500000 0.02343750 0.09027778
8 0.37031250 0.76388889 0.02500000 0.09027778
10 0.54843750 0.76388889 0.02500000 0.09027778
22 0.44375000 0.76388889 0.02500000 0.08680556
19 0.68906250 0.76736111 0.02656250 0.09027778
18 0.72500000 0.76736111 0.02500000 0.08680556
8 0.76093750 0.76736111 0.02187500 0.08680556
3 0.79531250 0.76388889 0.02343750 0.09027778
10 0.75781250 0.63541667 0.02343750 0.09027778
20 0.65156250 0.63194444 0.02343750 0.08333333
4 0.83281250 0.76388889 0.02656250 0.08333333
8 0.94218750 0.76736111 0.02187500 0.08333333
14 0.94531250 0.90277778 0.02343750 0.08680556
11 0.90781250 0.90277778 0.02187500 0.09027778
3 0.83593750 0.90625000 0.02343750 0.09027778
18 0.65625000 0.89930556 0.02343750 0.08680556
8 0.62031250 0.90277778 0.02187500 0.08333333
17 0.58437500 0.89930556 0.02500000 0.08680556
24 0.40937500 0.49652778 0.02343750 0.09027778
