0 0.03906250 0.19531250 0.04843750 0.11250000
1 0.13281250 0.18906250 0.04218750 0.10937500
2 0.22500000 0.19218750 0.05625000 0.12421875
3 0.31875000 0.18906250 0.04843750 0.11796875
4 0.41250000 0.18671875 0.04843750 0.11250000
5 0.50625000 0.18906250 0.04218750 0.11250000
6 0.59843750 0.18671875 0.03593750 0.10078125
7 0.69062500 0.18906250 0.04218750 0.10390625
8 0.78437500 0.18671875 0.03750000 0.10078125
9 0.87656250 0.18671875 0.05000000 0.11796875
10 0.97187500 0.18671875 0.04218750 0.12734375
11 0.03906250 0.55937500 0.04218750 0.12109375
12 0.13281250 0.55937500 0.04375000 0.11796875
13 0.22500000 0.55937500 0.04375000 0.12734375
14 0.31875000 0.55312500 0.04687500 0.12109375
15 0.41562500 0.55937500 0.05000000 0.11796875
16 0.50625000 0.55625000 0.04062500 0.11250000
17 0.59843750 0.55312500 0.03750000 0.12421875
18 0.69062500 0.55312500 0.04062500 0.11562500
20 0.87656250 0.55625000 0.03437500 0.11250000
21 0.96875000 0.55000000 0.06093750 0.12109375
22 0.36718750 0.92578125 0.04687500 0.12109375
23 0.45937500 0.92031250 0.03437500 0.12734375
24 0.55156250 0.92343750 0.04531250 0.11562500
25 0.64531250 0.92343750 0.03750000 0.11562500
