21 0.21484375 0.76250000 0.09375000 0.10781250
7 0.14531250 0.47656250 0.06875000 0.08593750
11 0.62656250 0.47578125 0.07500000 0.07656250
17 0.51250000 0.62187500 0.09375000 0.09687500
6 0.86953125 0.35781250 0.07656250 0.08281250
19 0.77109375 0.62968750 0.09531250 0.09843750
15 0.25390625 0.61640625 0.09062500 0.09687500
18 0.63750000 0.62343750 0.09062500 0.09843750
12 0.74921875 0.47500000 0.07500000 0.08906250
14 0.11953125 0.61953125 0.08281250 0.08750000
24 0.59765625 0.76796875 0.09687500 0.10781250
20 0.89140625 0.63203125 0.10000000 0.10937500
16 0.38046875 0.61718750 0.08281250 0.08906250
25 0.72705185 0.77033218 0.11653894 0.11588537
23 0.46707347 0.76871483 0.10062254 0.11736412
22 0.33720031 0.76586193 0.11466285 0.11604666
0 0.17456630 0.35614954 0.08424203 0.08213402
1 0.28513402 0.35636933 0.09711232 0.08696194
2 0.39219166 0.36163622 0.08892216 0.08871904
3 0.50392939 0.36605041 0.08541213 0.08691396
4 0.62853742 0.36328184 0.08892216 0.08542779
5 0.75256049 0.35814912 0.09126209 0.09042566
8 0.26114844 0.47520142 0.10764260 0.09862681
9 0.38049138 0.47838308 0.09828243 0.09401929
10 0.50451440 0.48105782 0.09126218 0.08866982
13 0.88253287 0.48079704 0.10276412 0.09445888
