17 0.10312500 0.09722222 0.03125000 0.12152778
4 0.35781250 0.09375000 0.03437500 0.12152778
3 0.44531250 0.09722222 0.03437500 0.11805556
4 0.61718750 0.10069444 0.03281250 0.11111111
19 0.70468750 0.10069444 0.03281250 0.11458333
11 0.92031250 0.10069444 0.03593750 0.11805556
15 0.22812500 0.25000000 0.03593750 0.11805556
20 0.40156250 0.25694444 0.03281250 0.11458333
4 0.61562500 0.25694444 0.03281250 0.11111111
13 0.79218750 0.26041667 0.03437500 0.11805556
15 0.87812500 0.26041667 0.03281250 0.11805556
13 0.26875000 0.41666667 0.03593750 0.11805556
0 0.22656250 0.41666667 0.03593750 0.11805556
19 0.18125000 0.57986111 0.03281250 0.11805556
18 0.26875000 0.57986111 0.03437500 0.11458333
13 0.44375000 0.58333333 0.03593750 0.11111111
4 0.48750000 0.58333333 0.03437500 0.11458333
15 0.75000000 0.59027778 0.03437500 0.11805556
19 0.96718750 0.59027778 0.03281250 0.11458333
18 0.10000000 0.74305556 0.03281250 0.11805556
4 0.13750000 0.73958333 0.03125000 0.11805556
12 0.22187500 0.74305556 0.03437500 0.11458333
19 0.75000000 0.75347222 0.03593750 0.11458333
11 0.09687500 0.89930556 0.03437500 0.11458333
8 0.13593750 0.90277778 0.03125000 0.11111111
5 0.17812500 0.90277778 0.03281250 0.11111111
4 0.22187500 0.90625000 0.03281250 0.11458333
7 0.30781250 0.90972222 0.03750000 0.11805556
4 0.35312500 0.90972222 0.03437500 0.11805556
5 0.44062500 0.90972222 0.03437500 0.11805556
4 0.48437500 0.90972222 0.03437500 0.11805556
11 0.52812500 0.91319444 0.03593750 0.11805556
19 0.57343750 0.90972222 0.03437500 0.11805556
24 0.70625000 0.91666667 0.03750000 0.12152778
15 0.83906250 0.91666667 0.03281250 0.11805556
7 0.92500000 0.92013889 0.03281250 0.11458333
