16 0.08642600 0.07667200 0.01855500 0.02834300
4 0.12060500 0.07558100 0.01855500 0.02761600
18 0.15576200 0.07485500 0.01855500 0.02761600
19 0.19091800 0.07485500 0.01855500 0.02761600
22 0.22802700 0.07412800 0.01855500 0.02761600
4 0.26513700 0.07340100 0.01855500 0.02761600
13 0.30175800 0.07485500 0.01757800 0.02761600
13 0.33691400 0.07485500 0.01757800 0.02761600
14 0.37353500 0.07630800 0.01855500 0.02761600
22 0.51855500 0.07921500 0.01757800 0.02761600
14 0.55468800 0.07885200 0.01757800 0.02689000
13 0.62744100 0.07812500 0.01855500 0.02689000
4 0.66357400 0.07776200 0.01855500 0.02761600
10 0.73291000 0.07848800 0.01855500 0.02761600
17 0.08544900 0.12572700 0.01855500 0.02907000
4 0.11962900 0.12500000 0.01855500 0.02907000
25 0.15429700 0.12427300 0.01953100 0.02907000
14 0.18994100 0.12282000 0.01855500 0.02907000
11 0.22607400 0.12318300 0.01855500 0.02979700
2 0.30029300 0.12427300 0.01855500 0.02907000
8 0.33691400 0.12463700 0.01757800 0.02834300
8 0.40918000 0.12645300 0.01757800 0.02907000
10 0.47949200 0.12863400 0.01757800 0.02907000
17 0.55566400 0.13081400 0.01757800 0.02907000
4 0.59033200 0.12972400 0.01660200 0.02834300
3 0.62646500 0.12863400 0.01660200 0.02907000
0 0.66308600 0.12754400 0.01757800 0.02834300
10 0.69775400 0.12827000 0.01855500 0.02834300
2 0.73486300 0.12827000 0.01855500 0.02834300
8 0.77148400 0.12899700 0.01757800 0.02834300
8 0.80712900 0.12972400 0.01855500 0.02834300
15 0.08398400 0.17623500 0.01757800 0.02979700
14 0.11865200 0.17550900 0.01855500 0.02979700
19 0.18896500 0.17332800 0.01855500 0.02979700
4 0.22509800 0.17369200 0.01855500 0.02907000
17 0.26171900 0.17405500 0.01953100 0.02979700
17 0.33593800 0.17514500 0.01953100 0.02907000
8 0.37207000 0.17550900 0.01953100 0.02979700
19 0.40869100 0.17732600 0.01855500 0.02907000
14 0.44482400 0.17841600 0.01855500 0.02979700
17 0.48046900 0.17877900 0.01757800 0.02907000
8 0.51611300 0.17841600 0.01660200 0.02834300
8 0.55273400 0.17841600 0.01757800 0.02834300
15 0.62548800 0.17841600 0.01660200 0.02834300
14 0.66210900 0.17768900 0.01757800 0.02689000
5 0.73486300 0.17841600 0.01660200 0.02689000
0 0.77002000 0.17914200 0.01660200 0.02689000
12 0.80615200 0.17950600 0.01660200 0.02761600
8 0.84130900 0.17986900 0.01660200 0.02689000
11 0.08154300 0.22492700 0.01855500 0.02979700
8 0.11767600 0.22492700 0.01855500 0.02979700
8 0.15283200 0.22456400 0.01855500 0.02907000
15 0.22314500 0.22456400 0.01855500 0.02907000
14 0.25927700 0.22529100 0.01855500 0.02907000
5 0.33398400 0.22601700 0.01757800 0.02907000
14 0.37060500 0.22674400 0.01855500 0.02907000
19 0.40673800 0.22747100 0.01855500 0.02907000
14 0.44238300 0.22892400 0.01757800 0.02761600
6 0.47949200 0.22892400 0.01757800 0.02761600
17 0.51562500 0.22892400 0.01757800 0.02761600
0 0.55078100 0.22892400 0.01757800 0.02761600
5 0.58789100 0.22892400 0.01757800 0.02761600
8 0.62451200 0.22892400 0.01855500 0.02761600
8 0.66162100 0.22892400 0.01660200 0.02761600
20 0.15136700 0.32630800 0.01953100 0.02907000
19 0.18652300 0.32703500 0.01953100 0.02907000
10 0.22216800 0.32739800 0.01855500 0.02979700
0 0.25830100 0.32812500 0.01855500 0.02979700
0 0.40527300 0.32994200 0.01757800 0.02907000
18 0.47802700 0.33103200 0.01660200 0.02834300
10 0.51318400 0.33139500 0.01660200 0.02761600
11 0.54834000 0.33066900 0.01660200 0.02761600
18 0.69433600 0.33139500 0.01757800 0.02761600
14 0.73193400 0.33139500 0.01660200 0.02761600
18 0.08105500 0.37754400 0.01757800 0.02979700
22 0.11523400 0.37790700 0.01757800 0.02907000
14 0.15039100 0.37681700 0.01757800 0.02979700
4 0.18701200 0.37718000 0.01855500 0.02907000
18 0.29589800 0.37863400 0.01757800 0.02907000
4 0.33252000 0.37863400 0.01855500 0.02907000
12 0.36865200 0.37936000 0.01855500 0.02907000
4 0.44238300 0.38008700 0.01757800 0.02907000
0 0.61962900 0.38154100 0.01660200 0.02761600
18 0.69482400 0.38154100 0.01855500 0.02761600
10 0.72949200 0.38154100 0.01757800 0.02761600
11 0.76562500 0.38190400 0.01757800 0.02834300
14 0.08105500 0.42732600 0.01757800 0.02907000
19 0.11474600 0.42659900 0.01855500 0.02907000
15 0.14990200 0.42732600 0.01855500 0.02907000
17 0.18554700 0.42696200 0.01757800 0.02979700
0 0.22216800 0.42732600 0.01855500 0.02907000
22 0.25878900 0.42805200 0.01757800 0.02907000
8 0.29492200 0.42841600 0.01757800 0.02834300
11 0.33056600 0.42877900 0.01855500 0.02907000
0 0.36669900 0.42950600 0.01855500 0.02907000
18 0.40429700 0.42950600 0.01757800 0.02907000
10 0.51171900 0.43095900 0.01757800 0.02907000
10 0.58349600 0.43095900 0.01855500 0.02761600
0 0.61816400 0.43095900 0.01757800 0.02761600
13 0.65576200 0.43095900 0.01855500 0.02761600
0 0.69189500 0.43095900 0.01855500 0.02761600
22 0.72998000 0.43095900 0.01855500 0.02761600
4 0.76562500 0.43204900 0.01757800 0.02689000
0 0.14941400 0.47747100 0.01757800 0.02907000
18 0.22119100 0.47819800 0.01855500 0.02907000
10 0.25732400 0.47892400 0.01855500 0.02907000
11 0.29345700 0.47892400 0.01855500 0.02907000
13 0.14941400 0.52798000 0.01757800 0.02834300
0 0.18408200 0.52798000 0.01855500 0.02834300
22 0.25830100 0.52870600 0.01855500 0.02834300
4 0.29443400 0.52870600 0.01855500 0.02834300
19 0.33056600 0.52943300 0.01855500 0.02834300
22 0.36767600 0.52943300 0.01855500 0.02834300
7 0.47558600 0.52979700 0.01757800 0.02761600
15 0.65429700 0.53161300 0.01757800 0.02834300
15 0.76318400 0.53234000 0.01660200 0.02834300
15 0.08056600 0.57667200 0.01855500 0.02834300
14 0.11474600 0.57739800 0.01855500 0.02834300
22 0.18603500 0.57812500 0.01855500 0.02834300
4 0.22168000 0.57885200 0.01757800 0.02834300
19 0.25830100 0.57885200 0.01855500 0.02834300
22 0.29443400 0.57885200 0.01855500 0.02834300
12 0.47460900 0.57994200 0.01757800 0.02761600
3 0.65380900 0.58103200 0.01660200 0.02834300
15 0.76220700 0.58357600 0.01660200 0.02761600
18 0.90576200 0.58284900 0.01660200 0.02761600
22 0.08105500 0.62681700 0.01757800 0.02834300
4 0.11523400 0.62681700 0.01757800 0.02834300
19 0.14941400 0.62754400 0.01757800 0.02834300
22 0.18554700 0.62754400 0.01757800 0.02834300
12 0.25683600 0.62827000 0.01757800 0.02834300
8 0.33007800 0.62899700 0.01757800 0.02834300
19 0.47265600 0.63008700 0.01757800 0.02907000
15 0.58056600 0.63045100 0.01660200 0.02834300
2 0.68847700 0.63226700 0.01757800 0.02761600
18 0.76074200 0.63226700 0.01757800 0.02761600
10 0.79589800 0.63226700 0.01757800 0.02761600
11 0.83203100 0.63226700 0.01757800 0.02761600
25 0.08105500 0.67587200 0.01757800 0.02907000
22 0.11572300 0.67768900 0.01855500 0.02834300
4 0.14941400 0.67768900 0.01757800 0.02834300
17 0.18457000 0.67805200 0.01757800 0.02907000
4 0.29296900 0.67914200 0.01757800 0.02834300
17 0.47216800 0.67986900 0.01660200 0.02834300
15 0.57910200 0.68168600 0.01757800 0.02907000
10 0.72363300 0.68168600 0.01757800 0.02907000
25 0.08105500 0.72565400 0.01757800 0.02834300
22 0.11523400 0.72565400 0.01757800 0.02834300
4 0.14990200 0.72638100 0.01660200 0.02834300
17 0.18457000 0.72710800 0.01757800 0.02834300
12 0.29199200 0.72856100 0.01757800 0.02834300
3 0.43554700 0.73001500 0.01757800 0.02834300
15 0.54345700 0.73219500 0.01660200 0.02834300
14 0.68652300 0.73146800 0.01757800 0.02834300
25 0.08203100 0.77325600 0.01757800 0.02761600
22 0.11523400 0.77579900 0.01757800 0.02834300
4 0.14941400 0.77616300 0.01757800 0.02761600
17 0.18457000 0.77652600 0.01757800 0.02834300
7 0.29199200 0.77761600 0.01757800 0.02761600
15 0.43457000 0.77943300 0.01757800 0.02834300
18 0.68554700 0.78088700 0.01757800 0.02834300
14 0.72119100 0.78088700 0.01855500 0.02834300
25 0.08252000 0.82194800 0.01660200 0.02761600
22 0.11621100 0.82303800 0.01757800 0.02834300
4 0.15039100 0.82412800 0.01757800 0.02761600
17 0.18457000 0.82521800 0.01757800 0.02834300
12 0.29199200 0.82667200 0.01757800 0.02834300
8 0.32812500 0.82739800 0.01757800 0.02834300
19 0.47021500 0.82921500 0.01855500 0.02761600
15 0.57763700 0.82848800 0.01855500 0.02761600
14 0.08789100 0.87136600 0.01757800 0.02761600
1 0.12207000 0.87209300 0.01757800 0.02761600
0 0.18994100 0.87500000 0.01855500 0.02761600
17 0.22607400 0.87500000 0.01855500 0.02761600
19 0.29736300 0.87572700 0.01855500 0.02761600
8 0.33349600 0.87572700 0.01855500 0.02761600
11 0.36962900 0.87645300 0.01855500 0.02761600
11 0.40576200 0.87572700 0.01855500 0.02761600
4 0.43994100 0.87645300 0.01855500 0.02761600
17 0.47607400 0.87718000 0.01855500 0.02761600
8 0.51123000 0.87718000 0.01855500 0.02761600
8 0.54736300 0.87645300 0.01855500 0.02761600
22 0.08935500 0.91787800 0.01855500 0.02616300
4 0.12207000 0.92042200 0.01953100 0.02689000
19 0.15625000 0.92114800 0.01953100 0.02689000
22 0.19189500 0.92114800 0.01855500 0.02689000
12 0.29736300 0.92223800 0.01855500 0.02616300
8 0.33154300 0.92260200 0.01855500 0.02689000
