19 0.70000000 0.38437500 0.05625000 0.14531250
13 0.75625000 0.38437500 0.05156250 0.15000000
20 0.76093750 0.55156250 0.04687500 0.14062500
0 0.70937500 0.55468750 0.05625000 0.14375000
17 0.81406250 0.20625000 0.05937500 0.14843750
9 0.64375000 0.38125000 0.05156250 0.13906250
6 0.81093750 0.37812500 0.05156250 0.14531250
4 0.81718750 0.55468750 0.05156250 0.14843750
7 0.64375000 0.56093750 0.05156250 0.13906250
14 0.70937500 0.72343750 0.05625000 0.14062500
2 0.65000000 0.72656250 0.05156250 0.14062500
19 0.77031250 0.71718750 0.05625000 0.13593750
16 0.82500000 0.72031250 0.05000000 0.13906250
17 0.88125000 0.71406250 0.04687500 0.15000000
4 0.93437500 0.70625000 0.04687500 0.12656250
11 0.87500000 0.37812500 0.05625000 0.15000000
17 0.94062500 0.86718750 0.05468750 0.14062500
16 0.82812500 0.88593750 0.05937500 0.13906250
9 0.88593750 0.87812500 0.05156250 0.14062500
8 0.77187500 0.88281250 0.04687500 0.13437500
1 0.71093750 0.88281250 0.05625000 0.14062500
