3 0.15781250 0.05555556 0.02812500 0.10763889
10 0.26718750 0.04861111 0.03281250 0.09722222
15 0.19218750 0.05555556 0.03281250 0.10763889
19 0.38281250 0.04861111 0.03281250 0.09722222
17 0.42187500 0.04861111 0.03281250 0.09722222
20 0.46250000 0.05208333 0.03437500 0.10069444
12 0.50156250 0.04861111 0.03281250 0.09722222
4 0.58125000 0.04861111 0.03593750 0.09722222
19 0.62187500 0.04861111 0.03750000 0.09722222
15 0.54218750 0.04861111 0.03750000 0.09375000
4 0.86406250 0.05555556 0.03281250 0.11111111
4 0.19218750 0.19097222 0.02968750 0.10416667
15 0.26875000 0.19444444 0.03437500 0.10416667
11 0.38437500 0.19444444 0.03593750 0.11111111
19 0.78281250 0.20486111 0.03125000 0.10416667
11 0.97812500 0.20833333 0.02500000 0.11111111
17 0.34687500 0.34375000 0.03593750 0.11458333
20 0.70156250 0.35416667 0.03125000 0.12152778
11 0.90000000 0.35763889 0.02656250 0.11805556
15 0.15781250 0.48263889 0.02812500 0.11111111
8 0.19218750 0.48611111 0.03125000 0.11111111
4 0.22968750 0.48611111 0.03437500 0.11458333
2 0.26718750 0.48611111 0.03125000 0.11111111
4 0.30468750 0.48611111 0.03281250 0.10763889
12 0.54062500 0.49652778 0.03593750 0.10416667
3 0.61875000 0.49652778 0.03593750 0.11111111
12 0.93906250 0.50347222 0.03437500 0.11111111
4 0.97656250 0.50694444 0.03125000 0.10763889
3 0.15781250 0.62847222 0.02656250 0.10763889
14 0.19218750 0.62500000 0.03125000 0.10763889
4 0.42187500 0.63194444 0.02968750 0.09722222
0 0.81718750 0.64236111 0.02968750 0.09722222
19 0.30468750 0.63888889 0.03125000 0.10416667
3 0.38437500 0.63194444 0.03125000 0.09722222
19 0.15781250 0.76736111 0.02812500 0.10416667
0 0.22812500 0.76388889 0.02500000 0.08680556
12 0.26562500 0.77777778 0.02968750 0.10069444
18 0.34218750 0.78472222 0.03125000 0.10416667
7 0.50000000 0.78472222 0.02812500 0.09722222
14 0.85625000 0.80208333 0.03125000 0.10069444
1 0.15781250 0.90972222 0.02812500 0.10416667
11 0.19218750 0.91666667 0.03281250 0.10416667
0 0.22656250 0.90972222 0.02812500 0.09027778
12 0.26562500 0.92013889 0.03437500 0.10416667
4 0.30468750 0.92013889 0.03125000 0.10416667
18 0.41875000 0.93402778 0.03437500 0.10763889
8 0.45937500 0.93402778 0.03437500 0.10416667
3 0.49843750 0.93055556 0.03125000 0.09722222
13 0.61718750 0.94097222 0.03281250 0.10069444
13 0.92968750 0.94444444 0.03281250 0.10069444
4 0.96718750 0.94097222 0.03125000 0.09722222
