3 0.10000000 0.06953125 0.03125000 0.12187500
13 0.18437500 0.06953125 0.03125000 0.12187500
22 0.22656250 0.06953125 0.03125000 0.11796875
0 0.44218750 0.07265625 0.02812500 0.12187500
19 0.66406250 0.07968750 0.03437500 0.12187500
11 0.83750000 0.08671875 0.03437500 0.12500000
11 0.87656250 0.08671875 0.03125000 0.11796875
17 0.87656250 0.25312500 0.03125000 0.11796875
0 0.91718750 0.25312500 0.03281250 0.12187500
4 0.66250000 0.24296875 0.03437500 0.12187500
15 0.18281250 0.23281250 0.03437500 0.11796875
0 0.13906250 0.23281250 0.03281250 0.11796875
11 0.13750000 0.39921875 0.02968750 0.12187500
0 0.18125000 0.39921875 0.03125000 0.12187500
15 0.35468750 0.40312500 0.03281250 0.11484375
0 0.39687500 0.39921875 0.03125000 0.11093750
9 0.65937500 0.40625000 0.03281250 0.11093750
19 0.74687500 0.40937500 0.03281250 0.11796875
18 0.91718750 0.57656250 0.03437500 0.11796875
7 0.83125000 0.57656250 0.03437500 0.11796875
20 0.48437500 0.56953125 0.03125000 0.11093750
15 0.22500000 0.56250000 0.03125000 0.11484375
11 0.18281250 0.55937500 0.03437500 0.11093750
4 0.13906250 0.55937500 0.03125000 0.11796875
7 0.09687500 0.55937500 0.03281250 0.11796875
17 0.09687500 0.71875000 0.03437500 0.11796875
14 0.13593750 0.72187500 0.02968750 0.11796875
11 0.35312500 0.72578125 0.02968750 0.11796875
17 0.61406250 0.73281250 0.03125000 0.11093750
14 0.82968750 0.89921875 0.03437500 0.12187500
14 0.18125000 0.88203125 0.03437500 0.11796875
14 0.09687500 0.87812500 0.02968750 0.11796875
