8 0.09453125 0.88750000 0.03593750 0.14062500
19 0.13828125 0.89609375 0.03750000 0.14531250
12 0.37265625 0.87734375 0.03750000 0.14218750
4 0.41875000 0.88281250 0.03906250 0.15312500
2 0.55937500 0.87109375 0.04218750 0.14062500
14 0.60546875 0.86484375 0.03750000 0.15156250
11 0.65234375 0.87187500 0.04218750 0.14218750
11 0.70078125 0.86953125 0.04375000 0.15468750
15 0.78984375 0.86562500 0.04218750 0.14687500
18 0.84062500 0.85937500 0.03750000 0.14531250
4 0.88203125 0.86406250 0.03750000 0.15000000
3 0.09765625 0.71718750 0.04062500 0.13750000
8 0.14375000 0.71640625 0.03750000 0.13750000
4 0.18828125 0.71640625 0.04062500 0.14218750
14 0.41796875 0.70546875 0.04062500 0.12656250
11 0.46562500 0.70312500 0.03750000 0.12656250
4 0.51093750 0.70234375 0.03906250 0.13593750
22 0.60390625 0.69687500 0.03906250 0.13593750
0 0.64687500 0.69531250 0.03593750 0.13437500
24 0.69218750 0.69531250 0.04062500 0.13437500
8 0.87500000 0.69140625 0.04375000 0.13593750
3 0.07109375 0.39375000 0.03906250 0.14218750
20 0.20156250 0.39296875 0.03437500 0.13437500
15 0.24609375 0.38593750 0.04218750 0.13750000
14 0.33359375 0.38046875 0.03437500 0.13125000
13 0.37734375 0.37890625 0.03906250 0.13437500
5 0.55234375 0.37187500 0.03593750 0.14687500
8 0.59687500 0.37265625 0.03593750 0.14218750
21 0.63906250 0.36796875 0.03906250 0.13437500
4 0.68515625 0.37890625 0.03906250 0.15625000
12 0.76875000 0.36640625 0.03593750 0.12656250
8 0.81484375 0.36250000 0.03125000 0.13437500
11 0.85390625 0.36093750 0.03750000 0.13281250
4 0.89609375 0.36250000 0.04218750 0.14062500
11 0.03828125 0.23437500 0.03906250 0.13437500
4 0.07968750 0.24218750 0.03593750 0.12656250
8 0.24843750 0.22734375 0.03437500 0.11875000
8 0.59296875 0.21953125 0.03593750 0.12656250
12 0.67500000 0.21562500 0.03593750 0.12968750
0 0.71796875 0.22031250 0.03593750 0.12812500
3 0.76171875 0.21484375 0.03593750 0.13281250
4 0.80234375 0.21328125 0.03593750 0.12500000
0 0.88750000 0.21328125 0.03906250 0.13125000
18 0.87656250 0.07031250 0.02968750 0.11718750
9 0.79609375 0.06250000 0.03593750 0.12343750
9 0.75703125 0.07187500 0.04062500 0.12500000
3 0.71171875 0.07265625 0.04218750 0.12812500
0 0.66796875 0.06875000 0.03437500 0.12031250
5 0.46328125 0.07343750 0.03906250 0.12343750
14 0.37890625 0.07812500 0.03593750 0.12812500
14 0.17031250 0.08750000 0.03437500 0.11718750
