0 0.70996100 0.14462200 0.01757800 0.02325600
4 0.74414100 0.14607600 0.01757800 0.02325600
4 0.51269500 0.22674400 0.01757800 0.02325600
4 0.68261700 0.28052300 0.01757800 0.02325600
8 0.61425800 0.23146800 0.01757800 0.02252900
6 0.74707000 0.23655500 0.01757800 0.02252900
0 0.57910200 0.13735500 0.01757800 0.02325600
3 0.61425800 0.13880800 0.01757800 0.02325600
0 0.83886700 0.15043600 0.01757800 0.02325600
5 0.86865200 0.15189000 0.01660200 0.02325600
0 0.16503900 0.12899700 0.01562500 0.02107600
1 0.19775400 0.12718000 0.01464800 0.02180200
1 0.33691400 0.12500000 0.01562500 0.02180200
7 0.33691400 0.17441900 0.01562500 0.02180200
7 0.16503900 0.27398300 0.01562500 0.02180200
0 0.30273400 0.17369200 0.01562500 0.02180200
0 0.16552700 0.17587200 0.01464800 0.02180200
0 0.16503900 0.22456400 0.01562500 0.02180200
2 0.33837900 0.22311000 0.01464800 0.02180200
9 0.19921900 0.22311000 0.01562500 0.02180200
6 0.20019500 0.17441900 0.01562500 0.02180200
0 0.30273400 0.12572700 0.01562500 0.02180200
0 0.44238300 0.12936000 0.01562500 0.02180200
2 0.47949200 0.13008700 0.01562500 0.02180200
9 0.61425800 0.18314000 0.01562500 0.02180200
1 0.58007800 0.18168600 0.01562500 0.02180200
0 0.44238300 0.17659900 0.01562500 0.02180200
8 0.47949200 0.17732600 0.01562500 0.02180200
0 0.47558600 0.22601700 0.01562500 0.02180200
0 0.86718800 0.24055200 0.01562500 0.02180200
5 0.90185500 0.24200600 0.01660200 0.02180200
4 0.30175800 0.27361900 0.01562500 0.02398300
0 0.44238300 0.27507300 0.01562500 0.02398300
2 0.47656200 0.27579900 0.01562500 0.02398300
6 0.57959000 0.27798000 0.01660200 0.02398300
0 0.80957000 0.28343000 0.01562500 0.02325600
1 0.83984400 0.28379400 0.01562500 0.02252900
5 0.16308600 0.32013100 0.01953100 0.02543600
6 0.30127000 0.32049400 0.01660200 0.02470900
0 0.44140600 0.32340100 0.01757800 0.02616300
2 0.47656200 0.32412800 0.01757800 0.02616300
8 0.57812500 0.32630800 0.01757800 0.02616300
0 0.61084000 0.32703500 0.01660200 0.02616300
6 0.64648400 0.32739800 0.01757800 0.02689000
8 0.77783200 0.33030500 0.01660200 0.02398300
7 0.90478500 0.33393900 0.01660200 0.02398300
0 0.16308600 0.36954900 0.01757800 0.02689000
2 0.19970700 0.36991300 0.01855500 0.02761600
2 0.16357400 0.41787800 0.01855500 0.02761600
7 0.33789100 0.37100300 0.01757800 0.02689000
0 0.47753900 0.37282000 0.01757800 0.02616300
4 0.50976600 0.37354700 0.01562500 0.02470900
0 0.60888700 0.37500000 0.01660200 0.02470900
1 0.64404300 0.37572700 0.01660200 0.02470900
4 0.77685500 0.37718000 0.01660200 0.02470900
6 0.90283200 0.38154100 0.01660200 0.02470900
0 0.19726600 0.41751500 0.01757800 0.02543600
2 0.23242200 0.41787800 0.01757800 0.02470900
5 0.37304700 0.41896800 0.01757800 0.02543600
6 0.51025400 0.42005800 0.01855500 0.02616300
17 0.23095700 0.60428800 0.01660200 0.02543600
0 0.26464800 0.60465100 0.01562500 0.02616300
8 0.33593800 0.60465100 0.01757800 0.02616300
22 0.40429700 0.60428800 0.01757800 0.02689000
0 0.43847700 0.60428800 0.01757800 0.02689000
13 0.47314500 0.60428800 0.01660200 0.02689000
8 0.57373000 0.60428800 0.01660200 0.02689000
3 0.60742200 0.60465100 0.01757800 0.02616300
20 0.63964800 0.60501500 0.01757800 0.02689000
19 0.67285200 0.60501500 0.01757800 0.02689000
22 0.74121100 0.60465100 0.01757800 0.02470900
11 0.80419900 0.60537800 0.01660200 0.02470900
4 0.83593800 0.60537800 0.01562500 0.02470900
18 0.86718800 0.60537800 0.01562500 0.02470900
17 0.16406200 0.65116300 0.01757800 0.02761600
3 0.23095700 0.65189000 0.01660200 0.02761600
14 0.26513700 0.65189000 0.01660200 0.02761600
12 0.29931600 0.65261600 0.01660200 0.02761600
1 0.36914100 0.65261600 0.01757800 0.02761600
4 0.40380900 0.65261600 0.01660200 0.02761600
9 0.43847700 0.65261600 0.01757800 0.02761600
8 0.47265600 0.65225300 0.01757800 0.02689000
19 0.50537100 0.65225300 0.01660200 0.02689000
18 0.57324200 0.65189000 0.01757800 0.02761600
14 0.60595700 0.65152600 0.01660200 0.02689000
1 0.63964800 0.65116300 0.01757800 0.02761600
0 0.67138700 0.65079900 0.01660200 0.02689000
10 0.70605500 0.65116300 0.01562500 0.02616300
0 0.73877000 0.65116300 0.01660200 0.02616300
1 0.80273400 0.65116300 0.01562500 0.02616300
8 0.83691400 0.65152600 0.01562500 0.02689000
12 0.12988300 0.69803800 0.01757800 0.02689000
10 0.16210900 0.69949100 0.01757800 0.02689000
0 0.19531200 0.69949100 0.01757800 0.02689000
15 0.33349600 0.70094500 0.01660200 0.02689000
14 0.36816400 0.70058100 0.01757800 0.02761600
22 0.43701200 0.70058100 0.01660200 0.02761600
4 0.47216800 0.70021800 0.01660200 0.02689000
19 0.50537100 0.69949100 0.01660200 0.02689000
10 0.53857400 0.69949100 0.01660200 0.02689000
0 0.57177700 0.69876500 0.01660200 0.02689000
12 0.60595700 0.69876500 0.01660200 0.02689000
18 0.67187500 0.69840100 0.01562500 0.02616300
10 0.70507800 0.69803800 0.01562500 0.02689000
0 0.73779300 0.69767400 0.01660200 0.02616300
16 0.77002000 0.69767400 0.01660200 0.02616300
20 0.80224600 0.69767400 0.01660200 0.02616300
19 0.83349600 0.69767400 0.01660200 0.02616300
17 0.13085900 0.74527600 0.01757800 0.02689000
9 0.19628900 0.74745600 0.01757800 0.02689000
8 0.22949200 0.74782000 0.01757800 0.02761600
4 0.26464800 0.74782000 0.01757800 0.02761600
1 0.33252000 0.74927300 0.01660200 0.02761600
4 0.36718800 0.74927300 0.01757800 0.02761600
11 0.40087900 0.74891000 0.01660200 0.02689000
10 0.43554700 0.74854700 0.01757800 0.02761600
8 0.47070300 0.74818300 0.01757800 0.02689000
15 0.60546900 0.74745600 0.01757800 0.02689000
14 0.63916000 0.74673000 0.01660200 0.02689000
3 0.67431600 0.74600300 0.01660200 0.02689000
18 0.77197300 0.74382300 0.01660200 0.02543600
10 0.80322300 0.74236900 0.01660200 0.02543600
7 0.83349600 0.74273300 0.01660200 0.02616300
15 0.86572300 0.74236900 0.01660200 0.02543600
13 0.13085900 0.79251500 0.01757800 0.02689000
14 0.16308600 0.79324100 0.01757800 0.02689000
17 0.19628900 0.79433100 0.01757800 0.02616300
10 0.22949200 0.79505800 0.01757800 0.02616300
0 0.26367200 0.79578500 0.01757800 0.02616300
19 0.40087900 0.79614800 0.01660200 0.02689000
0 0.43505900 0.79614800 0.01660200 0.02689000
12 0.46972700 0.79542200 0.01562500 0.02689000
20 0.53808600 0.79469500 0.01562500 0.02689000
10 0.57080100 0.79396800 0.01660200 0.02689000
17 0.60498000 0.79360500 0.01660200 0.02616300
10 0.67089800 0.79215100 0.01562500 0.02616300
8 0.70556600 0.79142400 0.01660200 0.02616300
18 0.73584000 0.79069800 0.01660200 0.02616300
18 0.83252000 0.78851700 0.01660200 0.02616300
4 0.86474600 0.78815400 0.01660200 0.02543600
7 0.13037100 0.83975300 0.01855500 0.02689000
4 0.22949200 0.84193300 0.01757800 0.02689000
9 0.33203100 0.84411300 0.01757800 0.02689000
8 0.36621100 0.84411300 0.01757800 0.02689000
10 0.40039100 0.84375000 0.01562500 0.02616300
8 0.43505900 0.84302300 0.01660200 0.02616300
12 0.57080100 0.84084300 0.01660200 0.02616300
0 0.60205100 0.84011600 0.01660200 0.02616300
11 0.63623000 0.83939000 0.01660200 0.02616300
6 0.70459000 0.83720900 0.01660200 0.02616300
8 0.73584000 0.83720900 0.01660200 0.02616300
10 0.76709000 0.83575600 0.01660200 0.02616300
0 0.79931600 0.83466600 0.01660200 0.02543600
12 0.83056600 0.83393900 0.01660200 0.02543600
14 0.13037100 0.88372100 0.01855500 0.02616300
16 0.16259800 0.88626500 0.01855500 0.02543600
4 0.19531200 0.88699100 0.01757800 0.02543600
13 0.22900400 0.88735500 0.01855500 0.02616300
8 0.33349600 0.88917200 0.01855500 0.02543600
12 0.36621100 0.88953500 0.01757800 0.02616300
19 0.43505900 0.88989800 0.01660200 0.02543600
4 0.46875000 0.88917200 0.01757800 0.02543600
14 0.50293000 0.88844500 0.01757800 0.02543600
4 0.53662100 0.88771800 0.01660200 0.02543600
18 0.56884800 0.88662800 0.01660200 0.02470900
19 0.60302700 0.88553800 0.01660200 0.02543600
14 0.63720700 0.88517400 0.01660200 0.02470900
22 0.70166000 0.88190400 0.01660200 0.02543600
11 0.76611300 0.87972400 0.01660200 0.02543600
4 0.79882800 0.87936000 0.01757800 0.02470900
18 0.83056600 0.87863400 0.01660200 0.02470900
