5 0.17343750 0.07986111 0.03281250 0.11805556
1 0.25781250 0.08680556 0.02968750 0.11111111
3 0.30468750 0.08680556 0.03437500 0.11805556
5 0.34843750 0.09027778 0.03437500 0.11805556
3 0.39531250 0.08680556 0.03593750 0.11805556
2 0.52500000 0.09027778 0.03281250 0.11458333
0 0.58750000 0.09375000 0.03281250 0.10763889
5 0.65312500 0.09722222 0.03125000 0.10763889
8 0.74218750 0.10416667 0.03281250 0.11805556
2 0.82656250 0.10069444 0.03437500 0.10763889
3 0.86718750 0.10416667 0.03281250 0.11805556
8 0.95000000 0.10416667 0.02968750 0.10763889
12 0.07968750 0.20833333 0.03750000 0.12152778
19 0.16406250 0.20486111 0.03750000 0.12500000
0 0.20937500 0.20138889 0.03437500 0.13194444
18 0.30000000 0.20833333 0.03750000 0.12500000
24 0.47968750 0.21527778 0.03750000 0.12500000
4 0.52343750 0.21527778 0.03593750 0.12847222
7 0.65468750 0.21875000 0.03281250 0.12152778
0 0.69687500 0.21527778 0.03437500 0.11805556
0 0.78593750 0.21527778 0.03437500 0.10763889
5 0.82968750 0.21527778 0.03593750 0.11805556
17 0.95781250 0.22222222 0.03750000 0.11111111
2 0.07343750 0.35763889 0.03437500 0.11805556
14 0.11406250 0.36111111 0.03750000 0.12500000
3 0.15937500 0.36111111 0.03593750 0.12500000
0 0.47812500 0.36458333 0.03281250 0.12152778
13 0.52343750 0.36805556 0.03906250 0.12500000
0 0.70156250 0.37500000 0.03437500 0.12152778
19 0.74687500 0.37847222 0.03906250 0.12847222
18 0.83750000 0.38194444 0.03593750 0.13888889
12 0.92500000 0.37847222 0.03437500 0.12152778
7 0.15312500 0.52777778 0.03281250 0.12500000
12 0.19843750 0.53125000 0.03750000 0.12500000
7 0.56875000 0.53125000 0.03906250 0.13888889
7 0.70625000 0.53472222 0.03593750 0.12847222
0 0.75156250 0.53472222 0.03437500 0.12500000
12 0.97343750 0.54166667 0.03437500 0.13194444
15 0.05625000 0.70138889 0.03906250 0.12500000
17 0.09843750 0.70138889 0.03906250 0.13541667
4 0.14531250 0.69791667 0.03750000 0.14236111
18 0.19375000 0.70833333 0.03906250 0.13888889
14 0.23906250 0.70833333 0.03906250 0.14236111
14 0.28750000 0.70833333 0.03750000 0.13541667
12 0.33750000 0.70486111 0.04062500 0.12847222
0 0.52500000 0.70486111 0.03281250 0.12500000
13 0.57031250 0.70138889 0.03750000 0.14583333
24 0.75937500 0.71180556 0.04062500 0.13888889
11 0.98281250 0.70833333 0.03437500 0.15972222
0 0.94218750 0.70833333 0.03906250 0.14583333
1 0.05156250 0.87847222 0.03437500 0.14583333
14 0.09531250 0.88888889 0.04062500 0.13194444
17 0.13906250 0.88194444 0.03750000 0.13541667
13 0.18750000 0.88541667 0.04062500 0.14236111
0 0.28906250 0.88541667 0.03750000 0.13541667
19 0.33125000 0.88888889 0.04062500 0.13888889
3 0.47656250 0.88541667 0.03750000 0.14236111
4 0.52656250 0.87500000 0.03593750 0.13888889
18 0.57343750 0.88194444 0.03906250 0.14583333
10 0.62031250 0.88541667 0.04062500 0.14236111
14 0.66718750 0.88541667 0.04375000 0.13541667
3 0.85625000 0.88888889 0.04062500 0.14583333
14 0.90312500 0.89236111 0.03750000 0.13888889
13 0.94687500 0.88888889 0.04062500 0.13888889
