0 0.80078100 0.04723800 0.02343800 0.02325600
6 0.82812500 0.04760200 0.02343800 0.02398300
13 0.06103500 0.10610500 0.02050800 0.02180200
4 0.08642600 0.10501500 0.02050800 0.02252900
1 0.13867200 0.10283400 0.02148400 0.02252900
14 0.16503900 0.10174400 0.02148400 0.02325600
19 0.21972700 0.09956400 0.02148400 0.02325600
18 0.24707000 0.09847400 0.02148400 0.02252900
1 0.32910200 0.09520300 0.02148400 0.02325600
14 0.35644500 0.09447700 0.02148400 0.02325600
3 0.43945300 0.09266000 0.02148400 0.02252900
17 0.46630900 0.09084300 0.02246100 0.02325600
0 0.49365200 0.09011600 0.02246100 0.02325600
10 0.52148400 0.08939000 0.02148400 0.02325600
8 0.54931600 0.08866300 0.02246100 0.02325600
7 0.05761700 0.17005800 0.02148400 0.02180200
14 0.08300800 0.16896800 0.02148400 0.02252900
19 0.10937500 0.16824100 0.02148400 0.02252900
8 0.19140600 0.16569800 0.02148400 0.02325600
15 0.24609400 0.16351700 0.02148400 0.02325600
19 0.30078100 0.16206400 0.02148400 0.02325600
19 0.35839800 0.16061000 0.02148400 0.02325600
18 0.38574200 0.15988400 0.02148400 0.02325600
13 0.46582000 0.15697700 0.02148400 0.02325600
0 0.49511700 0.15625000 0.02148400 0.02325600
25 0.52246100 0.15552300 0.02148400 0.02325600
0 0.55078100 0.15479700 0.02148400 0.02325600
3 0.57910200 0.15334300 0.02148400 0.02325600
13 0.05517600 0.23728200 0.02050800 0.02252900
14 0.08154300 0.23619200 0.02050800 0.02180200
20 0.13574200 0.23292200 0.02148400 0.02398300
18 0.16357400 0.23292200 0.02246100 0.02398300
0 0.19091800 0.23292200 0.02246100 0.02398300
12 0.21826200 0.23255800 0.02246100 0.02325600
8 0.24609400 0.23183100 0.02148400 0.02325600
4 0.33056600 0.22965100 0.02050800 0.02325600
22 0.35839800 0.22892400 0.02148400 0.02325600
4 0.38671900 0.22819800 0.02148400 0.02325600
11 0.41406200 0.22747100 0.02148400 0.02325600
19 0.46826200 0.22601700 0.02050800 0.02325600
8 0.05468800 0.30523300 0.02148400 0.02470900
10 0.10791000 0.30377900 0.02050800 0.02470900
17 0.13574200 0.30305200 0.02148400 0.02470900
8 0.16357400 0.30232600 0.02050800 0.02470900
16 0.19091800 0.30159900 0.02050800 0.02470900
0 0.21826200 0.30123500 0.02246100 0.02543600
19 0.24658200 0.30087200 0.02246100 0.02616300
22 0.30322300 0.29941900 0.02246100 0.02616300
4 0.33300800 0.29978200 0.02148400 0.02398300
11 0.35937500 0.29905500 0.02148400 0.02398300
8 0.38671900 0.29760200 0.02148400 0.02398300
10 0.41503900 0.29687500 0.02148400 0.02398300
0 0.44238300 0.29614800 0.02148400 0.02398300
13 0.46826200 0.29614800 0.02246100 0.02543600
20 0.49658200 0.29505800 0.02246100 0.02616300
20 0.55468800 0.29396800 0.02343800 0.02543600
18 0.58300800 0.29287800 0.02343800 0.02616300
0 0.61181600 0.29178800 0.02246100 0.02543600
19 0.63964800 0.29106100 0.02343800 0.02543600
14 0.66845700 0.28960800 0.02246100 0.02543600
12 0.69677700 0.28888100 0.02246100 0.02543600
20 0.72509800 0.28779100 0.02246100 0.02616300
13 0.08007800 0.37391000 0.02148400 0.02398300
4 0.10839800 0.37282000 0.02148400 0.02470900
10 0.16357400 0.37136600 0.02246100 0.02470900
17 0.19238300 0.37064000 0.02148400 0.02470900
8 0.22119100 0.37064000 0.02246100 0.02470900
16 0.24755900 0.37027600 0.02246100 0.02543600
8 0.27685500 0.36954900 0.02246100 0.02543600
8 0.33252000 0.36882300 0.02246100 0.02543600
13 0.38818400 0.36809600 0.02246100 0.02543600
4 0.41650400 0.36700600 0.02246100 0.02470900
17 0.46972700 0.36627900 0.02148400 0.02470900
16 0.52685500 0.36482600 0.02246100 0.02470900
8 0.55566400 0.36409900 0.02148400 0.02470900
12 0.05322300 0.44295100 0.02246100 0.02398300
8 0.13623000 0.44186000 0.02246100 0.02470900
18 0.19189500 0.44113400 0.02246100 0.02470900
0 0.22021500 0.44040700 0.02246100 0.02470900
12 0.24853500 0.44004400 0.02246100 0.02398300
8 0.27685500 0.43968000 0.02246100 0.02470900
20 0.33300800 0.43859000 0.02148400 0.02398300
18 0.36132800 0.43822700 0.02148400 0.02470900
0 0.38964800 0.43750000 0.02148400 0.02470900
16 0.41748000 0.43713700 0.02246100 0.02398300
8 0.44531200 0.43677300 0.02148400 0.02470900
12 0.05175800 0.51344500 0.02148400 0.02398300
14 0.08056600 0.51271800 0.02246100 0.02398300
9 0.10791000 0.51235500 0.02246100 0.02470900
4 0.13623000 0.51199100 0.02246100 0.02398300
12 0.16455100 0.51162800 0.02246100 0.02470900
12 0.22119100 0.51126500 0.02246100 0.02398300
8 0.30615200 0.50944800 0.02246100 0.02470900
18 0.36377000 0.50944800 0.02246100 0.02470900
0 0.39209000 0.50872100 0.02246100 0.02470900
12 0.42041000 0.50835800 0.02246100 0.02398300
8 0.44873000 0.50799400 0.02246100 0.02470900
4 0.07959000 0.58430200 0.02246100 0.02325600
22 0.10839800 0.58393900 0.02148400 0.02398300
4 0.13574200 0.58321200 0.02148400 0.02398300
11 0.16503900 0.58248500 0.02148400 0.02398300
8 0.19335900 0.58212200 0.02148400 0.02325600
19 0.22119100 0.58139500 0.02246100 0.02325600
20 0.30615200 0.58284900 0.02246100 0.02470900
18 0.33447300 0.58212200 0.02246100 0.02470900
0 0.36279300 0.58175900 0.02246100 0.02543600
12 0.39209000 0.58103200 0.02246100 0.02543600
8 0.42041000 0.58066900 0.02246100 0.02470900
8 0.05029300 0.65734000 0.02441400 0.02689000
13 0.10742200 0.65625000 0.02343800 0.02761600
0 0.13525400 0.65516000 0.02246100 0.02543600
25 0.16308600 0.65552300 0.02343800 0.02761600
0 0.19140600 0.65479700 0.02343800 0.02616300
3 0.22119100 0.65479700 0.02441400 0.02761600
4 0.27929700 0.65407000 0.02343800 0.02616300
23 0.30664100 0.65334300 0.02343800 0.02616300
3 0.39306600 0.65152600 0.02246100 0.02543600
0 0.42236300 0.65225300 0.02246100 0.02543600
11 0.44970700 0.65116300 0.02441400 0.02616300
4 0.53466800 0.64970900 0.02246100 0.02470900
15 0.59277300 0.64934600 0.02343800 0.02543600
14 0.62304700 0.64970900 0.02343800 0.02616300
15 0.65136700 0.64898300 0.02539100 0.02616300
19 0.71044900 0.64898300 0.02441400 0.02616300
8 0.73925800 0.64898300 0.02343800 0.02616300
11 0.76904300 0.64898300 0.02441400 0.02616300
8 0.79931600 0.64898300 0.02441400 0.02616300
18 0.82959000 0.64861900 0.02441400 0.02689000
8 0.04834000 0.72928800 0.02246100 0.02543600
18 0.10351600 0.72856100 0.02148400 0.02543600
10 0.13330100 0.72892400 0.02246100 0.02616300
0 0.16162100 0.72856100 0.02246100 0.02689000
25 0.18994100 0.72819800 0.02246100 0.02616300
0 0.21923800 0.72819800 0.02246100 0.02616300
11 0.24658200 0.72783400 0.02246100 0.02689000
6 0.30712900 0.72710800 0.02246100 0.02689000
8 0.33544900 0.72638100 0.02246100 0.02689000
15 0.36474600 0.72638100 0.02246100 0.02689000
15 0.39355500 0.72565400 0.02343800 0.02689000
14 0.42187500 0.72565400 0.02343800 0.02689000
15 0.44970700 0.72529100 0.02246100 0.02761600
14 0.47753900 0.72529100 0.02343800 0.02616300
19 0.50634800 0.72492700 0.02246100 0.02689000
0 0.53564500 0.72456400 0.02246100 0.02616300
12 0.56591800 0.72456400 0.02246100 0.02616300
10 0.04687500 0.80377900 0.02148400 0.02616300
17 0.07470700 0.80377900 0.02246100 0.02616300
14 0.10400400 0.80341600 0.02246100 0.02543600
10 0.13183600 0.80341600 0.02148400 0.02543600
14 0.16064500 0.80341600 0.02246100 0.02543600
3 0.18994100 0.80305200 0.02246100 0.02616300
8 0.21826200 0.80232600 0.02246100 0.02470900
11 0.24755900 0.80232600 0.02246100 0.02470900
0 0.27685500 0.80377900 0.02246100 0.02470900
12 0.30664100 0.80305200 0.02148400 0.02325600
8 0.36425800 0.80123500 0.02148400 0.02398300
10 0.42285200 0.80087200 0.02148400 0.02325600
8 0.45214800 0.80087200 0.02148400 0.02325600
19 0.47949200 0.80087200 0.02148400 0.02325600
0 0.50781200 0.80014500 0.02148400 0.02325600
12 0.53759800 0.80087200 0.02246100 0.02616300
10 0.07470700 0.87754400 0.02246100 0.02689000
19 0.10253900 0.87827000 0.02343800 0.02689000
14 0.13134800 0.87827000 0.02246100 0.02689000
25 0.18798800 0.87863400 0.02246100 0.02761600
11 0.21826200 0.87899700 0.02246100 0.02689000
14 0.24707000 0.87899700 0.02343800 0.02689000
3 0.27832000 0.87863400 0.02343800 0.02616300
4 0.30615200 0.87863400 0.02246100 0.02616300
13 0.39453100 0.87790700 0.02343800 0.02616300
4 0.42334000 0.87827000 0.02246100 0.02834300
1 0.48046900 0.87827000 0.02343800 0.02834300
14 0.51025400 0.87899700 0.02441400 0.02834300
8 0.53955100 0.87899700 0.02441400 0.02834300
19 0.56884800 0.87899700 0.02441400 0.02834300
18 0.60009800 0.87863400 0.02441400 0.02761600
