21 0.20625000 0.13593750 0.10781250 0.19843750
4 0.33750000 0.13437500 0.11406250 0.20625000
4 0.57187500 0.11718750 0.11406250 0.20625000
4 0.81562500 0.11250000 0.11250000 0.19687500
7 0.06875000 0.41875000 0.10312500 0.19687500
14 0.20625000 0.41562500 0.11250000 0.20625000
19 0.33437500 0.40937500 0.11250000 0.20156250
17 0.46250000 0.40312500 0.11250000 0.20625000
4 0.58750000 0.40000000 0.10468750 0.21093750
1 0.07500000 0.71875000 0.11406250 0.21250000
0 0.20625000 0.71250000 0.10937500 0.21875000
2 0.33593750 0.69843750 0.10937500 0.22500000
10 0.46718750 0.69843750 0.10468750 0.22031250
13 0.92968750 0.10781250 0.09375000 0.19375000
