3 0.21562500 0.39583333 0.04531250 0.13888889
11 0.17187500 0.39583333 0.03437500 0.14236111
14 0.12968750 0.39930556 0.03437500 0.12847222
13 0.08750000 0.40277778 0.03437500 0.13541667
7 0.43437500 0.37847222 0.03750000 0.12847222
4 0.48125000 0.37152778 0.03593750 0.13541667
17 0.56875000 0.36458333 0.04062500 0.12847222
8 0.61250000 0.36458333 0.03281250 0.12152778
3 0.65625000 0.36458333 0.03906250 0.13541667
4 0.70156250 0.36458333 0.03906250 0.12152778
18 0.74843750 0.36805556 0.04218750 0.12847222
7 0.04062500 0.55902778 0.03281250 0.13541667
18 0.12500000 0.55902778 0.03437500 0.12847222
4 0.16875000 0.55208333 0.03437500 0.12847222
4 0.03593750 0.72569444 0.04062500 0.12847222
22 0.11875000 0.72222222 0.03750000 0.13194444
0 0.16562500 0.72569444 0.03906250 0.14930556
24 0.20468750 0.72222222 0.03437500 0.14583333
21 0.02656250 0.89930556 0.02656250 0.12847222
19 0.11093750 0.89583333 0.03593750 0.14236111
17 0.29062500 0.89236111 0.03750000 0.14236111
13 0.43125000 0.88888889 0.03750000 0.14236111
2 0.52656250 0.89236111 0.04375000 0.14236111
19 0.62187500 0.88541667 0.04062500 0.13541667
17 0.66718750 0.88194444 0.04062500 0.13888889
24 0.71718750 0.88194444 0.03906250 0.13888889
