19 0.25468750 0.10390625 0.03437500 0.11484375
22 0.30000000 0.10781250 0.03593750 0.12187500
3 0.34375000 0.10390625 0.03437500 0.12187500
7 0.43125000 0.10390625 0.03281250 0.11796875
1 0.61093750 0.10078125 0.03750000 0.12187500
17 0.65312500 0.10078125 0.03437500 0.11796875
20 0.70000000 0.10078125 0.03437500 0.12187500
10 0.74687500 0.10078125 0.03750000 0.12500000
18 0.87812500 0.09687500 0.03593750 0.11796875
11 0.96406250 0.10078125 0.03281250 0.11484375
6 0.16562500 0.26718750 0.03437500 0.11484375
9 0.30000000 0.27812500 0.03437500 0.11796875
0 0.34375000 0.27421875 0.03437500 0.12187500
2 0.38906250 0.27109375 0.03593750 0.11796875
15 0.78906250 0.26406250 0.03437500 0.12187500
1 0.08281250 0.43750000 0.03750000 0.11484375
11 0.21093750 0.43750000 0.03437500 0.12187500
3 0.60937500 0.43437500 0.03437500 0.11796875
4 0.74375000 0.43437500 0.03593750 0.12187500
18 0.83125000 0.43046875 0.03281250 0.12187500
4 0.87812500 0.43437500 0.03281250 0.11796875
4 0.92031250 0.43437500 0.03281250 0.11796875
0 0.04218750 0.60078125 0.03281250 0.11093750
4 0.43281250 0.60078125 0.03437500 0.11093750
3 0.52187500 0.60078125 0.03281250 0.11484375
4 0.65468750 0.60078125 0.03750000 0.11093750
7 0.08593750 0.76718750 0.03437500 0.12187500
8 0.21562500 0.76406250 0.03281250 0.11093750
18 0.25937500 0.76718750 0.03593750 0.11796875
20 0.34687500 0.76718750 0.03593750 0.11796875
18 0.56718750 0.76015625 0.03281250 0.11484375
11 0.65625000 0.76406250 0.03750000 0.11796875
19 0.69843750 0.76406250 0.03281250 0.11093750
18 0.25937500 0.93437500 0.03281250 0.11484375
4 0.39218750 0.92734375 0.03437500 0.11796875
3 0.65468750 0.92734375 0.03437500 0.11484375
11 0.83281250 0.92734375 0.03750000 0.11796875
15 0.95781250 0.92343750 0.03437500 0.11093750
