1 0.05937500 0.10390625 0.02656250 0.09687500
15 0.31562500 0.10078125 0.03281250 0.12187500
18 0.44843750 0.10078125 0.03281250 0.11484375
15 0.53750000 0.10078125 0.03281250 0.11796875
0 0.62343750 0.10078125 0.03281250 0.11093750
3 0.91093750 0.11093750 0.03125000 0.10078125
6 0.22812500 0.26406250 0.03437500 0.11796875
20 0.27187500 0.26406250 0.03281250 0.11484375
11 0.45000000 0.26406250 0.03437500 0.11484375
19 0.53750000 0.26406250 0.03281250 0.11484375
20 0.10000000 0.43750000 0.03281250 0.12812500
2 0.31718750 0.42734375 0.03593750 0.11796875
20 0.36093750 0.42734375 0.03593750 0.12187500
19 0.40625000 0.42734375 0.03437500 0.12187500
15 0.49531250 0.42734375 0.03593750 0.11796875
20 0.58281250 0.42734375 0.03437500 0.11796875
6 0.62656250 0.42343750 0.03125000 0.11484375
21 0.02343750 0.75703125 0.03125000 0.11796875
20 0.14218750 0.76015625 0.03281250 0.12812500
4 0.18437500 0.75703125 0.03125000 0.11796875
10 0.36093750 0.76015625 0.03437500 0.12187500
4 0.40468750 0.76015625 0.03437500 0.12812500
18 0.76093750 0.75312500 0.03593750 0.12187500
9 0.10156250 0.92031250 0.03125000 0.10390625
0 0.14218750 0.92031250 0.02812500 0.10781250
2 0.18437500 0.92031250 0.03125000 0.11093750
19 0.40468750 0.92734375 0.03593750 0.12500000
19 0.49531250 0.92734375 0.03593750 0.12187500
13 0.62812500 0.92343750 0.03593750 0.11796875
11 0.80937500 0.92343750 0.03906250 0.11796875
11 0.84843750 0.92343750 0.03281250 0.11796875
8 0.76250000 0.92343750 0.03125000 0.11093750
