0 0.05625000 0.11796875 0.06718750 0.17656250
1 0.15312500 0.11796875 0.05312500 0.18906250
2 0.25000000 0.11796875 0.04687500 0.15156250
3 0.35312500 0.11328125 0.05625000 0.18515625
4 0.45156250 0.11796875 0.05468750 0.16406250
5 0.55156250 0.12187500 0.05156250 0.18046875
6 0.65156250 0.11796875 0.04687500 0.16406250
7 0.75156250 0.11796875 0.05000000 0.16406250
8 0.85156250 0.11796875 0.04687500 0.15937500
9 0.95000000 0.11328125 0.04843750 0.15937500
10 0.05000000 0.44921875 0.04843750 0.18515625
11 0.14687500 0.44531250 0.04218750 0.18046875
12 0.24687500 0.44921875 0.05156250 0.18515625
13 0.35156250 0.46250000 0.05156250 0.17265625
14 0.45468750 0.45390625 0.05625000 0.16796875
15 0.55312500 0.44921875 0.05000000 0.16406250
16 0.65312500 0.44921875 0.05156250 0.16796875
17 0.75156250 0.44531250 0.04218750 0.18046875
18 0.85156250 0.45390625 0.05000000 0.17265625
19 0.95000000 0.44921875 0.05000000 0.16796875
20 0.05312500 0.77734375 0.04218750 0.18515625
21 0.15000000 0.78593750 0.05625000 0.16406250
23 0.25000000 0.78984375 0.05000000 0.17656250
24 0.35156250 0.78593750 0.04062500 0.17656250
25 0.45625000 0.79375000 0.05312500 0.16796875
22 0.55312500 0.78984375 0.04843750 0.18515625
