0 0.10000000 0.21953125 0.08437500 0.15937500
1 0.19843750 0.22187500 0.08593750 0.16328125
2 0.29531250 0.22187500 0.08593750 0.16328125
3 0.39531250 0.21953125 0.08593750 0.16328125
4 0.49531250 0.21953125 0.07812500 0.15703125
5 0.59843750 0.21953125 0.08125000 0.16796875
6 0.70000000 0.21953125 0.08906250 0.17187500
7 0.80000000 0.21953125 0.08281250 0.16796875
8 0.90156250 0.21484375 0.08281250 0.17421875
9 0.09687500 0.55937500 0.08437500 0.16562500
10 0.19687500 0.55234375 0.08593750 0.16562500
11 0.30000000 0.55468750 0.08593750 0.15937500
12 0.39843750 0.55468750 0.08906250 0.16562500
13 0.50000000 0.55468750 0.07812500 0.16328125
14 0.59687500 0.55234375 0.07812500 0.15937500
15 0.69687500 0.55468750 0.09062500 0.16562500
16 0.80000000 0.55468750 0.08906250 0.16328125
17 0.90468750 0.56328125 0.08593750 0.17421875
18 0.09218750 0.89687500 0.08125000 0.16796875
19 0.19218750 0.89062500 0.08125000 0.17421875
20 0.29531250 0.89218750 0.08281250 0.16562500
21 0.39375000 0.89218750 0.08437500 0.16796875
23 0.50000000 0.89687500 0.07812500 0.15703125
24 0.59843750 0.89921875 0.08437500 0.15703125
25 0.70000000 0.89453125 0.08281250 0.15937500
22 0.90937500 0.89218750 0.08437500 0.17656250
