8 0.10156200 0.13771800 0.01367200 0.02107600
8 0.12500000 0.13517400 0.01367200 0.02034900
0 0.85937500 0.12645300 0.01367200 0.02034900
2 0.88916000 0.12899700 0.01464800 0.02107600
6 0.15039100 0.16715100 0.01367200 0.02180200
22 0.23779300 0.16170100 0.01660200 0.02398300
15 0.29834000 0.15915700 0.01660200 0.02470900
8 0.33056600 0.15915700 0.01660200 0.02470900
8 0.39404300 0.15806700 0.01660200 0.02543600
19 0.45654300 0.15843000 0.01660200 0.02470900
14 0.48779300 0.15879400 0.01660200 0.02543600
11 0.52002000 0.15879400 0.01660200 0.02543600
10 0.58252000 0.15988400 0.01660200 0.02470900
14 0.61474600 0.16061000 0.01660200 0.02470900
19 0.67627000 0.16170100 0.01660200 0.02543600
4 0.70752000 0.16315400 0.01660200 0.02543600
20 0.76855500 0.16460800 0.01562500 0.02398300
17 0.79785200 0.16569800 0.01562500 0.02325600
0 0.82812500 0.16715100 0.01562500 0.02325600
22 0.85791000 0.16824100 0.01464800 0.02398300
13 0.04785200 0.21439000 0.01367200 0.02180200
4 0.07177700 0.21220900 0.01464800 0.02180200
13 0.09423800 0.21002900 0.01464800 0.02325600
8 0.12158200 0.20748500 0.01464800 0.02252900
17 0.20605500 0.20167200 0.01562500 0.02398300
4 0.23828100 0.20021800 0.01562500 0.02398300
4 0.29931600 0.19912800 0.01660200 0.02470900
13 0.33007800 0.19912800 0.01562500 0.02470900
8 0.36230500 0.19876500 0.01562500 0.02398300
4 0.39404300 0.19840100 0.01660200 0.02470900
12 0.42480500 0.19840100 0.01562500 0.02470900
10 0.48828100 0.19912800 0.01562500 0.02470900
14 0.51953100 0.19949100 0.01562500 0.02543600
19 0.55078100 0.19985500 0.01562500 0.02470900
14 0.58203100 0.20058100 0.01562500 0.02470900
17 0.61377000 0.20130800 0.01660200 0.02470900
7 0.67578100 0.20203500 0.01562500 0.02470900
22 0.76660200 0.20457800 0.01562500 0.02398300
11 0.79687500 0.20530500 0.01562500 0.02398300
4 0.85693400 0.20675900 0.01464800 0.02398300
19 0.88525400 0.20748500 0.01464800 0.02398300
18 0.04541000 0.25109000 0.01464800 0.02252900
16 0.12011700 0.24273300 0.01562500 0.02325600
8 0.14794900 0.24200600 0.01464800 0.02325600
18 0.17675800 0.24091600 0.01562500 0.02398300
11 0.20605500 0.24018900 0.01562500 0.02398300
14 0.23730500 0.23946200 0.01562500 0.02398300
0 0.33056600 0.23800900 0.01660200 0.02398300
7 0.36230500 0.23800900 0.01562500 0.02398300
1 0.14697300 0.28052300 0.01464800 0.02325600
6 0.17627000 0.27943300 0.01660200 0.02398300
23 0.30127000 0.27798000 0.01660200 0.02398300
8 0.42627000 0.27834300 0.01660200 0.02470900
23 0.61328100 0.28088700 0.01562500 0.02398300
1 0.73486300 0.28234000 0.01464800 0.02398300
1 0.85449200 0.28306700 0.01562500 0.02252900
9 0.88378900 0.28415700 0.01562500 0.02325600
6 0.14746100 0.31722400 0.01562500 0.02398300
9 0.17675800 0.31722400 0.01562500 0.02398300
23 0.30175800 0.31649700 0.01562500 0.02398300
5 0.42675800 0.31722400 0.01562500 0.02398300
23 0.61230500 0.31976700 0.01562500 0.02325600
7 0.73339800 0.32013100 0.01562500 0.02252900
0 0.85546900 0.32085800 0.01562500 0.02252900
9 0.88574200 0.32013100 0.01562500 0.02252900
3 0.33349600 0.39425900 0.01660200 0.02398300
23 0.45800800 0.39498500 0.01562500 0.02398300
0 0.57959000 0.39680200 0.01660200 0.02325600
3 0.61035200 0.39680200 0.01562500 0.02325600
23 0.33398400 0.43241300 0.01562500 0.02325600
6 0.45800800 0.43350300 0.01562500 0.02252900
0 0.58007800 0.43350300 0.01562500 0.02252900
7 0.60986300 0.43350300 0.01660200 0.02252900
25 0.39648400 0.50908400 0.01562500 0.02252900
0 0.42724600 0.50908400 0.01464800 0.02252900
3 0.45800800 0.50872100 0.01562500 0.02325600
0 0.48828100 0.50835800 0.01562500 0.02252900
13 0.51855500 0.50835800 0.01562500 0.02252900
8 0.54882800 0.50835800 0.01562500 0.02252900
4 0.57910200 0.50835800 0.01562500 0.02252900
15 0.17773400 0.54651200 0.01562500 0.02325600
14 0.20849600 0.54651200 0.01660200 0.02325600
22 0.24072300 0.54651200 0.01660200 0.02325600
4 0.33544900 0.54578500 0.01660200 0.02325600
13 0.36572300 0.54578500 0.01660200 0.02325600
13 0.39648400 0.54578500 0.01562500 0.02325600
14 0.42724600 0.54578500 0.01464800 0.02325600
18 0.51806600 0.54542200 0.01464800 0.02252900
11 0.54834000 0.54542200 0.01464800 0.02252900
14 0.57861300 0.54542200 0.01464800 0.02252900
9 0.60888700 0.54542200 0.01464800 0.02252900
13 0.63916000 0.54542200 0.01464800 0.02252900
14 0.66992200 0.54542200 0.01562500 0.02252900
18 0.70019500 0.54614800 0.01562500 0.02252900
19 0.72949200 0.54614800 0.01562500 0.02252900
8 0.76074200 0.54651200 0.01562500 0.02325600
7 0.14746100 0.58539200 0.01562500 0.02398300
13 0.24072300 0.58466600 0.01660200 0.02398300
0 0.27246100 0.58430200 0.01562500 0.02325600
3 0.33593800 0.58393900 0.01562500 0.02252900
8 0.36621100 0.58393900 0.01562500 0.02252900
19 0.42773400 0.58321200 0.01562500 0.02252900
17 0.45800800 0.58321200 0.01562500 0.02252900
8 0.48828100 0.58284900 0.01562500 0.02325600
14 0.54882800 0.58248500 0.01562500 0.02252900
19 0.57861300 0.58248500 0.01464800 0.02252900
22 0.60937500 0.58212200 0.01562500 0.02325600
4 0.63964800 0.58248500 0.01562500 0.02252900
19 0.66992200 0.58248500 0.01562500 0.02252900
0 0.69921900 0.58248500 0.01562500 0.02252900
13 0.76074200 0.58248500 0.01562500 0.02252900
0 0.79003900 0.58248500 0.01562500 0.02252900
22 0.85156200 0.58248500 0.01562500 0.02252900
14 0.88134800 0.58248500 0.01660200 0.02252900
15 0.02539100 0.62282000 0.01562500 0.02325600
17 0.05419900 0.62282000 0.01660200 0.02325600
14 0.08398400 0.62282000 0.01562500 0.02325600
18 0.11523400 0.62282000 0.01562500 0.02325600
