0 0.11875000 0.17812500 0.05781250 0.13359375
1 0.20625000 0.17812500 0.05156250 0.12812500
2 0.29062500 0.17812500 0.06093750 0.13125000
3 0.37500000 0.18125000 0.06093750 0.13125000
10 0.12187500 0.45156250 0.06406250 0.17265625
11 0.20781250 0.44843750 0.06406250 0.17578125
12 0.28906250 0.44843750 0.06875000 0.17812500
13 0.37343750 0.44843750 0.05937500 0.16953125
14 0.45156250 0.45156250 0.06562500 0.17812500
15 0.53750000 0.45156250 0.05937500 0.16406250
16 0.62187500 0.44843750 0.05937500 0.16718750
17 0.70468750 0.44531250 0.06875000 0.16953125
18 0.78593750 0.44843750 0.06875000 0.17578125
19 0.87187500 0.45390625 0.06562500 0.17812500
20 0.29062500 0.70781250 0.05937500 0.17812500
21 0.37343750 0.70781250 0.06718750 0.17578125
22 0.45468750 0.70468750 0.05937500 0.16953125
23 0.54375000 0.70468750 0.07031250 0.17812500
24 0.62343750 0.70781250 0.06406250 0.16718750
25 0.70937500 0.69921875 0.06875000 0.17578125
9 0.86875000 0.16171875 0.06406250 0.17265625
8 0.78437500 0.15078125 0.06250000 0.16406250
7 0.70468750 0.16406250 0.06562500 0.16953125
6 0.62187500 0.15859375 0.06093750 0.17578125
5 0.53750000 0.15625000 0.06562500 0.16171875
4 0.45625000 0.15859375 0.06562500 0.16953125
