2 0.27031250 0.06250000 0.03593750 0.12152778
0 0.35312500 0.06250000 0.03593750 0.11458333
18 0.44375000 0.06597222 0.04218750 0.12847222
14 0.52656250 0.06944444 0.03906250 0.13194444
14 0.57187500 0.07638889 0.03750000 0.12847222
13 0.61562500 0.08333333 0.03593750 0.14236111
11 0.74375000 0.07291667 0.03750000 0.12847222
6 0.91406250 0.07986111 0.03750000 0.12500000
18 0.08906250 0.22222222 0.03437500 0.11805556
3 0.13125000 0.22222222 0.03593750 0.12152778
7 0.26562500 0.21527778 0.03593750 0.12847222
21 0.35468750 0.22222222 0.03593750 0.12152778
4 0.39843750 0.22569444 0.03593750 0.12152778
24 0.44218750 0.22916667 0.03593750 0.11805556
6 0.25937500 0.37500000 0.03593750 0.12847222
3 0.44062500 0.38194444 0.03906250 0.13194444
7 0.66406250 0.38194444 0.03906250 0.13888889
14 0.70781250 0.38194444 0.03437500 0.13194444
17 0.75312500 0.38194444 0.03750000 0.12847222
13 0.79687500 0.38541667 0.03906250 0.13194444
4 0.88593750 0.38888889 0.03593750 0.13541667
5 0.92968750 0.38541667 0.03437500 0.13541667
6 0.07031250 0.54166667 0.03906250 0.13888889
14 0.11406250 0.54513889 0.03750000 0.13888889
5 0.30000000 0.53819444 0.03750000 0.13194444
6 0.61875000 0.55208333 0.03906250 0.13541667
17 0.66562500 0.54513889 0.03906250 0.13541667
1 0.75156250 0.54861111 0.03437500 0.13194444
7 0.85000000 0.54861111 0.03906250 0.14236111
14 0.89531250 0.55208333 0.03906250 0.13194444
11 0.93906250 0.54861111 0.03281250 0.13194444
3 0.98281250 0.54861111 0.03437500 0.13194444
24 0.20000000 0.71875000 0.03750000 0.13194444
5 0.34375000 0.71527778 0.03750000 0.12847222
7 0.43906250 0.71875000 0.03593750 0.12847222
4 0.48437500 0.71527778 0.03750000 0.13194444
17 0.57812500 0.71875000 0.04062500 0.14583333
20 0.62500000 0.71875000 0.03906250 0.13888889
13 0.67031250 0.71875000 0.04062500 0.13541667
15 0.85625000 0.71875000 0.03437500 0.13541667
0 0.90156250 0.72222222 0.03593750 0.12847222
2 0.94843750 0.72222222 0.03906250 0.13194444
15 0.05625000 0.89583333 0.03750000 0.13541667
10 0.14531250 0.89930556 0.04062500 0.14236111
4 0.19531250 0.89930556 0.03906250 0.14236111
24 0.24062500 0.90277778 0.03593750 0.14930556
0 0.38750000 0.89583333 0.03593750 0.14236111
1 0.43281250 0.89930556 0.03437500 0.13888889
0 0.47968750 0.89930556 0.03750000 0.13541667
19 0.57656250 0.89930556 0.04062500 0.14930556
5 0.67343750 0.90277778 0.04062500 0.15277778
8 0.72187500 0.90625000 0.03750000 0.14930556
5 0.77031250 0.90625000 0.03750000 0.14583333
19 0.81718750 0.90277778 0.03906250 0.14583333
24 0.86562500 0.89930556 0.04218750 0.14236111
19 0.95781250 0.90277778 0.03593750 0.14236111
