7 0.08593750 0.16640625 0.03281250 0.13515625
4 0.13281250 0.16640625 0.03281250 0.14218750
14 0.32500000 0.17734375 0.03750000 0.13203125
21 0.56093750 0.19062500 0.03437500 0.12812500
3 0.87187500 0.21562500 0.03281250 0.13203125
11 0.08281250 0.34375000 0.03750000 0.13203125
4 0.12968750 0.34375000 0.03593750 0.13203125
19 0.17812500 0.34375000 0.04062500 0.13203125
18 0.55937500 0.36484375 0.03437500 0.12812500
10 0.60468750 0.36484375 0.03437500 0.12812500
18 0.69687500 0.36796875 0.03281250 0.12187500
24 0.32187500 0.53125000 0.03593750 0.12812500
5 0.41875000 0.53437500 0.03437500 0.13906250
11 0.51406250 0.53437500 0.03906250 0.13203125
18 0.83437500 0.54140625 0.03125000 0.12500000
11 0.91875000 0.54843750 0.03281250 0.12500000
4 0.12187500 0.70468750 0.03750000 0.13203125
4 0.65156250 0.70859375 0.03593750 0.11796875
19 0.69843750 0.71171875 0.03437500 0.12500000
12 0.79062500 0.71562500 0.03437500 0.12812500
5 0.07031250 0.88515625 0.03906250 0.13906250
17 0.26718750 0.89609375 0.03906250 0.14218750
21 0.60468750 0.88906250 0.03750000 0.13906250
4 0.65312500 0.89218750 0.03593750 0.13906250
