8 0.17773400 0.14244200 0.02148400 0.02325600
2 0.84472700 0.12572700 0.02148400 0.02325600
4 0.87011700 0.12500000 0.02148400 0.02325600
15 0.17822300 0.17478200 0.02050800 0.02252900
17 0.20312500 0.17223800 0.02148400 0.02325600
8 0.22949200 0.17005800 0.02148400 0.02325600
1 0.25585900 0.16933100 0.02148400 0.02325600
4 0.28222700 0.16787800 0.02148400 0.02325600
9 0.30957000 0.16642400 0.02148400 0.02325600
0 0.33593800 0.16569800 0.02148400 0.02325600
11 0.36328100 0.16533400 0.02148400 0.02398300
0 0.39062500 0.16497100 0.02148400 0.02325600
12 0.44433600 0.16424400 0.02148400 0.02325600
10 0.52587900 0.16351700 0.02050800 0.02325600
0 0.55322300 0.16279100 0.02050800 0.02325600
12 0.60644500 0.16206400 0.02148400 0.02325600
0 0.63378900 0.16206400 0.02148400 0.02325600
19 0.65966800 0.16170100 0.02050800 0.02252900
15 0.17871100 0.20603200 0.01953100 0.02252900
14 0.20410200 0.20494200 0.01953100 0.02325600
6 0.22998000 0.20276200 0.02050800 0.02325600
11 0.25732400 0.20167200 0.02050800 0.02252900
3 0.31103500 0.19985500 0.02050800 0.02325600
4 0.33740200 0.19912800 0.02050800 0.02325600
11 0.36474600 0.19803800 0.02050800 0.02252900
0 0.39111300 0.19767400 0.02050800 0.02325600
13 0.44677700 0.19694800 0.02050800 0.02325600
0 0.47314500 0.19694800 0.02050800 0.02325600
10 0.52783200 0.19622100 0.02050800 0.02325600
17 0.55468800 0.19622100 0.01953100 0.02325600
14 0.58154300 0.19549400 0.02050800 0.02325600
22 0.60791000 0.19549400 0.02050800 0.02325600
0 0.63427700 0.19476700 0.02050800 0.02325600
19 0.66162100 0.19476700 0.02050800 0.02325600
8 0.18017600 0.23800900 0.02050800 0.02252900
23 0.20556600 0.23655500 0.02050800 0.02252900
4 0.23095700 0.23582800 0.02050800 0.02252900
19 0.25830100 0.23473800 0.02050800 0.02325600
6 0.31201200 0.23328500 0.02050800 0.02325600
11 0.33837900 0.23255800 0.02050800 0.02325600
20 0.36572300 0.23183100 0.02050800 0.02325600
15 0.39306600 0.23110500 0.02050800 0.02325600
14 0.42041000 0.23110500 0.02050800 0.02325600
6 0.44775400 0.23037800 0.02050800 0.02325600
14 0.47509800 0.22965100 0.02050800 0.02325600
12 0.52880900 0.22892400 0.02050800 0.02325600
14 0.60986300 0.22819800 0.02050800 0.02325600
13 0.63623000 0.22783400 0.02050800 0.02398300
10 0.66259800 0.22747100 0.02050800 0.02325600
0 0.68945300 0.22674400 0.01953100 0.02325600
0 0.18066400 0.27034900 0.02148400 0.02325600
12 0.23291000 0.26889500 0.02050800 0.02325600
14 0.31347700 0.26671500 0.02148400 0.02325600
13 0.34033200 0.26598800 0.02050800 0.02325600
10 0.36767600 0.26526200 0.02050800 0.02325600
0 0.39453100 0.26489800 0.02148400 0.02398300
13 0.44921900 0.26380800 0.02148400 0.02325600
4 0.47607400 0.26344500 0.02050800 0.02398300
22 0.53076200 0.26235500 0.02050800 0.02325600
8 0.55761700 0.26199100 0.02148400 0.02398300
3 0.58398400 0.26162800 0.02148400 0.02325600
0 0.61084000 0.26090100 0.02050800 0.02325600
19 0.63818400 0.26053800 0.02050800 0.02252900
18 0.45166000 0.33066900 0.02050800 0.02325600
10 0.47900400 0.32994200 0.02050800 0.02325600
0 0.50634800 0.32957800 0.02050800 0.02398300
25 0.53369100 0.32921500 0.02050800 0.02325600
10 0.56054700 0.32848800 0.02148400 0.02325600
0 0.58642600 0.32776200 0.02050800 0.02325600
14 0.31835900 0.36700600 0.02148400 0.02325600
1 0.34521500 0.36700600 0.02050800 0.02325600
20 0.40039100 0.36555200 0.02148400 0.02325600
12 0.42675800 0.36482600 0.02148400 0.02325600
13 0.45410200 0.36337200 0.01953100 0.02325600
14 0.48095700 0.36337200 0.02050800 0.02325600
12 0.50830100 0.36264500 0.02050800 0.02325600
12 0.56201200 0.36191900 0.02050800 0.02325600
14 0.64160200 0.36046500 0.02148400 0.02325600
13 0.66845700 0.35973800 0.02050800 0.02325600
10 0.69580100 0.35901200 0.02050800 0.02325600
4 0.72168000 0.35901200 0.02148400 0.02325600
20 0.13232400 0.40516000 0.02050800 0.02398300
13 0.15771500 0.40443300 0.02050800 0.02398300
4 0.18408200 0.40370600 0.02050800 0.02398300
18 0.21093800 0.40334300 0.02148400 0.02325600
11 0.23779300 0.40261600 0.02050800 0.02325600
0 0.26513700 0.40189000 0.02050800 0.02325600
12 0.32031200 0.40043600 0.02148400 0.02325600
14 0.40185500 0.39898300 0.02050800 0.02325600
13 0.42822300 0.39825600 0.02050800 0.02325600
10 0.45556600 0.39752900 0.02050800 0.02325600
0 0.48291000 0.39752900 0.02050800 0.02325600
10 0.53662100 0.39607600 0.02050800 0.02325600
14 0.56298800 0.39534900 0.02050800 0.02325600
10 0.61669900 0.39462200 0.02050800 0.02325600
0 0.64306600 0.39389500 0.02050800 0.02325600
8 0.13232400 0.43750000 0.02050800 0.02325600
15 0.18505900 0.43677300 0.02050800 0.02325600
14 0.21240200 0.43604700 0.02050800 0.02325600
4 0.23925800 0.43532000 0.02148400 0.02325600
19 0.26709000 0.43459300 0.02050800 0.02325600
13 0.37646500 0.43241300 0.02050800 0.02325600
4 0.40380900 0.43204900 0.02050800 0.02252900
1 0.45752000 0.43095900 0.02050800 0.02325600
14 0.48388700 0.43023300 0.02050800 0.02325600
18 0.53759800 0.42914200 0.02050800 0.02252900
10 0.61767600 0.42732600 0.02050800 0.02325600
17 0.64404300 0.42696200 0.02050800 0.02252900
14 0.67041000 0.42623500 0.02050800 0.02252900
10 0.72412100 0.42478200 0.02050800 0.02252900
0 0.75097700 0.42405500 0.02148400 0.02252900
15 0.13281200 0.47165700 0.02148400 0.02325600
14 0.15918000 0.47093000 0.02148400 0.02325600
8 0.18652300 0.47020300 0.02148400 0.02325600
6 0.21386700 0.46947700 0.02148400 0.02325600
17 0.24121100 0.46875000 0.02148400 0.02325600
0 0.26855500 0.46802300 0.02148400 0.02325600
4 0.29638700 0.46729700 0.02050800 0.02325600
12 0.32421900 0.46729700 0.02148400 0.02325600
16 0.37841800 0.46657000 0.02050800 0.02325600
0 0.40576200 0.46511600 0.02050800 0.02325600
18 0.43212900 0.46475300 0.02050800 0.02252900
3 0.48632800 0.46366300 0.01953100 0.02325600
17 0.51220700 0.46293600 0.02050800 0.02325600
20 0.53955100 0.46257300 0.02050800 0.02252900
6 0.56543000 0.46148300 0.01953100 0.02325600
14 0.59228500 0.46075600 0.02050800 0.02325600
22 0.13378900 0.50436000 0.02148400 0.02325600
10 0.18847700 0.50363400 0.02148400 0.02325600
14 0.21582000 0.50290700 0.02148400 0.02325600
10 0.27148400 0.50181700 0.02148400 0.02252900
8 0.29882800 0.50109000 0.02148400 0.02252900
12 0.35400400 0.49963700 0.02050800 0.02252900
10 0.43408200 0.49745600 0.02050800 0.02252900
8 0.46142600 0.49709300 0.02050800 0.02325600
3 0.51416000 0.49600300 0.02050800 0.02252900
14 0.54052700 0.49491300 0.02050800 0.02325600
17 0.56738300 0.49382300 0.01953100 0.02252900
14 0.59423800 0.49309600 0.02050800 0.02252900
6 0.62011700 0.49309600 0.01953100 0.02252900
14 0.64697300 0.49164200 0.02050800 0.02252900
15 0.18945300 0.53706400 0.02148400 0.02325600
4 0.21679700 0.53633700 0.02148400 0.02325600
17 0.24511700 0.53561000 0.02148400 0.02325600
4 0.27246100 0.53488400 0.02148400 0.02325600
15 0.30029300 0.53415700 0.02050800 0.02325600
20 0.32763700 0.53343000 0.02050800 0.02325600
6 0.35498000 0.53270300 0.02050800 0.02325600
0 0.38134800 0.53197700 0.02050800 0.02325600
13 0.40869100 0.53125000 0.02050800 0.02325600
13 0.43505900 0.53052300 0.02050800 0.02325600
18 0.54199200 0.52725300 0.01953100 0.02252900
15 0.56884800 0.52689000 0.02050800 0.02325600
17 0.59521500 0.52652600 0.02050800 0.02252900
14 0.62158200 0.52616300 0.02050800 0.02325600
18 0.64794900 0.52543600 0.02050800 0.02325600
14 0.67529300 0.52470900 0.02050800 0.02325600
13 0.70166000 0.52398300 0.02050800 0.02325600
14 0.72900400 0.52325600 0.02050800 0.02325600
10 0.75537100 0.52252900 0.02050800 0.02325600
14 0.19140600 0.57013100 0.02148400 0.02398300
19 0.21826200 0.56940400 0.02050800 0.02398300
22 0.24609400 0.56867700 0.02148400 0.02398300
4 0.27392600 0.56795100 0.02050800 0.02398300
16 0.30127000 0.56722400 0.02050800 0.02398300
0 0.32861300 0.56649700 0.02050800 0.02398300
4 0.35595700 0.56613400 0.02050800 0.02325600
19 0.38232400 0.56468000 0.02050800 0.02325600
4 0.43701200 0.56322700 0.02050800 0.02325600
12 0.51709000 0.56104700 0.02050800 0.02325600
14 0.59668000 0.55886600 0.01953100 0.02325600
13 0.62402300 0.55850300 0.01953100 0.02252900
14 0.65039100 0.55814000 0.01953100 0.02325600
10 0.67724600 0.55741300 0.02050800 0.02325600
22 0.21923800 0.60356100 0.02050800 0.02398300
10 0.27490200 0.60210800 0.02050800 0.02398300
14 0.30175800 0.60138100 0.02148400 0.02398300
10 0.35693400 0.59992700 0.02050800 0.02398300
8 0.38330100 0.59920100 0.02050800 0.02398300
12 0.43798800 0.59738400 0.02050800 0.02325600
10 0.51904300 0.59484000 0.02050800 0.02398300
8 0.54541000 0.59411300 0.02050800 0.02398300
13 0.59912100 0.59266000 0.02050800 0.02398300
0 0.62597700 0.59193300 0.02148400 0.02398300
0 0.67968800 0.59048000 0.02148400 0.02398300
12 0.73291000 0.58939000 0.02050800 0.02325600
0 0.76025400 0.58902600 0.02050800 0.02398300
19 0.78710900 0.58720900 0.02148400 0.02325600
13 0.19140600 0.63844500 0.02148400 0.02398300
4 0.21923800 0.63735500 0.02050800 0.02325600
22 0.27490200 0.63590100 0.02050800 0.02325600
4 0.30175800 0.63517400 0.02148400 0.02325600
11 0.32959000 0.63444800 0.02050800 0.02325600
4 0.35693400 0.63372100 0.02050800 0.02325600
11 0.38427700 0.63299400 0.02050800 0.02470900
0 0.41210900 0.63190400 0.02148400 0.02398300
13 0.46630900 0.63045100 0.02050800 0.02398300
0 0.49365200 0.62936000 0.02050800 0.02470900
12 0.52050800 0.62827000 0.02148400 0.02398300
8 0.57470700 0.62645300 0.02050800 0.02470900
6 0.60107400 0.62572700 0.02050800 0.02325600
17 0.62793000 0.62463700 0.02148400 0.02398300
0 0.65478500 0.62463700 0.02050800 0.02398300
19 0.68212900 0.62391000 0.02050800 0.02398300
12 0.16357400 0.67332800 0.02050800 0.02398300
20 0.19140600 0.67260200 0.02148400 0.02398300
17 0.21923800 0.67187500 0.02050800 0.02398300
12 0.27490200 0.67042200 0.02050800 0.02398300
20 0.30322300 0.66969500 0.02050800 0.02398300
17 0.32959000 0.66896800 0.02050800 0.02398300
12 0.38525400 0.66751500 0.02050800 0.02398300
20 0.41357400 0.66642400 0.02050800 0.02325600
17 0.43994100 0.66569800 0.02050800 0.02325600
12 0.54980500 0.66170100 0.02148400 0.02398300
20 0.57666000 0.66097400 0.02050800 0.02398300
17 0.60351600 0.65988400 0.02148400 0.02325600
11 0.63037100 0.65915700 0.02050800 0.02325600
16 0.68408200 0.65770300 0.02050800 0.02325600
4 0.71142600 0.65697700 0.02050800 0.02325600
19 0.73779300 0.65588700 0.02050800 0.02398300
10 0.79199200 0.65443300 0.02148400 0.02398300
14 0.81884800 0.65334300 0.02050800 0.02325600
10 0.87207000 0.65152600 0.02148400 0.02398300
0 0.89892600 0.65079900 0.02050800 0.02398300
15 0.16406200 0.70784900 0.02148400 0.02470900
14 0.19189500 0.70748500 0.02050800 0.02398300
8 0.22021500 0.70675900 0.02050800 0.02398300
6 0.24755900 0.70603200 0.02050800 0.02398300
17 0.27539100 0.70530500 0.02148400 0.02398300
0 0.30322300 0.70457800 0.02050800 0.02398300
3 0.38671900 0.70167200 0.02148400 0.02398300
17 0.41406200 0.70094500 0.02148400 0.02398300
20 0.44140600 0.69985500 0.02148400 0.02325600
9 0.46923800 0.69876500 0.02050800 0.02398300
14 0.49658200 0.69731100 0.02050800 0.02398300
10 0.52392600 0.69658400 0.02050800 0.02398300
13 0.57763700 0.69513100 0.02050800 0.02398300
4 0.60546900 0.69404100 0.02148400 0.02470900
12 0.63281200 0.69295100 0.02148400 0.02398300
13 0.65966800 0.69222400 0.02050800 0.02398300
14 0.68652300 0.69149700 0.02148400 0.02398300
9 0.71386700 0.69077000 0.02148400 0.02398300
10 0.74072300 0.69004400 0.02050800 0.02398300
14 0.76855500 0.68931700 0.02148400 0.02398300
0 0.13818400 0.74273300 0.02050800 0.02470900
12 0.19335900 0.74200600 0.02148400 0.02470900
14 0.27587900 0.74018900 0.02050800 0.02398300
13 0.30371100 0.73946200 0.02148400 0.02398300
14 0.33203100 0.73837200 0.02148400 0.02470900
10 0.36035200 0.73764500 0.02148400 0.02470900
4 0.41601600 0.73546500 0.02148400 0.02470900
22 0.49804700 0.73255800 0.02148400 0.02470900
14 0.55371100 0.73074100 0.02148400 0.02398300
19 0.58007800 0.73001500 0.02148400 0.02398300
22 0.60742200 0.72892400 0.02148400 0.02470900
4 0.63574200 0.72819800 0.02148400 0.02470900
19 0.66259800 0.72747100 0.02050800 0.02470900
20 0.16503900 0.77907000 0.02148400 0.02470900
12 0.22119100 0.77689000 0.02246100 0.02470900
4 0.24902300 0.77616300 0.02148400 0.02470900
13 0.27685500 0.77543600 0.02246100 0.02470900
14 0.36132800 0.77325600 0.02148400 0.02470900
7 0.38867200 0.77180200 0.02148400 0.02470900
14 0.41699200 0.77107600 0.02148400 0.02470900
19 0.44433600 0.76998500 0.02148400 0.02398300
13 0.52832000 0.76671500 0.02148400 0.02470900
4 0.55566400 0.76598800 0.02148400 0.02470900
19 0.58300800 0.76453500 0.02148400 0.02470900
15 0.19335900 0.81213700 0.02148400 0.02543600
14 0.22070300 0.81177300 0.02148400 0.02470900
8 0.24853500 0.81213700 0.02246100 0.02543600
6 0.27734400 0.81104700 0.02148400 0.02470900
17 0.30566400 0.81032000 0.02148400 0.02470900
0 0.33300800 0.80959300 0.02148400 0.02470900
11 0.36132800 0.80850300 0.02148400 0.02543600
1 0.41796900 0.80668600 0.02148400 0.02470900
13 0.55761700 0.80123500 0.02148400 0.02543600
4 0.58496100 0.80014500 0.02148400 0.02470900
12 0.61230500 0.79941900 0.02148400 0.02470900
13 0.63867200 0.79796500 0.02148400 0.02470900
14 0.66699200 0.79687500 0.02148400 0.02398300
9 0.69433600 0.79614800 0.02148400 0.02398300
10 0.72168000 0.79469500 0.02148400 0.02398300
14 0.74902300 0.79396800 0.02148400 0.02398300
19 0.19433600 0.84847400 0.02148400 0.02543600
14 0.22119100 0.84847400 0.02246100 0.02543600
11 0.24951200 0.84774700 0.02246100 0.02543600
10 0.30664100 0.84629400 0.02148400 0.02543600
14 0.33447300 0.84556700 0.02246100 0.02543600
15 0.39062500 0.84338700 0.02148400 0.02543600
20 0.41943400 0.84193300 0.02246100 0.02543600
18 0.44775400 0.84120600 0.02246100 0.02543600
19 0.47509800 0.83975300 0.02246100 0.02543600
1 0.61474600 0.83430200 0.02246100 0.02470900
20 0.64111300 0.83321200 0.02246100 0.02543600
3 0.66894500 0.83212200 0.02148400 0.02470900
20 0.69677700 0.83066900 0.02246100 0.02470900
10 0.75146500 0.82848800 0.02246100 0.02470900
14 0.77880900 0.82703500 0.02246100 0.02470900
10 0.83252000 0.82485500 0.02246100 0.02470900
14 0.85888700 0.82340100 0.02246100 0.02470900
19 0.19482400 0.88444800 0.02246100 0.02470900
9 0.27880900 0.88263100 0.02246100 0.02543600
4 0.30761700 0.88190400 0.02148400 0.02543600
10 0.36328100 0.88045100 0.02148400 0.02543600
14 0.39160200 0.87899700 0.02148400 0.02543600
10 0.44873000 0.87681700 0.02246100 0.02543600
0 0.47705100 0.87609000 0.02246100 0.02543600
7 0.53320300 0.87318300 0.02148400 0.02543600
14 0.56103500 0.87209300 0.02246100 0.02470900
19 0.58837900 0.87100300 0.02246100 0.02543600
13 0.67089800 0.86700600 0.02148400 0.02470900
0 0.69824200 0.86591600 0.02148400 0.02543600
16 0.75390600 0.86373500 0.02148400 0.02543600
0 0.78076200 0.86264500 0.02246100 0.02470900
18 0.80761700 0.86155500 0.02148400 0.02543600
12 0.19628900 0.91969500 0.02148400 0.02543600
10 0.27978500 0.91896800 0.02246100 0.02543600
14 0.30859400 0.91860500 0.02148400 0.02470900
1 0.39404300 0.91497100 0.02246100 0.02616300
20 0.42236300 0.91388100 0.02246100 0.02543600
3 0.45068400 0.91242700 0.02246100 0.02543600
13 0.53466800 0.90952000 0.02246100 0.02543600
0 0.56298800 0.90806700 0.02246100 0.02543600
19 0.64599600 0.90407000 0.02246100 0.02470900
14 0.67334000 0.90261600 0.02246100 0.02470900
19 0.70068400 0.90116300 0.02246100 0.02470900
17 0.75537100 0.89861900 0.02246100 0.02398300
0 0.78320300 0.89752900 0.02148400 0.02470900
25 0.81005900 0.89607600 0.02246100 0.02470900
