0 0.13476600 0.09920100 0.02148400 0.02252900
1 0.15918000 0.09883700 0.02148400 0.02325600
0 0.11084000 0.13263100 0.02050800 0.02398300
22 0.16113300 0.13045100 0.02148400 0.02398300
1 0.21240200 0.12827000 0.02050800 0.02398300
14 0.23828100 0.12754400 0.02148400 0.02398300
11 0.26464800 0.12609000 0.02148400 0.02398300
14 0.29101600 0.12500000 0.02148400 0.02470900
19 0.31787100 0.12391000 0.02050800 0.02398300
4 0.34375000 0.12354700 0.02148400 0.02470900
12 0.39648400 0.12064000 0.02148400 0.02470900
4 0.42285200 0.11918600 0.02148400 0.02470900
3 0.44921900 0.11773300 0.02148400 0.02470900
22 0.47607400 0.11627900 0.02246100 0.02470900
4 0.50293000 0.11482600 0.02148400 0.02470900
3 0.52978500 0.11337200 0.02246100 0.02470900
8 0.55761700 0.11373500 0.02343800 0.02543600
2 0.58496100 0.11300900 0.02343800 0.02543600
0 0.60986300 0.10937500 0.02246100 0.02398300
17 0.66357400 0.10755800 0.02246100 0.02325600
23 0.71923800 0.10465100 0.02246100 0.02325600
4 0.74755900 0.10319800 0.02246100 0.02325600
19 0.77490200 0.10210800 0.02246100 0.02398300
12 0.11084000 0.19731100 0.02050800 0.02398300
4 0.13623000 0.19658400 0.02050800 0.02398300
3 0.16113300 0.19585800 0.02148400 0.02398300
22 0.18701200 0.19440400 0.02050800 0.02398300
4 0.21386700 0.19331400 0.02148400 0.02325600
9 0.23974600 0.19222400 0.02050800 0.02398300
0 0.26611300 0.19077000 0.02050800 0.02398300
19 0.29248000 0.19004400 0.02050800 0.02398300
15 0.34570300 0.18786300 0.02148400 0.02398300
14 0.37207000 0.18641000 0.02148400 0.02398300
3 0.39843800 0.18568300 0.02148400 0.02398300
10 0.45214800 0.18314000 0.02148400 0.02470900
14 0.47851600 0.18241300 0.02148400 0.02470900
17 0.50634800 0.18059600 0.02246100 0.02398300
6 0.56054700 0.17768900 0.02148400 0.02398300
0 0.58740200 0.17659900 0.02246100 0.02470900
12 0.61328100 0.17550900 0.02148400 0.02398300
8 0.64062500 0.17441900 0.02148400 0.02470900
8 0.69580100 0.17223800 0.02246100 0.02470900
23 0.72412100 0.17042200 0.02246100 0.02398300
4 0.75146500 0.16896800 0.02246100 0.02398300
19 0.77880900 0.16751500 0.02246100 0.02398300
10 0.13720700 0.26053800 0.02050800 0.02398300
20 0.16259800 0.26017400 0.02050800 0.02325600
3 0.18896500 0.25944800 0.02050800 0.02325600
0 0.21484400 0.25944800 0.02148400 0.02470900
22 0.26855500 0.25726700 0.02148400 0.02470900
10 0.34814500 0.25399700 0.02050800 0.02398300
20 0.37451200 0.25363400 0.02050800 0.02325600
3 0.39990200 0.25290700 0.02050800 0.02325600
0 0.42773400 0.25072700 0.02148400 0.02470900
22 0.48193400 0.24818300 0.02246100 0.02398300
15 0.56250000 0.24491300 0.02148400 0.02470900
17 0.58935500 0.24382300 0.02246100 0.02543600
14 0.61621100 0.24273300 0.02148400 0.02470900
15 0.64355500 0.24164200 0.02148400 0.02543600
0 0.67089800 0.24055200 0.02148400 0.02470900
11 0.69873000 0.24018900 0.02246100 0.02543600
8 0.72753900 0.23909900 0.02148400 0.02470900
8 0.11035200 0.32739800 0.01953100 0.02398300
11 0.13623000 0.32703500 0.02050800 0.02325600
8 0.16357400 0.32630800 0.02050800 0.02325600
22 0.21728500 0.32449100 0.02050800 0.02398300
10 0.27002000 0.32376500 0.02050800 0.02398300
0 0.29736300 0.32340100 0.02050800 0.02470900
13 0.32373000 0.32303800 0.02050800 0.02398300
0 0.35107400 0.32085800 0.02050800 0.02398300
22 0.37744100 0.32013100 0.02050800 0.02398300
20 0.40380900 0.31904100 0.02050800 0.02325600
20 0.45752000 0.31686000 0.02050800 0.02325600
15 0.48388700 0.31577000 0.02050800 0.02398300
0 0.51123000 0.31468000 0.02050800 0.02325600
11 0.53808600 0.31359000 0.02148400 0.02398300
8 0.56591800 0.31250000 0.02050800 0.02325600
8 0.11474600 0.39389500 0.02050800 0.02325600
11 0.13916000 0.39316900 0.02050800 0.02325600
8 0.16455100 0.39244200 0.02050800 0.02325600
0 0.24462900 0.39062500 0.02246100 0.02398300
11 0.27050800 0.38989800 0.02148400 0.02398300
13 0.32568400 0.38808100 0.02246100 0.02325600
4 0.37890600 0.38662800 0.02148400 0.02470900
18 0.43261700 0.38481100 0.02148400 0.02398300
14 0.45996100 0.38372100 0.02148400 0.02470900
1 0.48632800 0.38299400 0.02148400 0.02470900
0 0.51367200 0.38226700 0.02148400 0.02470900
10 0.54199200 0.38117700 0.02148400 0.02398300
8 0.56933600 0.38008700 0.02148400 0.02470900
22 0.11377000 0.46148300 0.02050800 0.02325600
0 0.13964800 0.46002900 0.02148400 0.02325600
18 0.16552700 0.45966600 0.02050800 0.02398300
17 0.21972700 0.45821200 0.02148400 0.02398300
0 0.24755900 0.45784900 0.02050800 0.02325600
25 0.27441400 0.45712200 0.02148400 0.02325600
14 0.30127000 0.45639500 0.02050800 0.02325600
17 0.32861300 0.45603200 0.02050800 0.02398300
22 0.35498000 0.45530500 0.02050800 0.02398300
0 0.38183600 0.45421500 0.02148400 0.02325600
11 0.40722700 0.45312500 0.02148400 0.02398300
8 0.43505900 0.45239800 0.02050800 0.02398300
22 0.48925800 0.45094500 0.02148400 0.02398300
14 0.51709000 0.45021800 0.02050800 0.02398300
12 0.57226600 0.44803800 0.02148400 0.02398300
17 0.59863300 0.44731100 0.02148400 0.02398300
0 0.62597700 0.44622100 0.02148400 0.02470900
10 0.65234400 0.44585800 0.02148400 0.02398300
4 0.68164100 0.44476700 0.02148400 0.02470900
19 0.11474600 0.52907000 0.02246100 0.02470900
20 0.14160200 0.52834300 0.02148400 0.02470900
19 0.16748000 0.52798000 0.02246100 0.02543600
25 0.22168000 0.52652600 0.02148400 0.02543600
0 0.24902300 0.52579900 0.02148400 0.02543600
16 0.30371100 0.52434600 0.02148400 0.02398300
8 0.33007800 0.52361900 0.02148400 0.02398300
7 0.35742200 0.52252900 0.02148400 0.02325600
0 0.38476600 0.52180200 0.02148400 0.02325600
22 0.43750000 0.52071200 0.02148400 0.02252900
7 0.49267600 0.51925900 0.02050800 0.02252900
14 0.52002000 0.51853200 0.02050800 0.02252900
3 0.54736300 0.51780500 0.02050800 0.02252900
8 0.57568400 0.51671500 0.02050800 0.02325600
11 0.60253900 0.51598800 0.02148400 0.02325600
0 0.62793000 0.51526200 0.02148400 0.02325600
8 0.11621100 0.59847400 0.02148400 0.02398300
12 0.16894500 0.59629400 0.02148400 0.02398300
4 0.19628900 0.59556700 0.02148400 0.02398300
3 0.22363300 0.59520300 0.02148400 0.02325600
22 0.25000000 0.59447700 0.02148400 0.02325600
4 0.27832000 0.59375000 0.02148400 0.02325600
3 0.30468800 0.59266000 0.02148400 0.02252900
6 0.38574200 0.59011600 0.02148400 0.02325600
14 0.41308600 0.58975300 0.02148400 0.02252900
22 0.43994100 0.58975300 0.02050800 0.02398300
14 0.46728500 0.58902600 0.02050800 0.02398300
17 0.49609400 0.58829900 0.02148400 0.02398300
8 0.52246100 0.58757300 0.02148400 0.02398300
11 0.55078100 0.58684600 0.02148400 0.02398300
0 0.57812500 0.58539200 0.02148400 0.02398300
18 0.14355500 0.66642400 0.02148400 0.02470900
19 0.16992200 0.66606100 0.02148400 0.02398300
3 0.22363300 0.66460800 0.02148400 0.02398300
13 0.25097700 0.66424400 0.02148400 0.02470900
14 0.27832000 0.66351700 0.02148400 0.02470900
18 0.33398400 0.66279100 0.02148400 0.02470900
19 0.36132800 0.66206400 0.02148400 0.02470900
0 0.38769500 0.66133700 0.02148400 0.02470900
17 0.41503900 0.66097400 0.02148400 0.02543600
14 0.44238300 0.65988400 0.02148400 0.02470900
12 0.47070300 0.65952000 0.02148400 0.02543600
20 0.49902300 0.65879400 0.02148400 0.02543600
17 0.55468800 0.65843000 0.02148400 0.02616300
4 0.58300800 0.65806700 0.02148400 0.02543600
22 0.61035200 0.65734000 0.02148400 0.02543600
4 0.63818400 0.65661300 0.02246100 0.02543600
19 0.66552700 0.65625000 0.02246100 0.02616300
19 0.11816400 0.73764500 0.02148400 0.02616300
13 0.19921900 0.73619200 0.02148400 0.02616300
4 0.22607400 0.73619200 0.02246100 0.02616300
25 0.28076200 0.73546500 0.02246100 0.02616300
0 0.30712900 0.73510200 0.02246100 0.02543600
2 0.36328100 0.73328500 0.02148400 0.02470900
0 0.41699200 0.73255800 0.02148400 0.02470900
12 0.47265600 0.73110500 0.02148400 0.02470900
4 0.50097700 0.73146800 0.02148400 0.02543600
3 0.52978500 0.73074100 0.02246100 0.02543600
22 0.55810500 0.73074100 0.02246100 0.02543600
4 0.58642600 0.73037800 0.02246100 0.02470900
3 0.61474600 0.73001500 0.02246100 0.02543600
19 0.11865200 0.80850300 0.02246100 0.02543600
15 0.19970700 0.80777600 0.02246100 0.02543600
14 0.22753900 0.80704900 0.02148400 0.02543600
3 0.25488300 0.80668600 0.02148400 0.02470900
8 0.28271500 0.80632300 0.02246100 0.02543600
10 0.33789100 0.80595900 0.02148400 0.02470900
0 0.36523400 0.80559600 0.02148400 0.02543600
10 0.41992200 0.80523300 0.02148400 0.02616300
14 0.44824200 0.80523300 0.02148400 0.02616300
18 0.47607400 0.80450600 0.02246100 0.02616300
14 0.50390600 0.80450600 0.02148400 0.02616300
11 0.53271500 0.80414200 0.02246100 0.02543600
0 0.56103500 0.80377900 0.02246100 0.02616300
15 0.58935500 0.80450600 0.02246100 0.02616300
10 0.12109400 0.88045100 0.02148400 0.02543600
17 0.14794900 0.87972400 0.02246100 0.02543600
14 0.17382800 0.87972400 0.02148400 0.02543600
10 0.20166000 0.87936000 0.02246100 0.02616300
14 0.22949200 0.87899700 0.02148400 0.02543600
3 0.25732400 0.87899700 0.02246100 0.02543600
8 0.28466800 0.87899700 0.02246100 0.02543600
11 0.31298800 0.87899700 0.02246100 0.02543600
0 0.33935500 0.87827000 0.02246100 0.02543600
8 0.39599600 0.87827000 0.02246100 0.02543600
18 0.42431600 0.87754400 0.02246100 0.02543600
2 0.45166000 0.87790700 0.02246100 0.02616300
0 0.47949200 0.87790700 0.02148400 0.02616300
17 0.50830100 0.87790700 0.02246100 0.02616300
0 0.53662100 0.87790700 0.02246100 0.02616300
15 0.56591800 0.87790700 0.02246100 0.02616300
0 0.59423800 0.87718000 0.02246100 0.02616300
