3 0.03750000 0.08680556 0.03593750 0.11111111
21 0.12343750 0.08333333 0.03437500 0.11111111
11 0.42812500 0.08680556 0.03906250 0.11458333
11 0.47031250 0.08680556 0.03437500 0.11111111
17 0.68593750 0.08333333 0.03125000 0.11111111
4 0.72812500 0.08333333 0.03593750 0.10763889
10 0.25312500 0.24305556 0.03437500 0.11111111
11 0.29843750 0.25000000 0.03750000 0.11805556
14 0.60000000 0.25000000 0.03281250 0.11458333
4 0.68593750 0.24652778 0.03437500 0.11458333
3 0.90156250 0.25000000 0.03125000 0.11805556
6 0.25468750 0.41319444 0.03437500 0.12152778
0 0.29687500 0.41319444 0.03437500 0.11458333
0 0.42812500 0.40972222 0.03281250 0.11111111
24 0.47187500 0.40972222 0.03437500 0.11458333
13 0.64218750 0.40972222 0.03125000 0.11111111
3 0.77500000 0.41666667 0.03437500 0.12847222
2 0.03281250 0.57291667 0.03125000 0.11458333
0 0.07500000 0.57291667 0.03437500 0.11111111
19 0.12031250 0.57638889 0.03593750 0.12500000
19 0.51562500 0.57638889 0.03750000 0.12500000
13 0.68750000 0.57638889 0.03437500 0.12152778
7 0.94687500 0.56944444 0.03593750 0.11458333
6 0.03281250 0.73611111 0.03437500 0.12500000
17 0.07500000 0.73958333 0.03437500 0.13194444
11 0.29687500 0.73958333 0.03750000 0.12500000
4 0.94687500 0.73263889 0.03125000 0.11458333
3 0.07500000 0.89930556 0.03437500 0.11458333
0 0.12187500 0.89930556 0.03437500 0.11111111
13 0.16406250 0.89930556 0.03593750 0.12152778
7 0.42656250 0.90277778 0.03437500 0.12152778
4 0.47031250 0.90277778 0.03437500 0.12152778
