24 0.07968750 0.10416667 0.03593750 0.11458333
0 0.16562500 0.10069444 0.03437500 0.11458333
11 0.21250000 0.10416667 0.03750000 0.12500000
6 0.34531250 0.10416667 0.03593750 0.12847222
5 0.57187500 0.10763889 0.03750000 0.12847222
4 0.84531250 0.10763889 0.03750000 0.13541667
11 0.30468750 0.27430556 0.04375000 0.12847222
0 0.75312500 0.27430556 0.03437500 0.12152778
24 0.79843750 0.27430556 0.03593750 0.12152778
1 0.93906250 0.27430556 0.03906250 0.11458333
5 0.03437500 0.43750000 0.03750000 0.11458333
14 0.07812500 0.43750000 0.03437500 0.11805556
6 0.12187500 0.43750000 0.03593750 0.12152778
2 0.38906250 0.44097222 0.03750000 0.11458333
0 0.43281250 0.44444444 0.03281250 0.11458333
12 0.47968750 0.44444444 0.03750000 0.11458333
4 0.52187500 0.44444444 0.03906250 0.11805556
4 0.61406250 0.44444444 0.03906250 0.11805556
12 0.70625000 0.44791667 0.03593750 0.11805556
14 0.75156250 0.44791667 0.03750000 0.11458333
17 0.79843750 0.44791667 0.03750000 0.11805556
13 0.84375000 0.44791667 0.03750000 0.12152778
5 0.12343750 0.60416667 0.03593750 0.12152778
8 0.33906250 0.56597222 0.03593750 0.12152778
17 0.91250000 0.57638889 0.03125000 0.11805556
4 0.95625000 0.57638889 0.03437500 0.11458333
14 0.20312500 0.72569444 0.03281250 0.12500000
14 0.24843750 0.72916667 0.03281250 0.12152778
18 0.38281250 0.73263889 0.03437500 0.11805556
13 0.77968750 0.73958333 0.03593750 0.11805556
14 0.82500000 0.73958333 0.03593750 0.12152778
17 0.86718750 0.73958333 0.03437500 0.11805556
18 0.24843750 0.89583333 0.03750000 0.11805556
12 0.64531250 0.90625000 0.03593750 0.11458333
