19 0.08593750 0.27083333 0.03437500 0.12152778
17 0.12343750 0.26736111 0.03437500 0.11805556
0 0.16406250 0.26736111 0.03437500 0.12152778
13 0.20625000 0.26736111 0.03437500 0.12500000
18 0.24843750 0.26736111 0.03750000 0.12152778
2 0.29062500 0.26736111 0.03750000 0.12152778
17 0.33437500 0.26736111 0.03906250 0.12500000
8 0.37812500 0.26736111 0.03750000 0.12500000
1 0.42031250 0.27083333 0.03437500 0.12500000
1 0.59531250 0.28125000 0.04218750 0.12847222
24 0.63906250 0.27777778 0.03906250 0.12847222
18 0.08437500 0.43055556 0.03750000 0.11458333
24 0.16406250 0.43055556 0.03906250 0.12152778
5 0.29062500 0.42708333 0.03906250 0.12152778
17 0.33437500 0.43055556 0.03906250 0.12500000
8 0.37656250 0.43402778 0.03750000 0.12847222
19 0.42187500 0.43402778 0.03906250 0.13194444
25 0.46406250 0.43402778 0.03906250 0.13194444
1 0.20625000 0.59027778 0.03437500 0.11458333
17 0.24687500 0.59375000 0.04062500 0.11805556
11 0.29062500 0.59375000 0.04218750 0.12500000
4 0.67656250 0.60763889 0.03593750 0.13541667
19 0.63437500 0.60416667 0.04062500 0.13888889
20 0.59218750 0.60416667 0.03593750 0.14236111
19 0.54843750 0.60416667 0.04062500 0.12847222
8 0.50625000 0.60069444 0.03906250 0.12847222
11 0.08437500 0.74305556 0.03750000 0.11111111
14 0.12187500 0.74652778 0.03437500 0.11111111
18 0.16250000 0.74652778 0.04062500 0.12152778
0 0.28906250 0.75694444 0.03906250 0.12500000
6 0.37656250 0.76388889 0.03593750 0.12847222
4 0.41875000 0.76388889 0.03906250 0.13194444
11 0.46250000 0.76041667 0.04218750 0.13194444
18 0.50625000 0.76041667 0.03750000 0.13888889
2 0.67656250 0.76041667 0.03906250 0.12152778
0 0.72031250 0.75694444 0.03593750 0.11805556
11 0.76093750 0.76041667 0.03906250 0.11805556
8 0.80312500 0.76388889 0.03750000 0.10763889
0 0.96406250 0.76388889 0.03281250 0.11805556
8 0.92500000 0.76736111 0.03437500 0.11458333
