0 0.13574200 0.08430200 0.02148400 0.02180200
5 0.16259800 0.08430200 0.02246100 0.02325600
15 0.13427700 0.11664200 0.02050800 0.02398300
14 0.16113300 0.11627900 0.02148400 0.02470900
6 0.18798800 0.11555200 0.02050800 0.02470900
14 0.21484400 0.11482600 0.02148400 0.02470900
3 0.24218800 0.11409900 0.02148400 0.02470900
8 0.27050800 0.11337200 0.02148400 0.02470900
19 0.29736300 0.11191900 0.02246100 0.02616300
4 0.32617200 0.11119200 0.02343800 0.02616300
13 0.38037100 0.10901200 0.02246100 0.02616300
4 0.40869100 0.10792200 0.02246100 0.02543600
18 0.46435500 0.10610500 0.02246100 0.02616300
15 0.49267600 0.10501500 0.02246100 0.02543600
4 0.52099600 0.10428800 0.02246100 0.02543600
8 0.57666000 0.10138100 0.02246100 0.02398300
19 0.60400400 0.10065400 0.02246100 0.02398300
4 0.63427700 0.09920100 0.02246100 0.02398300
22 0.16064500 0.18277600 0.02246100 0.02543600
0 0.18798800 0.18241300 0.02246100 0.02470900
18 0.21533200 0.18204900 0.02246100 0.02543600
12 0.27197300 0.18059600 0.02246100 0.02543600
8 0.29834000 0.17986900 0.02246100 0.02543600
6 0.32519500 0.17950600 0.02148400 0.02470900
14 0.35400400 0.17768900 0.02246100 0.02543600
12 0.38232400 0.17696200 0.02246100 0.02543600
15 0.43701200 0.17550900 0.02246100 0.02543600
17 0.46533200 0.17441900 0.02246100 0.02616300
14 0.49462900 0.17369200 0.02246100 0.02616300
6 0.52246100 0.17260200 0.02148400 0.02543600
11 0.54980500 0.17151200 0.02148400 0.02470900
14 0.57861300 0.17042200 0.02246100 0.02543600
16 0.60693400 0.16933100 0.02246100 0.02470900
20 0.63671900 0.16787800 0.02148400 0.02470900
15 0.10742200 0.25218000 0.02148400 0.02325600
17 0.13476600 0.25181700 0.02148400 0.02398300
14 0.16113300 0.25145300 0.02148400 0.02470900
6 0.18750000 0.25072700 0.02148400 0.02470900
11 0.21582000 0.25000000 0.02148400 0.02470900
14 0.24414100 0.24927300 0.02148400 0.02470900
16 0.27148400 0.24854700 0.02148400 0.02470900
20 0.29980500 0.24854700 0.02148400 0.02470900
15 0.35546900 0.24709300 0.02148400 0.02470900
17 0.38427700 0.24600300 0.02246100 0.02543600
14 0.41162100 0.24564000 0.02246100 0.02616300
6 0.43896500 0.24454900 0.02246100 0.02689000
11 0.46728500 0.24382300 0.02246100 0.02689000
14 0.49560500 0.24309600 0.02246100 0.02689000
16 0.52392600 0.24236900 0.02246100 0.02689000
20 0.55273400 0.24164200 0.02148400 0.02689000
13 0.61084000 0.23873500 0.02246100 0.02543600
4 0.63964800 0.23764500 0.02343800 0.02616300
15 0.69531200 0.23546500 0.02343800 0.02616300
14 0.72412100 0.23473800 0.02246100 0.02616300
12 0.75390600 0.23328500 0.02343800 0.02616300
8 0.78320300 0.23219500 0.02343800 0.02543600
11 0.81250000 0.23110500 0.02343800 0.02616300
20 0.84277300 0.23037800 0.02343800 0.02616300
25 0.10644500 0.32267400 0.02148400 0.02325600
22 0.13476600 0.32231100 0.02148400 0.02252900
4 0.16210900 0.32194800 0.02148400 0.02325600
17 0.18945300 0.32158400 0.02148400 0.02398300
8 0.21679700 0.32122100 0.02148400 0.02325600
25 0.27343800 0.31976700 0.02148400 0.02325600
0 0.30175800 0.31940400 0.02148400 0.02398300
3 0.33105500 0.31904100 0.02148400 0.02325600
17 0.35986300 0.31795100 0.02246100 0.02398300
14 0.38720700 0.31722400 0.02246100 0.02398300
9 0.41455100 0.31686000 0.02246100 0.02325600
0 0.44238300 0.31613400 0.02148400 0.02325600
11 0.47021500 0.31540700 0.02246100 0.02325600
8 0.49902300 0.31504400 0.02148400 0.02398300
22 0.10693400 0.39171500 0.02441400 0.02761600
14 0.16259800 0.38989800 0.02441400 0.02689000
1 0.19043000 0.39026200 0.02343800 0.02761600
12 0.21826200 0.38989800 0.02441400 0.02689000
14 0.24658200 0.38989800 0.02441400 0.02689000
17 0.27539100 0.38989800 0.02343800 0.02689000
14 0.30322300 0.38917200 0.02246100 0.02689000
10 0.33203100 0.38844500 0.02539100 0.02689000
20 0.38867200 0.38626500 0.02148400 0.02398300
15 0.41552700 0.38590100 0.02246100 0.02470900
0 0.44335900 0.38517400 0.02148400 0.02470900
11 0.47119100 0.38481100 0.02246100 0.02398300
8 0.49951200 0.38408400 0.02246100 0.02398300
22 0.10546900 0.46111900 0.02148400 0.02398300
14 0.13378900 0.46075600 0.02148400 0.02470900
11 0.16113300 0.46002900 0.02148400 0.02470900
10 0.18945300 0.45966600 0.02148400 0.02398300
8 0.21826200 0.46002900 0.02246100 0.02470900
14 0.27490200 0.45857600 0.02246100 0.02470900
19 0.30419900 0.45857600 0.02246100 0.02470900
8 0.36181600 0.45784900 0.02246100 0.02470900
18 0.39013700 0.45712200 0.02246100 0.02470900
15 0.41748000 0.45639500 0.02246100 0.02470900
20 0.44482400 0.45566900 0.02246100 0.02470900
6 0.47314500 0.45566900 0.02246100 0.02470900
0 0.50244100 0.45494200 0.02246100 0.02470900
18 0.10888700 0.53415700 0.02246100 0.02470900
10 0.13720700 0.53415700 0.02246100 0.02470900
20 0.16552700 0.53343000 0.02246100 0.02470900
0 0.22168000 0.53234000 0.02148400 0.02398300
11 0.25097700 0.53234000 0.02148400 0.02398300
8 0.28076200 0.53161300 0.02246100 0.02398300
3 0.33789100 0.53088700 0.02148400 0.02398300
17 0.36621100 0.53052300 0.02148400 0.02470900
20 0.39453100 0.52979700 0.02148400 0.02470900
6 0.42236300 0.52907000 0.02246100 0.02470900
3 0.47900400 0.52798000 0.02246100 0.02398300
17 0.50683600 0.52798000 0.02148400 0.02398300
20 0.53710900 0.52761600 0.02148400 0.02470900
6 0.56494100 0.52616300 0.02246100 0.02470900
0 0.59423800 0.52652600 0.02246100 0.02398300
4 0.13427700 0.60574100 0.02246100 0.02398300
3 0.16308600 0.60465100 0.02148400 0.02325600
13 0.18994100 0.60465100 0.02246100 0.02325600
10 0.30566400 0.60247100 0.02148400 0.02470900
17 0.33398400 0.60247100 0.02148400 0.02470900
14 0.36328100 0.60210800 0.02148400 0.02543600
10 0.39257800 0.60174400 0.02148400 0.02470900
14 0.42089800 0.60101700 0.02148400 0.02470900
3 0.44970700 0.60065400 0.02246100 0.02543600
8 0.47851600 0.59920100 0.02148400 0.02398300
11 0.50683600 0.59956400 0.02148400 0.02470900
1 0.10693400 0.60646800 0.02246100 0.02543600
9 0.10644500 0.67914200 0.02343800 0.02979700
0 0.13574200 0.67950600 0.02343800 0.02907000
1 0.16357400 0.67914200 0.02246100 0.02834300
20 0.19189500 0.67877900 0.02441400 0.02616300
15 0.24804700 0.67732600 0.02148400 0.02616300
17 0.27685500 0.67696200 0.02246100 0.02689000
14 0.30615200 0.67623500 0.02246100 0.02689000
6 0.33544900 0.67550900 0.02246100 0.02689000
11 0.36377000 0.67478200 0.02246100 0.02689000
14 0.39160200 0.67405500 0.02148400 0.02689000
19 0.42138700 0.67405500 0.02246100 0.02689000
8 0.45068400 0.67369200 0.02246100 0.02616300
11 0.47900400 0.67296500 0.02246100 0.02616300
0 0.10302700 0.75327000 0.02246100 0.02689000
18 0.16162100 0.75254400 0.02246100 0.02689000
11 0.18994100 0.75254400 0.02246100 0.02689000
14 0.21826200 0.75254400 0.02246100 0.02689000
13 0.24853500 0.75181700 0.02246100 0.02689000
8 0.27734400 0.75218000 0.02343800 0.02761600
7 0.30712900 0.75109000 0.02246100 0.02689000
0 0.33642600 0.75072700 0.02246100 0.02616300
22 0.39404300 0.75000000 0.02246100 0.02616300
18 0.42334000 0.74927300 0.02246100 0.02616300
3 0.51220700 0.74818300 0.02246100 0.02689000
17 0.54199200 0.74818300 0.02343800 0.02689000
14 0.57128900 0.74818300 0.02343800 0.02689000
9 0.60058600 0.74782000 0.02343800 0.02616300
0 0.63085900 0.74854700 0.02343800 0.02616300
19 0.10498000 0.82848800 0.02441400 0.02761600
0 0.13330100 0.82848800 0.02441400 0.02761600
10 0.16113300 0.82848800 0.02539100 0.02761600
8 0.21923800 0.82812500 0.02441400 0.02689000
18 0.27880900 0.82776200 0.02441400 0.02761600
4 0.30859400 0.82776200 0.02539100 0.02761600
11 0.33837900 0.82776200 0.02441400 0.02761600
0 0.36572300 0.82776200 0.02441400 0.02761600
13 0.42627000 0.82739800 0.02441400 0.02834300
0 0.45556600 0.82630800 0.02441400 0.02616300
4 0.51562500 0.82776200 0.02343800 0.02616300
9 0.54394500 0.82703500 0.02343800 0.02616300
0 0.57373000 0.82558100 0.02441400 0.02616300
19 0.10498000 0.90479700 0.02246100 0.02761600
14 0.13378900 0.90479700 0.02343800 0.02761600
11 0.16162100 0.90516000 0.02246100 0.02834300
10 0.21972700 0.90516000 0.02343800 0.02834300
14 0.24951200 0.90407000 0.02246100 0.02616300
17 0.31054700 0.90479700 0.02539100 0.02761600
0 0.33984400 0.90443300 0.02343800 0.02543600
10 0.36914100 0.90479700 0.02539100 0.02761600
8 0.39892600 0.90479700 0.02441400 0.02907000
25 0.45703100 0.90479700 0.02343800 0.02761600
0 0.48632800 0.90516000 0.02343800 0.02834300
1 0.51757800 0.90516000 0.02343800 0.02834300
8 0.54785200 0.90479700 0.02539100 0.02907000
10 0.60791000 0.90407000 0.02441400 0.02907000
8 0.63916000 0.90370600 0.02441400 0.02834300
