0 0.86377000 0.09302300 0.01855500 0.02034900
2 0.88574200 0.09338700 0.01953100 0.02107600
17 0.22314500 0.11482600 0.01855500 0.02034900
0 0.24755900 0.11482600 0.01855500 0.02034900
25 0.27099600 0.11482600 0.01855500 0.02034900
14 0.29589800 0.11482600 0.01953100 0.02034900
17 0.32031200 0.11446200 0.01953100 0.01962200
22 0.34521500 0.11446200 0.01855500 0.01962200
8 0.36962900 0.11518900 0.01855500 0.01962200
4 0.41748000 0.11555200 0.01855500 0.02034900
6 0.44140600 0.11591600 0.01953100 0.02107600
14 0.46533200 0.11627900 0.01855500 0.02034900
13 0.51318400 0.11664200 0.01855500 0.02107600
0 0.53515600 0.11700600 0.01953100 0.02034900
16 0.58398400 0.11773300 0.01953100 0.02034900
0 0.60742200 0.11809600 0.01953100 0.02107600
18 0.63037100 0.11809600 0.01855500 0.01962200
19 0.65478500 0.11845900 0.01855500 0.02034900
8 0.67822300 0.11845900 0.01855500 0.02034900
22 0.22265600 0.17223800 0.01953100 0.02034900
17 0.27148400 0.17296500 0.01953100 0.02034900
22 0.29589800 0.17296500 0.01953100 0.02034900
8 0.32128900 0.17332800 0.01953100 0.02107600
18 0.36914100 0.17332800 0.01953100 0.02107600
14 0.39355500 0.17369200 0.01953100 0.02034900
11 0.41699200 0.17369200 0.01953100 0.02034900
13 0.44091800 0.17405500 0.01855500 0.02107600
10 0.51318400 0.17441900 0.01855500 0.02034900
14 0.53662100 0.17478200 0.01855500 0.02107600
8 0.58398400 0.17514500 0.01953100 0.02034900
25 0.60791000 0.17550900 0.01855500 0.02107600
15 0.65527300 0.17441900 0.01757800 0.02034900
0 0.67919900 0.17623500 0.01855500 0.02107600
18 0.70263700 0.17623500 0.01855500 0.02107600
19 0.72705100 0.17623500 0.01855500 0.02107600
8 0.75000000 0.17587200 0.01953100 0.02034900
8 0.22265600 0.23146800 0.01953100 0.02107600
10 0.27148400 0.23146800 0.01953100 0.02107600
14 0.29492200 0.23183100 0.01953100 0.02034900
6 0.32031200 0.23110500 0.01953100 0.02034900
3 0.34472700 0.23183100 0.01953100 0.02034900
0 0.36962900 0.23183100 0.01855500 0.02034900
14 0.41748000 0.23292200 0.01855500 0.02107600
13 0.44091800 0.23255800 0.01855500 0.02034900
14 0.46533200 0.23255800 0.01855500 0.02034900
14 0.51318400 0.23328500 0.01855500 0.02034900
15 0.53662100 0.23328500 0.01855500 0.02034900
19 0.58447300 0.23364800 0.01855500 0.02107600
1 0.22070300 0.29069800 0.01953100 0.02180200
20 0.24609400 0.29106100 0.01953100 0.02107600
3 0.27050800 0.29142400 0.01953100 0.02180200
4 0.29492200 0.29142400 0.01953100 0.02180200
19 0.31982400 0.29142400 0.02050800 0.02180200
13 0.36914100 0.29215100 0.01953100 0.02034900
0 0.39355500 0.29215100 0.01953100 0.02034900
13 0.44140600 0.29215100 0.01953100 0.02034900
4 0.46582000 0.29215100 0.01953100 0.02034900
1 0.48925800 0.29251500 0.01953100 0.02107600
4 0.51318400 0.29251500 0.01855500 0.02107600
18 0.56005900 0.29287800 0.01855500 0.02034900
8 0.58398400 0.29287800 0.01953100 0.02034900
19 0.63183600 0.29324100 0.01953100 0.02107600
12 0.22265600 0.35065400 0.01953100 0.02107600
0 0.24609400 0.35065400 0.01953100 0.02107600
11 0.27050800 0.35101700 0.01953100 0.02180200
8 0.34472700 0.35138100 0.01953100 0.02107600
19 0.39355500 0.35138100 0.01953100 0.02107600
22 0.41748000 0.35174400 0.01855500 0.02180200
14 0.44140600 0.35174400 0.01953100 0.02180200
8 0.46533200 0.35174400 0.01855500 0.02180200
12 0.51318400 0.35174400 0.01855500 0.02034900
14 0.53662100 0.35247100 0.01855500 0.02034900
7 0.56054700 0.35247100 0.01757800 0.02034900
13 0.58349600 0.35210800 0.01855500 0.01962200
0 0.60839800 0.35210800 0.01757800 0.01962200
19 0.63183600 0.35174400 0.01757800 0.02034900
4 0.68017600 0.35210800 0.01855500 0.02107600
12 0.22168000 0.41133700 0.01953100 0.02325600
4 0.24609400 0.41061000 0.01953100 0.02180200
3 0.27050800 0.41097400 0.01953100 0.02107600
22 0.29492200 0.41133700 0.01953100 0.02180200
4 0.31933600 0.41170100 0.01953100 0.02107600
9 0.34423800 0.41206400 0.01855500 0.02180200
0 0.36865200 0.41206400 0.01855500 0.02180200
19 0.39257800 0.41133700 0.01953100 0.02180200
0 0.41699200 0.41133700 0.01953100 0.02180200
19 0.46484400 0.41133700 0.01953100 0.02180200
14 0.48828100 0.41097400 0.01953100 0.02107600
11 0.51318400 0.41133700 0.01855500 0.02034900
18 0.53662100 0.41170100 0.01855500 0.02107600
19 0.56005900 0.41170100 0.01855500 0.02107600
14 0.58398400 0.41170100 0.01757800 0.02107600
15 0.60791000 0.41170100 0.01855500 0.02107600
19 0.65576200 0.41170100 0.01855500 0.02107600
4 0.70361300 0.41170100 0.01855500 0.02107600
18 0.22119100 0.47093000 0.01855500 0.02034900
0 0.24560500 0.47093000 0.01855500 0.02034900
12 0.27002000 0.47093000 0.01855500 0.02034900
8 0.29345700 0.47093000 0.01855500 0.02034900
10 0.34423800 0.47093000 0.01855500 0.02034900
3 0.39404300 0.47093000 0.01855500 0.02034900
14 0.41699200 0.47020300 0.01953100 0.02034900
12 0.44091800 0.47056700 0.01855500 0.02107600
20 0.46533200 0.47093000 0.01855500 0.02034900
15 0.51318400 0.47056700 0.01855500 0.02107600
17 0.53662100 0.47056700 0.01855500 0.02107600
8 0.56005900 0.47056700 0.01855500 0.02107600
1 0.58349600 0.47056700 0.01855500 0.02107600
4 0.60791000 0.47056700 0.01855500 0.02107600
6 0.63134800 0.47056700 0.01855500 0.02107600
20 0.65576200 0.47020300 0.01855500 0.02034900
19 0.67968800 0.47020300 0.01757800 0.02034900
25 0.24560500 0.53088700 0.01855500 0.02107600
3 0.27002000 0.53088700 0.02050800 0.02107600
17 0.29541000 0.52979700 0.01855500 0.02034900
0 0.31933600 0.52979700 0.01953100 0.02034900
22 0.34375000 0.52979700 0.01953100 0.02034900
18 0.36914100 0.52979700 0.01953100 0.02034900
19 0.39355500 0.52979700 0.01953100 0.02034900
22 0.41748000 0.52979700 0.01855500 0.02034900
20 0.44189500 0.52979700 0.01855500 0.02034900
3 0.51367200 0.52979700 0.01757800 0.02034900
4 0.53759800 0.52979700 0.01855500 0.02034900
3 0.56054700 0.52979700 0.01757800 0.02034900
20 0.58447300 0.52979700 0.01855500 0.02034900
10 0.63232400 0.52979700 0.01855500 0.02034900
0 0.65673800 0.52979700 0.01855500 0.02034900
12 0.70459000 0.52943300 0.01855500 0.02107600
19 0.77587900 0.52943300 0.01855500 0.02107600
20 0.80029300 0.52943300 0.01855500 0.02107600
19 0.82421900 0.52979700 0.01953100 0.02034900
8 0.22021500 0.59120600 0.02050800 0.02252900
22 0.27002000 0.59084300 0.02050800 0.02180200
18 0.29443400 0.59084300 0.02050800 0.02180200
19 0.31982400 0.59084300 0.02050800 0.02180200
0 0.34423800 0.59048000 0.02050800 0.02252900
11 0.36865200 0.59011600 0.02050800 0.02180200
12 0.21875000 0.65298000 0.01953100 0.02107600
4 0.24414100 0.65298000 0.01953100 0.02252900
3 0.26904300 0.65261600 0.02050800 0.02180200
22 0.29296900 0.65225300 0.01953100 0.02252900
4 0.31835900 0.65189000 0.01953100 0.02180200
3 0.34277300 0.65152600 0.01953100 0.02252900
25 0.21728500 0.71475300 0.02050800 0.02252900
0 0.24218800 0.71475300 0.01953100 0.02252900
17 0.26757800 0.71439000 0.01953100 0.02180200
16 0.31738300 0.71402600 0.01953100 0.02252900
0 0.34179700 0.71366300 0.01953100 0.02180200
11 0.36572300 0.71329900 0.02050800 0.02252900
12 0.21679700 0.77761600 0.01953100 0.02180200
4 0.24218800 0.77689000 0.01953100 0.02180200
3 0.26709000 0.77652600 0.02050800 0.02252900
22 0.29150400 0.77616300 0.02050800 0.02180200
4 0.31640600 0.77616300 0.01953100 0.02180200
3 0.34130900 0.77579900 0.02050800 0.02252900
