1 0.36669900 0.06686000 0.02636700 0.02761600
1 0.39502000 0.06649700 0.02636700 0.02689000
0 0.45849600 0.06540700 0.02636700 0.02761600
22 0.49072300 0.06468000 0.02636700 0.02761600
6 0.52294900 0.06431700 0.02636700 0.02689000
20 0.55468800 0.06359000 0.02539100 0.02689000
18 0.58691400 0.06359000 0.02539100 0.02543600
19 0.61865200 0.06286300 0.02441400 0.02543600
0 0.65039100 0.06141000 0.02539100 0.02543600
13 0.33203100 0.14135200 0.02539100 0.02689000
0 0.36377000 0.14062500 0.02636700 0.02689000
7 0.39599600 0.13917200 0.02636700 0.02689000
14 0.42871100 0.13844500 0.02539100 0.02689000
3 0.46093800 0.13735500 0.02539100 0.02616300
10 0.49365200 0.13662800 0.02441400 0.02616300
0 0.52539100 0.13590100 0.02539100 0.02616300
23 0.10644500 0.18495600 0.02539100 0.02689000
4 0.13818400 0.18423000 0.02636700 0.02689000
13 0.17138700 0.18241300 0.02636700 0.02616300
14 0.20312500 0.18204900 0.02539100 0.02689000
10 0.23584000 0.18132300 0.02636700 0.02689000
18 0.30127000 0.18059600 0.02636700 0.02689000
8 0.33398400 0.17986900 0.02539100 0.02689000
3 0.39843800 0.17805200 0.02539100 0.02616300
4 0.43066400 0.17696200 0.02539100 0.02689000
11 0.46289100 0.17623500 0.02539100 0.02689000
22 0.52832000 0.17405500 0.02539100 0.02689000
19 0.59277300 0.17332800 0.02539100 0.02689000
17 0.62500000 0.17187500 0.02539100 0.02689000
0 0.65820300 0.17114800 0.02539100 0.02689000
22 0.69140600 0.16969500 0.02539100 0.02689000
4 0.72363300 0.16896800 0.02539100 0.02689000
8 0.78808600 0.16678800 0.02539100 0.02689000
22 0.85302700 0.16569800 0.02441400 0.02616300
4 0.88574200 0.16460800 0.02539100 0.02689000
25 0.91796900 0.16351700 0.02539100 0.02616300
9 0.04345700 0.22492700 0.02441400 0.02689000
0 0.07568400 0.22383700 0.02441400 0.02761600
11 0.10791000 0.22311000 0.02441400 0.02761600
14 0.23779300 0.22020300 0.02441400 0.02616300
13 0.27050800 0.21984000 0.02539100 0.02689000
20 0.33593800 0.21838700 0.02539100 0.02689000
22 0.36767600 0.21766000 0.02441400 0.02689000
8 0.40039100 0.21693300 0.02539100 0.02689000
3 0.43310500 0.21620600 0.02441400 0.02689000
8 0.46484400 0.21548000 0.02539100 0.02689000
11 0.49707000 0.21511600 0.02539100 0.02761600
22 0.59472700 0.21220900 0.02539100 0.02761600
0 0.62646500 0.21075600 0.02441400 0.02761600
18 0.65918000 0.21002900 0.02539100 0.02761600
15 0.04492200 0.26417200 0.02539100 0.02689000
14 0.07666000 0.26344500 0.02441400 0.02689000
3 0.10888700 0.26271800 0.02441400 0.02689000
14 0.14160200 0.26199100 0.02539100 0.02689000
11 0.23925800 0.26017400 0.02539100 0.02761600
8 0.30517600 0.25908400 0.02441400 0.02689000
25 0.37011700 0.25726700 0.02539100 0.02761600
0 0.40283200 0.25654100 0.02441400 0.02761600
22 0.43457000 0.25581400 0.02539100 0.02761600
4 0.46679700 0.25508700 0.02539100 0.02761600
11 0.49804700 0.25436000 0.02539100 0.02761600
11 0.56445300 0.25290700 0.02539100 0.02761600
7 0.62890600 0.25072700 0.02539100 0.02761600
22 0.66113300 0.24963700 0.02539100 0.02689000
14 0.69335900 0.24854700 0.02539100 0.02761600
18 0.72607400 0.24745600 0.02441400 0.02689000
19 0.75830100 0.24673000 0.02441400 0.02689000
14 0.79101600 0.24527600 0.02539100 0.02689000
12 0.82421900 0.24454900 0.02539100 0.02689000
22 0.07959000 0.30305200 0.02441400 0.02761600
0 0.11230500 0.30268900 0.02539100 0.02834300
18 0.14453100 0.30196200 0.02539100 0.02834300
15 0.24218800 0.29978200 0.02539100 0.02834300
14 0.27539100 0.29905500 0.02539100 0.02834300
9 0.30664100 0.29832800 0.02539100 0.02834300
4 0.33984400 0.29796500 0.02539100 0.02761600
11 0.37255900 0.29723800 0.02441400 0.02761600
4 0.40429700 0.29651200 0.02539100 0.02761600
11 0.43603500 0.29578500 0.02441400 0.02761600
23 0.50146500 0.29433100 0.02441400 0.02761600
4 0.53271500 0.29360500 0.02441400 0.02761600
13 0.56494100 0.29287800 0.02441400 0.02761600
10 0.59765600 0.29142400 0.02539100 0.02761600
0 0.62939500 0.29069800 0.02441400 0.02761600
8 0.69531200 0.28851700 0.02539100 0.02761600
22 0.76025400 0.28706400 0.02441400 0.02761600
25 0.79199200 0.28561000 0.02539100 0.02761600
11 0.85742200 0.28415700 0.02539100 0.02761600
3 0.05224600 0.34447700 0.02441400 0.02761600
14 0.08398400 0.34338700 0.02539100 0.02689000
12 0.14794900 0.34157000 0.02441400 0.02761600
14 0.18066400 0.34120600 0.02539100 0.02689000
3 0.34130900 0.33829900 0.02441400 0.02689000
14 0.37353500 0.33793600 0.02441400 0.02761600
12 0.40576200 0.33720900 0.02441400 0.02761600
0 0.43798800 0.33648300 0.02441400 0.02761600
17 0.50244100 0.33502900 0.02441400 0.02761600
4 0.53418000 0.33430200 0.02539100 0.02761600
8 0.59863300 0.33212200 0.02539100 0.02761600
11 0.63037100 0.33139500 0.02441400 0.02761600
8 0.66308600 0.33030500 0.02539100 0.02689000
23 0.72851600 0.32848800 0.02539100 0.02761600
4 0.76025400 0.32739800 0.02441400 0.02689000
13 0.79345700 0.32667200 0.02441400 0.02689000
10 0.82519500 0.32558100 0.02539100 0.02761600
0 0.85839800 0.32376500 0.02539100 0.02689000
22 0.05517600 0.38335800 0.02441400 0.02689000
10 0.11865200 0.38190400 0.02441400 0.02689000
20 0.15087900 0.38081400 0.02441400 0.02761600
15 0.18310500 0.38045100 0.02441400 0.02689000
0 0.21533200 0.37972400 0.02441400 0.02689000
19 0.24755900 0.37899700 0.02441400 0.02689000
15 0.40722700 0.37609000 0.02343800 0.02689000
17 0.43896500 0.37536300 0.02441400 0.02689000
4 0.47168000 0.37463700 0.02343800 0.02689000
13 0.50293000 0.37354700 0.02343800 0.02616300
4 0.53515600 0.37282000 0.02343800 0.02616300
18 0.56640600 0.37173000 0.02343800 0.02689000
11 0.59863300 0.37100300 0.02343800 0.02689000
8 0.63085900 0.37027600 0.02343800 0.02689000
19 0.69482400 0.36809600 0.02441400 0.02689000
0 0.72802700 0.36736900 0.02441400 0.02689000
25 0.75976600 0.36664200 0.02343800 0.02689000
15 0.08935500 0.42187500 0.02441400 0.02689000
14 0.12207000 0.42114800 0.02539100 0.02689000
18 0.15380900 0.42114800 0.02441400 0.02689000
19 0.18554700 0.42042200 0.02539100 0.02689000
0 0.21728500 0.41969500 0.02441400 0.02689000
22 0.24951200 0.41896800 0.02441400 0.02689000
8 0.28173800 0.41824100 0.02441400 0.02689000
11 0.31298800 0.41751500 0.02441400 0.02689000
8 0.34521500 0.41678800 0.02441400 0.02689000
19 0.40869100 0.41533400 0.02441400 0.02689000
20 0.43994100 0.41460800 0.02441400 0.02689000
3 0.47119100 0.41388100 0.02441400 0.02689000
0 0.50341800 0.41242700 0.02441400 0.02689000
23 0.56787100 0.41097400 0.02441400 0.02689000
4 0.59863300 0.41024700 0.02343800 0.02689000
13 0.62988300 0.40988400 0.02343800 0.02616300
10 0.66259800 0.40915700 0.02441400 0.02616300
0 0.69433600 0.40843000 0.02343800 0.02616300
10 0.09472700 0.46111900 0.02539100 0.02689000
0 0.12695300 0.46039200 0.02539100 0.02689000
6 0.18994100 0.45893900 0.02441400 0.02689000
3 0.22119100 0.45821200 0.02441400 0.02689000
0 0.25244100 0.45784900 0.02441400 0.02616300
10 0.31640600 0.45675900 0.02343800 0.02689000
20 0.34668000 0.45603200 0.02343800 0.02689000
15 0.37793000 0.45494200 0.02343800 0.02616300
0 0.41015600 0.45421500 0.02343800 0.02616300
13 0.44140600 0.45348800 0.02343800 0.02616300
8 0.47363300 0.45276200 0.02343800 0.02616300
4 0.50488300 0.45203500 0.02343800 0.02616300
10 0.56835900 0.45058100 0.02343800 0.02616300
14 0.59960900 0.44985500 0.02343800 0.02616300
13 0.63085900 0.44876500 0.02343800 0.02689000
16 0.66308600 0.44803800 0.02343800 0.02689000
8 0.69531200 0.44767400 0.02343800 0.02616300
11 0.72607400 0.44658400 0.02441400 0.02543600
14 0.75878900 0.44513100 0.02343800 0.02689000
18 0.79052700 0.44404100 0.02441400 0.02616300
23 0.06982400 0.50000000 0.02441400 0.02616300
4 0.10009800 0.49927300 0.02441400 0.02616300
13 0.13183600 0.49818300 0.02343800 0.02543600
10 0.16308600 0.49745600 0.02343800 0.02543600
0 0.19287100 0.49745600 0.02441400 0.02543600
22 0.25683600 0.49600300 0.02343800 0.02543600
19 0.31835900 0.49454900 0.02343800 0.02543600
4 0.34960900 0.49382300 0.02343800 0.02543600
17 0.38085900 0.49309600 0.02343800 0.02543600
11 0.41210900 0.49236900 0.02343800 0.02543600
8 0.44335900 0.49164200 0.02343800 0.02543600
8 0.50683600 0.49055200 0.02343800 0.02616300
25 0.56884800 0.48946200 0.02441400 0.02543600
0 0.60058600 0.48873500 0.02343800 0.02543600
22 0.63183600 0.48800900 0.02343800 0.02543600
4 0.66357400 0.48691900 0.02441400 0.02616300
17 0.69482400 0.48619200 0.02441400 0.02616300
13 0.72705100 0.48510200 0.02441400 0.02543600
20 0.75878900 0.48437500 0.02343800 0.02543600
11 0.79150400 0.48364800 0.02441400 0.02543600
8 0.82275400 0.48255800 0.02441400 0.02616300
