0 0.22578125 0.10312500 0.06328125 0.07187500
1 0.39140625 0.10156250 0.05468750 0.06562500
2 0.55234375 0.10156250 0.05625000 0.06562500
3 0.71718750 0.10000000 0.05625000 0.06250000
4 0.22812500 0.22031250 0.05859375 0.07031250
5 0.38671875 0.21875000 0.06093750 0.06718750
6 0.55000000 0.22187500 0.06328125 0.06875000
7 0.71484375 0.22187500 0.06093750 0.07343750
8 0.22578125 0.33906250 0.06484375 0.07187500
9 0.39531250 0.33906250 0.06328125 0.07031250
10 0.55859375 0.33750000 0.05859375 0.06718750
11 0.72812500 0.34062500 0.06328125 0.07187500
12 0.22578125 0.45468750 0.06093750 0.07031250
13 0.39765625 0.45625000 0.06328125 0.07031250
14 0.56093750 0.45937500 0.06484375 0.07187500
15 0.73046875 0.45625000 0.06328125 0.06718750
16 0.23281250 0.57500000 0.06484375 0.06562500
17 0.40625000 0.57500000 0.06484375 0.06718750
18 0.57421875 0.57500000 0.06328125 0.07343750
19 0.73906250 0.57500000 0.06718750 0.07187500
20 0.22578125 0.69687500 0.06093750 0.07187500
21 0.38906250 0.69375000 0.05859375 0.07031250
22 0.55234375 0.69531250 0.06093750 0.06875000
23 0.73281250 0.69531250 0.06093750 0.06875000
24 0.22578125 0.81250000 0.06328125 0.07031250
25 0.39375000 0.81406250 0.06718750 0.07031250
