11 0.60312500 0.48984375 0.08125000 0.08125000
15 0.27109375 0.61796875 0.06875000 0.07812500
21 0.23828125 0.74765625 0.08281250 0.09531250
5 0.72421875 0.38281250 0.06718750 0.07343750
1 0.29609375 0.37187500 0.05156250 0.05468750
17 0.50000000 0.62187500 0.07812500 0.08593750
18 0.61171875 0.62500000 0.08750000 0.09062500
19 0.73125000 0.63125000 0.07812500 0.09062500
13 0.83515625 0.49296875 0.07656250 0.08281250
3 0.49531250 0.38515625 0.06406250 0.07343750
12 0.71562500 0.49062500 0.07812500 0.08281250
4 0.60937500 0.38437500 0.06562500 0.07656250
20 0.83828125 0.63281250 0.08281250 0.09218750
0 0.19218750 0.37421875 0.04843750 0.06718750
2 0.39453125 0.38281250 0.06250000 0.07187500
14 0.15234375 0.62265625 0.07656250 0.08281250
6 0.83046875 0.38125000 0.07656250 0.07656250
8 0.27968750 0.49140625 0.07968750 0.07812500
10 0.49531250 0.49375000 0.07656250 0.08125000
9 0.38750000 0.49062500 0.07031250 0.08125000
16 0.38437500 0.61875000 0.07968750 0.07812500
7 0.17265625 0.48515625 0.05625000 0.07187500
22 0.34463985 0.74962923 0.09709252 0.10470903
23 0.45837682 0.75145039 0.09709252 0.10661728
24 0.57535017 0.75098706 0.08877029 0.10199337
25 0.68962176 0.75445619 0.10249617 0.10754400
