2 0.21718750 0.36637931 0.03906250 0.15086207
3 0.28750000 0.37500000 0.04062500 0.16379310
4 0.35781250 0.37500000 0.03906250 0.15948276
5 0.42656250 0.37500000 0.03906250 0.16379310
6 0.50000000 0.37500000 0.03906250 0.16379310
7 0.56875000 0.37500000 0.04062500 0.16810345
8 0.64062500 0.37068966 0.03906250 0.16810345
9 0.71093750 0.37068966 0.03906250 0.16379310
12 0.92343750 0.37068966 0.04062500 0.16379310
13 0.07656250 0.76293103 0.03906250 0.16810345
14 0.14375000 0.75862069 0.03906250 0.15948276
15 0.21562500 0.75862069 0.04062500 0.15948276
16 0.28750000 0.75862069 0.03906250 0.15948276
17 0.35781250 0.75862069 0.03906250 0.16379310
18 0.42812500 0.75862069 0.04062500 0.17241379
19 0.49843750 0.75862069 0.04062500 0.17241379
20 0.56875000 0.75862069 0.03906250 0.15517241
21 0.64062500 0.75862069 0.04062500 0.16810345
22 0.71093750 0.75862069 0.03906250 0.18103448
23 0.78125000 0.76293103 0.04218750 0.16810345
24 0.85312500 0.76293103 0.03906250 0.16379310
25 0.92343750 0.76293103 0.03906250 0.15517241
