18 0.06875000 0.06562500 0.03750000 0.12812500
3 0.11093750 0.06953125 0.03593750 0.13515625
12 0.29375000 0.06250000 0.03593750 0.12500000
0 0.33437500 0.06953125 0.03437500 0.13515625
13 0.38125000 0.06250000 0.03593750 0.12500000
15 0.74375000 0.06953125 0.03750000 0.13515625
17 0.02968750 0.23281250 0.03750000 0.13203125
0 0.07031250 0.23593750 0.03437500 0.13906250
0 0.24843750 0.23593750 0.03281250 0.13515625
10 0.33906250 0.22890625 0.03750000 0.12500000
0 0.42812500 0.23281250 0.03593750 0.12500000
13 0.51718750 0.23593750 0.03593750 0.12187500
18 0.02812500 0.39609375 0.03437500 0.12500000
0 0.33750000 0.39921875 0.03593750 0.12500000
8 0.60781250 0.40312500 0.03593750 0.11796875
8 0.83281250 0.40625000 0.03437500 0.12187500
5 0.87812500 0.40625000 0.03437500 0.12812500
22 0.07812500 0.56250000 0.03750000 0.13203125
3 0.16250000 0.56953125 0.03281250 0.12187500
2 0.29687500 0.56562500 0.03437500 0.12500000
0 0.47343750 0.56562500 0.03593750 0.12187500
14 0.42812500 0.72890625 0.03125000 0.12500000
13 0.69375000 0.73593750 0.03593750 0.11796875
13 0.03750000 0.87812500 0.03437500 0.12812500
8 0.20937500 0.88906250 0.03281250 0.11796875
4 0.47187500 0.88906250 0.03281250 0.12500000
19 0.64687500 0.89609375 0.03281250 0.12187500
4 0.69218750 0.89609375 0.03281250 0.12187500
