3 0.01562500 0.28437500 0.02968750 0.12500000
19 0.13906250 0.27109375 0.03906250 0.12500000
19 0.22343750 0.27421875 0.03437500 0.12187500
5 0.52656250 0.26015625 0.03281250 0.12187500
17 0.61406250 0.25703125 0.03437500 0.12187500
24 0.65625000 0.25703125 0.03593750 0.12500000
1 0.70000000 0.25312500 0.03437500 0.12500000
19 0.83437500 0.25000000 0.03750000 0.12812500
11 0.66250000 0.42031250 0.03750000 0.12500000
4 0.52968750 0.42343750 0.03593750 0.12187500
13 0.18281250 0.43437500 0.03750000 0.11796875
3 0.09687500 0.44453125 0.03750000 0.12500000
8 0.05625000 0.60078125 0.03281250 0.12187500
19 0.09843750 0.60390625 0.03750000 0.12500000
17 0.01875000 0.76718750 0.03750000 0.12187500
9 0.02656250 0.91640625 0.03750000 0.12812500
4 0.06562500 0.92031250 0.03750000 0.12500000
18 0.27500000 0.91640625 0.03593750 0.13906250
0 0.31875000 0.92343750 0.03750000 0.13906250
12 0.35937500 0.91640625 0.03750000 0.13203125
4 0.40000000 0.91640625 0.04062500 0.13203125
25 0.53125000 0.90937500 0.03437500 0.12812500
