2 0.39218750 0.11805556 0.04062500 0.13541667
17 0.44062500 0.11805556 0.04218750 0.13194444
4 0.49062500 0.12152778 0.04218750 0.13888889
22 0.54218750 0.12152778 0.04218750 0.14930556
12 0.73906250 0.11805556 0.03750000 0.14236111
14 0.78906250 0.12500000 0.04062500 0.14930556
11 0.88593750 0.12152778 0.03750000 0.13541667
24 0.93281250 0.13541667 0.03750000 0.15277778
17 0.18906250 0.30208333 0.04375000 0.14930556
14 0.43906250 0.29861111 0.04218750 0.13888889
12 0.59062500 0.29513889 0.04218750 0.14930556
24 0.69062500 0.29861111 0.04375000 0.13888889
11 0.74062500 0.29513889 0.04218750 0.13888889
19 0.94375000 0.29861111 0.04062500 0.13888889
2 0.09062500 0.48263889 0.03750000 0.13888889
0 0.13593750 0.47916667 0.03906250 0.14583333
11 0.18281250 0.48263889 0.03750000 0.16319444
11 0.22968750 0.48611111 0.04218750 0.15277778
7 0.38750000 0.47916667 0.04062500 0.16319444
12 0.43750000 0.47916667 0.04531250 0.14236111
0 0.54218750 0.47916667 0.04375000 0.14583333
12 0.64531250 0.47916667 0.04218750 0.15277778
20 0.69843750 0.48263889 0.04531250 0.14236111
19 0.74843750 0.47916667 0.04218750 0.14583333
4 0.85000000 0.48611111 0.04687500 0.14236111
12 0.17656250 0.67013889 0.04062500 0.15625000
8 0.27812500 0.67013889 0.04062500 0.15972222
11 0.33125000 0.67361111 0.03906250 0.15625000
11 0.38281250 0.67361111 0.04218750 0.15277778
0 0.43593750 0.68055556 0.04218750 0.16666667
18 0.69687500 0.68055556 0.04062500 0.15625000
8 0.75156250 0.67013889 0.04062500 0.14930556
4 0.90781250 0.68055556 0.04218750 0.15277778
8 0.07343750 0.86458333 0.03906250 0.13888889
11 0.11718750 0.86458333 0.04375000 0.14583333
11 0.16875000 0.86458333 0.04687500 0.15277778
8 0.22187500 0.86458333 0.04375000 0.15972222
6 0.27500000 0.86111111 0.04375000 0.16666667
0 0.32812500 0.87152778 0.04218750 0.15972222
13 0.37968750 0.87500000 0.04531250 0.17013889
19 0.59687500 0.87152778 0.04375000 0.17361111
21 0.70468750 0.87500000 0.04687500 0.15972222
8 0.75781250 0.87500000 0.04218750 0.16666667
18 0.81250000 0.87847222 0.04687500 0.16319444
8 0.86406250 0.88194444 0.04375000 0.15972222
19 0.91875000 0.87847222 0.04531250 0.15972222
