21 0.05156250 0.09375000 0.03750000 0.11796875
10 0.16875000 0.08671875 0.03906250 0.11484375
4 0.21406250 0.08359375 0.03906250 0.12187500
4 0.25312500 0.08671875 0.03281250 0.12500000
15 0.29687500 0.08359375 0.03906250 0.11796875
18 0.46406250 0.08359375 0.03750000 0.13203125
18 0.54843750 0.07265625 0.03437500 0.12812500
4 0.59218750 0.07265625 0.04062500 0.13203125
15 0.63437500 0.06953125 0.03593750 0.12812500
17 0.71875000 0.07265625 0.04062500 0.13906250
0 0.76406250 0.06953125 0.03906250 0.12812500
19 0.80468750 0.07656250 0.03593750 0.13515625
4 0.84531250 0.07265625 0.03437500 0.13203125
2 0.12343750 0.22890625 0.03125000 0.12187500
14 0.16093750 0.22890625 0.03437500 0.12187500
17 0.20468750 0.23281250 0.03593750 0.12187500
10 0.24531250 0.22890625 0.02968750 0.13515625
0 0.33437500 0.22578125 0.03281250 0.12187500
13 0.37812500 0.22578125 0.03750000 0.12187500
10 0.54687500 0.21875000 0.03125000 0.12812500
17 0.63437500 0.21875000 0.03750000 0.12812500
24 0.67812500 0.21562500 0.03906250 0.12812500
12 0.76718750 0.21562500 0.03437500 0.11484375
22 0.07500000 0.38515625 0.03750000 0.12187500
0 0.11406250 0.38203125 0.03281250 0.11484375
13 0.15312500 0.38906250 0.03750000 0.11796875
19 0.20000000 0.38515625 0.03750000 0.12812500
6 0.37500000 0.38203125 0.03750000 0.12500000
1 0.46093750 0.37812500 0.03593750 0.11796875
0 0.50312500 0.37500000 0.03750000 0.12812500
2 0.54843750 0.37500000 0.03750000 0.13203125
10 0.59375000 0.37812500 0.03593750 0.12812500
1 0.72656250 0.37187500 0.03906250 0.13203125
24 0.86093750 0.37500000 0.04218750 0.13515625
0 0.06406250 0.54531250 0.03281250 0.13203125
13 0.10625000 0.55234375 0.03906250 0.13515625
24 0.27968750 0.54843750 0.04062500 0.14218750
17 0.37187500 0.54140625 0.03906250 0.13515625
0 0.41406250 0.54531250 0.03593750 0.12812500
13 0.46093750 0.53437500 0.03593750 0.12500000
11 0.68281250 0.53437500 0.03906250 0.13203125
3 0.73281250 0.53437500 0.03750000 0.14218750
0 0.09687500 0.71171875 0.03281250 0.13203125
13 0.14062500 0.71562500 0.03906250 0.13906250
24 0.32187500 0.71171875 0.03750000 0.13906250
7 0.46093750 0.70859375 0.04062500 0.14609375
0 0.55312500 0.70468750 0.04062500 0.14218750
13 0.59843750 0.70468750 0.03906250 0.13906250
3 0.17812500 0.88515625 0.03906250 0.14609375
5 0.36562500 0.88203125 0.04062500 0.13906250
17 0.41250000 0.88906250 0.03593750 0.15625000
3 0.50625000 0.88515625 0.04218750 0.14218750
18 0.55312500 0.88203125 0.04218750 0.14609375
14 0.64687500 0.88203125 0.03750000 0.15937500
12 0.69375000 0.88203125 0.04062500 0.14921875
11 0.92812500 0.87812500 0.03593750 0.14921875
