7 0.49169900 0.09120600 0.02050800 0.02252900
20 0.12646500 0.15298000 0.01855500 0.02107600
7 0.14794900 0.15116300 0.01855500 0.02034900
8 0.16894500 0.14898300 0.01953100 0.02034900
19 0.19189500 0.14643900 0.02050800 0.02107600
17 0.21582000 0.14425900 0.01953100 0.02107600
8 0.23925800 0.14244200 0.01953100 0.02034900
11 0.26220700 0.14062500 0.02050800 0.02107600
8 0.28613300 0.13844500 0.01953100 0.02107600
18 0.31103500 0.13662800 0.02050800 0.02180200
11 0.38623000 0.13081400 0.02050800 0.02180200
3 0.43798800 0.12681700 0.02050800 0.02252900
8 0.46435500 0.12463700 0.02050800 0.02252900
22 0.51660200 0.12027600 0.02148400 0.02252900
2 0.57128900 0.11664200 0.02148400 0.02252900
8 0.59960900 0.11555200 0.02148400 0.02325600
17 0.62793000 0.11446200 0.02148400 0.02252900
10 0.65625000 0.11337200 0.02148400 0.02325600
4 0.68457000 0.11264500 0.02148400 0.02325600
14 0.12353500 0.18168600 0.01855500 0.02034900
1 0.14550800 0.17986900 0.01757800 0.01962200
20 0.16748000 0.17805200 0.01855500 0.02034900
16 0.18994100 0.17587200 0.01855500 0.02034900
8 0.21289100 0.17369200 0.01757800 0.02034900
19 0.23681600 0.17187500 0.01855500 0.02107600
12 0.31054700 0.16678800 0.01953100 0.02107600
4 0.33496100 0.16533400 0.01953100 0.02107600
3 0.36035200 0.16388100 0.01953100 0.02107600
22 0.38476600 0.16206400 0.01953100 0.02180200
4 0.41064500 0.15988400 0.02050800 0.02180200
3 0.43603500 0.15843000 0.02050800 0.02180200
18 0.51611300 0.15298000 0.02050800 0.02252900
19 0.54345700 0.15152600 0.02050800 0.02252900
8 0.57128900 0.14825600 0.02148400 0.02325600
17 0.59960900 0.14825600 0.02148400 0.02325600
10 0.62793000 0.14752900 0.02148400 0.02325600
4 0.65625000 0.14680200 0.02148400 0.02325600
0 0.12109400 0.21002900 0.01757800 0.02034900
12 0.16503900 0.20712200 0.01757800 0.02034900
14 0.18652300 0.20566900 0.01757800 0.02034900
17 0.20996100 0.20421500 0.01757800 0.02034900
18 0.23437500 0.20276200 0.01757800 0.02034900
10 0.25878900 0.20130800 0.01953100 0.02180200
20 0.28320300 0.19985500 0.01953100 0.02180200
16 0.35742200 0.19476700 0.01953100 0.02180200
4 0.38330100 0.19258700 0.01855500 0.02180200
17 0.40820300 0.19113400 0.01953100 0.02180200
4 0.43554700 0.18968000 0.01953100 0.02180200
15 0.46191400 0.18750000 0.01953100 0.02180200
0 0.48779300 0.18641000 0.02050800 0.02107600
7 0.51464800 0.18459300 0.01953100 0.02180200
20 0.54345700 0.18386600 0.02050800 0.02180200
6 0.11767600 0.24018900 0.01855500 0.02107600
11 0.14013700 0.23873500 0.01855500 0.02107600
0 0.16210900 0.23728200 0.01953100 0.02107600
3 0.18554700 0.23582800 0.01953100 0.02107600
8 0.20898400 0.23510200 0.01953100 0.02107600
19 0.23193400 0.23364800 0.01855500 0.02107600
12 0.30664100 0.22892400 0.01953100 0.02180200
19 0.35546900 0.22565400 0.01953100 0.02107600
20 0.38085900 0.22420100 0.01953100 0.02107600
17 0.45947300 0.22020300 0.02050800 0.02180200
20 0.48681600 0.21875000 0.02050800 0.02180200
1 0.51318400 0.21766000 0.02050800 0.02252900
0 0.54199200 0.21620600 0.01953100 0.02252900
7 0.56933600 0.21548000 0.02148400 0.02252900
20 0.59716800 0.21439000 0.02050800 0.02325600
8 0.48486300 0.25181700 0.02050800 0.02252900
22 0.11181600 0.30123500 0.01855500 0.02107600
14 0.13378900 0.30014500 0.01757800 0.02180200
19 0.15673800 0.29905500 0.01855500 0.02252900
18 0.20263700 0.29723800 0.01855500 0.02180200
11 0.22558600 0.29578500 0.01953100 0.02180200
14 0.25097700 0.29469500 0.01953100 0.02252900
13 0.27587900 0.29360500 0.01855500 0.02180200
8 0.32568400 0.29142400 0.01855500 0.02180200
13 0.35156200 0.28997100 0.01953100 0.02180200
3 0.37744100 0.28888100 0.02050800 0.02252900
8 0.40332000 0.28815400 0.01953100 0.02252900
18 0.45654300 0.28524700 0.02050800 0.02252900
10 0.48291000 0.28452000 0.02050800 0.02252900
8 0.51123000 0.28306700 0.02246100 0.02398300
6 0.59570300 0.28125000 0.02148400 0.02325600
0 0.62451200 0.28088700 0.02246100 0.02398300
18 0.65332000 0.28016000 0.02148400 0.02398300
19 0.68261700 0.27943300 0.02148400 0.02398300
17 0.71093800 0.28052300 0.02148400 0.02470900
14 0.73974600 0.28088700 0.02246100 0.02398300
11 0.76806600 0.28088700 0.02246100 0.02398300
4 0.79638700 0.28306700 0.02246100 0.02398300
17 0.82373000 0.28415700 0.02246100 0.02470900
10 0.11035200 0.33212200 0.01757800 0.02180200
0 0.13183600 0.33103200 0.01757800 0.02107600
13 0.15380900 0.33030500 0.01855500 0.02107600
0 0.17627000 0.32921500 0.01855500 0.02180200
19 0.20068400 0.32848800 0.01855500 0.02180200
14 0.22509800 0.32776200 0.01855500 0.02180200
7 0.24951200 0.32667200 0.01855500 0.02107600
14 0.27392600 0.32558100 0.01855500 0.02180200
3 0.29882800 0.32449100 0.01953100 0.02252900
4 0.32421900 0.32376500 0.01953100 0.02252900
2 0.34960900 0.32303800 0.01953100 0.02252900
8 0.40283200 0.32085800 0.01855500 0.02252900
9 0.45507800 0.31904100 0.01953100 0.02325600
14 0.48193400 0.31831400 0.02050800 0.02325600
13 0.50927700 0.31758700 0.02050800 0.02325600
6 0.53759800 0.31613400 0.02050800 0.02325600
11 0.56591800 0.31540700 0.02050800 0.02325600
4 0.59423800 0.31540700 0.02050800 0.02325600
17 0.62353500 0.31540700 0.02246100 0.02325600
15 0.15185500 0.36119200 0.01855500 0.02180200
14 0.17431600 0.36046500 0.01855500 0.02180200
3 0.19775400 0.35973800 0.01855500 0.02180200
1 0.22216800 0.35901200 0.01855500 0.02180200
17 0.24609400 0.35792200 0.01953100 0.02252900
0 0.27148400 0.35792200 0.01953100 0.02252900
18 0.29687500 0.35719500 0.01953100 0.02252900
22 0.34765600 0.35574100 0.01953100 0.02252900
0 0.37353500 0.35537800 0.02050800 0.02325600
4 0.39990200 0.35465100 0.02050800 0.02325600
19 0.42529300 0.35392400 0.02050800 0.02325600
18 0.48095700 0.35247100 0.02050800 0.02325600
17 0.50830100 0.35174400 0.02050800 0.02325600
0 0.53564500 0.35101700 0.02050800 0.02325600
25 0.56494100 0.35029100 0.02050800 0.02325600
20 0.59326200 0.34956400 0.02050800 0.02325600
8 0.14843800 0.39244200 0.01953100 0.02180200
11 0.19531200 0.39135200 0.01953100 0.02252900
14 0.21875000 0.39062500 0.01953100 0.02252900
22 0.24316400 0.39062500 0.01953100 0.02252900
8 0.26855500 0.39062500 0.01953100 0.02252900
19 0.29394500 0.38989800 0.01953100 0.02252900
14 0.34570300 0.38989800 0.01953100 0.02252900
13 0.37158200 0.38808100 0.02050800 0.02325600
20 0.45166000 0.38662800 0.02050800 0.02325600
19 0.47900400 0.38626500 0.02050800 0.02398300
5 0.14599600 0.42405500 0.01855500 0.02252900
0 0.16894500 0.42478200 0.01953100 0.02252900
17 0.19287100 0.42405500 0.01855500 0.02252900
5 0.21679700 0.42369200 0.01953100 0.02180200
14 0.24218800 0.42332800 0.01953100 0.02252900
17 0.26660200 0.42296500 0.01953100 0.02325600
14 0.29199200 0.42260200 0.01953100 0.02252900
22 0.31738300 0.42223800 0.01953100 0.02325600
20 0.34375000 0.42187500 0.01953100 0.02252900
22 0.42236300 0.42078500 0.02050800 0.02325600
0 0.45068400 0.42078500 0.02050800 0.02325600
25 0.47802700 0.42078500 0.02050800 0.02325600
20 0.50537100 0.42042200 0.02050800 0.02398300
1 0.14355500 0.45675900 0.01953100 0.02252900
20 0.16650400 0.45639500 0.01855500 0.02325600
19 0.19043000 0.45639500 0.01953100 0.02325600
11 0.23974600 0.45603200 0.01855500 0.02252900
10 0.26464800 0.45603200 0.01953100 0.02252900
20 0.29052700 0.45603200 0.02050800 0.02252900
8 0.34228500 0.45566900 0.02050800 0.02325600
3 0.39404300 0.45566900 0.02050800 0.02325600
8 0.42138700 0.45530500 0.02050800 0.02252900
19 0.44873000 0.45494200 0.02050800 0.02325600
0 0.44726600 0.48982600 0.01953100 0.02470900
9 0.47460900 0.48982600 0.02148400 0.02325600
1 0.09326200 0.52143900 0.01855500 0.02252900
4 0.11523400 0.52180200 0.01953100 0.02325600
11 0.13818400 0.52216600 0.01855500 0.02252900
20 0.26025400 0.52289200 0.02050800 0.02398300
19 0.28564500 0.52289200 0.02050800 0.02398300
8 0.33740200 0.52361900 0.02050800 0.02398300
17 0.39111300 0.52398300 0.02050800 0.02325600
9 0.44531200 0.52398300 0.02148400 0.02470900
8 0.47265600 0.52470900 0.02148400 0.02470900
20 0.58886700 0.52652600 0.02148400 0.02398300
19 0.61718800 0.52689000 0.02148400 0.02470900
17 0.09033200 0.55414200 0.01855500 0.02252900
0 0.11279300 0.55450600 0.01855500 0.02325600
25 0.13623000 0.55523300 0.01855500 0.02325600
6 0.15918000 0.55523300 0.01953100 0.02325600
14 0.18310500 0.55595900 0.01855500 0.02325600
22 0.20703100 0.55632300 0.01953100 0.02398300
14 0.23242200 0.55632300 0.01953100 0.02398300
17 0.25683600 0.55704900 0.01953100 0.02398300
19 0.30859400 0.55777600 0.01953100 0.02398300
0 0.33544900 0.55777600 0.02050800 0.02398300
10 0.36230500 0.55850300 0.02148400 0.02543600
14 0.38916000 0.55886600 0.02050800 0.02470900
22 0.47168000 0.56032000 0.02148400 0.02470900
4 0.50000000 0.56068300 0.02148400 0.02543600
3 0.52880900 0.56104700 0.02050800 0.02470900
20 0.55859400 0.56141000 0.02148400 0.02543600
19 0.58789100 0.56213700 0.02148400 0.02543600
6 0.15771500 0.58829900 0.01855500 0.02398300
3 0.18066400 0.58866300 0.01953100 0.02325600
4 0.20507800 0.58939000 0.01953100 0.02325600
10 0.25488300 0.59084300 0.01953100 0.02325600
20 0.28027300 0.59120600 0.01953100 0.02398300
15 0.30664100 0.59229700 0.02148400 0.02470900
8 0.33300800 0.59266000 0.02148400 0.02543600
11 0.35937500 0.59338700 0.02148400 0.02543600
8 0.38671900 0.59411300 0.02148400 0.02543600
22 0.44140600 0.59556700 0.02148400 0.02543600
18 0.52734400 0.59774700 0.02343800 0.02543600
8 0.55664100 0.59847400 0.02343800 0.02543600
13 0.58642600 0.59883700 0.02246100 0.02616300
14 0.64599600 0.60029100 0.02246100 0.02616300
17 0.67627000 0.60101700 0.02246100 0.02616300
19 0.15478500 0.62209300 0.01855500 0.02325600
14 0.17822300 0.62318300 0.02050800 0.02398300
19 0.20263700 0.62391000 0.02050800 0.02398300
10 0.25244100 0.62572700 0.02050800 0.02470900
17 0.27783200 0.62681700 0.02050800 0.02398300
0 0.30419900 0.62754400 0.02050800 0.02398300
18 0.33056600 0.62863400 0.02050800 0.02470900
13 0.35791000 0.62936000 0.02050800 0.02470900
15 0.46875000 0.63226700 0.02343800 0.02616300
14 0.49707000 0.63299400 0.02343800 0.02616300
12 0.52587900 0.63444800 0.02246100 0.02616300
8 0.55517600 0.63517400 0.02246100 0.02616300
3 0.58544900 0.63590100 0.02246100 0.02616300
14 0.61572300 0.63735500 0.02246100 0.02616300
17 0.64550800 0.63808100 0.02343800 0.02616300
22 0.10449200 0.65407000 0.01953100 0.02325600
14 0.12793000 0.65479700 0.01953100 0.02325600
19 0.15136700 0.65588700 0.01953100 0.02398300
13 0.20019500 0.65806700 0.01953100 0.02398300
4 0.22509800 0.65915700 0.01855500 0.02325600
22 0.25048800 0.66061000 0.02050800 0.02470900
4 0.27685500 0.66206400 0.02050800 0.02470900
9 0.30224600 0.66279100 0.02050800 0.02470900
11 0.32861300 0.66388100 0.02050800 0.02543600
8 0.35498000 0.66497100 0.02050800 0.02470900
22 0.38281200 0.66642400 0.02148400 0.02616300
22 0.49560500 0.67042200 0.02246100 0.02689000
14 0.52490200 0.67151200 0.02246100 0.02616300
15 0.55419900 0.67260200 0.02246100 0.02689000
17 0.58447300 0.67369200 0.02246100 0.02616300
14 0.61328100 0.67478200 0.02343800 0.02689000
18 0.64502000 0.67587200 0.02246100 0.02616300
19 0.10205100 0.68750000 0.01855500 0.02325600
14 0.12402300 0.68895300 0.01953100 0.02325600
18 0.17285200 0.69186000 0.01953100 0.02325600
14 0.19775400 0.69331400 0.01855500 0.02325600
1 0.22216800 0.69440400 0.02050800 0.02398300
18 0.24755900 0.69585800 0.02050800 0.02398300
19 0.27392600 0.69731100 0.02050800 0.02398300
22 0.29980500 0.69876500 0.02148400 0.02543600
4 0.32714800 0.70021800 0.02148400 0.02543600
13 0.35302700 0.70203500 0.02246100 0.02616300
13 0.38037100 0.70276200 0.02246100 0.02616300
12 0.49365200 0.70784900 0.02246100 0.02616300
14 0.52343800 0.70930200 0.02343800 0.02616300
13 0.61425800 0.71220900 0.02343800 0.02616300
14 0.64453100 0.71329900 0.02343800 0.02689000
18 0.67480500 0.71402600 0.02343800 0.02689000
0 0.35107400 0.73800900 0.02246100 0.02543600
0 0.37793000 0.74018900 0.02148400 0.02543600
13 0.07177700 0.75399700 0.02050800 0.02398300
4 0.09521500 0.75545100 0.02050800 0.02543600
6 0.11962900 0.75726700 0.02050800 0.02470900
17 0.14355500 0.75944800 0.02148400 0.02470900
8 0.16796900 0.76162800 0.02148400 0.02470900
19 0.19287100 0.76344500 0.02050800 0.02543600
13 0.24316400 0.76707800 0.02148400 0.02543600
10 0.26953100 0.76889500 0.02148400 0.02470900
0 0.29589800 0.77180200 0.02343800 0.02616300
12 0.35009800 0.77543600 0.02246100 0.02616300
17 0.40478500 0.77834300 0.02246100 0.02616300
8 0.43310500 0.78052300 0.02246100 0.02616300
6 0.49121100 0.78415700 0.02343800 0.02616300
17 0.52099600 0.78633700 0.02246100 0.02761600
4 0.55078100 0.78779100 0.02343800 0.02616300
3 0.06982400 0.78851700 0.02050800 0.02470900
17 0.09228500 0.79069800 0.02050800 0.02470900
4 0.11572300 0.79287800 0.02050800 0.02470900
18 0.14013700 0.79505800 0.02050800 0.02470900
18 0.16503900 0.79723800 0.02148400 0.02470900
8 0.18945300 0.79941900 0.02148400 0.02470900
17 0.21533200 0.80123500 0.02050800 0.02543600
14 0.24072300 0.80341600 0.02050800 0.02543600
22 0.26660200 0.80559600 0.02148400 0.02543600
23 0.29345700 0.80704900 0.02246100 0.02689000
8 0.32031200 0.80923000 0.02343800 0.02689000
2 0.34716800 0.81177300 0.02246100 0.02616300
0 0.37500000 0.81431700 0.02343800 0.02689000
25 0.43115200 0.81867700 0.02246100 0.02689000
22 0.46044900 0.82158400 0.02246100 0.02689000
4 0.48925800 0.82267400 0.02343800 0.02761600
17 0.51953100 0.82449100 0.02343800 0.02689000
4 0.54980500 0.82667200 0.02343800 0.02689000
22 0.11230500 0.82848800 0.02148400 0.02470900
14 0.13671900 0.83103200 0.02148400 0.02543600
19 0.16113300 0.83212200 0.02148400 0.02616300
14 0.21191400 0.83720900 0.02148400 0.02616300
19 0.23681600 0.84011600 0.02246100 0.02616300
10 0.26318400 0.84266000 0.02246100 0.02689000
17 0.29052700 0.84484000 0.02246100 0.02689000
11 0.34326200 0.84992700 0.02246100 0.02689000
8 0.37255900 0.85283400 0.02246100 0.02689000
18 0.40039100 0.85465100 0.02343800 0.02761600
22 0.48828100 0.86046500 0.02539100 0.02761600
10 0.54931600 0.86409900 0.02441400 0.02761600
11 0.57959000 0.86555200 0.02441400 0.02761600
4 0.61181600 0.86773300 0.02441400 0.02761600
19 0.64209000 0.86918600 0.02441400 0.02761600
10 0.67236300 0.87136600 0.02441400 0.02761600
20 0.70361300 0.87064000 0.02441400 0.02761600
3 0.73388700 0.91097400 0.02441400 0.02689000
22 0.76318400 0.90988400 0.02441400 0.02761600
4 0.79345700 0.90915700 0.02441400 0.02761600
17 0.82275400 0.90806700 0.02441400 0.02834300
8 0.85009800 0.90697700 0.02441400 0.02761600
3 0.10791000 0.89898300 0.02246100 0.02616300
17 0.13134800 0.90189000 0.02246100 0.02616300
20 0.15673800 0.90479700 0.02246100 0.02616300
6 0.18115200 0.90770300 0.02246100 0.02616300
25 0.23291000 0.91351700 0.02246100 0.02616300
0 0.25830100 0.91715100 0.02246100 0.02616300
3 0.31250000 0.92332800 0.02343800 0.02689000
17 0.34033200 0.92623500 0.02441400 0.02834300
20 0.36816400 0.92914200 0.02539100 0.02834300
6 0.39648400 0.93168600 0.02539100 0.02761600
14 0.42578100 0.93459300 0.02539100 0.02761600
12 0.45556600 0.93750000 0.02441400 0.02761600
22 0.51660200 0.94331400 0.02539100 0.02761600
7 0.54687500 0.94476700 0.02539100 0.02907000
14 0.57812500 0.94549400 0.02539100 0.02907000
3 0.60937500 0.94694800 0.02539100 0.02907000
19 0.67236300 0.94912800 0.02636700 0.02907000
25 0.73437500 0.94949100 0.02539100 0.02834300
22 0.76464800 0.94912800 0.02343800 0.02616300
4 0.79394500 0.94767400 0.02343800 0.02616300
17 0.82324200 0.94658400 0.02343800 0.02689000
8 0.85156200 0.94513100 0.02343800 0.02689000
