16 0.40156250 0.22656250 0.11875000 0.20781250
16 0.43750000 0.87031250 0.13125000 0.25937500
3 0.25625000 0.54375000 0.12187500 0.24375000
4 0.10000000 0.58125000 0.12968750 0.24218750
0 0.25937500 0.89218750 0.10937500 0.21562500
0 0.55468750 0.49375000 0.10468750 0.20312500
19 0.52968750 0.21875000 0.10937500 0.19375000
3 0.58750000 0.82500000 0.12500000 0.25000000
17 0.64218750 0.21562500 0.10312500 0.20156250
11 0.68125000 0.47656250 0.11718750 0.20156250
4 0.72187500 0.79062500 0.10781250 0.24687500
13 0.84062500 0.76406250 0.11718750 0.25937500
11 0.80937500 0.46250000 0.11875000 0.19687500
18 0.75312500 0.20781250 0.10000000 0.20781250
23 0.84687500 0.20156250 0.09531250 0.17656250
