0 0.03906250 0.19526627 0.04843750 0.11242604
1 0.13281250 0.18934911 0.04218750 0.10946746
2 0.22500000 0.19230769 0.05625000 0.12426036
3 0.31875000 0.18934911 0.04843750 0.11834320
4 0.41250000 0.18639053 0.04843750 0.11242604
5 0.50625000 0.18934911 0.04218750 0.11242604
6 0.59843750 0.18639053 0.03593750 0.10059172
7 0.69062500 0.18934911 0.04218750 0.10355030
8 0.78437500 0.18639053 0.03750000 0.10059172
9 0.87656250 0.18639053 0.05000000 0.11834320
10 0.97187500 0.18639053 0.04218750 0.12721893
11 0.03906250 0.55917160 0.04218750 0.12130178
12 0.13281250 0.55917160 0.04375000 0.11834320
13 0.22500000 0.55917160 0.04375000 0.12721893
14 0.31875000 0.55325444 0.04687500 0.12130178
15 0.41562500 0.55917160 0.05000000 0.11834320
16 0.50625000 0.55621302 0.04062500 0.11242604
17 0.59843750 0.55325444 0.03750000 0.12426036
18 0.69062500 0.55325444 0.04062500 0.11538462
20 0.87656250 0.55621302 0.03437500 0.11242604
21 0.96875000 0.55029586 0.06093750 0.12130178
22 0.36718750 0.92603550 0.04687500 0.12130178
23 0.45937500 0.92011834 0.03437500 0.12721893
24 0.55156250 0.92307692 0.04531250 0.11538462
25 0.64531250 0.92307692 0.03750000 0.11538462
