18 0.16093750 0.06562500 0.03281250 0.10390625
14 0.23750000 0.07265625 0.02812500 0.10078125
14 0.27656250 0.07656250 0.03125000 0.10390625
13 0.31562500 0.08359375 0.03125000 0.10390625
12 0.40625000 0.23281250 0.03906250 0.10781250
11 0.46250000 0.23593750 0.03593750 0.10390625
11 0.67187500 0.25000000 0.02968750 0.10078125
1 0.63593750 0.25000000 0.02968750 0.10078125
12 0.74375000 0.25000000 0.03593750 0.10078125
14 0.88750000 0.24296875 0.02968750 0.09375000
14 0.92343750 0.24687500 0.02812500 0.09687500
11 0.27187500 0.34687500 0.03437500 0.10078125
0 0.23125000 0.34687500 0.02968750 0.09687500
18 0.19218750 0.34375000 0.03593750 0.10078125
19 0.31093750 0.35078125 0.03281250 0.10390625
18 0.38750000 0.36484375 0.03125000 0.09687500
7 0.49531250 0.37187500 0.03125000 0.10078125
12 0.53125000 0.37187500 0.02968750 0.09687500
0 0.60312500 0.37187500 0.02656250 0.08671875
13 0.63750000 0.37812500 0.02968750 0.09375000
3 0.92812500 0.37500000 0.03281250 0.09687500
11 0.15000000 0.48281250 0.03437500 0.10781250
10 0.22968750 0.48984375 0.03281250 0.10078125
11 0.30937500 0.49296875 0.02968750 0.10390625
4 0.26875000 0.49296875 0.02968750 0.10390625
8 0.34687500 0.50000000 0.02812500 0.10078125
4 0.38593750 0.50000000 0.02812500 0.09687500
21 0.60312500 0.51015625 0.02968750 0.09687500
4 0.74531250 0.51406250 0.02656250 0.09687500
4 0.85625000 0.51406250 0.02968750 0.10078125
10 0.16093750 0.63203125 0.03593750 0.10781250
17 0.34531250 0.63906250 0.02968750 0.10390625
4 0.38437500 0.63906250 0.02812500 0.10078125
18 0.60312500 0.64609375 0.02656250 0.09062500
11 0.63906250 0.64921875 0.02812500 0.09062500
0 0.78437500 0.65312500 0.02812500 0.10390625
12 0.14062500 0.77812500 0.03593750 0.11093750
24 0.17968750 0.78125000 0.03437500 0.11796875
24 0.89531250 0.64921875 0.03125000 0.10078125
6 0.34375000 0.78125000 0.02812500 0.10078125
14 0.49375000 0.78125000 0.03125000 0.10390625
20 0.64062500 0.78437500 0.02968750 0.10390625
11 0.71406250 0.78125000 0.03125000 0.10078125
10 0.82500000 0.78437500 0.03437500 0.10390625
17 0.97343750 0.78437500 0.03281250 0.10390625
11 0.13593750 0.92734375 0.03437500 0.11093750
14 0.17656250 0.93046875 0.03281250 0.10781250
0 0.42031250 0.92343750 0.03125000 0.10390625
24 0.56875000 0.92343750 0.03125000 0.10781250
