3 0.17187500 0.07638889 0.03125000 0.11458333
8 0.21562500 0.07638889 0.03281250 0.11458333
18 0.25625000 0.07638889 0.03125000 0.11458333
10 0.29687500 0.07638889 0.02968750 0.11458333
14 0.34062500 0.07638889 0.03125000 0.11111111
15 0.59687500 0.07638889 0.03125000 0.11805556
24 0.94375000 0.07986111 0.03437500 0.12152778
11 0.98437500 0.24305556 0.02968750 0.12500000
24 0.33906250 0.23958333 0.03281250 0.12152778
18 0.21250000 0.23611111 0.03125000 0.11111111
13 0.12812500 0.23611111 0.03281250 0.11111111
0 0.08437500 0.23263889 0.02968750 0.11458333
12 0.04375000 0.23263889 0.03281250 0.10763889
19 0.25468750 0.39583333 0.03281250 0.11111111
11 0.50937500 0.39583333 0.03125000 0.11458333
19 0.59531250 0.40277778 0.03281250 0.11111111
17 0.72812500 0.39930556 0.03281250 0.12152778
19 0.77187500 0.56597222 0.03281250 0.12500000
15 0.63906250 0.56250000 0.03437500 0.11458333
8 0.46718750 0.56250000 0.03125000 0.11111111
0 0.37812500 0.55555556 0.03125000 0.11111111
21 0.33750000 0.55902778 0.03281250 0.11458333
18 0.20937500 0.55555556 0.03437500 0.11805556
14 0.24687500 0.71875000 0.03437500 0.12152778
21 0.55000000 0.72222222 0.03281250 0.12152778
24 0.72812500 0.72916667 0.03750000 0.12152778
13 0.85937500 0.89583333 0.03437500 0.12500000
2 0.55156250 0.88888889 0.03437500 0.11805556
5 0.46562500 0.88194444 0.03437500 0.11458333
19 0.16250000 0.87847222 0.03593750 0.12152778
14 0.11875000 0.88194444 0.03437500 0.12500000
6 0.07656250 0.88541667 0.03750000 0.12847222
0 0.21093750 0.39583333 0.03593750 0.12152778
