3 0.17656250 0.10781250 0.03437500 0.12500000
8 0.22031250 0.10781250 0.03906250 0.12812500
0 0.26093750 0.10390625 0.03750000 0.11796875
11 0.30312500 0.10390625 0.03593750 0.11796875
4 0.34375000 0.09687500 0.03437500 0.11484375
2 0.38593750 0.10078125 0.03906250 0.12812500
19 0.42656250 0.10078125 0.03906250 0.12187500
8 0.63906250 0.09062500 0.03437500 0.12187500
17 0.68281250 0.09375000 0.03593750 0.12812500
19 0.72500000 0.09375000 0.03437500 0.13515625
24 0.76718750 0.09687500 0.03906250 0.12500000
2 0.08750000 0.25000000 0.03437500 0.11484375
0 0.12812500 0.25312500 0.03906250 0.11484375
4 0.17031250 0.25703125 0.03750000 0.12812500
0 0.34531250 0.25000000 0.03750000 0.12812500
13 0.37656250 0.26406250 0.02343750 0.15312500
5 0.51406250 0.24687500 0.03593750 0.13203125
17 0.59687500 0.24687500 0.03750000 0.13515625
19 0.64062500 0.24296875 0.04218750 0.13515625
4 0.68593750 0.24296875 0.03750000 0.12500000
20 0.03750000 0.40937500 0.03125000 0.12500000
17 0.38125000 0.39921875 0.03593750 0.11796875
8 0.42656250 0.40312500 0.03593750 0.12500000
8 0.51250000 0.39609375 0.03593750 0.12187500
0 0.55468750 0.39609375 0.03125000 0.12187500
13 0.60000000 0.39921875 0.03593750 0.12812500
24 0.69062500 0.39609375 0.04218750 0.13203125
19 0.86093750 0.39921875 0.04218750 0.12500000
8 0.90468750 0.40312500 0.03593750 0.13203125
18 0.94687500 0.40625000 0.04062500 0.14218750
12 0.07187500 0.56250000 0.03906250 0.12187500
4 0.11562500 0.56953125 0.03906250 0.14218750
19 0.19843750 0.56250000 0.04375000 0.14609375
14 0.24375000 0.56250000 0.03906250 0.13515625
8 0.47031250 0.55546875 0.03750000 0.12812500
21 0.55937500 0.55546875 0.04062500 0.14218750
4 0.60312500 0.55937500 0.04218750 0.13906250
0 0.69218750 0.55546875 0.04062500 0.14218750
12 0.82656250 0.55546875 0.03437500 0.13906250
21 0.06250000 0.73281250 0.03750000 0.13906250
20 0.14843750 0.73593750 0.03906250 0.13906250
19 0.19531250 0.73281250 0.04062500 0.13515625
6 0.46875000 0.72890625 0.03750000 0.14609375
0 0.51250000 0.73281250 0.03750000 0.14218750
11 0.55625000 0.72578125 0.04218750 0.13906250
11 0.60312500 0.72890625 0.04218750 0.15312500
0 0.69531250 0.72578125 0.03750000 0.13906250
21 0.74375000 0.72890625 0.04218750 0.14218750
20 0.83593750 0.72890625 0.04062500 0.14218750
12 0.87812500 0.72578125 0.03750000 0.13906250
10 0.14062500 0.89921875 0.03750000 0.13515625
4 0.18906250 0.90625000 0.03750000 0.13515625
4 0.23593750 0.90312500 0.03750000 0.13203125
15 0.28125000 0.90625000 0.04375000 0.14218750
18 0.46718750 0.89609375 0.03906250 0.13906250
18 0.55937500 0.90312500 0.04062500 0.14218750
4 0.60937500 0.90312500 0.03906250 0.14609375
15 0.65312500 0.89921875 0.03906250 0.14609375
17 0.74843750 0.90312500 0.04218750 0.14921875
0 0.79375000 0.90312500 0.03750000 0.13906250
19 0.84218750 0.90312500 0.03906250 0.15625000
4 0.88750000 0.90625000 0.03906250 0.14218750
