0 0.18310064 0.24051022 0.11447447 0.12209904
1 0.30008639 0.24039301 0.11688696 0.11846227
2 0.41815387 0.24351879 0.11681789 0.12338882
3 0.53652892 0.23567834 0.11764797 0.12166910
4 0.65724305 0.24073415 0.11745993 0.12123921
5 0.77474229 0.24120413 0.11508943 0.12115902
6 0.18936886 0.35990818 0.11770419 0.12381873
7 0.30666442 0.36162789 0.11574098 0.11951947
8 0.42423656 0.36628335 0.11895453 0.12310634
9 0.54760053 0.36872168 0.11516806 0.11994942
10 0.66106767 0.36590433 0.11123765 0.11976871
11 0.78405255 0.36859090 0.11508515 0.12127441
12 0.17706701 0.49071181 0.11745598 0.12267765
13 0.29910878 0.49272082 0.11745993 0.12037931
14 0.41802308 0.49164601 0.11798899 0.12080926
15 0.54824254 0.49033554 0.11768088 0.12085060
16 0.66816199 0.49261010 0.12112824 0.12166910
17 0.79021566 0.49304007 0.12569204 0.12166912
18 0.17370255 0.61920569 0.12041974 0.12501299
19 0.29925128 0.62147505 0.11729776 0.12917523
20 0.41877900 0.61980179 0.12086576 0.12649801
21 0.54449709 0.61779149 0.12041974 0.12649801
22 0.67102215 0.62030137 0.12515699 0.12750198
23 0.79418369 0.61812614 0.12948542 0.12716731
24 0.44256335 0.76645470 0.12443373 0.13179388
25 0.57011910 0.76791886 0.12354175 0.13555858
