0 0.05000000 0.08849558 0.03593750 0.06858407
1 0.11093750 0.08849558 0.03593750 0.07079646
2 0.17031250 0.08849558 0.03437500 0.07079646
3 0.22812500 0.08628319 0.03437500 0.06858407
4 0.28906250 0.08849558 0.03125000 0.06637168
5 0.34687500 0.08849558 0.03437500 0.06637168
6 0.40781250 0.08849558 0.03437500 0.07079646
7 0.05156250 0.18805310 0.03125000 0.06194690
8 0.10937500 0.19026549 0.03125000 0.06194690
9 0.16875000 0.18805310 0.03281250 0.06637168
10 0.22812500 0.19026549 0.03281250 0.06637168
11 0.28906250 0.19026549 0.03437500 0.06194690
12 0.34687500 0.19026549 0.03281250 0.06194690
13 0.40625000 0.19026549 0.03437500 0.06858407
14 0.05000000 0.28982301 0.03125000 0.05973451
15 0.11093750 0.29203540 0.02812500 0.06637168
16 0.16875000 0.28982301 0.03125000 0.06637168
17 0.22812500 0.28982301 0.03125000 0.06415929
18 0.28906250 0.28982301 0.03125000 0.06415929
19 0.34843750 0.28982301 0.02812500 0.06415929
20 0.40781250 0.29203540 0.03281250 0.06415929
21 0.05000000 0.39159292 0.03125000 0.06415929
22 0.10937500 0.38938053 0.03125000 0.06415929
23 0.16875000 0.38938053 0.02968750 0.06637168
24 0.22968750 0.39159292 0.02968750 0.07079646
25 0.28906250 0.38938053 0.03125000 0.06858407
