8 0.96191400 0.05501300 0.02539100 0.02539100
0 0.14257800 0.13313800 0.02343800 0.02408900
25 0.19628900 0.13053400 0.02343800 0.02408900
0 0.22216800 0.12890600 0.02441400 0.02474000
13 0.27783200 0.12630200 0.02441400 0.02474000
8 0.30566400 0.12500000 0.02343800 0.02474000
12 0.33349600 0.12369800 0.02441400 0.02474000
8 0.39062500 0.12109400 0.02343800 0.02474000
1 0.44726600 0.11849000 0.02343800 0.02474000
20 0.47558600 0.11621100 0.02343800 0.02408900
19 0.50488300 0.11490900 0.02343800 0.02408900
4 0.53418000 0.11360700 0.02343800 0.02408900
17 0.56347700 0.11263000 0.02343800 0.02474000
1 0.59277300 0.11132800 0.02343800 0.02474000
17 0.62304700 0.11035200 0.02343800 0.02408900
14 0.65283200 0.10904900 0.02441400 0.02408900
3 0.68310500 0.10774700 0.02441400 0.02408900
15 0.14062500 0.17187500 0.02148400 0.02343800
14 0.16845700 0.17057300 0.02246100 0.02343800
3 0.19531200 0.16927100 0.02148400 0.02343800
18 0.22216800 0.16796900 0.02246100 0.02343800
10 0.24902300 0.16699200 0.02148400 0.02278600
14 0.27685500 0.16601600 0.02246100 0.02343800
16 0.30468800 0.16471400 0.02343800 0.02474000
8 0.33300800 0.16341100 0.02343800 0.02474000
11 0.36084000 0.16210900 0.02246100 0.02474000
8 0.44726600 0.15820300 0.02343800 0.02474000
15 0.50439500 0.15559900 0.02246100 0.02474000
17 0.53369100 0.15429700 0.02246100 0.02474000
12 0.59375000 0.15234400 0.02343800 0.02474000
14 0.62304700 0.15104200 0.02343800 0.02474000
22 0.68408200 0.14843800 0.02246100 0.02474000
17 0.74511700 0.14648400 0.02343800 0.02474000
14 0.77539100 0.14583300 0.02343800 0.02474000
19 0.80664100 0.14453100 0.02343800 0.02474000
22 0.13818400 0.24934900 0.02246100 0.02474000
14 0.16601600 0.24934900 0.02343800 0.02474000
19 0.19287100 0.24869800 0.02246100 0.02474000
8 0.24755900 0.24674500 0.02246100 0.02474000
10 0.30273400 0.24479200 0.02343800 0.02474000
13 0.33056600 0.24414100 0.02246100 0.02474000
8 0.36035200 0.24283900 0.02343800 0.02474000
9 0.38867200 0.24283900 0.02343800 0.02604200
10 0.41748000 0.24186200 0.02246100 0.02539100
0 0.44628900 0.24056000 0.02343800 0.02539100
22 0.50439500 0.23828100 0.02246100 0.02604200
14 0.53369100 0.23697900 0.02246100 0.02604200
17 0.56347700 0.23567700 0.02343800 0.02604200
14 0.59326200 0.23567700 0.02441400 0.02474000
19 0.62353500 0.23502600 0.02441400 0.02474000
8 0.65380900 0.23404900 0.02441400 0.02539100
11 0.68457000 0.23307300 0.02343800 0.02474000
0 0.71533200 0.23209600 0.02441400 0.02539100
18 0.74658200 0.23112000 0.02441400 0.02474000
22 0.13720700 0.28971400 0.02246100 0.02474000
14 0.16455100 0.28906200 0.02246100 0.02474000
17 0.19189500 0.28841100 0.02246100 0.02474000
14 0.21826200 0.28776000 0.02246100 0.02474000
19 0.24658200 0.28710900 0.02246100 0.02474000
8 0.27441400 0.28613300 0.02148400 0.02539100
11 0.30224600 0.28515600 0.02246100 0.02474000
0 0.33056600 0.28450500 0.02246100 0.02474000
18 0.35986300 0.28352900 0.02246100 0.02539100
19 0.44628900 0.28125000 0.02343800 0.02604200
4 0.47460900 0.28027300 0.02343800 0.02539100
19 0.50488300 0.27962200 0.02343800 0.02539100
17 0.53320300 0.27864600 0.02343800 0.02604200
0 0.56347700 0.27799500 0.02343800 0.02604200
3 0.59375000 0.27734400 0.02343800 0.02604200
8 0.13623000 0.32975300 0.02246100 0.02539100
6 0.18994100 0.32845100 0.02246100 0.02539100
17 0.21826200 0.32779900 0.02246100 0.02539100
0 0.24658200 0.32714800 0.02246100 0.02539100
12 0.27392600 0.32649700 0.02246100 0.02539100
12 0.30175800 0.32584600 0.02148400 0.02539100
0 0.33007800 0.32519500 0.02343800 0.02539100
19 0.35888700 0.32454400 0.02246100 0.02539100
8 0.38769500 0.32454400 0.02343800 0.02669300
10 0.41699200 0.32389300 0.02343800 0.02669300
0 0.44580100 0.32324200 0.02441400 0.02669300
15 0.50439500 0.32161500 0.02441400 0.02604200
20 0.53369100 0.32096400 0.02441400 0.02604200
18 0.56347700 0.31998700 0.02343800 0.02669300
19 0.59375000 0.31933600 0.02343800 0.02669300
8 0.62353500 0.31933600 0.02441400 0.02669300
11 0.65380900 0.31868500 0.02441400 0.02669300
0 0.68505900 0.31803400 0.02441400 0.02669300
18 0.71630900 0.31770800 0.02441400 0.02604200
18 0.13525400 0.37044300 0.02246100 0.02474000
0 0.18994100 0.36914100 0.02246100 0.02474000
17 0.21826200 0.36881500 0.02246100 0.02408900
8 0.24560500 0.36849000 0.02246100 0.02474000
5 0.27343800 0.36783900 0.02343800 0.02474000
12 0.30175800 0.36718800 0.02343800 0.02474000
4 0.33056600 0.36653600 0.02246100 0.02474000
19 0.35888700 0.36588500 0.02246100 0.02474000
8 0.38769500 0.36588500 0.02343800 0.02474000
10 0.41650400 0.36556000 0.02246100 0.02539100
14 0.44531200 0.36490900 0.02343800 0.02539100
15 0.53418000 0.36360700 0.02343800 0.02539100
11 0.56298800 0.36295600 0.02441400 0.02539100
18 0.62402300 0.36230500 0.02343800 0.02539100
0 0.65478500 0.36197900 0.02441400 0.02604200
19 0.68505900 0.36165400 0.02441400 0.02539100
19 0.13427700 0.45149700 0.02246100 0.02539100
20 0.16162100 0.45149700 0.02246100 0.02539100
19 0.18994100 0.45117200 0.02246100 0.02604200
22 0.24511700 0.45084600 0.02343800 0.02539100
4 0.27294900 0.45084600 0.02246100 0.02539100
11 0.30029300 0.45019500 0.02246100 0.02539100
8 0.32910200 0.45019500 0.02343800 0.02539100
10 0.35791000 0.45019500 0.02246100 0.02539100
8 0.38720700 0.45019500 0.02246100 0.02539100
20 0.47460900 0.44954400 0.02343800 0.02539100
12 0.50390600 0.44954400 0.02343800 0.02539100
22 0.56445300 0.44889300 0.02343800 0.02669300
0 0.59375000 0.44921900 0.02343800 0.02604200
11 0.62402300 0.44921900 0.02343800 0.02604200
13 0.68554700 0.44921900 0.02343800 0.02604200
8 0.71630900 0.44921900 0.02441400 0.02604200
10 0.74707000 0.44889300 0.02343800 0.02539100
25 0.13427700 0.49153600 0.02246100 0.02474000
13 0.16162100 0.49153600 0.02246100 0.02474000
0 0.18896500 0.49153600 0.02246100 0.02474000
12 0.21679700 0.49186200 0.02148400 0.02408900
4 0.24462900 0.49218800 0.02246100 0.02604200
13 0.27197300 0.49186200 0.02246100 0.02539100
8 0.30029300 0.49186200 0.02246100 0.02539100
19 0.32959000 0.49153600 0.02246100 0.02474000
12 0.44482400 0.49186200 0.02246100 0.02539100
14 0.47412100 0.49186200 0.02246100 0.02539100
3 0.53320300 0.49153600 0.02343800 0.02604200
14 0.56347700 0.49186200 0.02343800 0.02539100
3 0.59375000 0.49186200 0.02343800 0.02669300
17 0.65429700 0.49153600 0.02343800 0.02604200
20 0.13330100 0.53190100 0.02246100 0.02474000
12 0.16162100 0.53222700 0.02246100 0.02539100
22 0.21728500 0.53255200 0.02246100 0.02474000
0 0.24462900 0.53287800 0.02246100 0.02539100
11 0.27197300 0.53287800 0.02246100 0.02539100
13 0.32910200 0.53287800 0.02148400 0.02539100
8 0.35791000 0.53287800 0.02246100 0.02539100
10 0.38623000 0.53352900 0.02246100 0.02539100
14 0.41601600 0.53352900 0.02343800 0.02539100
22 0.44433600 0.53352900 0.02343800 0.02539100
13 0.50293000 0.53450500 0.02343800 0.02604200
0 0.53222700 0.53450500 0.02343800 0.02604200
16 0.56250000 0.53483100 0.02343800 0.02669300
0 0.59277300 0.53483100 0.02343800 0.02669300
11 0.62402300 0.53515600 0.02343800 0.02604200
13 0.68505900 0.53548200 0.02441400 0.02669300
8 0.71582000 0.53613300 0.02343800 0.02669300
10 0.74707000 0.53613300 0.02343800 0.02669300
8 0.13378900 0.57259100 0.02343800 0.02539100
12 0.18896500 0.57324200 0.02246100 0.02539100
14 0.21630900 0.57389300 0.02246100 0.02539100
16 0.24365200 0.57454400 0.02246100 0.02539100
0 0.27197300 0.57519500 0.02246100 0.02539100
11 0.29931600 0.57519500 0.02246100 0.02539100
14 0.32812500 0.57487000 0.02343800 0.02604200
10 0.35742200 0.57519500 0.02343800 0.02539100
10 0.41552700 0.57584600 0.02246100 0.02539100
14 0.44384800 0.57617200 0.02246100 0.02604200
12 0.47314500 0.57649700 0.02246100 0.02539100
0 0.50195300 0.57714800 0.02343800 0.02539100
13 0.53271500 0.57747400 0.02246100 0.02604200
3 0.56250000 0.57845100 0.02343800 0.02669300
8 0.59326200 0.57845100 0.02441400 0.02669300
17 0.62353500 0.57845100 0.02441400 0.02669300
15 0.13330100 0.61295600 0.02246100 0.02539100
14 0.16064500 0.61360700 0.02246100 0.02539100
3 0.18798800 0.61425800 0.02246100 0.02539100
1 0.21630900 0.61490900 0.02246100 0.02539100
4 0.24365200 0.61523400 0.02246100 0.02474000
9 0.27197300 0.61588500 0.02246100 0.02474000
0 0.29980500 0.61653600 0.02343800 0.02604200
11 0.32812500 0.61718800 0.02343800 0.02604200
10 0.38671900 0.61783900 0.02343800 0.02604200
14 0.41503900 0.61816400 0.02343800 0.02539100
12 0.47363300 0.61914100 0.02343800 0.02604200
13 0.50195300 0.61979200 0.02343800 0.02604200
4 0.53271500 0.62011700 0.02246100 0.02539100
19 0.59277300 0.62109400 0.02343800 0.02604200
0 0.62304700 0.62141900 0.02343800 0.02539100
13 0.65332000 0.62272100 0.02343800 0.02539100
2 0.68408200 0.62337200 0.02441400 0.02539100
20 0.71484400 0.62402300 0.02343800 0.02539100
8 0.13378900 0.65429700 0.02148400 0.02343800
2 0.18896500 0.65527300 0.02246100 0.02408900
4 0.21630900 0.65592400 0.02246100 0.02408900
11 0.24414100 0.65657600 0.02148400 0.02408900
20 0.27197300 0.65722700 0.02246100 0.02408900
6 0.35791000 0.65918000 0.02246100 0.02539100
14 0.38623000 0.65983100 0.02246100 0.02539100
22 0.41552700 0.66048200 0.02246100 0.02539100
14 0.44384800 0.66113300 0.02246100 0.02539100
17 0.47314500 0.66178400 0.02246100 0.02539100
8 0.50293000 0.66243500 0.02343800 0.02539100
11 0.53173800 0.66243500 0.02246100 0.02539100
22 0.16210900 0.73567700 0.02148400 0.02474000
14 0.18896500 0.73632800 0.02246100 0.02474000
19 0.21679700 0.73665400 0.02343800 0.02539100
19 0.27246100 0.73860700 0.02343800 0.02539100
4 0.30029300 0.73958300 0.02246100 0.02474000
15 0.32861300 0.74056000 0.02246100 0.02539100
4 0.35791000 0.74153600 0.02246100 0.02474000
17 0.38623000 0.74251300 0.02246100 0.02539100
19 0.47265600 0.74544300 0.02343800 0.02604200
4 0.50195300 0.74641900 0.02343800 0.02539100
1 0.53222700 0.74739600 0.02343800 0.02604200
11 0.62158200 0.75032600 0.02441400 0.02539100
1 0.68115200 0.75260400 0.02441400 0.02604200
11 0.71191400 0.75358100 0.02343800 0.02539100
22 0.13476600 0.77474000 0.02148400 0.02474000
14 0.16162100 0.77539100 0.02246100 0.02474000
19 0.18896500 0.77669300 0.02246100 0.02474000
19 0.24414100 0.77832000 0.02148400 0.02408900
4 0.27246100 0.77929700 0.02148400 0.02474000
15 0.30029300 0.78059900 0.02246100 0.02474000
4 0.32861300 0.78125000 0.02246100 0.02474000
17 0.35742200 0.78222700 0.02343800 0.02539100
19 0.44335900 0.78548200 0.02343800 0.02539100
4 0.47216800 0.78645800 0.02441400 0.02604200
1 0.50097700 0.78776000 0.02343800 0.02604200
7 0.59130900 0.79166700 0.02441400 0.02604200
22 0.62060500 0.79296900 0.02441400 0.02604200
0 0.65039100 0.79394500 0.02539100 0.02669300
11 0.68115200 0.79524700 0.02441400 0.02669300
13 0.13427700 0.81510400 0.02246100 0.02474000
0 0.16162100 0.81510400 0.02246100 0.02474000
10 0.18896500 0.81640600 0.02246100 0.02474000
14 0.21728500 0.81770800 0.02246100 0.02474000
13 0.24462900 0.81868500 0.02246100 0.02408900
4 0.27246100 0.81966100 0.02148400 0.02474000
2 0.30029300 0.82096400 0.02246100 0.02474000
19 0.35791000 0.82226600 0.02246100 0.02474000
14 0.38623000 0.82389300 0.02246100 0.02539100
19 0.44287100 0.82649700 0.02246100 0.02539100
6 0.53027300 0.83105500 0.02343800 0.02539100
17 0.56005900 0.83203100 0.02441400 0.02604200
25 0.62011700 0.83496100 0.02343800 0.02539100
13 0.64990200 0.83626300 0.02441400 0.02539100
20 0.67968800 0.83756500 0.02343800 0.02539100
11 0.70947300 0.83886700 0.02441400 0.02539100
12 0.13525400 0.85416700 0.02246100 0.02343800
14 0.16210900 0.85546900 0.02148400 0.02343800
3 0.21826200 0.85742200 0.02246100 0.02343800
14 0.24560500 0.85807300 0.02246100 0.02343800
3 0.27294900 0.85904900 0.02246100 0.02408900
17 0.32910200 0.86165400 0.02343800 0.02408900
20 0.35742200 0.86328100 0.02343800 0.02474000
20 0.41455100 0.86653600 0.02246100 0.02474000
6 0.44238300 0.86783900 0.02343800 0.02474000
14 0.47070300 0.86914100 0.02343800 0.02474000
3 0.50097700 0.87044300 0.02343800 0.02474000
8 0.52978500 0.87174500 0.02441400 0.02474000
11 0.55908200 0.87304700 0.02441400 0.02474000
