8 0.11328100 0.14876300 0.02539100 0.02408900
8 0.14550800 0.15039100 0.02539100 0.02474000
6 0.86181600 0.19694000 0.02246100 0.02148400
8 0.88720700 0.19824200 0.02246100 0.02148400
5 0.17480500 0.18587200 0.02539100 0.02408900
20 0.27197300 0.18847700 0.02441400 0.02408900
0 0.33496100 0.19238300 0.02539100 0.02408900
11 0.36718800 0.19335900 0.02539100 0.02474000
8 0.46093800 0.19921900 0.02539100 0.02474000
13 0.49121100 0.20149700 0.02539100 0.02408900
14 0.52197300 0.20345100 0.02441400 0.02408900
18 0.61181600 0.20931000 0.02441400 0.02408900
14 0.64111300 0.21093800 0.02441400 0.02343800
1 0.66845700 0.21321600 0.02441400 0.02278600
0 0.69873000 0.21549500 0.02441400 0.02343800
10 0.72656200 0.21744800 0.02539100 0.02343800
8 0.75439500 0.21940100 0.02441400 0.02343800
14 0.07226600 0.25097700 0.02539100 0.02408900
3 0.10449200 0.25130200 0.02539100 0.02474000
8 0.13769500 0.25227900 0.02539100 0.02408900
11 0.16992200 0.25358100 0.02539100 0.02408900
8 0.20214800 0.25488300 0.02539100 0.02408900
18 0.23535200 0.25618500 0.02539100 0.02408900
6 0.36328100 0.26204400 0.02539100 0.02408900
23 0.42675800 0.26529900 0.02539100 0.02408900
4 0.45752000 0.26725300 0.02441400 0.02408900
13 0.48779300 0.26855500 0.02441400 0.02408900
10 0.51806600 0.27050800 0.02441400 0.02408900
14 0.54785200 0.27181000 0.02343800 0.02408900
22 0.57861300 0.27376300 0.02441400 0.02408900
11 0.06787100 0.32096400 0.02636700 0.02604200
4 0.19824200 0.32487000 0.02539100 0.02474000
23 0.26367200 0.32682300 0.02539100 0.02474000
4 0.29492200 0.32812500 0.02539100 0.02474000
13 0.32714800 0.32942700 0.02539100 0.02474000
10 0.35888700 0.33072900 0.02441400 0.02474000
14 0.39062500 0.33235700 0.02539100 0.02408900
22 0.42236300 0.33365900 0.02441400 0.02408900
14 0.48437500 0.33626300 0.02539100 0.02408900
13 0.51416000 0.33756500 0.02441400 0.02408900
20 0.57519500 0.34049500 0.02343800 0.02343800
9 0.60449200 0.34212200 0.02343800 0.02408900
4 0.63378900 0.34342400 0.02343800 0.02408900
13 0.69140600 0.34602900 0.02343800 0.02408900
0 0.71972700 0.34765600 0.02343800 0.02343800
11 0.80517600 0.35188800 0.02246100 0.02408900
17 0.09423800 0.39290400 0.02441400 0.02539100
14 0.12695300 0.39388000 0.02539100 0.02474000
8 0.19335900 0.39583300 0.02539100 0.02474000
7 0.22607400 0.39681000 0.02441400 0.02539100
7 0.29101600 0.39876300 0.02539100 0.02539100
14 0.32373000 0.39974000 0.02441400 0.02474000
25 0.35498000 0.40104200 0.02441400 0.02474000
4 0.41894500 0.40332000 0.02343800 0.02408900
22 0.45019500 0.40397100 0.02343800 0.02408900
18 0.54199200 0.40722700 0.02343800 0.02408900
10 0.57177700 0.40820300 0.02246100 0.02343800
14 0.60156200 0.40918000 0.02343800 0.02408900
11 0.63085900 0.41048200 0.02343800 0.02408900
10 0.68945300 0.41243500 0.02343800 0.02408900
14 0.71826200 0.41373700 0.02246100 0.02408900
4 0.77490200 0.41569000 0.02246100 0.02408900
23 0.80175800 0.41666700 0.02343800 0.02343800
13 0.09082000 0.46419300 0.02539100 0.02474000
10 0.12304700 0.46484400 0.02539100 0.02474000
14 0.15722700 0.46549500 0.02539100 0.02474000
22 0.19043000 0.46679700 0.02539100 0.02474000
14 0.25585900 0.46809900 0.02539100 0.02474000
18 0.28808600 0.46875000 0.02539100 0.02474000
19 0.31982400 0.46972700 0.02441400 0.02539100
0 0.35253900 0.47070300 0.02539100 0.02474000
11 0.38525400 0.47102900 0.02441400 0.02408900
14 0.41650400 0.47168000 0.02441400 0.02408900
18 0.44775400 0.47233100 0.02441400 0.02408900
6 0.15283200 0.57291700 0.02441400 0.02474000
15 0.25146500 0.57421900 0.02441400 0.02474000
14 0.28369100 0.57454400 0.02441400 0.02539100
16 0.31591800 0.57487000 0.02441400 0.02474000
19 0.34814500 0.57519500 0.02441400 0.02539100
0 0.37939500 0.57552100 0.02441400 0.02474000
11 0.41162100 0.57584600 0.02441400 0.02408900
14 0.47412100 0.57649700 0.02441400 0.02408900
13 0.50537100 0.57682300 0.02441400 0.02474000
3 0.56689500 0.57714800 0.02441400 0.02408900
14 0.59619100 0.57747400 0.02246100 0.02343800
11 0.62597700 0.57779900 0.02343800 0.02278600
9 0.65576200 0.57812500 0.02246100 0.02343800
4 0.68505900 0.57877600 0.02246100 0.02343800
13 0.71386700 0.57910200 0.02343800 0.02278600
25 0.08447300 0.64388000 0.02441400 0.02474000
13 0.11718800 0.64388000 0.02539100 0.02474000
4 0.15039100 0.64420600 0.02539100 0.02408900
18 0.18408200 0.64453100 0.02441400 0.02474000
19 0.21679700 0.64453100 0.02539100 0.02474000
8 0.24951200 0.64485700 0.02441400 0.02408900
15 0.31396500 0.64485700 0.02441400 0.02408900
14 0.34570300 0.64550800 0.02343800 0.02408900
0 0.40966800 0.64550800 0.02441400 0.02408900
3 0.44043000 0.64550800 0.02343800 0.02408900
17 0.47168000 0.64550800 0.02343800 0.02408900
4 0.50293000 0.64550800 0.02343800 0.02408900
18 0.53320300 0.64550800 0.02343800 0.02408900
0 0.56396500 0.64518200 0.02246100 0.02343800
12 0.59423800 0.64518200 0.02246100 0.02343800
7 0.68310500 0.64518200 0.02246100 0.02343800
15 0.74023400 0.64518200 0.02343800 0.02343800
8 0.76904300 0.64485700 0.02246100 0.02278600
18 0.79736300 0.64453100 0.02246100 0.02343800
4 0.82421900 0.64453100 0.02148400 0.02343800
12 0.85205100 0.64420600 0.02246100 0.02278600
20 0.11621100 0.71516900 0.02539100 0.02408900
9 0.14843800 0.71484400 0.02539100 0.02474000
4 0.18212900 0.71582000 0.02441400 0.02408900
17 0.24755900 0.71516900 0.02441400 0.02408900
0 0.27978500 0.71516900 0.02441400 0.02408900
25 0.31201200 0.71451800 0.02441400 0.02408900
13 0.34326200 0.71451800 0.02441400 0.02408900
18 0.40722700 0.71451800 0.02343800 0.02408900
5 0.50097700 0.71354200 0.02343800 0.02474000
15 0.56250000 0.71321600 0.02343800 0.02408900
8 0.59277300 0.71289100 0.02343800 0.02343800
18 0.62255900 0.71224000 0.02246100 0.02343800
4 0.65234400 0.71224000 0.02343800 0.02343800
12 0.68164100 0.71158900 0.02343800 0.02343800
14 0.08105500 0.78580700 0.02539100 0.02474000
11 0.11279300 0.78613300 0.02441400 0.02408900
10 0.18017600 0.78548200 0.02441400 0.02408900
14 0.21337900 0.78548200 0.02441400 0.02408900
15 0.27880900 0.78483100 0.02441400 0.02408900
8 0.31005900 0.78450500 0.02441400 0.02343800
18 0.34228500 0.78418000 0.02441400 0.02408900
4 0.37402300 0.78418000 0.02539100 0.02408900
12 0.40576200 0.78352900 0.02441400 0.02408900
4 0.46826200 0.78222700 0.02441400 0.02408900
12 0.49902300 0.78190100 0.02343800 0.02343800
20 0.52978500 0.78125000 0.02441400 0.02343800
4 0.59082000 0.78059900 0.02343800 0.02343800
23 0.62011700 0.77994800 0.02343800 0.02343800
13 0.70849600 0.77734400 0.02246100 0.02343800
0 0.73681600 0.77636700 0.02246100 0.02278600
3 0.76464800 0.77571600 0.02343800 0.02278600
14 0.79248000 0.77506500 0.02246100 0.02278600
13 0.11328100 0.85612000 0.02539100 0.02474000
4 0.14648400 0.85612000 0.02539100 0.02474000
18 0.17871100 0.85546900 0.02539100 0.02474000
19 0.21191400 0.85546900 0.02539100 0.02474000
8 0.24414100 0.85546900 0.02539100 0.02474000
