0 0.29980500 0.07049400 0.02539100 0.02761600
0 0.32959000 0.06976700 0.02636700 0.02761600
0 0.39257800 0.07122100 0.02539100 0.02761600
22 0.42285200 0.07194800 0.02539100 0.02761600
6 0.45312500 0.07267400 0.02539100 0.02761600
20 0.48242200 0.07340100 0.02539100 0.02761600
18 0.51367200 0.07412800 0.02539100 0.02761600
19 0.54345700 0.07412800 0.02636700 0.02761600
15 0.30127000 0.14752900 0.02636700 0.03197700
17 0.33154300 0.14716600 0.02636700 0.02979700
14 0.36181600 0.14643900 0.02636700 0.02979700
15 0.39257800 0.14643900 0.02539100 0.02979700
0 0.42334000 0.14716600 0.02636700 0.02979700
9 0.45361300 0.14716600 0.02636700 0.02979700
0 0.48535200 0.14789200 0.02734400 0.02979700
20 0.12011700 0.19040700 0.02539100 0.03052300
20 0.24218800 0.18968000 0.02539100 0.03052300
17 0.27246100 0.18968000 0.02539100 0.03052300
1 0.36328100 0.18931700 0.02539100 0.03125000
11 0.42382800 0.18931700 0.02539100 0.02979700
25 0.48535200 0.18968000 0.02539100 0.03052300
0 0.51464800 0.18968000 0.02539100 0.03052300
10 0.57568400 0.18931700 0.02636700 0.02979700
0 0.60595700 0.18931700 0.02636700 0.02979700
25 0.09326200 0.23183100 0.02441400 0.02907000
0 0.12304700 0.23183100 0.02539100 0.02907000
1 0.15332000 0.23183100 0.02539100 0.02907000
11 0.21484400 0.23183100 0.02539100 0.02907000
20 0.30517600 0.23219500 0.02441400 0.02979700
17 0.33496100 0.23219500 0.02539100 0.02979700
0 0.36425800 0.23183100 0.02539100 0.02907000
25 0.42480500 0.23146800 0.02539100 0.02979700
0 0.45507800 0.23074100 0.02539100 0.02979700
10 0.48437500 0.23074100 0.02539100 0.02979700
17 0.51562500 0.23037800 0.02539100 0.02907000
19 0.57617200 0.23001500 0.02539100 0.02979700
10 0.66748000 0.22892400 0.02636700 0.02907000
11 0.69775400 0.22892400 0.02636700 0.02907000
4 0.72753900 0.22856100 0.02539100 0.02979700
19 0.75878900 0.22928800 0.02539100 0.02834300
10 0.79003900 0.22928800 0.02539100 0.02834300
20 0.81933600 0.23001500 0.02539100 0.02834300
15 0.09619100 0.27034900 0.02441400 0.02907000
17 0.12695300 0.27071200 0.02539100 0.02834300
6 0.18701200 0.27143900 0.02441400 0.02834300
13 0.21728500 0.27143900 0.02441400 0.02834300
20 0.24755900 0.27107600 0.02441400 0.02907000
11 0.27734400 0.27107600 0.02539100 0.02907000
25 0.33691400 0.27143900 0.02539100 0.02834300
0 0.36669900 0.27143900 0.02441400 0.02834300
10 0.42529300 0.27071200 0.02441400 0.02834300
0 0.45654300 0.26998500 0.02441400 0.02834300
8 0.51611300 0.26998500 0.02441400 0.02834300
25 0.54638700 0.26998500 0.02441400 0.02834300
10 0.60693400 0.26962200 0.02441400 0.02907000
11 0.63720700 0.26925900 0.02441400 0.02979700
4 0.66796900 0.26889500 0.02539100 0.02907000
19 0.69726600 0.26816900 0.02539100 0.02761600
10 0.72949200 0.26780500 0.02539100 0.02834300
8 0.75878900 0.26780500 0.02539100 0.02834300
8 0.82031200 0.26707800 0.02539100 0.02834300
15 0.87890600 0.26744200 0.02539100 0.02761600
17 0.90820300 0.26853200 0.02539100 0.02834300
14 0.94043000 0.26853200 0.02539100 0.02834300
15 0.07177700 0.30814000 0.02441400 0.02761600
0 0.10009800 0.30850300 0.02441400 0.02689000
11 0.13037100 0.30886600 0.02441400 0.02761600
18 0.25146500 0.30959300 0.02441400 0.02761600
19 0.28076200 0.30959300 0.02441400 0.02761600
0 0.30957000 0.30959300 0.02343800 0.02761600
11 0.33984400 0.30959300 0.02343800 0.02761600
20 0.45849600 0.30959300 0.02441400 0.02761600
17 0.48828100 0.30959300 0.02343800 0.02761600
0 0.51806600 0.30959300 0.02441400 0.02761600
4 0.57861300 0.30959300 0.02441400 0.02761600
6 0.60888700 0.31068300 0.02441400 0.02834300
14 0.63818400 0.30995600 0.02441400 0.02834300
8 0.69970700 0.30923000 0.02441400 0.02834300
18 0.72998000 0.30850300 0.02441400 0.02834300
10 0.76025400 0.30777600 0.02441400 0.02834300
0 0.79150400 0.30741300 0.02441400 0.02907000
19 0.82177700 0.30850300 0.02441400 0.02834300
14 0.10351600 0.34556700 0.02343800 0.02689000
13 0.13330100 0.34556700 0.02441400 0.02689000
15 0.19287100 0.34593000 0.02441400 0.02761600
14 0.22216800 0.34593000 0.02441400 0.02761600
18 0.25146500 0.34629400 0.02441400 0.02689000
12 0.28173800 0.34665700 0.02441400 0.02761600
14 0.31103500 0.34665700 0.02441400 0.02761600
19 0.34130900 0.34665700 0.02441400 0.02761600
14 0.37109400 0.34665700 0.02343800 0.02761600
4 0.42968800 0.34774700 0.02343800 0.02689000
11 0.45898400 0.34774700 0.02343800 0.02689000
15 0.51855500 0.34702000 0.02343800 0.02689000
14 0.54882800 0.34702000 0.02343800 0.02689000
3 0.57861300 0.34702000 0.02441400 0.02689000
10 0.63867200 0.34702000 0.02343800 0.02689000
17 0.66943400 0.34665700 0.02441400 0.02761600
11 0.72900400 0.34702000 0.02441400 0.02834300
2 0.82080100 0.34738400 0.02441400 0.02761600
14 0.85107400 0.34774700 0.02441400 0.02834300
8 0.10156200 0.38081400 0.02343800 0.02616300
8 0.13134800 0.38081400 0.02441400 0.02616300
3 0.16113300 0.38081400 0.02343800 0.02616300
8 0.19140600 0.38154100 0.02343800 0.02616300
19 0.22070300 0.38190400 0.02343800 0.02543600
19 0.28027300 0.38226700 0.02343800 0.02761600
0 0.31005900 0.38226700 0.02441400 0.02761600
12 0.34033200 0.38299400 0.02441400 0.02761600
15 0.39990200 0.38299400 0.02441400 0.02761600
20 0.42968800 0.38372100 0.02343800 0.02761600
8 0.48925800 0.38372100 0.02343800 0.02761600
18 0.51806600 0.38372100 0.02441400 0.02761600
19 0.54834000 0.38372100 0.02441400 0.02761600
1 0.66748000 0.38444800 0.02441400 0.02761600
4 0.69775400 0.38444800 0.02441400 0.02761600
6 0.72802700 0.38444800 0.02441400 0.02761600
11 0.75781200 0.38444800 0.02539100 0.02761600
4 0.78857400 0.38444800 0.02441400 0.02761600
2 0.81884800 0.38444800 0.02441400 0.02761600
12 0.09570300 0.42114800 0.02539100 0.02834300
0 0.12548800 0.42114800 0.02441400 0.02834300
11 0.15673800 0.42114800 0.02441400 0.02834300
16 0.21777300 0.42114800 0.02539100 0.02834300
8 0.24755900 0.42114800 0.02441400 0.02834300
10 0.27734400 0.42187500 0.02539100 0.02834300
22 0.33789100 0.42187500 0.02539100 0.02834300
25 0.36865200 0.42187500 0.02441400 0.02834300
11 0.42773400 0.42187500 0.02343800 0.02834300
25 0.48681600 0.42260200 0.02441400 0.02834300
0 0.51709000 0.42260200 0.02441400 0.02834300
10 0.57714800 0.42260200 0.02539100 0.02834300
20 0.60693400 0.42260200 0.02441400 0.02834300
8 0.66650400 0.42223800 0.02441400 0.02761600
14 0.72656200 0.42260200 0.02539100 0.02834300
19 0.75634800 0.42332800 0.02441400 0.02834300
13 0.78662100 0.42332800 0.02441400 0.02834300
18 0.84960900 0.42260200 0.02539100 0.02834300
4 0.90869100 0.42296500 0.02441400 0.02761600
6 0.93798800 0.42332800 0.02441400 0.02834300
14 0.96875000 0.42332800 0.02539100 0.02834300
22 0.06298800 0.45930200 0.02441400 0.02907000
10 0.12402300 0.45966600 0.02539100 0.02834300
11 0.15478500 0.45966600 0.02441400 0.02834300
4 0.18554700 0.45966600 0.02539100 0.02834300
19 0.21630900 0.45966600 0.02441400 0.02834300
10 0.30712900 0.46039200 0.02441400 0.02834300
20 0.33642600 0.46039200 0.02441400 0.02834300
3 0.09277300 0.50145300 0.02539100 0.02907000
19 0.15478500 0.50145300 0.02441400 0.02907000
4 0.18505900 0.50145300 0.02441400 0.02907000
11 0.21533200 0.50145300 0.02441400 0.02907000
6 0.27587900 0.50072700 0.02441400 0.02907000
17 0.30517600 0.50072700 0.02441400 0.02907000
14 0.33544900 0.50072700 0.02441400 0.02907000
12 0.36474600 0.50072700 0.02441400 0.02907000
10 0.39502000 0.50109000 0.02441400 0.02834300
14 0.42431600 0.50109000 0.02441400 0.02834300
18 0.48486300 0.50072700 0.02441400 0.02761600
19 0.51464800 0.50072700 0.02343800 0.02761600
20 0.54541000 0.50072700 0.02441400 0.02761600
16 0.57568400 0.50072700 0.02441400 0.02761600
8 0.60498000 0.50072700 0.02441400 0.02761600
19 0.63427700 0.50036300 0.02441400 0.02834300
10 0.69384800 0.50036300 0.02441400 0.02834300
11 0.72363300 0.50036300 0.02343800 0.02834300
22 0.78466800 0.50036300 0.02441400 0.02834300
14 0.81494100 0.50036300 0.02441400 0.02834300
12 0.84472700 0.49963700 0.02539100 0.02834300
15 0.90576200 0.49927300 0.02441400 0.02907000
14 0.93603500 0.50000000 0.02441400 0.02907000
3 0.06152300 0.54142400 0.02539100 0.02761600
4 0.09277300 0.54142400 0.02539100 0.02761600
17 0.12402300 0.54106100 0.02539100 0.02834300
4 0.15429700 0.54106100 0.02539100 0.02834300
22 0.18505900 0.54106100 0.02441400 0.02834300
20 0.21582000 0.54106100 0.02539100 0.02834300
13 0.33544900 0.53997100 0.02441400 0.02761600
0 0.36425800 0.53997100 0.02343800 0.02761600
10 0.42431600 0.53960800 0.02441400 0.02834300
11 0.45459000 0.54033400 0.02441400 0.02834300
20 0.48437500 0.54033400 0.02343800 0.02834300
12 0.51416000 0.54033400 0.02441400 0.02834300
1 0.54394500 0.54033400 0.02539100 0.02834300
4 0.57470700 0.54033400 0.02441400 0.02834300
15 0.63427700 0.53960800 0.02441400 0.02834300
4 0.66406200 0.53960800 0.02539100 0.02834300
18 0.69384800 0.53960800 0.02441400 0.02834300
19 0.72412100 0.53960800 0.02441400 0.02834300
17 0.75341800 0.53960800 0.02441400 0.02834300
4 0.78369100 0.53960800 0.02441400 0.02834300
11 0.81347700 0.53888100 0.02539100 0.02834300
8 0.84472700 0.53888100 0.02539100 0.02834300
10 0.90625000 0.53888100 0.02539100 0.02834300
17 0.93554700 0.53924400 0.02539100 0.02761600
0 0.96582000 0.53888100 0.02539100 0.02834300
0 0.57519500 0.07558100 0.02539100 0.02761600
