18 0.07343750 0.09375000 0.03593750 0.11805556
14 0.20625000 0.09722222 0.03437500 0.12847222
20 0.38593750 0.10763889 0.03750000 0.12500000
20 0.56093750 0.11458333 0.03437500 0.12500000
19 0.84843750 0.13194444 0.03125000 0.12152778
2 0.20625000 0.25694444 0.03593750 0.12500000
13 0.29687500 0.26388889 0.03593750 0.12847222
0 0.34218750 0.26736111 0.03281250 0.12152778
7 0.38750000 0.26736111 0.03593750 0.12152778
0 0.43125000 0.26736111 0.03281250 0.11458333
13 0.47343750 0.27083333 0.03437500 0.12500000
12 0.72968750 0.28125000 0.03281250 0.11805556
11 0.15937500 0.42708333 0.03750000 0.12152778
19 0.34218750 0.43402778 0.03593750 0.12152778
4 0.47500000 0.43055556 0.03437500 0.11805556
7 0.64531250 0.43750000 0.03281250 0.11805556
4 0.68750000 0.43750000 0.03281250 0.11805556
22 0.15625000 0.60069444 0.03750000 0.12500000
3 0.25000000 0.60069444 0.03437500 0.13194444
1 0.34062500 0.60069444 0.03437500 0.12152778
11 0.38437500 0.60416667 0.03437500 0.12152778
3 0.72968750 0.60416667 0.03125000 0.11458333
11 0.06406250 0.76736111 0.03125000 0.12152778
19 0.34062500 0.76736111 0.03437500 0.12152778
22 0.38593750 0.76736111 0.03437500 0.11805556
18 0.47500000 0.76388889 0.03281250 0.11805556
20 0.60468750 0.76388889 0.03593750 0.12500000
12 0.68906250 0.76736111 0.02968750 0.11805556
14 0.06718750 0.93402778 0.03437500 0.12152778
15 0.11093750 0.93402778 0.03281250 0.12500000
15 0.15781250 0.93750000 0.03281250 0.12500000
0 0.20156250 0.93750000 0.03281250 0.12500000
20 0.47343750 0.93402778 0.03125000 0.12152778
10 0.56093750 0.92708333 0.03281250 0.11805556
7 0.64843750 0.92361111 0.03125000 0.12152778
19 0.93125000 0.91666667 0.02968750 0.11805556
