0 0.28437500 0.16046967 0.08750000 0.15459883
1 0.44218750 0.16438356 0.08437500 0.16046967
2 0.59687500 0.16438356 0.09375000 0.14872798
3 0.74843750 0.15655577 0.09375000 0.15851272
4 0.90156250 0.15459883 0.08750000 0.15851272
10 0.29531250 0.47358121 0.07500000 0.14872798
11 0.44062500 0.46771037 0.10156250 0.16046967
12 0.59531250 0.46771037 0.08281250 0.15851272
13 0.75156250 0.46379648 0.07968750 0.15264188
14 0.90312500 0.46575342 0.10468750 0.15655577
20 0.29843750 0.77690802 0.07968750 0.15264188
21 0.44375000 0.78082192 0.07812500 0.14872798
23 0.60000000 0.77886497 0.09062500 0.14481409
24 0.74843750 0.77299413 0.07656250 0.13894325
25 0.89843750 0.77103718 0.07968750 0.14872798
