8 0.16552700 0.12536300 0.02050800 0.02107600
15 0.16455100 0.15552300 0.02050800 0.02180200
8 0.19091800 0.15552300 0.02050800 0.02180200
20 0.24267600 0.15625000 0.02050800 0.02180200
19 0.26953100 0.15697700 0.02148400 0.02180200
18 0.32275400 0.15770300 0.02050800 0.02180200
14 0.34814500 0.15843000 0.02050800 0.02180200
22 0.37451200 0.15915700 0.02050800 0.02180200
4 0.39990200 0.15915700 0.02050800 0.02180200
19 0.42529300 0.15988400 0.02050800 0.02180200
18 0.45068400 0.16061000 0.02050800 0.02180200
10 0.47607400 0.16133700 0.02050800 0.02180200
8 0.50146500 0.16170100 0.02050800 0.02252900
4 0.52636700 0.16206400 0.01953100 0.02180200
3 0.57714800 0.16279100 0.01953100 0.02180200
4 0.60253900 0.16315400 0.01953100 0.02107600
19 0.62695300 0.16388100 0.01953100 0.02107600
8 0.65136700 0.16424400 0.01953100 0.02180200
12 0.21728500 0.18713700 0.02050800 0.02252900
8 0.24365200 0.18750000 0.02050800 0.02180200
17 0.26904300 0.18750000 0.02050800 0.02180200
22 0.32226600 0.18822700 0.01953100 0.02180200
18 0.34765600 0.18859000 0.01953100 0.02107600
4 0.37402300 0.18931700 0.01953100 0.02107600
12 0.40039100 0.19004400 0.01953100 0.02107600
13 0.45117200 0.19077000 0.01953100 0.02107600
0 0.47656200 0.19149700 0.01953100 0.02107600
17 0.50195300 0.19222400 0.01953100 0.02107600
14 0.52734400 0.19222400 0.01953100 0.02107600
3 0.55175800 0.19295100 0.01953100 0.02107600
0 0.57714800 0.19295100 0.01953100 0.02107600
12 0.60253900 0.19295100 0.01953100 0.02107600
13 0.65234400 0.19404100 0.01953100 0.02180200
0 0.67675800 0.19440400 0.01953100 0.02107600
18 0.72558600 0.19549400 0.01953100 0.02180200
22 0.75097700 0.19585800 0.01953100 0.02107600
4 0.77539100 0.19622100 0.01953100 0.02180200
19 0.79980500 0.19658400 0.01953100 0.02107600
4 0.82421900 0.19694800 0.01953100 0.02180200
13 0.16357400 0.21766000 0.02050800 0.02252900
0 0.18994100 0.21802300 0.02050800 0.02180200
12 0.21630900 0.21838700 0.02050800 0.02252900
13 0.26953100 0.21802300 0.01953100 0.02180200
4 0.29589800 0.21802300 0.01953100 0.02180200
13 0.34863300 0.21947700 0.01953100 0.02180200
20 0.37402300 0.21947700 0.01953100 0.02180200
9 0.39941400 0.22020300 0.01953100 0.02180200
13 0.42578100 0.22093000 0.01953100 0.02180200
0 0.45117200 0.22020300 0.01953100 0.02180200
22 0.16308600 0.24927300 0.01953100 0.02180200
14 0.18994100 0.24927300 0.02050800 0.02180200
13 0.24169900 0.24963700 0.02050800 0.02252900
0 0.26904300 0.24963700 0.02050800 0.02252900
12 0.11084000 0.28161300 0.02050800 0.02252900
8 0.13623000 0.28161300 0.02050800 0.02252900
17 0.16259800 0.28052300 0.02050800 0.02180200
22 0.21630900 0.28088700 0.02050800 0.02252900
18 0.24267600 0.28052300 0.02050800 0.02180200
4 0.26904300 0.28125000 0.02050800 0.02180200
12 0.29541000 0.28125000 0.02050800 0.02180200
13 0.34863300 0.28197700 0.01953100 0.02180200
0 0.37500000 0.28197700 0.01953100 0.02180200
17 0.40087900 0.28234000 0.02050800 0.02252900
14 0.42675800 0.28270300 0.01953100 0.02180200
3 0.45214800 0.28270300 0.01953100 0.02180200
0 0.47802700 0.28415700 0.02050800 0.02180200
12 0.50390600 0.28415700 0.01953100 0.02180200
13 0.55371100 0.28488400 0.01953100 0.02180200
0 0.57959000 0.28488400 0.02050800 0.02180200
18 0.62988300 0.28561000 0.01953100 0.02180200
22 0.65527300 0.28597400 0.01953100 0.02107600
4 0.67968800 0.28597400 0.01953100 0.02107600
19 0.70507800 0.28597400 0.01953100 0.02107600
4 0.73046900 0.28633700 0.01953100 0.02180200
22 0.11084000 0.31359000 0.02050800 0.02252900
18 0.13623000 0.31359000 0.02050800 0.02252900
4 0.16113300 0.31359000 0.01953100 0.02252900
12 0.18896500 0.31250000 0.02050800 0.02180200
4 0.24218800 0.31250000 0.01953100 0.02180200
18 0.26855500 0.31286300 0.01953100 0.02252900
19 0.29589800 0.31286300 0.01953100 0.02252900
15 0.37500000 0.31322700 0.01953100 0.02180200
17 0.40136700 0.31431700 0.01953100 0.02252900
14 0.42724600 0.31468000 0.02050800 0.02180200
18 0.45312500 0.31504400 0.01953100 0.02252900
19 0.47851600 0.31540700 0.01953100 0.02180200
14 0.50390600 0.31540700 0.01953100 0.02180200
17 0.53027300 0.31540700 0.01953100 0.02180200
13 0.58105500 0.31613400 0.01953100 0.02180200
0 0.60546900 0.31577000 0.01953100 0.02107600
15 0.65625000 0.31577000 0.01953100 0.02107600
11 0.68164100 0.31577000 0.01953100 0.02107600
0 0.70605500 0.31613400 0.01953100 0.02034900
13 0.73144500 0.31649700 0.01953100 0.02107600
4 0.75585900 0.31649700 0.01953100 0.02107600
19 0.78027300 0.31649700 0.01953100 0.02107600
4 0.80566400 0.31649700 0.01953100 0.02107600
18 0.10986300 0.34556700 0.02050800 0.02252900
22 0.13623000 0.34520300 0.02050800 0.02180200
4 0.16259800 0.34484000 0.02050800 0.02252900
19 0.18896500 0.34484000 0.02050800 0.02252900
8 0.24169900 0.34484000 0.02050800 0.02252900
1 0.29638700 0.34484000 0.02050800 0.02252900
14 0.32275400 0.34520300 0.02050800 0.02180200
6 0.34912100 0.34520300 0.02050800 0.02180200
0 0.37500000 0.34556700 0.01953100 0.02252900
19 0.40234400 0.34593000 0.01953100 0.02180200
8 0.45410200 0.34665700 0.01953100 0.02180200
22 0.50488300 0.34702000 0.01953100 0.02252900
4 0.53125000 0.34702000 0.01953100 0.02252900
11 0.55664100 0.34702000 0.01953100 0.02252900
8 0.58203100 0.34702000 0.01953100 0.02252900
10 0.60742200 0.34702000 0.01953100 0.02252900
13 0.16162100 0.37681700 0.02050800 0.02252900
0 0.18798800 0.37681700 0.02050800 0.02252900
8 0.24169900 0.37681700 0.02050800 0.02252900
18 0.29638700 0.37681700 0.02050800 0.02252900
14 0.32275400 0.37718000 0.02050800 0.02180200
22 0.34912100 0.37754400 0.02050800 0.02252900
4 0.37597700 0.37754400 0.01953100 0.02252900
19 0.40234400 0.37754400 0.01953100 0.02252900
18 0.42822300 0.37790700 0.02050800 0.02180200
10 0.45459000 0.37827000 0.02050800 0.02252900
8 0.47998000 0.37827000 0.02050800 0.02252900
4 0.50585900 0.37863400 0.01953100 0.02180200
3 0.55712900 0.37827000 0.01855500 0.02252900
4 0.58252000 0.37827000 0.01855500 0.02252900
19 0.60742200 0.37827000 0.01953100 0.02252900
8 0.63281200 0.37827000 0.01953100 0.02252900
19 0.16162100 0.40952000 0.02050800 0.02252900
0 0.18847700 0.40915700 0.02148400 0.02325600
10 0.21484400 0.40915700 0.02148400 0.02325600
8 0.26953100 0.40915700 0.02148400 0.02325600
25 0.29638700 0.40879400 0.02050800 0.02252900
20 0.32373000 0.40915700 0.02050800 0.02180200
16 0.35009800 0.40915700 0.02050800 0.02180200
0 0.37695300 0.40952000 0.01953100 0.02252900
19 0.42919900 0.40952000 0.02050800 0.02252900
25 0.50683600 0.40988400 0.01953100 0.02180200
10 0.55761700 0.40988400 0.01953100 0.02180200
3 0.29736300 0.47420100 0.02050800 0.02252900
17 0.32373000 0.47383700 0.02050800 0.02180200
20 0.35009800 0.47383700 0.02050800 0.02180200
25 0.37744100 0.47383700 0.02050800 0.02180200
19 0.48193400 0.47311000 0.02050800 0.02180200
14 0.50830100 0.47274700 0.02050800 0.02252900
22 0.53369100 0.47274700 0.02050800 0.02252900
0 0.55957000 0.47238400 0.01953100 0.02180200
17 0.58496100 0.47238400 0.01953100 0.02180200
8 0.61035200 0.47202000 0.01953100 0.02252900
23 0.63623000 0.47202000 0.02050800 0.02252900
8 0.66064500 0.47165700 0.02050800 0.02180200
3 0.29638700 0.53960800 0.02050800 0.02252900
17 0.32324200 0.53924400 0.02148400 0.02325600
20 0.35058600 0.53924400 0.02148400 0.02325600
25 0.37793000 0.53851700 0.02148400 0.02325600
19 0.48291000 0.53742700 0.02050800 0.02252900
14 0.50927700 0.53706400 0.02050800 0.02325600
22 0.53564500 0.53670100 0.02050800 0.02252900
0 0.56152300 0.53670100 0.01953100 0.02252900
17 0.58740200 0.53597400 0.02050800 0.02252900
8 0.61279300 0.53597400 0.02050800 0.02252900
23 0.63818400 0.53561000 0.02050800 0.02325600
8 0.66357400 0.53524700 0.02050800 0.02252900
3 0.10546900 0.57558100 0.02148400 0.02325600
4 0.13183600 0.57521800 0.02148400 0.02398300
13 0.15869100 0.57485500 0.02050800 0.02325600
18 0.24121100 0.57412800 0.02148400 0.02325600
19 0.26855500 0.57340100 0.02148400 0.02325600
14 0.29687500 0.57267400 0.02148400 0.02325600
11 0.35107400 0.57231100 0.02050800 0.02252900
22 0.40478500 0.57158400 0.02050800 0.02252900
4 0.43212900 0.57085800 0.02050800 0.02252900
18 0.45800800 0.57013100 0.01953100 0.02252900
4 0.48388700 0.56976700 0.02050800 0.02325600
11 0.51025400 0.56940400 0.02050800 0.02252900
17 0.10498000 0.60937500 0.02050800 0.02398300
0 0.13134800 0.60864800 0.02050800 0.02398300
13 0.15869100 0.60828500 0.02050800 0.02325600
13 0.18701200 0.60792200 0.02050800 0.02398300
4 0.21386700 0.60755800 0.02148400 0.02325600
22 0.29638700 0.60683100 0.02050800 0.02325600
4 0.32373000 0.60683100 0.02050800 0.02325600
18 0.35058600 0.60683100 0.02148400 0.02325600
13 0.37744100 0.60428800 0.02050800 0.02398300
14 0.40576200 0.60319800 0.02050800 0.02325600
11 0.13134800 0.64244200 0.02050800 0.02325600
8 0.15918000 0.64244200 0.02148400 0.02325600
12 0.21337900 0.64244200 0.02050800 0.02325600
15 0.29638700 0.64026200 0.02050800 0.02325600
14 0.32470700 0.63953500 0.02050800 0.02325600
18 0.35107400 0.63917200 0.02050800 0.02398300
11 0.37744100 0.63844500 0.02050800 0.02398300
4 0.40576200 0.63771800 0.02050800 0.02398300
10 0.48535200 0.63590100 0.02148400 0.02325600
14 0.51123000 0.63517400 0.02050800 0.02325600
11 0.53808600 0.63444800 0.02148400 0.02325600
3 0.15869100 0.67696200 0.02050800 0.02398300
0 0.18603500 0.67623500 0.02050800 0.02398300
19 0.24121100 0.67550900 0.02148400 0.02398300
18 0.32373000 0.67369200 0.02050800 0.02325600
14 0.35107400 0.67296500 0.02050800 0.02325600
12 0.40576200 0.67114800 0.02050800 0.02398300
13 0.43310500 0.67005800 0.02050800 0.02325600
14 0.45947300 0.66933100 0.02050800 0.02325600
10 0.15820300 0.71111900 0.02148400 0.02398300
20 0.18554700 0.71039200 0.02148400 0.02398300
17 0.21386700 0.70966600 0.02148400 0.02398300
19 0.24121100 0.70966600 0.02148400 0.02398300
10 0.26855500 0.70893900 0.02148400 0.02398300
8 0.29687500 0.70784900 0.02148400 0.02470900
13 0.35253900 0.70675900 0.02148400 0.02398300
0 0.37841800 0.70603200 0.02050800 0.02398300
17 0.40576200 0.70530500 0.02050800 0.02398300
0 0.43310500 0.70457800 0.02050800 0.02398300
18 0.45947300 0.70348800 0.02050800 0.02325600
15 0.48681600 0.70276200 0.02050800 0.02325600
0 0.51318400 0.70130800 0.02050800 0.02325600
10 0.56591800 0.70021800 0.02050800 0.02398300
20 0.59326200 0.69985500 0.02050800 0.02325600
0 0.18554700 0.74527600 0.02148400 0.02398300
15 0.21337900 0.74454900 0.02050800 0.02398300
10 0.24121100 0.74382300 0.02148400 0.02398300
8 0.26855500 0.74345900 0.02148400 0.02470900
13 0.32470700 0.74200600 0.02050800 0.02470900
0 0.35253900 0.74091600 0.02148400 0.02398300
1 0.37939500 0.74018900 0.02050800 0.02398300
4 0.40625000 0.73909900 0.02148400 0.02325600
10 0.43359400 0.73837200 0.02148400 0.02325600
17 0.46093800 0.73728200 0.02148400 0.02398300
4 0.48730500 0.73655500 0.02148400 0.02398300
13 0.51416000 0.73582800 0.02050800 0.02398300
11 0.18457000 0.77979700 0.02148400 0.02470900
8 0.21289100 0.77907000 0.02148400 0.02470900
10 0.26904300 0.77798000 0.02246100 0.02398300
20 0.29687500 0.77725300 0.02148400 0.02398300
3 0.32421900 0.77652600 0.02148400 0.02398300
0 0.35302700 0.77579900 0.02246100 0.02398300
15 0.40625000 0.77470900 0.02148400 0.02470900
14 0.43359400 0.77398300 0.02148400 0.02470900
15 0.46093800 0.77361900 0.02148400 0.02398300
0 0.48779300 0.76998500 0.02050800 0.02398300
11 0.51513700 0.76925900 0.02050800 0.02398300
14 0.54150400 0.76816900 0.02050800 0.02325600
22 0.15722700 0.81540700 0.02148400 0.02470900
15 0.21289100 0.81395300 0.02148400 0.02470900
4 0.24023400 0.81322700 0.02148400 0.02470900
17 0.26855500 0.81250000 0.02148400 0.02470900
22 0.29687500 0.81141000 0.02148400 0.02398300
19 0.40722700 0.80741300 0.02148400 0.02470900
4 0.43457000 0.80632300 0.02148400 0.02398300
15 0.46191400 0.80523300 0.02148400 0.02325600
11 0.48828100 0.80414200 0.02148400 0.02398300
3 0.59570300 0.79941900 0.02148400 0.02325600
4 0.62207000 0.79869200 0.02148400 0.02325600
13 0.64843800 0.79796500 0.02148400 0.02325600
11 0.12890600 0.85029100 0.02148400 0.02470900
8 0.15673800 0.84956400 0.02246100 0.02470900
10 0.21337900 0.84956400 0.02246100 0.02470900
20 0.24072300 0.84956400 0.02246100 0.02470900
3 0.26953100 0.84774700 0.02148400 0.02398300
0 0.29687500 0.84665700 0.02148400 0.02470900
15 0.35351600 0.84375000 0.02148400 0.02470900
14 0.37988300 0.84266000 0.02148400 0.02398300
15 0.40820300 0.84157000 0.02148400 0.02470900
0 0.43554700 0.84048000 0.02148400 0.02398300
11 0.46289100 0.83939000 0.02148400 0.02470900
14 0.48925800 0.83829900 0.02148400 0.02398300
15 0.10205100 0.88481100 0.02246100 0.02398300
17 0.12890600 0.88590100 0.02148400 0.02470900
14 0.15673800 0.88662800 0.02246100 0.02470900
18 0.18457000 0.88517400 0.02148400 0.02470900
19 0.21337900 0.88444800 0.02246100 0.02470900
14 0.24121100 0.88335800 0.02148400 0.02398300
13 0.29834000 0.88154100 0.02246100 0.02470900
0 0.32666000 0.88045100 0.02246100 0.02398300
20 0.35449200 0.87899700 0.02148400 0.02398300
6 0.38134800 0.87754400 0.02246100 0.02398300
0 0.40918000 0.87645300 0.02148400 0.02470900
3 0.43652300 0.87500000 0.02148400 0.02470900
0 0.79834000 0.13626500 0.01855500 0.02107600
0 0.82177700 0.13626500 0.01855500 0.02107600
4 0.84619100 0.13626500 0.01855500 0.02107600
