3 0.15781250 0.05546875 0.02812500 0.10781250
10 0.26718750 0.04843750 0.03281250 0.09687500
15 0.19218750 0.05546875 0.03281250 0.10781250
19 0.38281250 0.04843750 0.03281250 0.09687500
17 0.42187500 0.04843750 0.03281250 0.09687500
20 0.46250000 0.05234375 0.03437500 0.10078125
12 0.50156250 0.04843750 0.03281250 0.09687500
4 0.58125000 0.04843750 0.03593750 0.09687500
19 0.62187500 0.04843750 0.03750000 0.09687500
15 0.54218750 0.04843750 0.03750000 0.09375000
4 0.86406250 0.05546875 0.03281250 0.11093750
4 0.19218750 0.19062500 0.02968750 0.10390625
15 0.26875000 0.19453125 0.03437500 0.10390625
11 0.38437500 0.19453125 0.03593750 0.11093750
19 0.78281250 0.20468750 0.03125000 0.10390625
11 0.97812500 0.20859375 0.02500000 0.11093750
17 0.34687500 0.34375000 0.03593750 0.11484375
20 0.70156250 0.35390625 0.03125000 0.12187500
11 0.90000000 0.35781250 0.02656250 0.11796875
15 0.15781250 0.48281250 0.02812500 0.11093750
8 0.19218750 0.48593750 0.03125000 0.11093750
4 0.22968750 0.48593750 0.03437500 0.11484375
2 0.26718750 0.48593750 0.03125000 0.11093750
4 0.30468750 0.48593750 0.03281250 0.10781250
12 0.54062500 0.49687500 0.03593750 0.10390625
3 0.61875000 0.49687500 0.03593750 0.11093750
12 0.93906250 0.50312500 0.03437500 0.11093750
4 0.97656250 0.50703125 0.03125000 0.10781250
3 0.15781250 0.62812500 0.02656250 0.10781250
14 0.19218750 0.62500000 0.03125000 0.10781250
4 0.42187500 0.63203125 0.02968750 0.09687500
0 0.81718750 0.64218750 0.02968750 0.09687500
19 0.30468750 0.63906250 0.03125000 0.10390625
3 0.38437500 0.63203125 0.03125000 0.09687500
19 0.15781250 0.76718750 0.02812500 0.10390625
0 0.22812500 0.76406250 0.02500000 0.08671875
12 0.26562500 0.77812500 0.02968750 0.10078125
18 0.34218750 0.78437500 0.03125000 0.10390625
7 0.50000000 0.78437500 0.02812500 0.09687500
14 0.85625000 0.80234375 0.03125000 0.10078125
1 0.15781250 0.90937500 0.02812500 0.10390625
11 0.19218750 0.91640625 0.03281250 0.10390625
0 0.22656250 0.90937500 0.02812500 0.09062500
12 0.26562500 0.92031250 0.03437500 0.10390625
4 0.30468750 0.92031250 0.03125000 0.10390625
18 0.41875000 0.93437500 0.03437500 0.10781250
8 0.45937500 0.93437500 0.03437500 0.10390625
3 0.49843750 0.93046875 0.03125000 0.09687500
13 0.61718750 0.94062500 0.03281250 0.10078125
13 0.92968750 0.94453125 0.03281250 0.10078125
4 0.96718750 0.94062500 0.03125000 0.09687500
