13 0.15136700 0.06758700 0.02343800 0.02470900
0 0.18066400 0.06795100 0.02343800 0.02543600
11 0.24023400 0.06831400 0.02343800 0.02470900
20 0.26953100 0.06867700 0.02343800 0.02543600
9 0.29980500 0.06904100 0.02343800 0.02470900
0 0.33007800 0.06976700 0.02343800 0.02470900
10 0.39013700 0.07049400 0.02246100 0.02470900
4 0.41992200 0.07122100 0.02343800 0.02470900
8 0.95019500 0.05414200 0.02343800 0.02543600
18 0.14648400 0.13844500 0.02343800 0.02543600
1 0.17578100 0.13880800 0.02343800 0.02470900
8 0.20703100 0.13953500 0.02343800 0.02616300
11 0.23535200 0.13989800 0.02343800 0.02543600
8 0.26660200 0.14062500 0.02343800 0.02543600
18 0.29687500 0.14135200 0.02343800 0.02543600
1 0.38769500 0.14280500 0.02343800 0.02543600
4 0.41796900 0.14353200 0.02343800 0.02543600
3 0.44775400 0.14498500 0.02246100 0.02543600
13 0.47753900 0.14571200 0.02343800 0.02543600
4 0.53710900 0.14752900 0.02343800 0.02616300
18 0.59619100 0.14898300 0.02246100 0.02616300
15 0.65527300 0.15043600 0.02343800 0.02616300
20 0.68554700 0.15152600 0.02343800 0.02543600
19 0.71582000 0.15152600 0.02343800 0.02543600
8 0.74511700 0.15261600 0.02343800 0.02616300
8 0.14257800 0.21184600 0.02343800 0.02543600
12 0.17382800 0.21257300 0.02343800 0.02543600
3 0.23339800 0.21329900 0.02343800 0.02543600
14 0.26269500 0.21366300 0.02343800 0.02616300
3 0.32519500 0.21475300 0.02343800 0.02543600
14 0.35449200 0.21620600 0.02343800 0.02543600
12 0.38525400 0.21766000 0.02246100 0.02543600
20 0.41503900 0.21802300 0.02343800 0.02470900
13 0.47509800 0.21947700 0.02246100 0.02470900
4 0.50488300 0.21984000 0.02343800 0.02543600
3 0.56298800 0.22129400 0.02246100 0.02543600
14 0.59326200 0.22202000 0.02246100 0.02543600
19 0.65332000 0.22347400 0.02343800 0.02543600
8 0.68310500 0.22420100 0.02246100 0.02543600
19 0.13867200 0.28488400 0.02343800 0.02616300
14 0.16943400 0.28561000 0.02246100 0.02616300
11 0.19873000 0.28633700 0.02246100 0.02616300
10 0.26074200 0.28779100 0.02343800 0.02616300
14 0.29199200 0.28851700 0.02343800 0.02616300
17 0.35205100 0.29069800 0.02246100 0.02616300
0 0.38281200 0.29142400 0.02343800 0.02616300
10 0.41162100 0.29215100 0.02246100 0.02616300
8 0.44189500 0.29287800 0.02246100 0.02616300
15 0.50146500 0.29360500 0.02246100 0.02616300
20 0.53173800 0.29433100 0.02246100 0.02616300
16 0.56054700 0.29505800 0.02148400 0.02616300
4 0.59033200 0.29578500 0.02246100 0.02616300
6 0.62011700 0.29651200 0.02148400 0.02616300
11 0.64990200 0.29760200 0.02246100 0.02543600
0 0.68017600 0.29760200 0.02246100 0.02543600
25 0.70947300 0.29832800 0.02246100 0.02543600
4 0.77002000 0.29941900 0.02246100 0.02616300
15 0.13574200 0.36046500 0.02343800 0.02616300
14 0.16650400 0.36119200 0.02246100 0.02616300
25 0.22802700 0.36264500 0.02246100 0.02616300
4 0.25781200 0.36337200 0.02343800 0.02616300
12 0.28857400 0.36409900 0.02246100 0.02616300
11 0.31884800 0.36446200 0.02246100 0.02543600
4 0.35009800 0.36518900 0.02246100 0.02543600
22 0.40966800 0.36627900 0.02246100 0.02616300
14 0.43994100 0.36736900 0.02246100 0.02543600
12 0.49951200 0.36882300 0.02246100 0.02543600
17 0.52880900 0.36882300 0.02246100 0.02543600
0 0.55810500 0.36954900 0.02246100 0.02543600
10 0.58740200 0.37027600 0.02246100 0.02543600
4 0.61669900 0.37136600 0.02246100 0.02470900
11 0.67627000 0.37318300 0.02246100 0.02543600
0 0.70703100 0.37173000 0.02343800 0.02543600
25 0.73681600 0.37245600 0.02246100 0.02543600
0 0.76709000 0.37318300 0.02246100 0.02543600
19 0.82519500 0.37463700 0.02343800 0.02543600
3 0.13427700 0.43277600 0.02441400 0.02689000
0 0.16503900 0.43423000 0.02343800 0.02689000
22 0.22607400 0.43641000 0.02441400 0.02689000
14 0.28662100 0.43859000 0.02441400 0.02689000
22 0.31689500 0.44004400 0.02441400 0.02689000
17 0.34765600 0.43931700 0.02343800 0.02543600
0 0.37744100 0.44004400 0.02246100 0.02398300
6 0.40771500 0.44040700 0.02246100 0.02325600
4 0.43701200 0.44077000 0.02246100 0.02398300
25 0.49658200 0.44149700 0.02246100 0.02398300
0 0.52587900 0.44295100 0.02246100 0.02543600
6 0.58398400 0.44367700 0.02343800 0.02543600
14 0.61377000 0.44440400 0.02246100 0.02543600
17 0.64404300 0.44513100 0.02246100 0.02543600
14 0.67431600 0.44585800 0.02246100 0.02543600
22 0.13037100 0.50835800 0.02441400 0.02689000
14 0.16064500 0.50908400 0.02441400 0.02689000
11 0.19140600 0.50981100 0.02539100 0.02689000
10 0.22216800 0.51053800 0.02441400 0.02689000
8 0.25341800 0.51053800 0.02441400 0.02689000
1 0.31396500 0.51162800 0.02246100 0.02470900
4 0.34423800 0.51235500 0.02246100 0.02470900
4 0.40478500 0.51380800 0.02246100 0.02470900
13 0.43408200 0.51417200 0.02246100 0.02543600
4 0.49414100 0.51526200 0.02343800 0.02616300
22 0.55224600 0.51671500 0.02246100 0.02616300
14 0.58203100 0.51744200 0.02343800 0.02616300
19 0.64111300 0.51853200 0.02246100 0.02689000
17 0.12597700 0.58357600 0.02343800 0.02616300
0 0.15722700 0.58357600 0.02343800 0.02616300
13 0.18750000 0.58430200 0.02343800 0.02616300
14 0.21826200 0.58430200 0.02246100 0.02616300
17 0.27929700 0.58502900 0.02343800 0.02616300
0 0.31054700 0.58575600 0.02343800 0.02616300
13 0.34130900 0.58648300 0.02246100 0.02616300
14 0.37109400 0.58648300 0.02343800 0.02616300
3 0.12402300 0.65915700 0.02343800 0.02616300
22 0.15332000 0.65952000 0.02343800 0.02543600
0 0.18457000 0.65952000 0.02343800 0.02689000
1 0.24609400 0.65988400 0.02343800 0.02616300
0 0.27734400 0.66061000 0.02343800 0.02616300
17 0.30810500 0.66061000 0.02441400 0.02616300
0 0.33886700 0.66133700 0.02343800 0.02616300
13 0.36816400 0.66133700 0.02343800 0.02616300
0 0.39941400 0.66206400 0.02343800 0.02616300
25 0.12011700 0.73401200 0.02343800 0.02616300
0 0.15087900 0.73510200 0.02441400 0.02689000
18 0.18212900 0.73510200 0.02441400 0.02689000
19 0.21191400 0.73582800 0.02343800 0.02689000
20 0.24316400 0.73619200 0.02343800 0.02761600
16 0.27343800 0.73655500 0.02343800 0.02689000
0 0.30517600 0.73655500 0.02441400 0.02689000
11 0.33496100 0.73728200 0.02343800 0.02689000
8 0.36523400 0.73728200 0.02343800 0.02689000
22 0.42578100 0.73800900 0.02343800 0.02689000
22 0.48584000 0.73909900 0.02441400 0.02761600
14 0.51562500 0.73946200 0.02343800 0.02689000
17 0.54492200 0.73982600 0.02343800 0.02761600
14 0.57519500 0.74055200 0.02343800 0.02761600
19 0.60546900 0.74091600 0.02343800 0.02689000
0 0.63574200 0.74127900 0.02343800 0.02761600
19 0.11669900 0.81068300 0.02441400 0.02689000
17 0.14697300 0.81104700 0.02441400 0.02761600
0 0.17871100 0.81141000 0.02539100 0.02689000
19 0.23974600 0.81286300 0.02441400 0.02689000
0 0.27099600 0.81286300 0.02441400 0.02689000
19 0.33154300 0.81359000 0.02441400 0.02689000
0 0.36181600 0.81359000 0.02441400 0.02689000
8 0.42334000 0.81431700 0.02441400 0.02689000
19 0.48388700 0.81577000 0.02441400 0.02689000
17 0.51367200 0.81613400 0.02343800 0.02761600
0 0.54296900 0.81649700 0.02343800 0.02689000
19 0.60351600 0.81722400 0.02343800 0.02689000
0 0.63427700 0.81758700 0.02441400 0.02761600
19 0.69384800 0.81867700 0.02441400 0.02834300
0 0.72412100 0.81940400 0.02441400 0.02834300
22 0.23730500 0.88880800 0.02343800 0.02761600
25 0.32959000 0.88989800 0.02441400 0.02689000
22 0.35986300 0.89026200 0.02441400 0.02761600
4 0.39062500 0.89026200 0.02343800 0.02761600
17 0.42089800 0.89062500 0.02343800 0.02689000
8 0.45117200 0.89098800 0.02343800 0.02761600
22 0.51171900 0.89171500 0.02343800 0.02761600
7 0.57080100 0.89280500 0.02441400 0.02689000
14 0.60107400 0.89316900 0.02441400 0.02761600
3 0.63085900 0.89389500 0.02343800 0.02761600
8 0.66162100 0.89425900 0.02441400 0.02689000
19 0.69238300 0.89498500 0.02539100 0.02689000
4 0.72314500 0.89534900 0.02441400 0.02761600
