17 0.25468750 0.08680556 0.03125000 0.12152778
12 0.46875000 0.07986111 0.03125000 0.11458333
11 0.81875000 0.07291667 0.03437500 0.11805556
3 0.86250000 0.06944444 0.02968750 0.12152778
18 0.12500000 0.25000000 0.03281250 0.11805556
12 0.16718750 0.25347222 0.03281250 0.11805556
0 0.21093750 0.25000000 0.03125000 0.11805556
11 0.25625000 0.25000000 0.03437500 0.11458333
15 0.47187500 0.24652778 0.03281250 0.11111111
0 0.51250000 0.24305556 0.03437500 0.11111111
10 0.86562500 0.23263889 0.03906250 0.11458333
15 0.03906250 0.41666667 0.03593750 0.12500000
0 0.08125000 0.41666667 0.03593750 0.12152778
2 0.12500000 0.41666667 0.03281250 0.12152778
10 0.17031250 0.41319444 0.03593750 0.11805556
0 0.34375000 0.40625000 0.03437500 0.10763889
18 0.38593750 0.40625000 0.03437500 0.10763889
18 0.42968750 0.40625000 0.03281250 0.11111111
17 0.51562500 0.40625000 0.03437500 0.12152778
3 0.03750000 0.57638889 0.03750000 0.12152778
14 0.08125000 0.57638889 0.03593750 0.11111111
14 0.12500000 0.57986111 0.03750000 0.11805556
17 0.16875000 0.57291667 0.03593750 0.11111111
14 0.51406250 0.56597222 0.03437500 0.11111111
2 0.55625000 0.56597222 0.03125000 0.11111111
18 0.64375000 0.56597222 0.03437500 0.11458333
11 0.68906250 0.56597222 0.03437500 0.11458333
8 0.17031250 0.73263889 0.03281250 0.11458333
18 0.21250000 0.73611111 0.03125000 0.11805556
6 0.30000000 0.73263889 0.03281250 0.11805556
17 0.34218750 0.73263889 0.03437500 0.11805556
19 0.38593750 0.73263889 0.03281250 0.12152778
19 0.51562500 0.72916667 0.03437500 0.11458333
2 0.86562500 0.71875000 0.03437500 0.10763889
6 0.95156250 0.71875000 0.02968750 0.10763889
14 0.17031250 0.89583333 0.03281250 0.11458333
13 0.21250000 0.89583333 0.03281250 0.11805556
3 0.69062500 0.88888889 0.03281250 0.11111111
17 0.73281250 0.88888889 0.03281250 0.11111111
