19 0.06103500 0.21435500 0.02246100 0.03418000
14 0.08789100 0.21386700 0.02343800 0.03515600
11 0.11718800 0.21386700 0.02343800 0.03515600
10 0.17675800 0.21484400 0.02343800 0.03515600
14 0.20800800 0.21582000 0.02343800 0.03515600
9 0.27050800 0.21679700 0.02343800 0.03515600
4 0.30078100 0.21875000 0.02343800 0.03515600
13 0.33105500 0.22070300 0.02343800 0.03515600
23 0.36132800 0.22265600 0.02343800 0.03515600
8 0.39160200 0.22460900 0.02343800 0.03515600
13 0.42041000 0.22607400 0.02246100 0.03418000
3 0.50927700 0.23095700 0.02246100 0.03418000
20 0.53808600 0.23242200 0.02343800 0.03515600
12 0.56689500 0.23339800 0.02246100 0.03320300
0 0.59619100 0.23486300 0.02246100 0.03418000
19 0.65283200 0.23779300 0.02246100 0.03418000
19 0.59472700 0.28320300 0.02148400 0.03320300
0 0.62353500 0.28418000 0.02246100 0.03320300
10 0.65185500 0.28515600 0.02246100 0.03320300
1 0.70849600 0.28710900 0.02246100 0.03320300
4 0.73584000 0.28857400 0.02246100 0.03222700
25 0.76367200 0.29003900 0.02148400 0.03320300
13 0.79199200 0.29150400 0.02148400 0.03222700
0 0.81835900 0.29248000 0.02148400 0.03222700
3 0.84570300 0.29443400 0.02148400 0.03222700
9 0.89941400 0.29638700 0.02148400 0.03222700
13 0.92578100 0.29736300 0.02148400 0.03222700
14 0.95117200 0.29834000 0.02148400 0.03222700
14 0.05712900 0.31103500 0.02246100 0.03418000
18 0.11523400 0.31250000 0.02343800 0.03515600
19 0.14355500 0.31298800 0.02343800 0.03418000
0 0.17431600 0.31347700 0.02441400 0.03515600
17 0.20556600 0.31445300 0.02441400 0.03515600
14 0.23730500 0.31543000 0.02343800 0.03515600
18 0.26806600 0.31640600 0.02441400 0.03515600
19 0.29834000 0.31738300 0.02441400 0.03515600
8 0.33007800 0.31933600 0.02343800 0.03515600
17 0.38964800 0.32128900 0.02343800 0.03515600
0 0.41894500 0.32275400 0.02343800 0.03418000
13 0.44775400 0.32421900 0.02246100 0.03320300
13 0.47753900 0.32568400 0.02343800 0.03418000
4 0.50585900 0.32666000 0.02343800 0.03418000
18 0.05517600 0.36084000 0.02246100 0.03418000
11 0.08398400 0.36132800 0.02343800 0.03515600
14 0.11279300 0.36181600 0.02246100 0.03418000
22 0.14306600 0.36230500 0.02246100 0.03515600
13 0.17334000 0.36279300 0.02246100 0.03418000
14 0.20410200 0.36279300 0.02343800 0.03418000
22 0.26709000 0.36523400 0.02246100 0.03320300
18 0.29687500 0.36621100 0.02343800 0.03320300
9 0.38769500 0.36962900 0.02343800 0.03418000
8 0.41748000 0.37109400 0.02246100 0.03320300
25 0.44726600 0.37255900 0.02148400 0.03418000
13 0.47607400 0.37353500 0.02246100 0.03418000
22 0.38720700 0.41845700 0.02246100 0.03418000
18 0.41650400 0.41894500 0.02246100 0.03320300
9 0.50439500 0.42187500 0.02246100 0.03320300
8 0.53369100 0.42285200 0.02246100 0.03320300
25 0.56201200 0.42382800 0.02246100 0.03320300
13 0.59228500 0.42480500 0.02246100 0.03320300
1 0.67919900 0.42675800 0.02246100 0.03320300
4 0.70752000 0.42773400 0.02246100 0.03320300
25 0.73535200 0.42871100 0.02148400 0.03320300
1 0.76074200 0.42968800 0.02148400 0.03320300
17 0.79101600 0.43066400 0.02148400 0.03320300
4 0.81835900 0.43066400 0.02148400 0.03320300
9 0.84570300 0.43164100 0.02148400 0.03320300
13 0.87304700 0.43261700 0.02148400 0.03320300
0 0.90136700 0.43457000 0.02148400 0.03320300
14 0.05273400 0.45898400 0.02343800 0.03515600
3 0.08056600 0.45996100 0.02246100 0.03515600
13 0.10937500 0.46044900 0.02343800 0.03418000
14 0.13916000 0.46142600 0.02246100 0.03418000
11 0.20361300 0.46289100 0.02246100 0.03515600
8 0.23339800 0.46386700 0.02343800 0.03515600
11 0.35791000 0.46728500 0.02246100 0.03418000
1 0.41357400 0.46630900 0.02246100 0.03418000
14 0.44482400 0.46777300 0.02246100 0.03320300
22 0.47314500 0.46972700 0.02246100 0.03320300
13 0.50341800 0.47021500 0.02246100 0.03418000
14 0.53271500 0.47070300 0.02246100 0.03320300
4 0.56201200 0.47168000 0.02246100 0.03320300
18 0.61962900 0.47265600 0.02246100 0.03320300
22 0.64892600 0.47363300 0.02246100 0.03320300
8 0.67822300 0.47460900 0.02246100 0.03320300
3 0.70654300 0.47460900 0.02246100 0.03320300
0 0.73486300 0.47558600 0.02246100 0.03320300
13 0.76269500 0.47607400 0.02148400 0.03222700
8 0.79052700 0.47705100 0.02246100 0.03222700
4 0.81787100 0.47802700 0.02246100 0.03222700
19 0.10937500 0.50976600 0.02343800 0.03515600
17 0.13867200 0.51074200 0.02343800 0.03515600
8 0.16992200 0.51171900 0.02343800 0.03515600
6 0.23242200 0.51269500 0.02343800 0.03515600
14 0.26318400 0.51367200 0.02441400 0.03515600
3 0.29345700 0.51318400 0.02246100 0.03418000
0 0.32421900 0.51367200 0.02343800 0.03515600
18 0.38525400 0.51513700 0.02246100 0.03418000
4 0.41406200 0.51562500 0.02343800 0.03515600
3 0.44384800 0.51611300 0.02246100 0.03418000
4 0.47265600 0.51709000 0.02343800 0.03418000
12 0.56103500 0.51904300 0.02246100 0.03418000
4 0.58935500 0.51953100 0.02246100 0.03320300
3 0.62011700 0.52050800 0.02148400 0.03320300
11 0.64892600 0.52099600 0.02246100 0.03418000
4 0.67724600 0.52148400 0.02246100 0.03320300
13 0.70556600 0.52148400 0.02246100 0.03320300
13 0.73486300 0.52148400 0.02246100 0.03320300
14 0.76318400 0.52197300 0.02246100 0.03418000
18 0.81884800 0.52392600 0.02246100 0.03222700
4 0.84521500 0.52441400 0.02246100 0.03320300
3 0.87255900 0.52490200 0.02246100 0.03222700
4 0.90185500 0.52587900 0.02246100 0.03222700
12 0.10839800 0.55957000 0.02343800 0.03515600
14 0.13818400 0.56054700 0.02246100 0.03515600
17 0.16943400 0.56152300 0.02246100 0.03515600
23 0.19970700 0.56250000 0.02246100 0.03515600
8 0.23144500 0.56201200 0.02343800 0.03418000
13 0.26220700 0.56103500 0.02246100 0.03418000
10 0.29345700 0.56201200 0.02246100 0.03418000
8 0.32373000 0.56298800 0.02246100 0.03418000
25 0.38427700 0.56396500 0.02246100 0.03418000
0 0.41308600 0.56494100 0.02343800 0.03418000
12 0.44287100 0.56543000 0.02246100 0.03515600
4 0.47216800 0.56543000 0.02246100 0.03320300
19 0.50146500 0.56591800 0.02246100 0.03418000
8 0.53076200 0.56591800 0.02246100 0.03418000
11 0.56054700 0.56640600 0.02343800 0.03320300
0 0.58935500 0.56640600 0.02246100 0.03320300
17 0.64794900 0.56738300 0.02246100 0.03320300
0 0.67578100 0.56835900 0.02148400 0.03320300
13 0.70556600 0.56933600 0.02246100 0.03320300
13 0.73437500 0.56933600 0.02148400 0.03320300
8 0.76318400 0.57031200 0.02246100 0.03320300
4 0.79003900 0.57080100 0.02148400 0.03222700
8 0.04785200 0.60742200 0.02343800 0.03515600
19 0.19726600 0.61035200 0.02343800 0.03515600
0 0.22949200 0.61084000 0.02343800 0.03418000
10 0.26123000 0.61084000 0.02441400 0.03418000
13 0.32275400 0.61230500 0.02246100 0.03515600
8 0.35351600 0.61230500 0.02343800 0.03515600
16 0.38232400 0.61279300 0.02246100 0.03418000
19 0.41162100 0.61279300 0.02246100 0.03418000
14 0.44091800 0.61328100 0.02246100 0.03515600
9 0.47168000 0.61377000 0.02343800 0.03418000
13 0.50048800 0.61377000 0.02246100 0.03418000
0 0.53027300 0.61425800 0.02343800 0.03515600
12 0.55908200 0.66357400 0.02246100 0.03418000
13 0.58740200 0.66406200 0.02246100 0.03515600
4 0.61669900 0.66455100 0.02246100 0.03418000
19 0.70507800 0.66552700 0.02343800 0.03418000
14 0.73388700 0.66552700 0.02246100 0.03418000
1 0.79150400 0.66650400 0.02246100 0.03418000
14 0.81884800 0.66650400 0.02246100 0.03418000
11 0.84716800 0.66699200 0.02246100 0.03515600
13 0.90380900 0.66699200 0.02246100 0.03320300
4 0.93212900 0.66699200 0.02246100 0.03320300
4 0.96044900 0.66699200 0.02246100 0.03320300
22 0.04443400 0.70703100 0.02441400 0.03515600
18 0.07373000 0.70752000 0.02246100 0.03418000
4 0.10302700 0.70800800 0.02246100 0.03515600
7 0.13427700 0.70849600 0.02246100 0.03418000
12 0.19677700 0.70996100 0.02441400 0.03515600
14 0.22753900 0.70996100 0.02343800 0.03515600
8 0.25878900 0.70996100 0.02343800 0.03515600
7 0.28955100 0.70996100 0.02441400 0.03515600
3 0.35058600 0.71093800 0.02343800 0.03515600
20 0.37988300 0.71093800 0.02343800 0.03515600
4 0.43945300 0.71142600 0.02343800 0.03418000
22 0.46923800 0.71191400 0.02246100 0.03515600
13 0.49853500 0.71191400 0.02246100 0.03515600
7 0.55810500 0.71240200 0.02246100 0.03418000
18 0.61669900 0.71240200 0.02246100 0.03418000
19 0.64599600 0.71240200 0.02246100 0.03418000
17 0.67529300 0.71240200 0.02246100 0.03418000
0 0.70410200 0.71240200 0.02148400 0.03418000
3 0.73339800 0.71289100 0.02148400 0.03320300
0 0.76220700 0.71337900 0.02246100 0.03418000
13 0.79101600 0.71386700 0.02148400 0.03320300
8 0.81835900 0.71386700 0.02148400 0.03320300
4 0.07275400 0.75781200 0.02441400 0.03515600
20 0.16455100 0.75878900 0.02441400 0.03515600
15 0.19580100 0.75878900 0.02441400 0.03515600
17 0.22509800 0.75878900 0.02441400 0.03515600
4 0.25634800 0.75927700 0.02441400 0.03418000
10 0.28808600 0.75878900 0.02343800 0.03515600
0 0.31884800 0.75927700 0.02246100 0.03418000
11 0.34863300 0.75976600 0.02343800 0.03515600
8 0.37890600 0.76025400 0.02343800 0.03418000
16 0.43847700 0.76171900 0.02343800 0.03515600
19 0.46728500 0.76123000 0.02246100 0.03418000
14 0.49755900 0.76123000 0.02246100 0.03418000
14 0.55810500 0.76123000 0.02246100 0.03418000
13 0.58642600 0.76123000 0.02246100 0.03418000
0 0.61572300 0.76123000 0.02246100 0.03418000
18 0.67529300 0.76123000 0.02246100 0.03418000
19 0.70459000 0.76123000 0.02246100 0.03418000
17 0.73193400 0.76123000 0.02246100 0.03418000
4 0.76123000 0.76123000 0.02246100 0.03418000
12 0.78906200 0.76220700 0.02148400 0.03222700
8 0.81738300 0.76220700 0.02148400 0.03222700
19 0.84570300 0.76220700 0.02148400 0.03222700
18 0.87451200 0.76220700 0.02246100 0.03222700
