20 0.30937500 0.08359375 0.03125000 0.10390625
24 0.42031250 0.09062500 0.03125000 0.10781250
3 0.64218750 0.09375000 0.02968750 0.10078125
14 0.78750000 0.09687500 0.02968750 0.10390625
8 0.34531250 0.21875000 0.02812500 0.09062500
1 0.68125000 0.23281250 0.03281250 0.09375000
18 0.34531250 0.36093750 0.02812500 0.09687500
19 0.49375000 0.36484375 0.03125000 0.09687500
14 0.82656250 0.37187500 0.02968750 0.09687500
24 0.23281250 0.50312500 0.03125000 0.09687500
7 0.34531250 0.50312500 0.03281250 0.10078125
18 0.64218750 0.50703125 0.02968750 0.10078125
17 0.86562500 0.51406250 0.02968750 0.10078125
11 0.19687500 0.64218750 0.03281250 0.10078125
20 0.23125000 0.64218750 0.03125000 0.10078125
12 0.26718750 0.64218750 0.03125000 0.09687500
1 0.30468750 0.64218750 0.02968750 0.10078125
0 0.93593750 0.65312500 0.02968750 0.10078125
12 0.75937500 0.65625000 0.03906250 0.11093750
3 0.45625000 0.78437500 0.03281250 0.10390625
18 0.26718750 0.93046875 0.03125000 0.10781250
0 0.42031250 0.93046875 0.03593750 0.11796875
8 0.68281250 0.93437500 0.02968750 0.11484375
8 0.90468750 0.93750000 0.03125000 0.10781250
