13 0.06718750 0.07986111 0.03750000 0.12500000
20 0.27812500 0.06597222 0.03750000 0.12500000
12 0.62656250 0.06250000 0.03437500 0.12152778
13 0.36406250 0.22569444 0.03750000 0.12500000
0 0.67187500 0.21875000 0.03125000 0.13541667
13 0.93281250 0.22569444 0.03281250 0.12500000
18 0.10312500 0.39930556 0.03437500 0.12500000
14 0.14531250 0.39236111 0.03593750 0.12500000
13 0.18750000 0.39583333 0.03750000 0.12500000
19 0.31875000 0.39236111 0.03750000 0.12500000
14 0.36250000 0.38888889 0.03281250 0.11805556
14 0.40781250 0.39236111 0.03437500 0.12847222
14 0.58281250 0.38541667 0.03593750 0.12500000
7 0.62812500 0.39236111 0.03750000 0.13888889
7 0.80937500 0.38194444 0.03750000 0.13194444
23 0.02031250 0.55902778 0.03750000 0.11805556
21 0.27500000 0.55555556 0.03125000 0.12152778
18 0.14531250 0.72569444 0.03906250 0.11458333
18 0.31875000 0.72569444 0.03593750 0.12500000
8 0.58437500 0.72222222 0.03437500 0.11458333
11 0.62968750 0.71875000 0.03281250 0.11458333
4 0.67656250 0.72222222 0.03125000 0.11805556
12 0.06250000 0.88194444 0.03750000 0.12500000
13 0.14375000 0.88541667 0.03437500 0.12152778
1 0.27500000 0.88888889 0.03281250 0.12847222
14 0.31875000 0.88541667 0.03437500 0.12500000
3 0.40625000 0.88888889 0.03437500 0.12847222
