19 0.06250000 0.07656250 0.02812500 0.09687500
18 0.17343750 0.07968750 0.02968750 0.09687500
2 0.28593750 0.08359375 0.02812500 0.09687500
17 0.36093750 0.08359375 0.02812500 0.10390625
6 0.43593750 0.09062500 0.02812500 0.10781250
4 0.47343750 0.09062500 0.02656250 0.10390625
8 0.13281250 0.21875000 0.02968750 0.11093750
2 0.20781250 0.22187500 0.02968750 0.10781250
19 0.28437500 0.22187500 0.03125000 0.10781250
23 0.47343750 0.23281250 0.03125000 0.10781250
2 0.62187500 0.23984375 0.02968750 0.11484375
17 0.65937500 0.23593750 0.02656250 0.10390625
3 0.84843750 0.24296875 0.02968750 0.10390625
12 0.24375000 0.36093750 0.03125000 0.10078125
15 0.28125000 0.36093750 0.02968750 0.10078125
24 0.39687500 0.36796875 0.02968750 0.10078125
24 0.05156250 0.49687500 0.02812500 0.10390625
4 0.08906250 0.49687500 0.02812500 0.10781250
3 0.31875000 0.50703125 0.02812500 0.10781250
8 0.47031250 0.51406250 0.02812500 0.10390625
18 0.50937500 0.51015625 0.02812500 0.10390625
10 0.54687500 0.51406250 0.02812500 0.10390625
14 0.58437500 0.51015625 0.02968750 0.10390625
0 0.77656250 0.51718750 0.03437500 0.10390625
0 0.08750000 0.78828125 0.03593750 0.11484375
6 0.23906250 0.79531250 0.03281250 0.11484375
4 0.27812500 0.79531250 0.03125000 0.11484375
14 0.35312500 0.79140625 0.03281250 0.11093750
13 0.39375000 0.79531250 0.03281250 0.11484375
14 0.62187500 0.80234375 0.03281250 0.10781250
