13 0.16650400 0.06795100 0.02636700 0.02979700
14 0.20117200 0.06468000 0.02539100 0.02907000
15 0.27050800 0.06068300 0.02539100 0.02979700
19 0.30664100 0.05850300 0.02734400 0.02979700
8 0.34277300 0.05923000 0.02539100 0.02979700
16 0.37939500 0.05814000 0.02636700 0.02907000
10 0.41699200 0.05850300 0.02539100 0.02834300
8 0.45312500 0.05923000 0.02539100 0.02979700
14 0.52441400 0.05995600 0.02539100 0.02834300
19 0.55957000 0.06141000 0.02539100 0.02834300
15 0.59570300 0.06250000 0.02539100 0.02907000
4 0.63134800 0.06359000 0.02441400 0.02834300
11 0.66601600 0.06395300 0.02539100 0.02907000
8 0.70117200 0.06468000 0.02539100 0.02907000
2 0.16748000 0.11191900 0.02441400 0.03052300
22 0.19921900 0.11119200 0.02343800 0.02907000
4 0.23486300 0.10792200 0.02441400 0.02979700
19 0.26953100 0.10719500 0.02539100 0.02979700
14 0.37988300 0.10428800 0.02539100 0.02979700
19 0.41650400 0.10428800 0.02636700 0.02979700
2 0.52587900 0.10537800 0.02441400 0.02907000
22 0.56250000 0.10574100 0.02539100 0.02834300
4 0.59765600 0.10646800 0.02539100 0.02979700
11 0.63330100 0.10755800 0.02441400 0.02907000
8 0.66992200 0.10755800 0.02539100 0.03052300
11 0.19775400 0.15770300 0.02441400 0.02907000
20 0.23388700 0.15516000 0.02441400 0.03125000
16 0.26953100 0.15407000 0.02539100 0.03197700
8 0.30712900 0.15298000 0.02636700 0.03125000
15 0.37988300 0.15116300 0.02539100 0.03197700
14 0.41748000 0.15079900 0.02636700 0.02979700
1 0.45410200 0.15079900 0.02539100 0.03125000
11 0.49218800 0.15189000 0.02539100 0.03197700
4 0.52734400 0.15152600 0.02539100 0.03270300
3 0.56445300 0.15261600 0.02539100 0.03052300
13 0.60058600 0.15261600 0.02539100 0.03052300
4 0.63720700 0.15407000 0.02441400 0.02907000
11 0.67285200 0.15298000 0.02539100 0.02979700
8 0.70800800 0.15370600 0.02343800 0.02689000
25 0.16259800 0.20712200 0.02636700 0.03052300
4 0.19677700 0.20639500 0.02441400 0.03197700
5 0.23291000 0.20312500 0.02636700 0.03125000
8 0.27050800 0.20094500 0.02539100 0.02979700
17 0.30664100 0.20058100 0.02539100 0.03052300
20 0.41845700 0.19912800 0.02636700 0.03197700
11 0.49316400 0.19949100 0.02539100 0.03125000
8 0.53027300 0.19985500 0.02539100 0.03197700
19 0.19580100 0.25436000 0.02636700 0.03052300
0 0.23339800 0.25254400 0.02539100 0.03125000
10 0.26953100 0.25181700 0.02539100 0.03270300
16 0.34472700 0.25000000 0.02734400 0.03343000
19 0.38232400 0.24927300 0.02636700 0.03197700
14 0.41943400 0.24927300 0.02636700 0.03343000
9 0.45752000 0.24854700 0.02636700 0.03197700
4 0.49462900 0.24854700 0.02636700 0.03197700
13 0.56933600 0.24854700 0.02539100 0.03197700
0 0.60595700 0.25036300 0.02636700 0.03415700
12 0.64306600 0.25109000 0.02636700 0.03270300
3 0.71533200 0.25000000 0.02636700 0.03197700
0 0.75244100 0.25109000 0.02636700 0.03125000
17 0.78808600 0.24963700 0.02539100 0.02979700
14 0.82275400 0.25000000 0.02441400 0.02907000
12 0.85839800 0.25036300 0.02539100 0.02979700
22 0.16015600 0.30668600 0.02539100 0.03197700
4 0.19580100 0.30377900 0.02636700 0.03197700
18 0.23291000 0.30232600 0.02636700 0.03343000
4 0.27050800 0.30123500 0.02539100 0.03125000
19 0.30712900 0.30123500 0.02636700 0.03270300
8 0.42285200 0.29978200 0.02734400 0.03270300
9 0.49707000 0.30014500 0.02734400 0.03343000
4 0.53466800 0.29978200 0.02636700 0.03125000
11 0.57128900 0.29978200 0.02539100 0.03125000
19 0.60839800 0.30050900 0.02539100 0.03125000
4 0.64550800 0.29941900 0.02539100 0.03052300
19 0.68164100 0.29978200 0.02539100 0.03270300
13 0.19482400 0.35428800 0.02636700 0.03270300
4 0.23339800 0.35247100 0.02539100 0.03197700
11 0.26953100 0.35210800 0.02539100 0.03125000
20 0.30761700 0.35138100 0.02539100 0.03125000
19 0.38427700 0.35174400 0.02636700 0.03197700
4 0.46044900 0.35065400 0.02636700 0.03270300
11 0.49853500 0.35101700 0.02636700 0.03197700
25 0.60937500 0.34956400 0.02539100 0.03052300
0 0.64697300 0.34992700 0.02441400 0.03125000
13 0.68310500 0.34956400 0.02636700 0.03197700
8 0.72021500 0.34956400 0.02636700 0.03197700
12 0.75732400 0.34920100 0.02636700 0.03270300
8 0.79345700 0.34956400 0.02636700 0.03197700
13 0.86572300 0.34883700 0.02636700 0.03052300
0 0.90234400 0.34883700 0.02539100 0.03052300
12 0.93701200 0.34956400 0.02636700 0.02907000
15 0.15869100 0.40770300 0.02636700 0.03343000
14 0.19482400 0.40552300 0.02636700 0.03488400
11 0.23193400 0.40443300 0.02636700 0.03270300
4 0.27002000 0.40443300 0.02636700 0.03415700
19 0.30859400 0.40334300 0.02734400 0.03343000
4 0.34619100 0.40407000 0.02636700 0.03488400
19 0.38525400 0.40334300 0.02636700 0.03343000
14 0.19384800 0.45821200 0.02636700 0.03270300
1 0.27002000 0.45675900 0.02636700 0.03415700
20 0.30810500 0.45530500 0.02636700 0.03415700
13 0.38623000 0.45457800 0.02636700 0.03270300
4 0.46289100 0.45348800 0.02734400 0.03197700
22 0.53808600 0.45348800 0.02539100 0.03052300
4 0.57568400 0.45312500 0.02636700 0.02979700
19 0.61230500 0.45276200 0.02539100 0.03197700
17 0.64892600 0.45276200 0.02636700 0.03197700
18 0.76123000 0.45167200 0.02636700 0.03125000
10 0.83544900 0.45094500 0.02636700 0.02979700
14 0.87207000 0.45094500 0.02539100 0.02979700
17 0.90722700 0.45058100 0.02539100 0.03052300
4 0.94335900 0.45021800 0.02539100 0.02979700
18 0.15625000 0.51126500 0.02539100 0.03270300
10 0.19335900 0.51053800 0.02539100 0.03270300
14 0.23095700 0.51017400 0.02636700 0.03343000
17 0.26904300 0.50981100 0.02636700 0.03415700
4 0.30859400 0.50835800 0.02734400 0.03270300
18 0.19189500 0.56431700 0.02832000 0.03415700
10 0.23095700 0.56322700 0.02636700 0.03343000
14 0.26904300 0.56286300 0.02636700 0.03415700
17 0.30859400 0.56250000 0.02734400 0.03488400
4 0.34716800 0.56213700 0.02636700 0.03561000
13 0.46435500 0.55959300 0.02832000 0.03343000
0 0.50293000 0.55814000 0.02734400 0.03197700
18 0.54101600 0.55850300 0.02734400 0.03415700
18 0.61669900 0.55704900 0.02636700 0.03270300
14 0.65283200 0.55704900 0.02636700 0.03125000
17 0.69091800 0.55632300 0.02636700 0.03270300
22 0.72900400 0.55668600 0.02636700 0.03197700
8 0.76757800 0.55559600 0.02734400 0.03270300
19 0.80419900 0.55450600 0.02636700 0.03197700
4 0.83935500 0.55414200 0.02636700 0.03125000
18 0.91357400 0.55341600 0.02636700 0.03125000
3 0.15332000 0.61845900 0.02539100 0.03343000
14 0.18994100 0.61845900 0.02636700 0.03488400
10 0.22900400 0.61845900 0.02636700 0.03488400
20 0.26806600 0.61773300 0.02636700 0.03343000
16 0.30664100 0.61664200 0.02734400 0.03415700
13 0.34668000 0.61591600 0.02734400 0.03270300
7 0.42578100 0.61446200 0.02734400 0.03415700
22 0.50390600 0.61300900 0.02734400 0.03415700
4 0.54248000 0.61228200 0.02636700 0.03270300
19 0.58007800 0.61191900 0.02734400 0.03488400
22 0.61816400 0.61082800 0.02734400 0.03415700
4 0.65527300 0.61046500 0.02734400 0.03488400
18 0.22851600 0.67369200 0.02734400 0.03488400
14 0.26757800 0.67296500 0.02734400 0.03343000
17 0.30712900 0.67260200 0.02832000 0.03415700
22 0.34716800 0.67187500 0.02832000 0.03415700
8 0.38769500 0.67114800 0.02734400 0.03415700
19 0.42675800 0.67005800 0.02734400 0.03488400
20 0.50537100 0.66787800 0.02636700 0.03488400
12 0.54394500 0.66642400 0.02734400 0.03488400
16 0.58203100 0.66569800 0.02734400 0.03343000
8 0.62109400 0.66460800 0.02734400 0.03561000
19 0.65869100 0.66460800 0.02832000 0.03415700
4 0.69726600 0.66388100 0.02734400 0.03415700
12 0.77246100 0.66170100 0.02539100 0.03270300
9 0.15039100 0.72928800 0.02734400 0.03561000
3 0.19043000 0.73001500 0.02734400 0.03415700
0 0.22851600 0.72892400 0.02734400 0.03633700
19 0.26660200 0.72856100 0.02734400 0.03561000
13 0.38720700 0.72674400 0.02832000 0.03488400
4 0.42773400 0.72601700 0.02734400 0.03633700
7 0.46728500 0.72383700 0.02832000 0.03488400
14 0.50585900 0.72347400 0.02734400 0.03561000
19 0.54492200 0.72311000 0.02734400 0.03633700
8 0.58496100 0.72202000 0.02734400 0.03561000
12 0.62304700 0.72093000 0.02734400 0.03488400
11 0.18945300 0.78524700 0.02734400 0.03415700
8 0.22851600 0.78524700 0.02734400 0.03706400
19 0.26757800 0.78633700 0.02734400 0.03488400
8 0.30712900 0.78561000 0.02832000 0.03633700
19 0.34814500 0.78415700 0.02832000 0.03488400
4 0.38916000 0.78270300 0.02832000 0.03343000
11 0.46923800 0.78088700 0.02832000 0.03415700
8 0.50830100 0.77979700 0.02832000 0.03488400
19 0.54736300 0.77834300 0.02832000 0.03488400
8 0.58642600 0.77725300 0.02832000 0.03415700
19 0.62451200 0.77579900 0.02832000 0.03415700
4 0.66357400 0.77398300 0.02832000 0.03488400
12 0.73877000 0.77143900 0.02832000 0.03415700
18 0.85009800 0.76780500 0.02636700 0.03270300
22 0.92334000 0.76453500 0.02636700 0.03197700
0 0.96044900 0.76344500 0.02636700 0.03270300
11 0.15039100 0.84084300 0.02734400 0.03488400
4 0.18896500 0.84048000 0.02832000 0.03415700
19 0.22802700 0.84157000 0.02832000 0.03343000
8 0.26806600 0.84120600 0.02832000 0.03415700
12 0.30859400 0.84011600 0.02929700 0.03488400
