11 0.06406250 0.09375000 0.03750000 0.11484375
0 0.10312500 0.09375000 0.03281250 0.12187500
13 0.14375000 0.09375000 0.03437500 0.11484375
0 0.27187500 0.09687500 0.03281250 0.11484375
6 0.31562500 0.10390625 0.03281250 0.11796875
4 0.35781250 0.10078125 0.03593750 0.11484375
11 0.90937500 0.12187500 0.03593750 0.11093750
1 0.22500000 0.25312500 0.03281250 0.11484375
14 0.35625000 0.26015625 0.03281250 0.11484375
14 0.39843750 0.26406250 0.03281250 0.11796875
12 0.44375000 0.26718750 0.03281250 0.11093750
19 0.69843750 0.27109375 0.03437500 0.11093750
6 0.86718750 0.27421875 0.03125000 0.11093750
7 0.13750000 0.41640625 0.03281250 0.12187500
5 0.22500000 0.41640625 0.03437500 0.11484375
5 0.44062500 0.42343750 0.03281250 0.11093750
24 0.56875000 0.42734375 0.03437500 0.11484375
20 0.82500000 0.43750000 0.03125000 0.11484375
14 0.86718750 0.43750000 0.03281250 0.11093750
0 0.39843750 0.42343750 0.03125000 0.11484375
18 0.39687500 0.58359375 0.03437500 0.11484375
17 0.48125000 0.58359375 0.03281250 0.11484375
14 0.52500000 0.58671875 0.03281250 0.11484375
2 0.56718750 0.58671875 0.03125000 0.11093750
10 0.61093750 0.58671875 0.03281250 0.11484375
24 0.65312500 0.59062500 0.03437500 0.11484375
1 0.73750000 0.59375000 0.03437500 0.11484375
19 0.86875000 0.59687500 0.03593750 0.11484375
12 0.95156250 0.59687500 0.03281250 0.11093750
17 0.30781250 0.74687500 0.03437500 0.12187500
19 0.48125000 0.74687500 0.03281250 0.11484375
0 0.52343750 0.74296875 0.03125000 0.11484375
11 0.65468750 0.75000000 0.03437500 0.11093750
4 0.69687500 0.75000000 0.03437500 0.11484375
20 0.21875000 0.90625000 0.03593750 0.12187500
14 0.26250000 0.90625000 0.03593750 0.11796875
0 0.56875000 0.90937500 0.03437500 0.10781250
3 0.87031250 0.91640625 0.03125000 0.11093750
17 0.95000000 0.92031250 0.03437500 0.11796875
