22 0.05312500 0.27430556 0.03593750 0.12847222
19 0.12968750 0.27083333 0.03750000 0.12847222
5 0.21406250 0.26736111 0.03593750 0.12847222
11 0.25625000 0.26736111 0.03593750 0.13541667
24 0.29531250 0.26736111 0.03750000 0.12847222
15 0.42343750 0.25694444 0.03750000 0.11805556
0 0.46250000 0.25694444 0.02968750 0.12152778
1 0.58437500 0.25694444 0.03437500 0.11458333
14 0.62500000 0.26041667 0.03593750 0.12152778
13 0.78281250 0.11458333 0.03437500 0.12152778
18 0.89531250 0.11805556 0.03281250 0.11805556
12 0.86562500 0.25694444 0.03593750 0.12500000
1 0.04843750 0.42708333 0.03281250 0.11805556
17 0.08437500 0.42708333 0.03125000 0.11805556
14 0.12343750 0.42708333 0.03593750 0.12500000
10 0.16562500 0.42361111 0.03281250 0.12152778
4 0.20937500 0.42361111 0.03437500 0.13541667
12 0.29687500 0.41319444 0.03906250 0.13541667
24 0.33906250 0.41666667 0.04062500 0.12500000
15 0.42500000 0.40625000 0.03437500 0.13194444
14 0.46406250 0.40972222 0.03125000 0.12152778
11 0.50625000 0.40625000 0.03437500 0.12847222
4 0.54687500 0.41319444 0.03906250 0.13541667
5 0.71250000 0.39583333 0.03593750 0.13194444
4 0.75468750 0.40277778 0.03437500 0.12152778
11 0.79531250 0.40277778 0.03593750 0.12500000
11 0.83750000 0.40277778 0.04062500 0.12152778
5 0.04375000 0.58333333 0.03281250 0.12152778
17 0.08125000 0.59027778 0.03437500 0.13541667
14 0.12031250 0.58680556 0.03593750 0.13194444
13 0.16562500 0.58333333 0.03593750 0.12500000
19 0.20937500 0.58333333 0.03750000 0.13888889
17 0.42343750 0.56944444 0.03593750 0.13541667
4 0.46875000 0.56597222 0.03750000 0.12847222
1 0.51093750 0.56597222 0.03281250 0.13194444
4 0.55156250 0.56597222 0.03437500 0.13194444
0 0.63281250 0.56250000 0.03437500 0.12500000
13 0.80312500 0.55555556 0.03281250 0.11805556
20 0.84375000 0.55555556 0.03437500 0.12152778
0 0.12187500 0.74305556 0.03281250 0.12500000
5 0.16093750 0.74305556 0.03593750 0.13888889
17 0.20625000 0.73958333 0.03750000 0.13541667
0 0.24531250 0.73611111 0.03281250 0.13888889
8 0.29375000 0.73263889 0.03906250 0.14583333
3 0.34062500 0.72916667 0.04062500 0.14930556
7 0.42656250 0.72916667 0.03750000 0.14236111
4 0.46718750 0.72569444 0.03906250 0.13541667
12 0.55625000 0.72222222 0.03750000 0.13541667
8 0.60000000 0.72222222 0.03750000 0.13888889
19 0.68437500 0.71527778 0.04062500 0.14236111
2 0.76875000 0.71527778 0.03437500 0.13541667
20 0.93593750 0.71180556 0.03750000 0.12500000
23 0.15468750 0.91319444 0.04062500 0.13888889
19 0.24218750 0.90625000 0.03437500 0.13541667
14 0.28750000 0.89930556 0.04062500 0.13194444
14 0.33125000 0.89583333 0.03906250 0.13541667
10 0.37812500 0.89930556 0.03906250 0.13194444
12 0.46718750 0.89236111 0.03593750 0.13194444
4 0.51250000 0.89930556 0.03906250 0.13541667
19 0.60156250 0.89583333 0.03906250 0.14236111
12 0.73125000 0.87847222 0.03750000 0.14236111
20 0.81718750 0.88194444 0.03906250 0.13194444
19 0.86093750 0.87500000 0.03906250 0.15625000
4 0.90000000 0.87847222 0.03593750 0.13888889
18 0.94375000 0.87847222 0.03750000 0.14236111
4 0.92500000 0.55208333 0.03437500 0.12152778
19 0.96562500 0.55208333 0.03281250 0.12152778
3 0.91562500 0.40277778 0.04218750 0.12500000
