0 0.07812500 0.08750000 0.04062500 0.12500000
6 0.18281250 0.08984375 0.05000000 0.13359375
17 0.23281250 0.08750000 0.04218750 0.12500000
4 0.28281250 0.08750000 0.03750000 0.13046875
0 0.33281250 0.08125000 0.04375000 0.12500000
19 0.38437500 0.08750000 0.04687500 0.12812500
12 0.48593750 0.07812500 0.03906250 0.13046875
0 0.53593750 0.08750000 0.03906250 0.11640625
13 0.58750000 0.08750000 0.04687500 0.12500000
8 0.68906250 0.08125000 0.04062500 0.12500000
18 0.74218750 0.08750000 0.04687500 0.12187500
14 0.83750000 0.07265625 0.04218750 0.13046875
13 0.88750000 0.07578125 0.04218750 0.13671875
4 0.93750000 0.08125000 0.04062500 0.13359375
22 0.08281250 0.23828125 0.04687500 0.12500000
7 0.13125000 0.23515625 0.04062500 0.12500000
14 0.17656250 0.23281250 0.03906250 0.11953125
7 0.28125000 0.23281250 0.04687500 0.13671875
0 0.33593750 0.22968750 0.03906250 0.13359375
18 0.38437500 0.22968750 0.04218750 0.12187500
13 0.48593750 0.22968750 0.03593750 0.12812500
14 0.53437500 0.22968750 0.03906250 0.12187500
19 0.58750000 0.23515625 0.03906250 0.12500000
11 0.68906250 0.22421875 0.04375000 0.12500000
14 0.73906250 0.22656250 0.03906250 0.13046875
18 0.78906250 0.22656250 0.04375000 0.13046875
19 0.83906250 0.22421875 0.04375000 0.11953125
7 0.08125000 0.38046875 0.04375000 0.13671875
8 0.13125000 0.37812500 0.04062500 0.12812500
18 0.18437500 0.38046875 0.04375000 0.13046875
2 0.28125000 0.37812500 0.04062500 0.11953125
7 0.33281250 0.38046875 0.05156250 0.13046875
8 0.38750000 0.37812500 0.04375000 0.12500000
11 0.43906250 0.38046875 0.04375000 0.13359375
3 0.48593750 0.37812500 0.04062500 0.13984375
18 0.58750000 0.37500000 0.04218750 0.13671875
7 0.69062500 0.37812500 0.04375000 0.13984375
4 0.74375000 0.38046875 0.04375000 0.13671875
0 0.78906250 0.37500000 0.04375000 0.13984375
17 0.84062500 0.37187500 0.04062500 0.12812500
19 0.89218750 0.36953125 0.04375000 0.13046875
12 0.13125000 0.67187500 0.04062500 0.13359375
4 0.18125000 0.67734375 0.04218750 0.13359375
13 0.23125000 0.67734375 0.04531250 0.14218750
2 0.28437500 0.68046875 0.03750000 0.13359375
8 0.33437500 0.67421875 0.04218750 0.14531250
20 0.38437500 0.67421875 0.04062500 0.13671875
18 0.43593750 0.68046875 0.04375000 0.14218750
