0 0.11230500 0.04941900 0.03125000 0.03343000
0 0.18408200 0.09629400 0.02832000 0.03125000
1 0.25537100 0.09593000 0.02832000 0.03197700
0 0.43505900 0.09811000 0.02832000 0.03197700
0 0.50585900 0.09847400 0.02734400 0.03125000
1 0.18505900 0.14462200 0.02832000 0.03197700
0 0.32763700 0.14498500 0.02832000 0.03125000
1 0.39892600 0.14571200 0.02832000 0.03125000
4 0.43603500 0.14607600 0.02832000 0.03197700
0 0.18408200 0.19331400 0.02832000 0.03197700
1 0.36474600 0.19331400 0.02832000 0.03197700
6 0.43652300 0.19295100 0.02929700 0.03125000
1 0.14941400 0.24418600 0.02734400 0.03197700
0 0.32910200 0.24200600 0.02734400 0.03197700
6 0.36523400 0.24164200 0.02734400 0.03270300
2 0.14990200 0.29433100 0.02832000 0.03488400
1 0.15039100 0.34229700 0.02734400 0.03343000
6 0.22216800 0.34157000 0.02832000 0.03343000
0 0.40185500 0.34120600 0.02832000 0.03270300
6 0.43896500 0.34048000 0.02832000 0.03270300
3 0.65234400 0.34120600 0.02734400 0.03125000
2 0.68652300 0.34120600 0.02734400 0.03125000
0 0.14990200 0.39171500 0.02832000 0.03343000
6 0.18603500 0.39135200 0.02832000 0.03415700
3 0.18798800 0.44149700 0.02832000 0.03270300
2 0.22412100 0.44149700 0.02832000 0.03270300
0 0.33252000 0.44077000 0.02832000 0.03270300
6 0.36962900 0.44077000 0.02832000 0.03270300
0 0.51318400 0.43931700 0.02832000 0.03270300
7 0.54980500 0.43931700 0.02929700 0.03270300
3 0.65527300 0.43859000 0.02734400 0.03125000
1 0.69140600 0.43859000 0.02734400 0.03125000
3 0.29589800 0.49200600 0.02734400 0.03343000
2 0.33252000 0.49164200 0.03027300 0.03415700
10 0.29589800 0.54142400 0.02929700 0.03343000
6 0.33252000 0.54106100 0.03027300 0.03270300
0 0.62207000 0.53851700 0.02929700 0.03343000
7 0.65820300 0.53851700 0.02929700 0.03343000
2 0.26025400 0.59338700 0.03027300 0.03415700
9 0.29638700 0.59302300 0.03027300 0.03343000
0 0.33252000 0.59266000 0.03027300 0.03415700
3 0.62353500 0.58866300 0.03027300 0.03343000
1 0.65918000 0.58793600 0.03125000 0.03488400
3 0.26171900 0.64425900 0.02929700 0.03415700
2 0.29834000 0.64353200 0.03027300 0.03415700
2 0.62597700 0.63989800 0.02929700 0.03415700
5 0.66064500 0.63917200 0.03027300 0.03415700
6 0.26220700 0.69476700 0.03027300 0.03343000
2 0.29736300 0.69549400 0.03027300 0.03343000
0 0.33544900 0.69549400 0.03027300 0.03343000
6 0.58984400 0.69040700 0.02929700 0.03343000
1 0.62646500 0.68968000 0.03027300 0.03343000
6 0.59179700 0.74055200 0.02929700 0.03343000
4 0.62646500 0.73982600 0.03027300 0.03343000
5 0.66259800 0.73909900 0.03027300 0.03343000
3 0.18994100 0.79687500 0.03027300 0.03270300
2 0.22705100 0.79723800 0.03027300 0.03343000
0 0.26220700 0.79723800 0.03027300 0.03343000
6 0.11718800 0.84847400 0.02929700 0.03415700
4 0.22705100 0.90079900 0.03027300 0.03270300
1 0.30127000 0.90007300 0.03027300 0.03270300
3 0.41259800 0.89825600 0.03027300 0.03343000
0 0.66796900 0.89353200 0.03125000 0.03415700
0 0.70312500 0.89280500 0.03125000 0.03270300
0 0.77734400 0.89062500 0.02929700 0.03270300
3 0.81396500 0.89062500 0.03027300 0.03270300
0 0.91845700 0.88808100 0.03027300 0.03197700
5 0.15478500 0.90116300 0.03027300 0.03343000
