21 0.11406250 0.10781250 0.03593750 0.11484375
8 0.44531250 0.11484375 0.03437500 0.12500000
14 0.61093750 0.11484375 0.03593750 0.11796875
17 0.69531250 0.11484375 0.03593750 0.12187500
20 0.73750000 0.11093750 0.03281250 0.12500000
3 0.94218750 0.11796875 0.02812500 0.11093750
17 0.07656250 0.26406250 0.02968750 0.11796875
20 0.11562500 0.26406250 0.03281250 0.12187500
13 0.15468750 0.26406250 0.03437500 0.11484375
13 0.19531250 0.26015625 0.03281250 0.11484375
20 0.60937500 0.27421875 0.03437500 0.11796875
3 0.81875000 0.27109375 0.03281250 0.11796875
13 0.90000000 0.27109375 0.03281250 0.11093750
19 0.07812500 0.41640625 0.03125000 0.11484375
0 0.11406250 0.41640625 0.02968750 0.11484375
24 0.56562500 0.42734375 0.03125000 0.11484375
22 0.24218750 0.57265625 0.03125000 0.11484375
19 0.81406250 0.58359375 0.03125000 0.10390625
7 0.12187500 0.72187500 0.02968750 0.11484375
1 0.20156250 0.72187500 0.03281250 0.11796875
18 0.40468750 0.72578125 0.02968750 0.10390625
19 0.52343750 0.72578125 0.02968750 0.10390625
15 0.60468750 0.72578125 0.02968750 0.10781250
10 0.12656250 0.86484375 0.03750000 0.11484375
22 0.36406250 0.87187500 0.03281250 0.11484375
0 0.52187500 0.87187500 0.03125000 0.10781250
20 0.72656250 0.88203125 0.03437500 0.11796875
18 0.88593750 0.88203125 0.03281250 0.11093750
