19 0.05625000 0.09027778 0.03906250 0.12847222
17 0.28437500 0.09375000 0.03750000 0.11805556
0 0.51718750 0.09375000 0.03437500 0.11805556
2 0.60781250 0.09027778 0.03437500 0.11805556
11 0.65468750 0.09722222 0.03437500 0.11805556
8 0.70000000 0.09722222 0.03750000 0.12152778
2 0.74375000 0.10069444 0.03281250 0.12500000
11 0.65468750 0.27083333 0.03750000 0.12500000
11 0.61250000 0.27083333 0.03906250 0.13194444
4 0.56406250 0.26736111 0.04218750 0.13888889
1 0.51875000 0.27083333 0.03750000 0.13194444
19 0.33281250 0.26388889 0.04062500 0.13541667
0 0.28593750 0.26736111 0.03750000 0.13194444
24 0.19375000 0.26388889 0.04375000 0.13541667
11 0.14687500 0.26041667 0.04062500 0.13888889
17 0.05312500 0.26041667 0.03906250 0.13194444
0 0.14687500 0.43750000 0.03906250 0.13541667
13 0.33125000 0.43750000 0.03750000 0.13541667
24 0.37656250 0.43750000 0.03750000 0.12500000
12 0.47031250 0.44097222 0.03281250 0.12500000
20 0.56093750 0.44097222 0.03593750 0.13541667
19 0.60625000 0.43750000 0.03593750 0.13541667
2 0.91875000 0.61111111 0.03437500 0.12152778
0 0.87656250 0.61805556 0.03593750 0.13888889
4 0.74531250 0.61805556 0.03750000 0.12500000
12 0.70000000 0.61111111 0.03593750 0.11805556
0 0.65312500 0.61458333 0.03750000 0.12500000
2 0.60937500 0.61111111 0.03750000 0.12847222
22 0.51718750 0.61111111 0.03750000 0.13541667
17 0.42500000 0.61111111 0.03593750 0.12847222
25 0.19062500 0.61458333 0.04062500 0.12847222
11 0.10000000 0.61111111 0.03750000 0.13541667
0 0.14531250 0.78472222 0.03125000 0.12847222
18 0.37812500 0.78125000 0.03750000 0.11805556
3 0.42343750 0.78125000 0.03281250 0.12500000
3 0.56093750 0.78472222 0.03593750 0.12500000
13 0.65312500 0.78472222 0.03593750 0.12500000
0 0.87812500 0.94444444 0.04062500 0.10763889
20 0.74531250 0.94444444 0.03750000 0.11111111
3 0.65468750 0.94791667 0.03281250 0.10069444
6 0.51718750 0.94791667 0.03750000 0.10416667
0 0.28281250 0.94444444 0.03593750 0.11111111
7 0.24062500 0.95138889 0.03593750 0.09722222
13 0.05781250 0.94444444 0.03906250 0.11111111
