21 0.11562500 0.14921875 0.03437500 0.12187500
4 0.07500000 0.14609375 0.03437500 0.12500000
8 0.25000000 0.14609375 0.03593750 0.12187500
5 0.29531250 0.14921875 0.03593750 0.12500000
4 0.78593750 0.16640625 0.03437500 0.11796875
3 0.92500000 0.17031250 0.03437500 0.12500000
4 0.47187500 0.32968750 0.03281250 0.11796875
7 0.69062500 0.33359375 0.03437500 0.12187500
4 0.82812500 0.34375000 0.03593750 0.12812500
15 0.87343750 0.34687500 0.03906250 0.12500000
19 0.92031250 0.35078125 0.03593750 0.12187500
9 0.11875000 0.48281250 0.03281250 0.12500000
2 0.20625000 0.48281250 0.03281250 0.12500000
14 0.42812500 0.49296875 0.03125000 0.11796875
3 0.47187500 0.49296875 0.03125000 0.11484375
23 0.55781250 0.49687500 0.03125000 0.11796875
18 0.73437500 0.50312500 0.03593750 0.11484375
8 0.77812500 0.50703125 0.03281250 0.10781250
8 0.91718750 0.51406250 0.03437500 0.12187500
18 0.07812500 0.64218750 0.03281250 0.11796875
10 0.12031250 0.64218750 0.03750000 0.11796875
8 0.16250000 0.64609375 0.03281250 0.12812500
15 0.20781250 0.64921875 0.03437500 0.12500000
15 0.25000000 0.64921875 0.03437500 0.12187500
11 0.31718750 0.64921875 0.03593750 0.11093750
10 0.47031250 0.65312500 0.02812500 0.11093750
4 0.51250000 0.65312500 0.03281250 0.12187500
18 0.55625000 0.65312500 0.03281250 0.11484375
7 0.86562500 0.67734375 0.03593750 0.12500000
18 0.07812500 0.80546875 0.03281250 0.11484375
15 0.12031250 0.80546875 0.03281250 0.11093750
14 0.16250000 0.80937500 0.03281250 0.11796875
10 0.20781250 0.80546875 0.03593750 0.12187500
4 0.25156250 0.80937500 0.03281250 0.12500000
0 0.34062500 0.80937500 0.03906250 0.12187500
2 0.38281250 0.81250000 0.03593750 0.12187500
17 0.42656250 0.81562500 0.03437500 0.12500000
19 0.59687500 0.81562500 0.03437500 0.11796875
0 0.64062500 0.81562500 0.03437500 0.11796875
0 0.77187500 0.83359375 0.03750000 0.12812500
5 0.81718750 0.83671875 0.03593750 0.13203125
18 0.90625000 0.84687500 0.04062500 0.12500000
20 0.95000000 0.85078125 0.03593750 0.12500000
