0 0.26562500 0.07986111 0.03125000 0.11805556
19 0.30625000 0.08333333 0.03437500 0.11458333
2 0.46718750 0.09375000 0.03281250 0.11458333
4 0.50625000 0.10069444 0.02812500 0.11111111
12 0.54531250 0.10069444 0.03437500 0.11458333
4 0.58281250 0.10416667 0.02812500 0.11111111
19 0.62187500 0.10069444 0.03125000 0.12152778
24 0.69687500 0.11111111 0.03437500 0.11805556
4 0.26406250 0.37500000 0.02812500 0.12152778
5 0.34687500 0.38194444 0.03437500 0.12500000
11 0.38750000 0.38194444 0.03750000 0.13194444
14 0.42500000 0.38888889 0.03437500 0.12847222
0 0.46562500 0.38888889 0.03125000 0.12500000
19 0.50625000 0.39236111 0.03750000 0.13541667
18 0.54531250 0.39583333 0.03750000 0.12500000
3 0.69687500 0.39930556 0.02968750 0.12152778
0 0.93437500 0.39930556 0.03906250 0.12152778
8 0.96875000 0.40625000 0.03125000 0.11111111
12 0.34531250 0.53819444 0.04218750 0.11805556
24 0.54218750 0.54166667 0.03281250 0.10416667
18 0.58125000 0.53819444 0.02812500 0.11111111
8 0.96718750 0.55902778 0.02968750 0.11111111
8 0.38437500 0.69097222 0.03125000 0.12500000
18 0.42500000 0.68750000 0.03281250 0.11458333
7 0.50156250 0.69097222 0.03281250 0.12152778
4 0.54062500 0.68750000 0.03125000 0.12500000
13 0.69687500 0.69444444 0.03281250 0.11805556
8 0.88750000 0.70138889 0.02968750 0.11111111
0 0.96562500 0.70138889 0.03281250 0.11805556
4 0.29843750 0.84375000 0.03125000 0.12152778
24 0.33906250 0.83333333 0.03750000 0.12500000
11 0.96406250 0.84722222 0.03281250 0.11805556
