3 0.05000000 0.06944444 0.03281250 0.11111111
14 0.09062500 0.07291667 0.03125000 0.10069444
13 0.12968750 0.07291667 0.03750000 0.11805556
19 0.21562500 0.06944444 0.03281250 0.11111111
17 0.30156250 0.06597222 0.03281250 0.13194444
4 0.34531250 0.06944444 0.03593750 0.12152778
12 0.38593750 0.06944444 0.03593750 0.13194444
4 0.43125000 0.07291667 0.03593750 0.11805556
12 0.47343750 0.06597222 0.03750000 0.12500000
1 0.51562500 0.06597222 0.03593750 0.11805556
13 0.64062500 0.06250000 0.04062500 0.12500000
14 0.68593750 0.06250000 0.03750000 0.12152778
22 0.17031250 0.21875000 0.03437500 0.12500000
4 0.21250000 0.21180556 0.03593750 0.11805556
4 0.34062500 0.21875000 0.03437500 0.12152778
1 0.42812500 0.21180556 0.03750000 0.13194444
0 0.47343750 0.22222222 0.03750000 0.11805556
2 0.51406250 0.21875000 0.03593750 0.12500000
10 0.55781250 0.21527778 0.03593750 0.12152778
8 0.86250000 0.21527778 0.03437500 0.12500000
2 0.90156250 0.21527778 0.03437500 0.11805556
4 0.94062500 0.21875000 0.03750000 0.12500000
24 0.07187500 0.37500000 0.04062500 0.12500000
13 0.20468750 0.37152778 0.03125000 0.12500000
3 0.24843750 0.36805556 0.03906250 0.13541667
12 0.33750000 0.36805556 0.04062500 0.12152778
4 0.38125000 0.36805556 0.03750000 0.12152778
5 0.47187500 0.37152778 0.03750000 0.12847222
15 0.69218750 0.36805556 0.03593750 0.12500000
11 0.73750000 0.36458333 0.03593750 0.12500000
0 0.78281250 0.36805556 0.03593750 0.12152778
2 0.82656250 0.37152778 0.03906250 0.12847222
4 0.87187500 0.36805556 0.03593750 0.13541667
15 0.02187500 0.53819444 0.03906250 0.14236111
20 0.06250000 0.53472222 0.03437500 0.12500000
19 0.10937500 0.52777778 0.04062500 0.12847222
20 0.20000000 0.54166667 0.03437500 0.13194444
15 0.24218750 0.53472222 0.04062500 0.13194444
14 0.33125000 0.53819444 0.03281250 0.13888889
13 0.38125000 0.53125000 0.04218750 0.13888889
0 0.47031250 0.53472222 0.03593750 0.13888889
1 0.56093750 0.53472222 0.03593750 0.14236111
0 0.60625000 0.53819444 0.03750000 0.13888889
1 0.65156250 0.53125000 0.03437500 0.14583333
24 0.69687500 0.52777778 0.03906250 0.13541667
1 0.83750000 0.53125000 0.03593750 0.12500000
0 0.05468750 0.69791667 0.03593750 0.12847222
10 0.09843750 0.69791667 0.03906250 0.12847222
4 0.14375000 0.70138889 0.03906250 0.13194444
12 0.23750000 0.70138889 0.04218750 0.13888889
8 0.28593750 0.70486111 0.03750000 0.13888889
18 0.33281250 0.70138889 0.04062500 0.13888889
19 0.37656250 0.69444444 0.04062500 0.14236111
0 0.42343750 0.70138889 0.03750000 0.13541667
10 0.46875000 0.69791667 0.03750000 0.13888889
4 0.51562500 0.69791667 0.03906250 0.13888889
18 0.56250000 0.70138889 0.04062500 0.14583333
17 0.84218750 0.70833333 0.04062500 0.13541667
