3 0.17187500 0.07656250 0.03125000 0.11484375
8 0.21562500 0.07656250 0.03281250 0.11484375
18 0.25625000 0.07656250 0.03125000 0.11484375
10 0.29687500 0.07656250 0.02968750 0.11484375
14 0.34062500 0.07656250 0.03125000 0.11093750
15 0.59687500 0.07656250 0.03125000 0.11796875
24 0.94375000 0.07968750 0.03437500 0.12187500
11 0.98437500 0.24296875 0.02968750 0.12500000
24 0.33906250 0.23984375 0.03281250 0.12187500
18 0.21250000 0.23593750 0.03125000 0.11093750
13 0.12812500 0.23593750 0.03281250 0.11093750
0 0.08437500 0.23281250 0.02968750 0.11484375
12 0.04375000 0.23281250 0.03281250 0.10781250
19 0.25468750 0.39609375 0.03281250 0.11093750
11 0.50937500 0.39609375 0.03125000 0.11484375
19 0.59531250 0.40312500 0.03281250 0.11093750
17 0.72812500 0.39921875 0.03281250 0.12187500
19 0.77187500 0.56562500 0.03281250 0.12500000
15 0.63906250 0.56250000 0.03437500 0.11484375
8 0.46718750 0.56250000 0.03125000 0.11093750
0 0.37812500 0.55546875 0.03125000 0.11093750
21 0.33750000 0.55937500 0.03281250 0.11484375
18 0.20937500 0.55546875 0.03437500 0.11796875
14 0.24687500 0.71875000 0.03437500 0.12187500
21 0.55000000 0.72187500 0.03281250 0.12187500
24 0.72812500 0.72890625 0.03750000 0.12187500
13 0.85937500 0.89609375 0.03437500 0.12500000
2 0.55156250 0.88906250 0.03437500 0.11796875
5 0.46562500 0.88203125 0.03437500 0.11484375
19 0.16250000 0.87812500 0.03593750 0.12187500
14 0.11875000 0.88203125 0.03437500 0.12500000
6 0.07656250 0.88515625 0.03750000 0.12812500
0 0.21093750 0.39609375 0.03593750 0.12187500
