15 0.13671900 0.10646800 0.01562500 0.02689000
14 0.16992200 0.10501500 0.01562500 0.02689000
19 0.23925800 0.10138100 0.01562500 0.02689000
0 0.27392600 0.09920100 0.01660200 0.02689000
23 0.31054700 0.09774700 0.01562500 0.02689000
8 0.34619100 0.09811000 0.01660200 0.02761600
11 0.38183600 0.09956400 0.01757800 0.02761600
8 0.41845700 0.10101700 0.01660200 0.02616300
3 0.48974600 0.10283400 0.01660200 0.02689000
14 0.52441400 0.10392400 0.01562500 0.02616300
14 0.62939500 0.10755800 0.01464800 0.02470900
18 0.66552700 0.10901200 0.01464800 0.02470900
19 0.73291000 0.11119200 0.01464800 0.02470900
0 0.76416000 0.11191900 0.01464800 0.02470900
13 0.10644500 0.15661300 0.01562500 0.02689000
14 0.13818400 0.15516000 0.01660200 0.02689000
22 0.17041000 0.15334300 0.01660200 0.02761600
10 0.20459000 0.15152600 0.01660200 0.02689000
4 0.23974600 0.14970900 0.01660200 0.02761600
18 0.34521500 0.14825600 0.01660200 0.02761600
19 0.38183600 0.14898300 0.01757800 0.02761600
17 0.41748000 0.14934600 0.01660200 0.02834300
14 0.45263700 0.14970900 0.01660200 0.02761600
13 0.49023400 0.15043600 0.01757800 0.02761600
11 0.55957000 0.15116300 0.01562500 0.02616300
8 0.59375000 0.15261600 0.01562500 0.02616300
15 0.69824200 0.15552300 0.01562500 0.02616300
14 0.73242200 0.15697700 0.01562500 0.02616300
11 0.79736300 0.15879400 0.01660200 0.02543600
14 0.83007800 0.15952000 0.01757800 0.02543600
12 0.86377000 0.16097400 0.01660200 0.02543600
10 0.10595700 0.20530500 0.01660200 0.02689000
8 0.13867200 0.20348800 0.01757800 0.02907000
20 0.20654300 0.25109000 0.01660200 0.02834300
22 0.27783200 0.25036300 0.01660200 0.02834300
7 0.31396500 0.25000000 0.01660200 0.02761600
14 0.34960900 0.25036300 0.01562500 0.02834300
3 0.38525400 0.25072700 0.01660200 0.02761600
0 0.42041000 0.25072700 0.01660200 0.02761600
14 0.52587900 0.25145300 0.01660200 0.02761600
19 0.56103500 0.25181700 0.01660200 0.02689000
19 0.63037100 0.25290700 0.01660200 0.02761600
14 0.66357400 0.25290700 0.01660200 0.02761600
11 0.69677700 0.25327000 0.01660200 0.02689000
10 0.73046900 0.25399700 0.01757800 0.02689000
13 0.76513700 0.25436000 0.01660200 0.02761600
20 0.79834000 0.25472400 0.01660200 0.02689000
11 0.10693400 0.30305200 0.01660200 0.02761600
0 0.13916000 0.30232600 0.01660200 0.02761600
18 0.17334000 0.30159900 0.01660200 0.02761600
15 0.35009800 0.30014500 0.01660200 0.02761600
14 0.38574200 0.30014500 0.01562500 0.02761600
3 0.45703100 0.29978200 0.01562500 0.02834300
14 0.49169900 0.30087200 0.01660200 0.02761600
22 0.52685500 0.30087200 0.01660200 0.02761600
0 0.56103500 0.30159900 0.01660200 0.02761600
11 0.59521500 0.30159900 0.01660200 0.02761600
8 0.62939500 0.30159900 0.01660200 0.02761600
10 0.69726600 0.30232600 0.01757800 0.02761600
13 0.73095700 0.30232600 0.01660200 0.02761600
8 0.76513700 0.30232600 0.01660200 0.02761600
6 0.79980500 0.30377900 0.01562500 0.02761600
8 0.83252000 0.30341600 0.01660200 0.02689000
15 0.10888700 0.35174400 0.01660200 0.02761600
14 0.14111300 0.35138100 0.01660200 0.02834300
25 0.17529300 0.35101700 0.01660200 0.02761600
13 0.20947300 0.35029100 0.01660200 0.02761600
0 0.24414100 0.34956400 0.01757800 0.02761600
10 0.27832000 0.34956400 0.01757800 0.02761600
14 0.31445300 0.34956400 0.01757800 0.02761600
12 0.35058600 0.34956400 0.01757800 0.02761600
8 0.38574200 0.34956400 0.01757800 0.02761600
11 0.42089800 0.34956400 0.01757800 0.02761600
0 0.45605500 0.34920100 0.01757800 0.02689000
18 0.49072300 0.34956400 0.01660200 0.02616300
18 0.59521500 0.34956400 0.01660200 0.02616300
12 0.66406200 0.34956400 0.01562500 0.02616300
0 0.69824200 0.34956400 0.01562500 0.02616300
11 0.73095700 0.34956400 0.01660200 0.02616300
16 0.79931600 0.35029100 0.01660200 0.02616300
8 0.83252000 0.35029100 0.01660200 0.02616300
10 0.10888700 0.40116300 0.01660200 0.02761600
14 0.14209000 0.40043600 0.01660200 0.02761600
12 0.17627000 0.40043600 0.01660200 0.02761600
15 0.14355500 0.44912800 0.01757800 0.02761600
14 0.17822300 0.44912800 0.01660200 0.02761600
12 0.24755900 0.44840100 0.01660200 0.02761600
4 0.28320300 0.44840100 0.01757800 0.02761600
13 0.31835900 0.44840100 0.01757800 0.02761600
11 0.38769500 0.44803800 0.01757800 0.02834300
0 0.42187500 0.44767400 0.01757800 0.02761600
18 0.45752000 0.44803800 0.01660200 0.02689000
22 0.56250000 0.44731100 0.01757800 0.02689000
15 0.59619100 0.44767400 0.01660200 0.02616300
4 0.63037100 0.44694800 0.01660200 0.02616300
16 0.66455100 0.44694800 0.01660200 0.02616300
0 0.69775400 0.44694800 0.01660200 0.02616300
19 0.73193400 0.44622100 0.01660200 0.02616300
11 0.11132800 0.49818300 0.01757800 0.02834300
4 0.14502000 0.49782000 0.01660200 0.02761600
13 0.17919900 0.49782000 0.01660200 0.02761600
8 0.21337900 0.49782000 0.01660200 0.02761600
25 0.38964800 0.49636600 0.01757800 0.02761600
0 0.42382800 0.49636600 0.01757800 0.02761600
15 0.49316400 0.49600300 0.01757800 0.02689000
14 0.52734400 0.49564000 0.01757800 0.02761600
12 0.56152300 0.49527600 0.01757800 0.02689000
13 0.59619100 0.49454900 0.01660200 0.02689000
8 0.63037100 0.49454900 0.01660200 0.02689000
11 0.66406200 0.49454900 0.01757800 0.02689000
13 0.73095700 0.49382300 0.01660200 0.02689000
0 0.76513700 0.49418600 0.01660200 0.02616300
25 0.79785200 0.49382300 0.01562500 0.02543600
22 0.11328100 0.54578500 0.01757800 0.02761600
0 0.14550800 0.54578500 0.01757800 0.02761600
13 0.17919900 0.54687500 0.01660200 0.02834300
8 0.21386700 0.54651200 0.01757800 0.02761600
4 0.24902300 0.54614800 0.01757800 0.02834300
18 0.38964800 0.54505800 0.01757800 0.02761600
3 0.46044900 0.54396800 0.01660200 0.02834300
4 0.49365200 0.54360500 0.01660200 0.02761600
11 0.52685500 0.54324100 0.01660200 0.02689000
0 0.56054700 0.54215100 0.01562500 0.02616300
11 0.59472700 0.54287800 0.01562500 0.02616300
15 0.66406200 0.54178800 0.01562500 0.02543600
14 0.69775400 0.54106100 0.01660200 0.02543600
3 0.73242200 0.54033400 0.01562500 0.02543600
0 0.76464800 0.53997100 0.01562500 0.02470900
17 0.79736300 0.53997100 0.01660200 0.02470900
14 0.83056600 0.53960800 0.01660200 0.02543600
10 0.86132800 0.53924400 0.01562500 0.02470900
8 0.11474600 0.59375000 0.01660200 0.02761600
13 0.14697300 0.59411300 0.01660200 0.02689000
19 0.18066400 0.59411300 0.01757800 0.02689000
4 0.21484400 0.59411300 0.01757800 0.02689000
17 0.25000000 0.59411300 0.01757800 0.02689000
4 0.28466800 0.59411300 0.01660200 0.02689000
18 0.31933600 0.59411300 0.01757800 0.02689000
13 0.35449200 0.59338700 0.01757800 0.02689000
0 0.38964800 0.59266000 0.01757800 0.02689000
15 0.49414100 0.59048000 0.01757800 0.02689000
14 0.52832000 0.59011600 0.01757800 0.02761600
3 0.56250000 0.58975300 0.01757800 0.02689000
15 0.59619100 0.58829900 0.01464800 0.02543600
8 0.63134800 0.58829900 0.01464800 0.02543600
18 0.66503900 0.58793600 0.01562500 0.02470900
13 0.11523400 0.64316900 0.01757800 0.02616300
5 0.21630900 0.64207800 0.01660200 0.02689000
6 0.25048800 0.64171500 0.01660200 0.02616300
3 0.28808600 0.78779100 0.01757800 0.02616300
14 0.32275400 0.78706400 0.01660200 0.02616300
12 0.35742200 0.78633700 0.01757800 0.02616300
0 0.39160200 0.78561000 0.01757800 0.02616300
13 0.46191400 0.78343000 0.01757800 0.02616300
17 0.59912100 0.78052300 0.01660200 0.02616300
0 0.63232400 0.77979700 0.01660200 0.02616300
1 0.66699200 0.77907000 0.01757800 0.02616300
14 0.70166000 0.77761600 0.01660200 0.02470900
19 0.73339800 0.77689000 0.01562500 0.02470900
0 0.76709000 0.77579900 0.01660200 0.02543600
20 0.15332000 0.83175900 0.01757800 0.02689000
15 0.18603500 0.83284900 0.01660200 0.02616300
17 0.21972700 0.83430200 0.01757800 0.02616300
0 0.25390600 0.83611900 0.01757800 0.02689000
9 0.28808600 0.83539200 0.01757800 0.02689000
13 0.32324200 0.83466600 0.01757800 0.02689000
4 0.35791000 0.83393900 0.01855500 0.02689000
13 0.39257800 0.83321200 0.01757800 0.02689000
8 0.42773400 0.83248500 0.01757800 0.02689000
4 0.46337900 0.83175900 0.01660200 0.02689000
5 0.56543000 0.82848800 0.01757800 0.02616300
6 0.60009800 0.82739800 0.01660200 0.02689000
7 0.22119100 0.88081400 0.01660200 0.02616300
14 0.25439500 0.88081400 0.01660200 0.02616300
19 0.28955100 0.88154100 0.01660200 0.02616300
19 0.32421900 0.88190400 0.01757800 0.02543600
0 0.35839800 0.88154100 0.01757800 0.02616300
1 0.39257800 0.88045100 0.01757800 0.02543600
16 0.46289100 0.87827000 0.01757800 0.02543600
22 0.53320300 0.87609000 0.01757800 0.02543600
25 0.56640600 0.87536300 0.01757800 0.02543600
11 0.63330100 0.87354700 0.01660200 0.02616300
22 0.73486300 0.86991300 0.01660200 0.02470900
14 0.76611300 0.86918600 0.01660200 0.02470900
11 0.79931600 0.86809600 0.01660200 0.02543600
10 0.12451200 0.92078500 0.01660200 0.02470900
20 0.15673800 0.92223800 0.01660200 0.02470900
25 0.22314500 0.92550900 0.01660200 0.02543600
0 0.25488300 0.92877900 0.01757800 0.02470900
17 0.32617200 0.92805200 0.01757800 0.02470900
20 0.35937500 0.92732600 0.01757800 0.02470900
10 0.39355500 0.92623500 0.01757800 0.02398300
20 0.42871100 0.92514500 0.01757800 0.02470900
8 0.49902300 0.92260200 0.01757800 0.02398300
15 0.56640600 0.92042200 0.01757800 0.02398300
14 0.60058600 0.91969500 0.01757800 0.02398300
18 0.63281200 0.91860500 0.01757800 0.02470900
19 0.66699200 0.91715100 0.01757800 0.02470900
0 0.70117200 0.91569800 0.01757800 0.02325600
22 0.73437500 0.91424400 0.01757800 0.02325600
8 0.76709000 0.91279100 0.01660200 0.02325600
11 0.79882800 0.91133700 0.01757800 0.02325600
13 0.86377000 0.90806700 0.01660200 0.02398300
0 0.89404300 0.90661300 0.01660200 0.02398300
