11 0.27500000 0.10703125 0.03906250 0.12968750
14 0.31796875 0.10546875 0.03437500 0.12031250
14 0.35937500 0.10390625 0.03593750 0.11718750
10 0.40312500 0.10625000 0.03593750 0.12343750
0 0.48515625 0.09609375 0.03750000 0.11875000
19 0.52890625 0.10390625 0.03593750 0.11718750
12 0.65468750 0.10156250 0.03593750 0.12968750
17 0.69531250 0.09921875 0.03437500 0.10781250
14 0.86328125 0.09531250 0.03593750 0.11250000
11 0.90312500 0.09765625 0.03593750 0.11562500
24 0.94531250 0.09765625 0.03750000 0.11562500
15 0.10703125 0.27734375 0.03750000 0.11875000
14 0.14609375 0.27265625 0.03750000 0.12187500
19 0.22734375 0.26250000 0.03750000 0.11875000
19 0.40156250 0.25703125 0.03437500 0.12343750
12 0.48828125 0.25781250 0.03437500 0.12500000
4 0.52812500 0.25937500 0.03437500 0.11718750
6 0.27187500 0.41875000 0.03281250 0.12812500
8 0.31718750 0.42187500 0.03281250 0.11875000
12 0.35859375 0.41718750 0.03437500 0.12187500
12 0.40546875 0.41796875 0.03437500 0.11250000
4 0.44609375 0.42187500 0.03437500 0.12656250
0 0.53125000 0.41718750 0.03750000 0.13906250
7 0.61875000 0.41250000 0.03593750 0.13437500
14 0.66171875 0.41250000 0.03593750 0.13437500
19 0.70859375 0.41250000 0.04062500 0.13437500
3 0.79296875 0.41718750 0.03750000 0.13281250
14 0.83437500 0.41250000 0.03750000 0.12343750
6 0.87656250 0.41562500 0.03750000 0.13125000
19 0.14062500 0.58203125 0.03750000 0.12812500
17 0.18281250 0.58671875 0.03750000 0.12656250
8 0.22578125 0.58828125 0.03437500 0.12968750
1 0.26875000 0.58203125 0.03750000 0.13593750
20 0.31171875 0.57421875 0.03281250 0.12968750
19 0.35781250 0.57890625 0.03750000 0.13281250
14 0.39921875 0.57968750 0.03906250 0.14062500
17 0.44609375 0.57031250 0.03906250 0.12812500
18 0.48750000 0.57265625 0.03750000 0.13281250
1 0.22109375 0.74687500 0.03906250 0.12500000
8 0.35781250 0.74375000 0.03437500 0.13593750
3 0.44453125 0.73906250 0.03593750 0.14375000
8 0.48828125 0.74375000 0.03750000 0.14218750
3 0.53515625 0.73906250 0.03750000 0.13281250
13 0.57734375 0.73984375 0.03593750 0.13437500
19 0.66875000 0.74140625 0.03437500 0.13593750
6 0.75703125 0.73593750 0.03750000 0.13750000
4 0.80312500 0.73437500 0.03750000 0.13437500
19 0.84765625 0.73828125 0.03593750 0.14218750
3 0.12812500 0.91640625 0.03437500 0.13125000
14 0.26171875 0.92500000 0.03750000 0.12656250
12 0.35468750 0.91171875 0.03593750 0.14375000
11 0.44218750 0.90937500 0.03593750 0.14062500
0 0.48906250 0.91328125 0.03593750 0.12500000
15 0.53671875 0.90781250 0.03906250 0.13593750
