12 0.25341800 0.14389500 0.01855500 0.02034900
14 0.32421900 0.14098800 0.01953100 0.02034900
13 0.34716800 0.13953500 0.01855500 0.02034900
14 0.37207000 0.13844500 0.01953100 0.02107600
10 0.39599600 0.13771800 0.01855500 0.02107600
19 0.18310500 0.17732600 0.01855500 0.02034900
7 0.27587900 0.17223800 0.01855500 0.02034900
14 0.29931600 0.17151200 0.01855500 0.02034900
17 0.32275400 0.17078500 0.01855500 0.02034900
4 0.34668000 0.16969500 0.01757800 0.02107600
10 0.37158200 0.16896800 0.01855500 0.02107600
19 0.18212900 0.20494200 0.01855500 0.02034900
7 0.25195300 0.20203500 0.01757800 0.02034900
8 0.27490200 0.20167200 0.01855500 0.02107600
19 0.29834000 0.20094500 0.01855500 0.02107600
4 0.32226600 0.20021800 0.01757800 0.02107600
17 0.34619100 0.19949100 0.01855500 0.02107600
0 0.18017600 0.23292200 0.01855500 0.02107600
20 0.27392600 0.23110500 0.01855500 0.02034900
12 0.29785200 0.23074100 0.01757800 0.02107600
4 0.32177700 0.23037800 0.01855500 0.02034900
13 0.34521500 0.23001500 0.01855500 0.02107600
10 0.17822300 0.26271800 0.01855500 0.02107600
19 0.20117200 0.26271800 0.01757800 0.02107600
14 0.22509800 0.26235500 0.01855500 0.02034900
20 0.27246100 0.26162800 0.01757800 0.02034900
12 0.29638700 0.26126500 0.01855500 0.02107600
4 0.32128900 0.26053800 0.01757800 0.02107600
13 0.34521500 0.25981100 0.01855500 0.02107600
19 0.17675800 0.29251500 0.01757800 0.02107600
14 0.20019500 0.29251500 0.01757800 0.02107600
19 0.22363300 0.29215100 0.01757800 0.02034900
22 0.27197300 0.29178800 0.01855500 0.02107600
4 0.34472700 0.29106100 0.01757800 0.02107600
11 0.36865200 0.29033400 0.01855500 0.02107600
22 0.41845700 0.29033400 0.01855500 0.02107600
14 0.44287100 0.28924400 0.01855500 0.02180200
13 0.46728500 0.28924400 0.01855500 0.02180200
18 0.15283200 0.32376500 0.01855500 0.02107600
19 0.17627000 0.32303800 0.01855500 0.02107600
14 0.19970700 0.32267400 0.01855500 0.02034900
10 0.32031200 0.32158400 0.01953100 0.02107600
17 0.34423800 0.32158400 0.01855500 0.02107600
8 0.36865200 0.32085800 0.01855500 0.02107600
16 0.39306600 0.32085800 0.01855500 0.02107600
8 0.41796900 0.32122100 0.01953100 0.02180200
19 0.44238300 0.32049400 0.01953100 0.02180200
7 0.49267600 0.31976700 0.01855500 0.02180200
14 0.51709000 0.31976700 0.01855500 0.02180200
17 0.54199200 0.31940400 0.01953100 0.02107600
4 0.56689500 0.31831400 0.01855500 0.02180200
10 0.59228500 0.31867700 0.02050800 0.02252900
12 0.64502000 0.31722400 0.02050800 0.02252900
14 0.72363300 0.31540700 0.02148400 0.02325600
13 0.75000000 0.31504400 0.02148400 0.02252900
10 0.77734400 0.31468000 0.02148400 0.02325600
20 0.80419900 0.31431700 0.02050800 0.02252900
8 0.12890600 0.35210800 0.01757800 0.02107600
1 0.17529300 0.35210800 0.01855500 0.02107600
4 0.19873000 0.35210800 0.01855500 0.02107600
9 0.22216800 0.35210800 0.01855500 0.02107600
8 0.24658200 0.35210800 0.01855500 0.02107600
19 0.27002000 0.35174400 0.01855500 0.02180200
25 0.31884800 0.35174400 0.01855500 0.02180200
0 0.34326200 0.35174400 0.01855500 0.02180200
13 0.39306600 0.35174400 0.01855500 0.02180200
8 0.41748000 0.35174400 0.01855500 0.02180200
12 0.44238300 0.35174400 0.01953100 0.02180200
22 0.49169900 0.35101700 0.01855500 0.02180200
3 0.51660200 0.35101700 0.01953100 0.02180200
14 0.54199200 0.35065400 0.01953100 0.02107600
6 0.56738300 0.35029100 0.01953100 0.02180200
14 0.59277300 0.34956400 0.01953100 0.02180200
13 0.61816400 0.34920100 0.01953100 0.02252900
10 0.64453100 0.34883700 0.01953100 0.02180200
20 0.67089800 0.34811000 0.01953100 0.02180200
0 0.12793000 0.38263100 0.01757800 0.02107600
12 0.17382800 0.38263100 0.01757800 0.02107600
14 0.24560500 0.38263100 0.01855500 0.02107600
13 0.26904300 0.38263100 0.01855500 0.02107600
14 0.29345700 0.38263100 0.01855500 0.02107600
10 0.31787100 0.38263100 0.01855500 0.02107600
15 0.39209000 0.38226700 0.01855500 0.02180200
17 0.41650400 0.38226700 0.01855500 0.02180200
12 0.46630900 0.38226700 0.01855500 0.02180200
14 0.49072300 0.38190400 0.01855500 0.02107600
22 0.54101600 0.38154100 0.01953100 0.02180200
11 0.59228500 0.38117700 0.01855500 0.02107600
4 0.61816400 0.38081400 0.01953100 0.02180200
18 0.64453100 0.38045100 0.01953100 0.02252900
8 0.12646500 0.41242700 0.01855500 0.02107600
15 0.17236300 0.41279100 0.01855500 0.02180200
14 0.19628900 0.41279100 0.01757800 0.02180200
3 0.22021500 0.41279100 0.01855500 0.02180200
18 0.26904300 0.41315400 0.01855500 0.02107600
19 0.29345700 0.41315400 0.01855500 0.02107600
0 0.31787100 0.41315400 0.01855500 0.02107600
17 0.34277300 0.41315400 0.01953100 0.02107600
15 0.44091800 0.41315400 0.01855500 0.02107600
4 0.46582000 0.41279100 0.01953100 0.02180200
13 0.49023400 0.41279100 0.01953100 0.02180200
25 0.56640600 0.41242700 0.01953100 0.02107600
0 0.59228500 0.41206400 0.01855500 0.02180200
11 0.61718800 0.41242700 0.01953100 0.02107600
4 0.64355500 0.41206400 0.01953100 0.02180200
25 0.66943400 0.41206400 0.02050800 0.02180200
18 0.17187500 0.44295100 0.01757800 0.02107600
19 0.19482400 0.44295100 0.01855500 0.02107600
0 0.21923800 0.44295100 0.01855500 0.02107600
11 0.24365200 0.44295100 0.01855500 0.02107600
8 0.26806600 0.44295100 0.01855500 0.02107600
25 0.31689500 0.44295100 0.01855500 0.02107600
22 0.34130900 0.44367700 0.01855500 0.02107600
0 0.36669900 0.44367700 0.01855500 0.02107600
19 0.39111300 0.44367700 0.01855500 0.02107600
12 0.46533200 0.44367700 0.01855500 0.02107600
14 0.54101600 0.44404100 0.01953100 0.02180200
13 0.56543000 0.44331400 0.01953100 0.02180200
10 0.59130900 0.44404100 0.02050800 0.02180200
0 0.61767600 0.44404100 0.02050800 0.02180200
1 0.66943400 0.44367700 0.02050800 0.02107600
4 0.69580100 0.44367700 0.02050800 0.02107600
11 0.72216800 0.44367700 0.02050800 0.02107600
10 0.74902300 0.44367700 0.01953100 0.02107600
8 0.77636700 0.44367700 0.01953100 0.02107600
22 0.19482400 0.47274700 0.01855500 0.02107600
7 0.24267600 0.47347400 0.01855500 0.02107600
14 0.26709000 0.47347400 0.01855500 0.02107600
3 0.29150400 0.47347400 0.01855500 0.02107600
8 0.31591800 0.47383700 0.01855500 0.02034900
8 0.36572300 0.47420100 0.01855500 0.02107600
6 0.39013700 0.47420100 0.01855500 0.02107600
17 0.41503900 0.47456400 0.01953100 0.02034900
0 0.43896500 0.47492700 0.01855500 0.02107600
19 0.46484400 0.47492700 0.01953100 0.02107600
22 0.54003900 0.47492700 0.01953100 0.02252900
6 0.59082000 0.47529100 0.01953100 0.02180200
14 0.61669900 0.47529100 0.02050800 0.02180200
17 0.64257800 0.47529100 0.01953100 0.02180200
4 0.66845700 0.47529100 0.02050800 0.02180200
11 0.69531200 0.47565400 0.01953100 0.02252900
10 0.72216800 0.47565400 0.02050800 0.02252900
8 0.74853500 0.47565400 0.02050800 0.02252900
20 0.19384800 0.50327000 0.01855500 0.02107600
12 0.24169900 0.50363400 0.01855500 0.02034900
4 0.26709000 0.50399700 0.01855500 0.02107600
13 0.29101600 0.50399700 0.01757800 0.02107600
14 0.41455100 0.50545100 0.01855500 0.02107600
13 0.43896500 0.50545100 0.01855500 0.02107600
6 0.48877000 0.50581400 0.01855500 0.02180200
14 0.51416000 0.50617700 0.01855500 0.02107600
22 0.53906200 0.50654100 0.01953100 0.02180200
14 0.56445300 0.50654100 0.01953100 0.02180200
17 0.59082000 0.50726700 0.01953100 0.02180200
8 0.61621100 0.50726700 0.01953100 0.02180200
19 0.64257800 0.50726700 0.01953100 0.02180200
1 0.19287100 0.53343000 0.01855500 0.02180200
4 0.21630900 0.53343000 0.01855500 0.02180200
25 0.24072300 0.53343000 0.01855500 0.02180200
8 0.28955100 0.53488400 0.01855500 0.02180200
6 0.31396500 0.53488400 0.01855500 0.02180200
17 0.33886700 0.53561000 0.01953100 0.02180200
18 0.41357400 0.53633700 0.01855500 0.02180200
15 0.43896500 0.53706400 0.01855500 0.02180200
8 0.46386700 0.53670100 0.01953100 0.02252900
13 0.48828100 0.53706400 0.01953100 0.02180200
0 0.51367200 0.53742700 0.01953100 0.02252900
6 0.56494100 0.53815400 0.01855500 0.02252900
14 0.58984400 0.53851700 0.01953100 0.02180200
17 0.61572300 0.53888100 0.01855500 0.02252900
8 0.64160200 0.53888100 0.01953100 0.02252900
19 0.66796900 0.53888100 0.01953100 0.02252900
22 0.11962900 0.56359000 0.01855500 0.02107600
19 0.19140600 0.56468000 0.01757800 0.02180200
14 0.21533200 0.56504400 0.01855500 0.02107600
22 0.26513700 0.56577000 0.01855500 0.02107600
17 0.28857400 0.56613400 0.01855500 0.02180200
4 0.31396500 0.56613400 0.01855500 0.02180200
12 0.33837900 0.56577000 0.01855500 0.02252900
15 0.41308600 0.56686000 0.01953100 0.02180200
14 0.43750000 0.56758700 0.01953100 0.02180200
3 0.48779300 0.56831400 0.01855500 0.02180200
14 0.51269500 0.56904100 0.01953100 0.02180200
17 0.53808600 0.56940400 0.01953100 0.02252900
14 0.56347700 0.56976700 0.01953100 0.02180200
9 0.58984400 0.57013100 0.01953100 0.02252900
10 0.61523400 0.57049400 0.01953100 0.02180200
4 0.64111300 0.57122100 0.02050800 0.02180200
4 0.14209000 0.59447700 0.01855500 0.02180200
11 0.16650400 0.59484000 0.01855500 0.02107600
25 0.21484400 0.59593000 0.01953100 0.02180200
22 0.23925800 0.59629400 0.01953100 0.02107600
4 0.26416000 0.59629400 0.01855500 0.02107600
17 0.28808600 0.59665700 0.01953100 0.02180200
4 0.31250000 0.59702000 0.01953100 0.02107600
10 0.33740200 0.59738400 0.01855500 0.02180200
18 0.38671900 0.59811000 0.01953100 0.02180200
19 0.41210900 0.59883700 0.01953100 0.02180200
17 0.43750000 0.59883700 0.01953100 0.02180200
0 0.46191400 0.59920100 0.01953100 0.02252900
13 0.51269500 0.60029100 0.01953100 0.02180200
4 0.53808600 0.60101700 0.01953100 0.02180200
4 0.56347700 0.60138100 0.01953100 0.02252900
10 0.61621100 0.60247100 0.01953100 0.02180200
14 0.64160200 0.60319800 0.01953100 0.02180200
10 0.69433600 0.60428800 0.01953100 0.02252900
8 0.72070300 0.60465100 0.01953100 0.02180200
1 0.11767600 0.62427300 0.01855500 0.02180200
11 0.16552700 0.62572700 0.01855500 0.02180200
13 0.21386700 0.62645300 0.01953100 0.02180200
0 0.23877000 0.62718000 0.01855500 0.02180200
23 0.28710900 0.62790700 0.01953100 0.02180200
4 0.31201200 0.62863400 0.01855500 0.02180200
19 0.33642600 0.62899700 0.01855500 0.02252900
10 0.36132800 0.62936000 0.01953100 0.02180200
20 0.38623000 0.63008700 0.01855500 0.02180200
14 0.43652300 0.63045100 0.01953100 0.02252900
13 0.46093800 0.63117700 0.01953100 0.02252900
15 0.51269500 0.63263100 0.01953100 0.02252900
14 0.53759800 0.63263100 0.02050800 0.02252900
7 0.56298800 0.63335800 0.02050800 0.02252900
14 0.58886700 0.63408400 0.01953100 0.02252900
9 0.61523400 0.63481100 0.01953100 0.02252900
19 0.14013700 0.65625000 0.01855500 0.02180200
14 0.16357400 0.65661300 0.01855500 0.02107600
1 0.21289100 0.65770300 0.01953100 0.02180200
11 0.26123000 0.65879400 0.01855500 0.02252900
10 0.31054700 0.65988400 0.01953100 0.02180200
14 0.33496100 0.66024700 0.01953100 0.02252900
13 0.35937500 0.66061000 0.01953100 0.02180200
4 0.38476600 0.66133700 0.01953100 0.02180200
16 0.41015600 0.66206400 0.01953100 0.02180200
13 0.43554700 0.66279100 0.01953100 0.02180200
14 0.46044900 0.66315400 0.02050800 0.02252900
4 0.51123000 0.66460800 0.02050800 0.02252900
9 0.53662100 0.66533400 0.02050800 0.02252900
0 0.16259800 0.68822700 0.01855500 0.02180200
13 0.21093800 0.68895300 0.01953100 0.02180200
0 0.23486300 0.68968000 0.01855500 0.02180200
22 0.25976600 0.69040700 0.01953100 0.02180200
18 0.28466800 0.69077000 0.01855500 0.02252900
19 0.30908200 0.69149700 0.01855500 0.02252900
17 0.33398400 0.69222400 0.01953100 0.02252900
4 0.35937500 0.69295100 0.01953100 0.02252900
16 0.38427700 0.69367700 0.02050800 0.02252900
20 0.40918000 0.69440400 0.01953100 0.02252900
11 0.48535200 0.69622100 0.01953100 0.02325600
0 0.51074200 0.69694800 0.01953100 0.02325600
4 0.56201200 0.69840100 0.02050800 0.02325600
9 0.58837900 0.69949100 0.02050800 0.02252900
8 0.61474600 0.70021800 0.02050800 0.02252900
7 0.64111300 0.70094500 0.02050800 0.02252900
0 0.66650400 0.70167200 0.02050800 0.02252900
22 0.16113300 0.71947700 0.01953100 0.02180200
18 0.18554700 0.71947700 0.01953100 0.02180200
22 0.25878900 0.72093000 0.01953100 0.02180200
8 0.30859400 0.72238400 0.01953100 0.02180200
6 0.33300800 0.72383700 0.01953100 0.02180200
14 0.35839800 0.72456400 0.01953100 0.02180200
11 0.38281200 0.72529100 0.01953100 0.02180200
10 0.40820300 0.72601700 0.01953100 0.02180200
0 0.43310500 0.72674400 0.01855500 0.02180200
7 0.45849600 0.72783400 0.02050800 0.02252900
10 0.51025400 0.72928800 0.02050800 0.02252900
0 0.53564500 0.73037800 0.02050800 0.02325600
10 0.56201200 0.73110500 0.02050800 0.02325600
15 0.61425800 0.73292200 0.02148400 0.02252900
14 0.64013700 0.73401200 0.02050800 0.02325600
17 0.66699200 0.73510200 0.02148400 0.02252900
19 0.69384800 0.73582800 0.02050800 0.02252900
13 0.72119100 0.73582800 0.02050800 0.02252900
8 0.74902300 0.73619200 0.02148400 0.02325600
7 0.77636700 0.73837200 0.02148400 0.02325600
0 0.80273400 0.73909900 0.02148400 0.02325600
25 0.11132800 0.74891000 0.01953100 0.02252900
0 0.13476600 0.74963700 0.01953100 0.02252900
10 0.15918000 0.75036300 0.01953100 0.02252900
17 0.18359400 0.75109000 0.01953100 0.02252900
8 0.20849600 0.75181700 0.01855500 0.02252900
16 0.23339800 0.75254400 0.01953100 0.02252900
0 0.25781200 0.75327000 0.01953100 0.02252900
11 0.28222700 0.75399700 0.01953100 0.02252900
12 0.33203100 0.75508700 0.01953100 0.02325600
14 0.40722700 0.75763100 0.01953100 0.02252900
13 0.43261700 0.75872100 0.01953100 0.02325600
10 0.45752000 0.75981100 0.02050800 0.02252900
20 0.48339800 0.76053800 0.01953100 0.02252900
4 0.53564500 0.76235500 0.02050800 0.02325600
9 0.56152300 0.76344500 0.01953100 0.02252900
14 0.13330100 0.78161300 0.01855500 0.02252900
19 0.15771500 0.78234000 0.01855500 0.02252900
4 0.20703100 0.78379400 0.01953100 0.02252900
9 0.23144500 0.78452000 0.01953100 0.02252900
4 0.25634800 0.78524700 0.01855500 0.02252900
19 0.33056600 0.78815400 0.02050800 0.02252900
13 0.40673800 0.79069800 0.02050800 0.02325600
4 0.43164100 0.79142400 0.01953100 0.02325600
20 0.48291000 0.79287800 0.02050800 0.02325600
3 0.53466800 0.79542200 0.02050800 0.02252900
4 0.56103500 0.79614800 0.02050800 0.02252900
22 0.10742200 0.81213700 0.01953100 0.02252900
14 0.13134800 0.81286300 0.02050800 0.02252900
19 0.15625000 0.81431700 0.01953100 0.02252900
8 0.20507800 0.81577000 0.01953100 0.02252900
3 0.22998000 0.81649700 0.02050800 0.02252900
4 0.25488300 0.81722400 0.01953100 0.02252900
19 0.27978500 0.81795100 0.02050800 0.02252900
12 0.33007800 0.82013100 0.01953100 0.02252900
14 0.35498000 0.82085800 0.02050800 0.02252900
7 0.43115200 0.82412800 0.02050800 0.02325600
14 0.45605500 0.82485500 0.01953100 0.02325600
25 0.48193400 0.82630800 0.02050800 0.02325600
10 0.56005900 0.82921500 0.02050800 0.02325600
0 0.58642600 0.83066900 0.02050800 0.02325600
18 0.10595700 0.84484000 0.02050800 0.02252900
13 0.15478500 0.84629400 0.02050800 0.02252900
4 0.17871100 0.84702000 0.01953100 0.02252900
22 0.25341800 0.84883700 0.02050800 0.02325600
15 0.30322300 0.85138100 0.02050800 0.02252900
19 0.35400400 0.85392400 0.02050800 0.02325600
13 0.37939500 0.85465100 0.02050800 0.02325600
0 0.40380900 0.85610500 0.02050800 0.02325600
10 0.45556600 0.85755800 0.02050800 0.02325600
8 0.48095700 0.85901200 0.02050800 0.02325600
15 0.53369100 0.86119200 0.02050800 0.02325600
14 0.56005900 0.86191900 0.02050800 0.02325600
8 0.58496100 0.86373500 0.02148400 0.02398300
6 0.61230500 0.86518900 0.02148400 0.02398300
17 0.63916000 0.86627900 0.02246100 0.02325600
0 0.66650400 0.86736900 0.02246100 0.02398300
10 0.74658200 0.87173000 0.02246100 0.02398300
0 0.77246100 0.87245600 0.02148400 0.02398300
