7 0.11875000 0.06944444 0.03125000 0.11458333
5 0.20312500 0.06944444 0.03281250 0.11805556
3 0.24218750 0.22569444 0.03593750 0.12847222
8 0.28593750 0.22916667 0.03750000 0.13541667
18 0.32968750 0.22916667 0.03750000 0.13194444
10 0.37343750 0.23263889 0.03593750 0.13888889
14 0.42187500 0.23263889 0.03906250 0.14236111
18 0.50781250 0.23263889 0.04062500 0.12847222
3 0.55000000 0.22916667 0.03437500 0.13194444
13 0.63750000 0.22916667 0.03750000 0.13541667
14 0.68125000 0.23611111 0.02968750 0.12847222
19 0.85937500 0.22916667 0.03906250 0.13194444
8 0.90468750 0.22916667 0.03437500 0.13541667
11 0.95000000 0.22916667 0.03593750 0.13888889
19 0.19218750 0.38541667 0.03750000 0.13888889
18 0.10781250 0.39236111 0.03750000 0.14583333
3 0.32812500 0.38194444 0.03750000 0.12500000
0 0.37187500 0.39236111 0.03750000 0.13888889
13 0.41718750 0.38541667 0.03750000 0.13541667
12 0.64218750 0.38888889 0.03437500 0.13194444
0 0.68437500 0.38888889 0.03437500 0.12847222
13 0.73125000 0.38888889 0.03593750 0.12500000
20 0.77812500 0.38541667 0.03750000 0.12500000
4 0.82031250 0.38888889 0.03750000 0.12847222
11 0.86562500 0.38541667 0.03750000 0.13541667
7 0.23281250 0.55208333 0.03750000 0.13541667
18 0.32500000 0.55555556 0.04062500 0.13888889
2 0.41718750 0.55208333 0.03750000 0.13194444
0 0.45937500 0.54861111 0.03437500 0.14236111
0 0.68750000 0.54166667 0.03125000 0.13194444
13 0.73281250 0.55555556 0.04062500 0.14236111
13 0.77968750 0.55902778 0.03906250 0.13541667
13 0.87187500 0.55902778 0.04062500 0.13888889
2 0.91875000 0.56250000 0.03906250 0.13541667
1 0.22968750 0.72222222 0.03750000 0.12500000
17 0.27500000 0.72569444 0.03906250 0.12847222
14 0.32187500 0.72916667 0.03281250 0.13194444
0 0.36718750 0.72569444 0.03593750 0.12847222
3 0.41562500 0.72569444 0.03750000 0.13541667
0 0.50625000 0.72222222 0.03906250 0.13194444
23 0.55156250 0.72569444 0.03906250 0.12847222
4 0.59843750 0.72916667 0.04218750 0.14236111
3 0.78593750 0.72569444 0.03593750 0.12500000
0 0.83281250 0.72222222 0.03437500 0.12847222
13 0.87968750 0.72916667 0.03437500 0.13194444
13 0.97031250 0.72916667 0.03750000 0.13541667
17 0.09062500 0.89930556 0.03750000 0.13888889
4 0.13437500 0.89930556 0.03437500 0.13541667
12 0.17812500 0.90277778 0.04062500 0.14236111
10 0.27031250 0.90277778 0.04062500 0.14583333
18 0.31875000 0.90625000 0.04218750 0.14583333
3 0.55781250 0.89236111 0.03593750 0.13888889
14 0.60156250 0.89930556 0.03593750 0.14930556
17 0.64843750 0.90277778 0.03750000 0.13541667
24 0.69687500 0.90972222 0.04218750 0.16319444
5 0.79218750 0.90625000 0.04062500 0.14930556
