17 0.32519500 0.07328900 0.02929700 0.03348200
14 0.36084000 0.07217300 0.02832000 0.03273800
18 0.39697300 0.07068500 0.02832000 0.03273800
18 0.43212900 0.06956800 0.02832000 0.03199400
8 0.47021500 0.06808000 0.02832000 0.03199400
18 0.54296900 0.06547600 0.02734400 0.03273800
10 0.57959000 0.06436000 0.02832000 0.03348200
0 0.61523400 0.06324400 0.02734400 0.03273800
6 0.21630900 0.13281200 0.02832000 0.03348200
14 0.25244100 0.13132400 0.02832000 0.03348200
18 0.28857400 0.13058000 0.02832000 0.03348200
20 0.32470700 0.12946400 0.02832000 0.03422600
3 0.36084000 0.12834800 0.02832000 0.03348200
0 0.39697300 0.12760400 0.02832000 0.03348200
17 0.43310500 0.12537200 0.02832000 0.03348200
18 0.47021500 0.12425600 0.02832000 0.03422600
19 0.50732400 0.12314000 0.02832000 0.03348200
22 0.54443400 0.12165200 0.02832000 0.03348200
4 0.58056600 0.12090800 0.02832000 0.03348200
13 0.61669900 0.12128000 0.02832000 0.03422600
13 0.65380900 0.11867600 0.02832000 0.03348200
0 0.69140600 0.11756000 0.02734400 0.03422600
1 0.32470700 0.18564000 0.02832000 0.03497000
8 0.36084000 0.18452400 0.02832000 0.03422600
1 0.39697300 0.18303600 0.02832000 0.03422600
11 0.43310500 0.18192000 0.02832000 0.03497000
8 0.47021500 0.18080400 0.02832000 0.03422600
14 0.50732400 0.17968800 0.02832000 0.03497000
19 0.54443400 0.17857100 0.02832000 0.03422600
4 0.58154300 0.17745500 0.02832000 0.03497000
10 0.61914100 0.17671100 0.02734400 0.03497000
0 0.65625000 0.17596700 0.02734400 0.03497000
3 0.32470700 0.24144300 0.02832000 0.03348200
11 0.35986300 0.24069900 0.02832000 0.03348200
18 0.47119100 0.23735100 0.02832000 0.03422600
11 0.50830100 0.23660700 0.02832000 0.03422600
4 0.54541000 0.23549100 0.02832000 0.03348200
15 0.58252000 0.23437500 0.02832000 0.03422600
7 0.65722700 0.23214300 0.02929700 0.03422600
10 0.24755900 0.47953900 0.02832000 0.03497000
8 0.32275400 0.47730700 0.02832000 0.03497000
16 0.43310500 0.47581800 0.02832000 0.03497000
20 0.47119100 0.47507400 0.02832000 0.03497000
10 0.51025400 0.47433000 0.02832000 0.03497000
14 0.54736300 0.47358600 0.02832000 0.03497000
22 0.58544900 0.47321400 0.02832000 0.03422600
18 0.62353500 0.47247000 0.02832000 0.03422600
10 0.66162100 0.47172600 0.02832000 0.03422600
8 0.70068400 0.47098200 0.02832000 0.03422600
12 0.35742200 0.59747000 0.02929700 0.03422600
14 0.39648400 0.59672600 0.02929700 0.03422600
3 0.47216800 0.59635400 0.02832000 0.03497000
14 0.51025400 0.59561000 0.02832000 0.03497000
3 0.54931600 0.59561000 0.02832000 0.03497000
17 0.62548800 0.59486600 0.02832000 0.03497000
12 0.39453100 0.84709800 0.02929700 0.03645800
14 0.43310500 0.84747000 0.03027300 0.03720200
18 0.47168000 0.84747000 0.02929700 0.03720200
10 0.51123000 0.84747000 0.03027300 0.03720200
22 0.54931600 0.84747000 0.03027300 0.03720200
0 0.58984400 0.84709800 0.03125000 0.03794600
1 0.43408200 0.90997000 0.03027300 0.03720200
9 0.47216800 0.90997000 0.03027300 0.03720200
9 0.51171900 0.91034200 0.02929700 0.03794600
6 0.55078100 0.91034200 0.02929700 0.03794600
