19 0.49687500 0.26562500 0.05156250 0.15312500
19 0.57343750 0.59687500 0.05625000 0.13593750
13 0.62812500 0.59062500 0.04687500 0.13125000
13 0.92031250 0.72500000 0.04687500 0.13125000
13 0.83750000 0.40468750 0.04687500 0.13437500
14 0.71718750 0.24687500 0.05156250 0.13437500
14 0.73125000 0.42187500 0.05156250 0.13437500
14 0.86093750 0.72812500 0.05156250 0.13125000
11 0.74218750 0.58281250 0.05625000 0.13906250
20 0.63281250 0.76718750 0.05156250 0.12656250
0 0.58125000 0.76406250 0.05156250 0.12187500
15 0.55625000 0.26250000 0.05000000 0.13593750
18 0.66875000 0.24687500 0.05156250 0.14375000
8 0.83125000 0.24218750 0.05937500 0.15312500
17 0.67343750 0.42656250 0.05937500 0.14531250
9 0.51406250 0.59531250 0.05156250 0.13906250
6 0.68437500 0.58906250 0.05468750 0.13125000
4 0.79375000 0.57968750 0.04687500 0.13437500
4 0.69531250 0.76562500 0.04687500 0.13593750
7 0.51875000 0.77812500 0.05000000 0.13906250
12 0.80468750 0.74218750 0.04687500 0.12500000
10 0.97031250 0.71562500 0.04687500 0.13906250
1 0.97656250 0.88125000 0.04687500 0.13125000
14 0.58593750 0.92968750 0.05156250 0.13437500
2 0.52500000 0.94062500 0.05468750 0.11875000
19 0.64843750 0.93125000 0.05625000 0.13593750
16 0.70625000 0.92968750 0.05000000 0.13906250
17 0.75781250 0.92187500 0.04687500 0.15000000
4 0.81406250 0.90312500 0.04687500 0.13125000
25 0.87031250 0.90312500 0.04687500 0.12187500
