6 0.12109400 0.13008700 0.01953100 0.02180200
14 0.14453100 0.13045100 0.01953100 0.02252900
11 0.16894500 0.12863400 0.01953100 0.02180200
20 0.19433600 0.12645300 0.01953100 0.02180200
1 0.21875000 0.12463700 0.01953100 0.02252900
14 0.24316400 0.12282000 0.01953100 0.02180200
4 0.26806600 0.12064000 0.02050800 0.02180200
6 0.12304700 0.16242700 0.01953100 0.02252900
14 0.14550800 0.16170100 0.01953100 0.02252900
11 0.17089800 0.15988400 0.01953100 0.02180200
20 0.19433600 0.15843000 0.01953100 0.02180200
1 0.21972700 0.15625000 0.01953100 0.02180200
14 0.24414100 0.15479700 0.01953100 0.02180200
4 0.26855500 0.15261600 0.01953100 0.02180200
6 0.12255900 0.19404100 0.01855500 0.02180200
14 0.14648400 0.19258700 0.01953100 0.02180200
11 0.16992200 0.19113400 0.01953100 0.02180200
20 0.19531200 0.18968000 0.01953100 0.02180200
1 0.21972700 0.18786300 0.01953100 0.02252900
14 0.24414100 0.18641000 0.01953100 0.02252900
4 0.26953100 0.18459300 0.01953100 0.02180200
22 0.12255900 0.22529100 0.01855500 0.02180200
19 0.19482400 0.22129400 0.02050800 0.02252900
14 0.21972700 0.21984000 0.01953100 0.02252900
19 0.24414100 0.21838700 0.01953100 0.02252900
3 0.29541000 0.21548000 0.02050800 0.02252900
4 0.32031200 0.21402600 0.01953100 0.02252900
13 0.34619100 0.21257300 0.02050800 0.02252900
1 0.12207000 0.25654100 0.01953100 0.02180200
11 0.17041000 0.25436000 0.01855500 0.02180200
14 0.19482400 0.25290700 0.01855500 0.02180200
13 0.24462900 0.25036300 0.01855500 0.02252900
4 0.26953100 0.24891000 0.01953100 0.02252900
1 0.29492200 0.24745600 0.01953100 0.02252900
14 0.32128900 0.24673000 0.01953100 0.02252900
13 0.37304700 0.24382300 0.01953100 0.02252900
0 0.39843800 0.24273300 0.02148400 0.02325600
3 0.42529300 0.24091600 0.02050800 0.02252900
12 0.47900400 0.23764500 0.02050800 0.02325600
14 0.50537100 0.23655500 0.02246100 0.02398300
18 0.53271500 0.23510200 0.02246100 0.02398300
10 0.56103500 0.23364800 0.02246100 0.02398300
22 0.58740200 0.23219500 0.02246100 0.02398300
14 0.61572300 0.23074100 0.02246100 0.02398300
8 0.12207000 0.28815400 0.01953100 0.02252900
22 0.17041000 0.28597400 0.02050800 0.02252900
18 0.21972700 0.28379400 0.01953100 0.02252900
0 0.24511700 0.28234000 0.01953100 0.02252900
3 0.27002000 0.28161300 0.02050800 0.02252900
0 0.29541000 0.28016000 0.02050800 0.02252900
7 0.32177700 0.27870600 0.02050800 0.02252900
2 0.37353500 0.27652600 0.02050800 0.02252900
22 0.39990200 0.27507300 0.02050800 0.02252900
4 0.42578100 0.27507300 0.02148400 0.02398300
11 0.45312500 0.27325600 0.02148400 0.02325600
0 0.47949200 0.27216600 0.02148400 0.02398300
18 0.53418000 0.26889500 0.02148400 0.02325600
8 0.56103500 0.26744200 0.02050800 0.02325600
17 0.58984400 0.26598800 0.02148400 0.02325600
4 0.61718800 0.26453500 0.02148400 0.02325600
13 0.64502000 0.26344500 0.02246100 0.02398300
12 0.16992200 0.31795100 0.01953100 0.02252900
15 0.24511700 0.31504400 0.01953100 0.02252900
17 0.27050800 0.31359000 0.01953100 0.02252900
14 0.29589800 0.31359000 0.01953100 0.02252900
11 0.34863300 0.31141000 0.01953100 0.02252900
8 0.37451200 0.31032000 0.02050800 0.02325600
18 0.40039100 0.30923000 0.01953100 0.02252900
15 0.17089800 0.34992700 0.01953100 0.02252900
14 0.19531200 0.34920100 0.01953100 0.02252900
25 0.24609400 0.34774700 0.01953100 0.02252900
14 0.27148400 0.34702000 0.01953100 0.02252900
14 0.29687500 0.34629400 0.01953100 0.02252900
15 0.32226600 0.34520300 0.01953100 0.02325600
0 0.34863300 0.34411300 0.01953100 0.02252900
17 0.37402300 0.34338700 0.01953100 0.02252900
10 0.40136700 0.34229700 0.01953100 0.02325600
20 0.42724600 0.34157000 0.02050800 0.02325600
19 0.17041000 0.38154100 0.01855500 0.02325600
0 0.19580100 0.38117700 0.01855500 0.02252900
12 0.22070300 0.38081400 0.01953100 0.02325600
10 0.27148400 0.37936000 0.01953100 0.02325600
14 0.29785200 0.37827000 0.01953100 0.02252900
17 0.32275400 0.37790700 0.02050800 0.02325600
12 0.34912100 0.37718000 0.02050800 0.02325600
8 0.37548800 0.37609000 0.02050800 0.02252900
11 0.40136700 0.37572700 0.02148400 0.02325600
8 0.42773400 0.37463700 0.02148400 0.02398300
18 0.48095700 0.37282000 0.02050800 0.02325600
19 0.50781200 0.37209300 0.02148400 0.02325600
14 0.53564500 0.37136600 0.02050800 0.02325600
17 0.56250000 0.36991300 0.02148400 0.02325600
14 0.59082000 0.36882300 0.02148400 0.02398300
9 0.61865200 0.36809600 0.02246100 0.02398300
0 0.67578100 0.36555200 0.02343800 0.02470900
10 0.17138700 0.41388100 0.01855500 0.02252900
17 0.19531200 0.41315400 0.01953100 0.02252900
14 0.22119100 0.41315400 0.01855500 0.02252900
10 0.24658200 0.41242700 0.01855500 0.02252900
14 0.27197300 0.41206400 0.01855500 0.02180200
3 0.29736300 0.41170100 0.01855500 0.02252900
8 0.32324200 0.41097400 0.01953100 0.02252900
11 0.34960900 0.41024700 0.01953100 0.02252900
0 0.37597700 0.40952000 0.01953100 0.02252900
8 0.17138700 0.44622100 0.01855500 0.02180200
2 0.22168000 0.44513100 0.01953100 0.02252900
4 0.24707000 0.44513100 0.01953100 0.02252900
18 0.27246100 0.44440400 0.01953100 0.02252900
0 0.29785200 0.44404100 0.01953100 0.02325600
17 0.32324200 0.44367700 0.01953100 0.02252900
10 0.34960900 0.44295100 0.01953100 0.02252900
20 0.37548800 0.44222400 0.01855500 0.02252900
0 0.17187500 0.47928800 0.01953100 0.02252900
13 0.19628900 0.47856100 0.01953100 0.02252900
19 0.22168000 0.47783400 0.01953100 0.02252900
8 0.24707000 0.47747100 0.01953100 0.02180200
11 0.27246100 0.47710800 0.01953100 0.02252900
14 0.29785200 0.47674400 0.01953100 0.02325600
15 0.32421900 0.47638100 0.01953100 0.02252900
20 0.34960900 0.47565400 0.01953100 0.02252900
8 0.17187500 0.51126500 0.01953100 0.02252900
12 0.22168000 0.51053800 0.01953100 0.02252900
14 0.24707000 0.51053800 0.01953100 0.02252900
17 0.27343800 0.50981100 0.01953100 0.02252900
9 0.29882800 0.50944800 0.01953100 0.02325600
0 0.32421900 0.50908400 0.01953100 0.02252900
18 0.12353500 0.54396800 0.01855500 0.02252900
19 0.14746100 0.54396800 0.01953100 0.02252900
14 0.17236300 0.54360500 0.01855500 0.02180200
17 0.19677700 0.54324100 0.01855500 0.02252900
14 0.22216800 0.54324100 0.01855500 0.02252900
9 0.24804700 0.54324100 0.01953100 0.02252900
0 0.29882800 0.54251500 0.01953100 0.02252900
3 0.12353500 0.57594500 0.01855500 0.02252900
0 0.14697300 0.57594500 0.01855500 0.02252900
22 0.17236300 0.57594500 0.01855500 0.02252900
0 0.19775400 0.57594500 0.01855500 0.02252900
11 0.22216800 0.57594500 0.01855500 0.02252900
8 0.24755900 0.57558100 0.02050800 0.02325600
18 0.29931600 0.57558100 0.02050800 0.02325600
22 0.32470700 0.57558100 0.02050800 0.02325600
4 0.35107400 0.57558100 0.02050800 0.02325600
10 0.37744100 0.57558100 0.02050800 0.02325600
11 0.40380900 0.57558100 0.02050800 0.02325600
20 0.43115200 0.57485500 0.02050800 0.02325600
3 0.12451200 0.60792200 0.01855500 0.02252900
22 0.14794900 0.60792200 0.01855500 0.02252900
20 0.17334000 0.60864800 0.01855500 0.02252900
12 0.19775400 0.60864800 0.01855500 0.02252900
25 0.12548800 0.64062500 0.01855500 0.02252900
0 0.14892600 0.64062500 0.01855500 0.02252900
3 0.17382800 0.64098800 0.01953100 0.02325600
20 0.19873000 0.64135200 0.01855500 0.02252900
12 0.22314500 0.64171500 0.01855500 0.02325600
16 0.24853500 0.64171500 0.01855500 0.02325600
8 0.27392600 0.64207800 0.01855500 0.02252900
22 0.29980500 0.64244200 0.01953100 0.02325600
12 0.35156200 0.64244200 0.01953100 0.02325600
18 0.12548800 0.67260200 0.01855500 0.02252900
11 0.14990200 0.67332800 0.01855500 0.02252900
14 0.17334000 0.67332800 0.01855500 0.02252900
13 0.19824200 0.67405500 0.01953100 0.02252900
0 0.22314500 0.67441900 0.01855500 0.02325600
12 0.24902300 0.67478200 0.01953100 0.02252900
0 0.12500000 0.70639500 0.01953100 0.02325600
22 0.17382800 0.70784900 0.01953100 0.02325600
1 0.22363300 0.70857600 0.01953100 0.02325600
0 0.24902300 0.70857600 0.01953100 0.02325600
18 0.27441400 0.70930200 0.01953100 0.02325600
18 0.29980500 0.71002900 0.01953100 0.02325600
4 0.32519500 0.71039200 0.01953100 0.02398300
13 0.37793000 0.71148300 0.01953100 0.02325600
4 0.40478500 0.71184600 0.02050800 0.02398300
16 0.12500000 0.73800900 0.01953100 0.02252900
19 0.14892600 0.73909900 0.01855500 0.02325600
14 0.17382800 0.73982600 0.01953100 0.02325600
19 0.22363300 0.74164200 0.01953100 0.02252900
14 0.24902300 0.74200600 0.01953100 0.02325600
12 0.29980500 0.74345900 0.01953100 0.02325600
14 0.32617200 0.74418600 0.01953100 0.02325600
10 0.35205100 0.74491300 0.02050800 0.02325600
11 0.37841800 0.74564000 0.02050800 0.02325600
14 0.40527300 0.74636600 0.01953100 0.02325600
19 0.14941400 0.77143900 0.01953100 0.02252900
14 0.17382800 0.77216600 0.01953100 0.02252900
1 0.22363300 0.77434600 0.01953100 0.02252900
11 0.27490200 0.77616300 0.01855500 0.02325600
6 0.32714800 0.77798000 0.01953100 0.02252900
8 0.35205100 0.77907000 0.02050800 0.02325600
15 0.37890600 0.77979700 0.01953100 0.02325600
15 0.40576200 0.78052300 0.02050800 0.02470900
14 0.43261700 0.78161300 0.02148400 0.02398300
15 0.45996100 0.78234000 0.02148400 0.02398300
14 0.48779300 0.78379400 0.02246100 0.02543600
19 0.51513700 0.78452000 0.02246100 0.02543600
0 0.54345700 0.78524700 0.02246100 0.02543600
12 0.57177700 0.78597400 0.02246100 0.02543600
15 0.17382800 0.80523300 0.01953100 0.02325600
14 0.19824200 0.80668600 0.01953100 0.02325600
10 0.22363300 0.80741300 0.01953100 0.02325600
0 0.25000000 0.80886600 0.01953100 0.02325600
19 0.27539100 0.80995600 0.01953100 0.02398300
0 0.30078100 0.81104700 0.01953100 0.02325600
11 0.32714800 0.81177300 0.01953100 0.02325600
18 0.35351600 0.81250000 0.01953100 0.02325600
13 0.17382800 0.83939000 0.01953100 0.02325600
0 0.19824200 0.84011600 0.01953100 0.02325600
15 0.24951200 0.84266000 0.02050800 0.02398300
14 0.27490200 0.84375000 0.02050800 0.02325600
13 0.30078100 0.84484000 0.01953100 0.02398300
8 0.32666000 0.84593000 0.02050800 0.02325600
19 0.19873000 0.87318300 0.02050800 0.02398300
14 0.22412100 0.87463700 0.02050800 0.02398300
12 0.27490200 0.87754400 0.02050800 0.02398300
0 0.30078100 0.87899700 0.02148400 0.02398300
11 0.32666000 0.88045100 0.02050800 0.02398300
4 0.35302700 0.88190400 0.02050800 0.02398300
13 0.37988300 0.88335800 0.02148400 0.02398300
10 0.43408200 0.88590100 0.02246100 0.02470900
8 0.46142600 0.88699100 0.02246100 0.02398300
4 0.48828100 0.88735500 0.02148400 0.02470900
10 0.17431600 0.90516000 0.02050800 0.02252900
14 0.19970700 0.90661300 0.02050800 0.02252900
13 0.22412100 0.90770300 0.02050800 0.02325600
8 0.25000000 0.90915700 0.01953100 0.02325600
