18 0.03906250 0.11111111 0.03125000 0.12500000
20 0.07500000 0.10763889 0.03593750 0.12500000
17 0.11250000 0.10763889 0.03281250 0.12847222
17 0.15000000 0.10763889 0.04062500 0.12847222
11 0.62187500 0.10416667 0.03593750 0.13194444
8 0.96250000 0.11458333 0.03593750 0.12152778
17 0.95625000 0.27083333 0.03750000 0.12500000
14 0.91875000 0.27083333 0.03906250 0.13194444
3 0.87812500 0.27430556 0.04375000 0.14930556
24 0.79218750 0.27430556 0.04062500 0.12500000
13 0.70781250 0.27430556 0.04062500 0.13541667
0 0.61875000 0.27777778 0.03593750 0.13888889
14 0.53437500 0.26388889 0.03750000 0.12500000
1 0.44687500 0.27430556 0.03281250 0.13541667
8 0.27656250 0.27083333 0.03437500 0.11805556
5 0.23750000 0.27430556 0.03906250 0.13888889
12 0.11718750 0.26388889 0.03750000 0.12500000
13 0.04062500 0.26736111 0.03750000 0.12847222
5 0.04218750 0.42708333 0.03750000 0.13888889
14 0.08125000 0.42361111 0.03437500 0.13194444
6 0.11718750 0.42361111 0.03750000 0.13888889
4 0.27656250 0.42708333 0.03593750 0.12500000
23 0.31875000 0.43055556 0.03437500 0.12500000
0 0.40468750 0.43055556 0.03593750 0.12847222
13 0.44687500 0.42708333 0.03750000 0.12152778
6 0.49062500 0.42361111 0.03750000 0.12500000
13 0.61875000 0.43055556 0.04062500 0.12500000
4 0.66093750 0.43055556 0.03750000 0.12847222
22 0.70468750 0.43055556 0.03593750 0.12847222
18 0.74531250 0.43402778 0.03593750 0.12847222
13 0.94843750 0.59375000 0.03750000 0.12500000
22 0.90937500 0.59722222 0.03750000 0.12847222
0 0.87031250 0.59027778 0.04062500 0.13888889
3 0.82812500 0.59375000 0.03750000 0.13888889
5 0.74375000 0.59027778 0.03750000 0.12500000
11 0.61875000 0.59027778 0.03750000 0.11458333
11 0.57812500 0.58333333 0.04375000 0.12500000
0 0.48906250 0.58680556 0.04062500 0.12500000
19 0.36406250 0.59375000 0.03437500 0.11805556
8 0.27968750 0.59027778 0.04062500 0.14583333
13 0.23906250 0.59027778 0.03906250 0.14930556
19 0.15937500 0.58333333 0.03750000 0.14930556
14 0.08593750 0.72569444 0.03125000 0.12500000
7 0.19843750 0.73611111 0.03593750 0.12500000
1 0.28125000 0.74305556 0.03750000 0.12152778
4 0.31875000 0.73958333 0.03750000 0.12500000
18 0.44687500 0.74305556 0.03906250 0.12152778
11 0.48750000 0.74652778 0.04218750 0.12500000
4 0.52968750 0.74652778 0.04218750 0.12500000
4 0.57187500 0.74305556 0.04218750 0.12500000
15 0.61562500 0.74652778 0.03906250 0.12500000
12 0.74062500 0.74652778 0.03593750 0.12152778
14 0.78125000 0.74652778 0.04375000 0.11805556
18 0.65625000 0.90277778 0.04375000 0.12847222
4 0.61250000 0.90277778 0.04375000 0.12847222
8 0.57187500 0.89930556 0.03906250 0.13541667
15 0.53281250 0.89930556 0.03750000 0.13541667
8 0.40625000 0.89583333 0.04375000 0.13888889
17 0.36406250 0.89583333 0.03906250 0.13194444
5 0.32187500 0.89236111 0.04062500 0.12847222
10 0.20312500 0.88541667 0.04218750 0.13541667
14 0.16406250 0.88194444 0.03750000 0.13194444
14 0.12500000 0.88194444 0.03593750 0.13541667
7 0.09062500 0.87847222 0.03281250 0.13541667
