0 0.19041451 0.24881211 0.11561744 0.11709711
1 0.30531920 0.24953818 0.11063846 0.11167556
2 0.42105006 0.25129298 0.11723245 0.11808944
3 0.53992233 0.24285801 0.12018864 0.12305118
4 0.66077897 0.24831595 0.11388605 0.11610479
5 0.77684076 0.24583508 0.11452814 0.12106653
6 0.19405177 0.36739772 0.11627820 0.11412005
7 0.30972098 0.37037478 0.11506022 0.11610475
8 0.42997796 0.37195223 0.11524699 0.12088859
9 0.55174428 0.37285565 0.11506032 0.11312768
10 0.66415952 0.37037478 0.10448013 0.11213535
11 0.78560320 0.37269614 0.11551863 0.11741610
12 0.18408046 0.49858275 0.11241520 0.12365359
13 0.30443088 0.49838770 0.11770534 0.12007412
14 0.42105006 0.49689922 0.11723245 0.11709716
15 0.55248749 0.49491450 0.11886393 0.11908179
16 0.67284774 0.49789151 0.12148920 0.12106650
17 0.79667983 0.49491448 0.12775126 0.11511242
18 0.17945157 0.62893412 0.12431800 0.12889998
19 0.30427634 0.62632789 0.11874007 0.12950655
20 0.42450067 0.62505510 0.12086039 0.12632456
21 0.55027598 0.62219131 0.12375277 0.12696094
25 0.57579922 0.77382329 0.12419835 0.13673683
24 0.44790846 0.77401567 0.12323674 0.13326980
22 0.67692339 0.62431061 0.12939864 0.12676018
23 0.80041689 0.62257680 0.12785808 0.12637489
