6 0.12343750 0.15972222 0.03125000 0.12152778
17 0.23906250 0.15625000 0.03593750 0.11805556
0 0.32187500 0.15625000 0.03281250 0.12500000
2 0.36093750 0.15277778 0.03281250 0.12152778
17 0.40156250 0.14583333 0.03281250 0.11805556
0 0.56093750 0.14583333 0.03125000 0.11805556
5 0.60312500 0.14236111 0.03437500 0.11111111
17 0.64375000 0.14236111 0.03125000 0.11458333
8 0.68437500 0.14583333 0.03593750 0.11805556
2 0.72343750 0.14583333 0.03437500 0.12500000
0 0.76250000 0.13888889 0.02968750 0.12152778
4 0.06562500 0.44444444 0.03281250 0.12500000
5 0.10625000 0.44097222 0.03750000 0.12152778
18 0.31406250 0.44097222 0.03593750 0.13194444
0 0.39843750 0.43402778 0.03437500 0.11805556
13 0.43750000 0.43402778 0.03125000 0.11805556
22 0.65000000 0.43055556 0.03437500 0.12847222
17 0.73125000 0.43402778 0.03281250 0.12847222
7 0.01562500 0.59027778 0.02812500 0.12500000
14 0.05156250 0.59027778 0.03437500 0.11805556
11 0.09687500 0.59027778 0.03906250 0.12500000
3 0.13750000 0.59375000 0.03125000 0.11805556
18 0.17968750 0.59375000 0.03593750 0.11805556
18 0.26875000 0.59027778 0.03281250 0.11111111
3 0.35156250 0.59027778 0.03437500 0.11805556
18 0.52343750 0.59375000 0.03125000 0.12847222
3 0.56406250 0.59375000 0.03593750 0.13194444
3 0.69375000 0.59027778 0.03281250 0.12500000
8 0.73593750 0.58680556 0.03437500 0.12500000
18 0.78125000 0.58680556 0.03437500 0.12847222
10 0.82187500 0.58333333 0.03281250 0.12847222
14 0.86250000 0.58333333 0.03593750 0.12152778
0 0.04843750 0.74652778 0.03437500 0.12500000
2 0.08906250 0.75347222 0.03437500 0.12152778
10 0.13125000 0.75347222 0.03437500 0.11458333
4 0.17343750 0.75347222 0.03281250 0.12152778
19 0.21718750 0.75347222 0.03750000 0.12847222
0 0.35156250 0.75000000 0.03593750 0.12152778
13 0.39375000 0.74652778 0.03750000 0.12500000
4 0.56718750 0.74652778 0.03593750 0.12152778
3 0.82968750 0.74305556 0.03906250 0.12500000
14 0.91562500 0.74652778 0.03593750 0.13194444
19 0.07968750 0.92013889 0.03750000 0.12847222
14 0.12343750 0.92013889 0.03750000 0.13541667
13 0.16718750 0.92013889 0.03593750 0.13194444
8 0.34687500 0.91666667 0.03281250 0.12500000
6 0.43750000 0.91666667 0.03750000 0.13194444
20 0.48125000 0.92013889 0.03750000 0.13888889
4 0.52500000 0.91319444 0.03750000 0.13541667
18 0.57031250 0.91666667 0.03593750 0.13541667
18 0.61562500 0.91666667 0.03593750 0.13888889
