1 0.12343750 0.18750000 0.03593750 0.12500000
8 0.16718750 0.19097222 0.03593750 0.13541667
10 0.21250000 0.19097222 0.04062500 0.13541667
4 0.25781250 0.18750000 0.04218750 0.13541667
17 0.43906250 0.18750000 0.04062500 0.14236111
4 0.48437500 0.19097222 0.04062500 0.14930556
1 0.53125000 0.19097222 0.03750000 0.13541667
4 0.57812500 0.19791667 0.04062500 0.13888889
0 0.66718750 0.18402778 0.03906250 0.14583333
18 0.76406250 0.18055556 0.04218750 0.13888889
7 0.85625000 0.18402778 0.04375000 0.15277778
18 0.94843750 0.18402778 0.04218750 0.14236111
18 0.29843750 0.35416667 0.04062500 0.13541667
19 0.39218750 0.35763889 0.03906250 0.14583333
18 0.43906250 0.36111111 0.04218750 0.13194444
8 0.57812500 0.35416667 0.04062500 0.14236111
6 0.67031250 0.35069444 0.04218750 0.15277778
13 0.95937500 0.35069444 0.04375000 0.14236111
1 0.10937500 0.52083333 0.04062500 0.14236111
8 0.15625000 0.52777778 0.04062500 0.14583333
10 0.20312500 0.52083333 0.04218750 0.15277778
4 0.25312500 0.52430556 0.04843750 0.14583333
12 0.43750000 0.51736111 0.03906250 0.13888889
0 0.48281250 0.51736111 0.03593750 0.13888889
3 0.52968750 0.52083333 0.04218750 0.14236111
4 0.57812500 0.51736111 0.04531250 0.14930556
11 0.62656250 0.52083333 0.04218750 0.14583333
24 0.67343750 0.52430556 0.03906250 0.15277778
13 0.72187500 0.52430556 0.04375000 0.14930556
18 0.82031250 0.52083333 0.04531250 0.15277778
7 0.91718750 0.52083333 0.04375000 0.14930556
23 0.15156250 0.70138889 0.03906250 0.15277778
18 0.24218750 0.69791667 0.04375000 0.14583333
20 0.33906250 0.69791667 0.04531250 0.15277778
15 0.38437500 0.69444444 0.04062500 0.14930556
7 0.43437500 0.69791667 0.04062500 0.13541667
4 0.48281250 0.69791667 0.03906250 0.14583333
11 0.52812500 0.70138889 0.03906250 0.13888889
11 0.57656250 0.70486111 0.04218750 0.17013889
14 0.82031250 0.70486111 0.04062500 0.14930556
11 0.87031250 0.70486111 0.04218750 0.15972222
4 0.92343750 0.70486111 0.04687500 0.16666667
13 0.28593750 0.88541667 0.03906250 0.14236111
14 0.33593750 0.88541667 0.03906250 0.15625000
11 0.38125000 0.88194444 0.03906250 0.14930556
3 0.43125000 0.88194444 0.04218750 0.15277778
8 0.67812500 0.88541667 0.03906250 0.13541667
7 0.77656250 0.88888889 0.04531250 0.14930556
21 0.92968750 0.88888889 0.04843750 0.15972222
