18 0.03906250 0.11093750 0.03125000 0.12500000
20 0.07500000 0.10781250 0.03593750 0.12500000
17 0.11250000 0.10781250 0.03281250 0.12812500
17 0.15000000 0.10781250 0.04062500 0.12812500
11 0.62187500 0.10390625 0.03593750 0.13203125
8 0.96250000 0.11484375 0.03593750 0.12187500
17 0.95625000 0.27109375 0.03750000 0.12500000
14 0.91875000 0.27109375 0.03906250 0.13203125
3 0.87812500 0.27421875 0.04375000 0.14921875
24 0.79218750 0.27421875 0.04062500 0.12500000
13 0.70781250 0.27421875 0.04062500 0.13515625
0 0.61875000 0.27812500 0.03593750 0.13906250
14 0.53437500 0.26406250 0.03750000 0.12500000
1 0.44687500 0.27421875 0.03281250 0.13515625
8 0.27656250 0.27109375 0.03437500 0.11796875
5 0.23750000 0.27421875 0.03906250 0.13906250
12 0.11718750 0.26406250 0.03750000 0.12500000
13 0.04062500 0.26718750 0.03750000 0.12812500
5 0.04218750 0.42734375 0.03750000 0.13906250
14 0.08125000 0.42343750 0.03437500 0.13203125
6 0.11718750 0.42343750 0.03750000 0.13906250
4 0.27656250 0.42734375 0.03593750 0.12500000
23 0.31875000 0.43046875 0.03437500 0.12500000
0 0.40468750 0.43046875 0.03593750 0.12812500
13 0.44687500 0.42734375 0.03750000 0.12187500
6 0.49062500 0.42343750 0.03750000 0.12500000
13 0.61875000 0.43046875 0.04062500 0.12500000
4 0.66093750 0.43046875 0.03750000 0.12812500
22 0.70468750 0.43046875 0.03593750 0.12812500
18 0.74531250 0.43437500 0.03593750 0.12812500
13 0.94843750 0.59375000 0.03750000 0.12500000
22 0.90937500 0.59687500 0.03750000 0.12812500
0 0.87031250 0.59062500 0.04062500 0.13906250
3 0.82812500 0.59375000 0.03750000 0.13906250
5 0.74375000 0.59062500 0.03750000 0.12500000
11 0.61875000 0.59062500 0.03750000 0.11484375
11 0.57812500 0.58359375 0.04375000 0.12500000
0 0.48906250 0.58671875 0.04062500 0.12500000
19 0.36406250 0.59375000 0.03437500 0.11796875
8 0.27968750 0.59062500 0.04062500 0.14609375
13 0.23906250 0.59062500 0.03906250 0.14921875
19 0.15937500 0.58359375 0.03750000 0.14921875
14 0.08593750 0.72578125 0.03125000 0.12500000
7 0.19843750 0.73593750 0.03593750 0.12500000
1 0.28125000 0.74296875 0.03750000 0.12187500
4 0.31875000 0.73984375 0.03750000 0.12500000
18 0.44687500 0.74296875 0.03906250 0.12187500
11 0.48750000 0.74687500 0.04218750 0.12500000
4 0.52968750 0.74687500 0.04218750 0.12500000
4 0.57187500 0.74296875 0.04218750 0.12500000
15 0.61562500 0.74687500 0.03906250 0.12500000
12 0.74062500 0.74687500 0.03593750 0.12187500
14 0.78125000 0.74687500 0.04375000 0.11796875
18 0.65625000 0.90312500 0.04375000 0.12812500
4 0.61250000 0.90312500 0.04375000 0.12812500
8 0.57187500 0.89921875 0.03906250 0.13515625
15 0.53281250 0.89921875 0.03750000 0.13515625
8 0.40625000 0.89609375 0.04375000 0.13906250
17 0.36406250 0.89609375 0.03906250 0.13203125
5 0.32187500 0.89218750 0.04062500 0.12812500
10 0.20312500 0.88515625 0.04218750 0.13515625
14 0.16406250 0.88203125 0.03750000 0.13203125
14 0.12500000 0.88203125 0.03593750 0.13515625
7 0.09062500 0.87812500 0.03281250 0.13515625
