8 0.17675800 0.11010200 0.02148400 0.02252900
3 0.83593800 0.11300900 0.02148400 0.02252900
2 0.86132800 0.11300900 0.02148400 0.02252900
15 0.17627000 0.14207800 0.02050800 0.02252900
14 0.20263700 0.14207800 0.02050800 0.02252900
12 0.25634800 0.14280500 0.02050800 0.02252900
0 0.28271500 0.14280500 0.02050800 0.02252900
11 0.30908200 0.14316900 0.02050800 0.02180200
8 0.33642600 0.14316900 0.02050800 0.02180200
4 0.38916000 0.14316900 0.02050800 0.02180200
6 0.41503900 0.14316900 0.01953100 0.02180200
14 0.44189500 0.14316900 0.02050800 0.02180200
8 0.52099600 0.14389500 0.02050800 0.02180200
22 0.57373000 0.14462200 0.02050800 0.02180200
1 0.62646500 0.14534900 0.02050800 0.02180200
0 0.65185500 0.14534900 0.02050800 0.02180200
6 0.67822300 0.14534900 0.02050800 0.02180200
0 0.70459000 0.14571200 0.02050800 0.02252900
9 0.73095700 0.14571200 0.02050800 0.02252900
19 0.17578100 0.17441900 0.01953100 0.02180200
20 0.20214800 0.17441900 0.01953100 0.02180200
3 0.22851600 0.17441900 0.01953100 0.02180200
0 0.25537100 0.17441900 0.02050800 0.02180200
6 0.30859400 0.17441900 0.01953100 0.02180200
3 0.33496100 0.17441900 0.01953100 0.02180200
4 0.36181600 0.17441900 0.02050800 0.02180200
11 0.41552700 0.17405500 0.02050800 0.02107600
4 0.44189500 0.17441900 0.02050800 0.02180200
9 0.46826200 0.17478200 0.02050800 0.02107600
0 0.49511700 0.17514500 0.01953100 0.02180200
11 0.52050800 0.17514500 0.01953100 0.02180200
18 0.57373000 0.17587200 0.02050800 0.02180200
0 0.60009800 0.17587200 0.02050800 0.02180200
10 0.62646500 0.17623500 0.02050800 0.02252900
22 0.65283200 0.17659900 0.02050800 0.02180200
14 0.67822300 0.17659900 0.02050800 0.02180200
9 0.73095700 0.17732600 0.02050800 0.02180200
10 0.22851600 0.20639500 0.01953100 0.02180200
0 0.25439500 0.20639500 0.02050800 0.02180200
17 0.28173800 0.20639500 0.02050800 0.02180200
19 0.30859400 0.20639500 0.01953100 0.02180200
8 0.33496100 0.20639500 0.01953100 0.02180200
13 0.36084000 0.20639500 0.02050800 0.02180200
0 0.38818400 0.20603200 0.02050800 0.02252900
10 0.22705100 0.23764500 0.02050800 0.02180200
14 0.25341800 0.23800900 0.02050800 0.02252900
17 0.28027300 0.23800900 0.01953100 0.02252900
25 0.30761700 0.23800900 0.01953100 0.02252900
8 0.33398400 0.23800900 0.01953100 0.02252900
13 0.36035200 0.23800900 0.01953100 0.02252900
0 0.38818400 0.23800900 0.02050800 0.02252900
10 0.22607400 0.26998500 0.02050800 0.02252900
0 0.25293000 0.26998500 0.01953100 0.02252900
17 0.27978500 0.26998500 0.02050800 0.02252900
19 0.30712900 0.26998500 0.02050800 0.02252900
14 0.33349600 0.26998500 0.02050800 0.02252900
13 0.36035200 0.26962200 0.01953100 0.02180200
10 0.38769500 0.26998500 0.01953100 0.02252900
0 0.41503900 0.27034900 0.01953100 0.02180200
6 0.17138700 0.30159900 0.02050800 0.02180200
3 0.19775400 0.30159900 0.02050800 0.02180200
4 0.22509800 0.30159900 0.02050800 0.02180200
15 0.27978500 0.30159900 0.02050800 0.02180200
17 0.30712900 0.30159900 0.02050800 0.02180200
4 0.33349600 0.30196200 0.02050800 0.02252900
9 0.36035200 0.30196200 0.01953100 0.02252900
3 0.38720700 0.30232600 0.02050800 0.02180200
4 0.41455100 0.30196200 0.02050800 0.02252900
1 0.46875000 0.30196200 0.02148400 0.02252900
11 0.52148400 0.30232600 0.02148400 0.02325600
0 0.54785200 0.30268900 0.02148400 0.02252900
18 0.60205100 0.30268900 0.02050800 0.02252900
14 0.62890600 0.30341600 0.02148400 0.02252900
1 0.65527300 0.30341600 0.02148400 0.02252900
0 0.68212900 0.30414200 0.02050800 0.02252900
16 0.70752000 0.30414200 0.02050800 0.02252900
14 0.73388700 0.30486900 0.02050800 0.02252900
13 0.76025400 0.30486900 0.02050800 0.02252900
10 0.78662100 0.30559600 0.02050800 0.02252900
0 0.81298800 0.30559600 0.02050800 0.02252900
15 0.16943400 0.36627900 0.02050800 0.02325600
17 0.19580100 0.36664200 0.02050800 0.02252900
8 0.22216800 0.36664200 0.02050800 0.02252900
4 0.25048800 0.36700600 0.02050800 0.02325600
7 0.27832000 0.36736900 0.02148400 0.02252900
0 0.30517600 0.36736900 0.02050800 0.02252900
11 0.33203100 0.36700600 0.02148400 0.02325600
8 0.35937500 0.36700600 0.02148400 0.02325600
22 0.41455100 0.36773300 0.02050800 0.02325600
6 0.46826200 0.36809600 0.02050800 0.02252900
14 0.49511700 0.36809600 0.02148400 0.02252900
17 0.52197300 0.36809600 0.02050800 0.02252900
14 0.54931600 0.36809600 0.02050800 0.02252900
3 0.57519500 0.36882300 0.01953100 0.02252900
9 0.62939500 0.36882300 0.02050800 0.02252900
8 0.65576200 0.36882300 0.02050800 0.02252900
19 0.68261700 0.36882300 0.01953100 0.02252900
14 0.70898400 0.36882300 0.01953100 0.02252900
12 0.73584000 0.36918600 0.02050800 0.02325600
8 0.76220700 0.36954900 0.02050800 0.02252900
17 0.78857400 0.36954900 0.02050800 0.02252900
13 0.16748000 0.40043600 0.02050800 0.02325600
14 0.19482400 0.40007300 0.02050800 0.02252900
18 0.22216800 0.40007300 0.02050800 0.02252900
8 0.24951200 0.40007300 0.02050800 0.02252900
11 0.27734400 0.40007300 0.01953100 0.02252900
23 0.33154300 0.40043600 0.02050800 0.02325600
8 0.35888700 0.40043600 0.02050800 0.02325600
10 0.38720700 0.40043600 0.02050800 0.02325600
15 0.44091800 0.40079900 0.02050800 0.02252900
19 0.49511700 0.40079900 0.01953100 0.02252900
13 0.52197300 0.40079900 0.02050800 0.02252900
0 0.54882800 0.40116300 0.01953100 0.02325600
3 0.57568400 0.40152600 0.02050800 0.02252900
2 0.60156200 0.40152600 0.01953100 0.02252900
0 0.62890600 0.40152600 0.01953100 0.02252900
19 0.65625000 0.40152600 0.01953100 0.02252900
13 0.76171900 0.40261600 0.02148400 0.02325600
14 0.78857400 0.40225300 0.02050800 0.02252900
12 0.81494100 0.40225300 0.02050800 0.02252900
4 0.84228500 0.40189000 0.02050800 0.02325600
17 0.86914100 0.40189000 0.02148400 0.02325600
22 0.16748000 0.43314000 0.02050800 0.02325600
4 0.19433600 0.43350300 0.01953100 0.02252900
25 0.22216800 0.43314000 0.02050800 0.02325600
4 0.24951200 0.43314000 0.02050800 0.02325600
19 0.27685500 0.43314000 0.02050800 0.02325600
13 0.33154300 0.43277600 0.02050800 0.02252900
0 0.35888700 0.43277600 0.02050800 0.02252900
19 0.41357400 0.43350300 0.02050800 0.02252900
4 0.44091800 0.43386600 0.02050800 0.02325600
11 0.46826200 0.43386600 0.02050800 0.02325600
4 0.49462900 0.43386600 0.02050800 0.02325600
9 0.52197300 0.43386600 0.02050800 0.02325600
10 0.54834000 0.43423000 0.02050800 0.02252900
4 0.57568400 0.43423000 0.02050800 0.02252900
1 0.62939500 0.43423000 0.02050800 0.02252900
0 0.65625000 0.43532000 0.02148400 0.02325600
6 0.68310500 0.43532000 0.02050800 0.02325600
0 0.70947300 0.43532000 0.02050800 0.02325600
9 0.73584000 0.43532000 0.02050800 0.02325600
3 0.22119100 0.46620600 0.02050800 0.02252900
8 0.24804700 0.46620600 0.02148400 0.02252900
22 0.27587900 0.46657000 0.02050800 0.02325600
0 0.30371100 0.46693300 0.02148400 0.02252900
13 0.33154300 0.46693300 0.02050800 0.02252900
16 0.21972700 0.50036300 0.02148400 0.02398300
4 0.24707000 0.50036300 0.02148400 0.02398300
12 0.27539100 0.50036300 0.02148400 0.02398300
14 0.30273400 0.50036300 0.02148400 0.02398300
3 0.33105500 0.50036300 0.02148400 0.02398300
0 0.35839800 0.50036300 0.02148400 0.02398300
13 0.38623000 0.50000000 0.02050800 0.02325600
18 0.21875000 0.53415700 0.02148400 0.02325600
0 0.24658200 0.53415700 0.02050800 0.02325600
10 0.27490200 0.53415700 0.02050800 0.02325600
22 0.30273400 0.53415700 0.02148400 0.02325600
14 0.33056600 0.53415700 0.02050800 0.02325600
9 0.38623000 0.53415700 0.02050800 0.02325600
10 0.21826200 0.56795100 0.02050800 0.02398300
0 0.24609400 0.56867700 0.02148400 0.02398300
17 0.27392600 0.56795100 0.02050800 0.02398300
19 0.30175800 0.56795100 0.02148400 0.02398300
8 0.33007800 0.56722400 0.02148400 0.02398300
13 0.35791000 0.56722400 0.02050800 0.02398300
20 0.38574200 0.56758700 0.02148400 0.02325600
10 0.21777300 0.60283400 0.02148400 0.02398300
14 0.24462900 0.60283400 0.02050800 0.02398300
17 0.27294900 0.60247100 0.02050800 0.02325600
25 0.30127000 0.60247100 0.02050800 0.02325600
8 0.32959000 0.60247100 0.02050800 0.02325600
13 0.35791000 0.60247100 0.02050800 0.02325600
20 0.38525400 0.60247100 0.02050800 0.02325600
10 0.21679700 0.63735500 0.02148400 0.02470900
0 0.24414100 0.63699100 0.02148400 0.02398300
17 0.27246100 0.63699100 0.02148400 0.02398300
19 0.30078100 0.63699100 0.02148400 0.02398300
14 0.32861300 0.63662800 0.02050800 0.02470900
13 0.35693400 0.63662800 0.02050800 0.02470900
10 0.38476600 0.63662800 0.02148400 0.02470900
20 0.41210900 0.63626500 0.02148400 0.02398300
0 0.16015600 0.67151200 0.02148400 0.02470900
18 0.21582000 0.67151200 0.02148400 0.02470900
25 0.24414100 0.67187500 0.02148400 0.02398300
0 0.27148400 0.67187500 0.02148400 0.02398300
3 0.30029300 0.67151200 0.02050800 0.02325600
8 0.32812500 0.67151200 0.02148400 0.02325600
22 0.38476600 0.67078500 0.02148400 0.02325600
4 0.41210900 0.67078500 0.02148400 0.02325600
3 0.44043000 0.67042200 0.02148400 0.02398300
20 0.46826200 0.67042200 0.02050800 0.02398300
19 0.49511700 0.67042200 0.02148400 0.02398300
18 0.55078100 0.66969500 0.02148400 0.02398300
14 0.57714800 0.66969500 0.02148400 0.02398300
1 0.60498000 0.66896800 0.02246100 0.02398300
0 0.63281200 0.66896800 0.02148400 0.02398300
16 0.66015600 0.66896800 0.02148400 0.02398300
14 0.68652300 0.66896800 0.02148400 0.02398300
13 0.71484400 0.66896800 0.02148400 0.02398300
10 0.74218800 0.66860500 0.02148400 0.02470900
20 0.76953100 0.66824100 0.02148400 0.02398300
18 0.15722700 0.74200600 0.02148400 0.02470900
14 0.18554700 0.74200600 0.02148400 0.02470900
1 0.21386700 0.74200600 0.02148400 0.02470900
0 0.24218800 0.74200600 0.02148400 0.02470900
10 0.27002000 0.74200600 0.02246100 0.02470900
0 0.29834000 0.74164200 0.02246100 0.02543600
19 0.35546900 0.74127900 0.02148400 0.02470900
14 0.38378900 0.74127900 0.02148400 0.02470900
10 0.43994100 0.74127900 0.02246100 0.02470900
0 0.46777300 0.74055200 0.02148400 0.02470900
10 0.49609400 0.74055200 0.02148400 0.02470900
25 0.55175800 0.74018900 0.02148400 0.02398300
0 0.57812500 0.73946200 0.02148400 0.02398300
17 0.60644500 0.73909900 0.02148400 0.02470900
16 0.66162100 0.73837200 0.02050800 0.02470900
8 0.68847700 0.73800900 0.02148400 0.02398300
19 0.71679700 0.73764500 0.02148400 0.02470900
0 0.15722700 0.77689000 0.02148400 0.02470900
1 0.21386700 0.77761600 0.02148400 0.02470900
0 0.24121100 0.77761600 0.02148400 0.02470900
17 0.26953100 0.77761600 0.02148400 0.02470900
13 0.32714800 0.77689000 0.02148400 0.02470900
10 0.41064500 0.77616300 0.02050800 0.02470900
0 0.43945300 0.77616300 0.02148400 0.02470900
10 0.46728500 0.77543600 0.02050800 0.02470900
25 0.52343800 0.77470900 0.02148400 0.02470900
0 0.55175800 0.77507300 0.02148400 0.02398300
10 0.57910200 0.77470900 0.02148400 0.02470900
17 0.60693400 0.77434600 0.02050800 0.02398300
8 0.63476600 0.77398300 0.02148400 0.02470900
16 0.66210900 0.77361900 0.02148400 0.02398300
8 0.68945300 0.77325600 0.02148400 0.02470900
19 0.71728500 0.77289200 0.02050800 0.02398300
17 0.18359400 0.81322700 0.02148400 0.02470900
0 0.21289100 0.81322700 0.02148400 0.02470900
25 0.24072300 0.81395300 0.02050800 0.02470900
1 0.26855500 0.81359000 0.02148400 0.02543600
14 0.29785200 0.81322700 0.02148400 0.02470900
13 0.35546900 0.81250000 0.02148400 0.02470900
8 0.38281200 0.81213700 0.02148400 0.02398300
10 0.41113300 0.81177300 0.02148400 0.02470900
8 0.43945300 0.81177300 0.02148400 0.02470900
22 0.52343800 0.81032000 0.02148400 0.02470900
14 0.55127000 0.81032000 0.02050800 0.02470900
17 0.57910200 0.80959300 0.02148400 0.02470900
20 0.69043000 0.80814000 0.02148400 0.02470900
17 0.71777300 0.80777600 0.02148400 0.02543600
14 0.74511700 0.80741300 0.02148400 0.02470900
3 0.77246100 0.80668600 0.02148400 0.02470900
18 0.15478500 0.84811000 0.02246100 0.02470900
14 0.18359400 0.84883700 0.02148400 0.02470900
1 0.21191400 0.84883700 0.02148400 0.02470900
0 0.24072300 0.84883700 0.02246100 0.02470900
10 0.26904300 0.84847400 0.02246100 0.02543600
0 0.29785200 0.84811000 0.02148400 0.02470900
13 0.38281200 0.84702000 0.02148400 0.02398300
4 0.41064500 0.84665700 0.02246100 0.02470900
19 0.46728500 0.84629400 0.02246100 0.02398300
14 0.49560500 0.84593000 0.02246100 0.02470900
15 0.57959000 0.84484000 0.02246100 0.02398300
14 0.60742200 0.84447700 0.02148400 0.02470900
17 0.63574200 0.84375000 0.02148400 0.02470900
14 0.66308600 0.84302300 0.02148400 0.02470900
3 0.69043000 0.84302300 0.02148400 0.02470900
