8 0.16748000 0.06976700 0.02246100 0.02325600
5 0.86914100 0.07194800 0.02148400 0.02325600
8 0.89550800 0.07194800 0.02148400 0.02325600
12 0.47851600 0.10101700 0.02148400 0.02325600
0 0.50683600 0.10174400 0.02148400 0.02325600
17 0.53466800 0.10174400 0.02246100 0.02325600
19 0.56250000 0.10247100 0.02148400 0.02325600
17 0.10986300 0.13771800 0.02050800 0.02398300
7 0.16503900 0.13662800 0.02148400 0.02325600
11 0.19335900 0.13590100 0.02148400 0.02325600
18 0.30761700 0.13444800 0.02148400 0.02325600
13 0.33496100 0.13444800 0.02148400 0.02325600
4 0.36425800 0.13408400 0.02148400 0.02398300
6 0.39257800 0.13444800 0.02148400 0.02325600
19 0.45019500 0.13481100 0.02148400 0.02398300
4 0.47851600 0.13481100 0.02148400 0.02398300
12 0.50683600 0.13517400 0.02148400 0.02325600
13 0.53515600 0.13553800 0.02148400 0.02398300
4 0.56250000 0.13590100 0.02148400 0.02325600
4 0.59179700 0.13626500 0.02148400 0.02398300
19 0.62011700 0.13626500 0.02148400 0.02398300
22 0.67578100 0.13699100 0.02148400 0.02398300
12 0.73144500 0.13844500 0.02148400 0.02398300
0 0.75976600 0.13844500 0.02148400 0.02398300
17 0.78710900 0.13917200 0.02148400 0.02398300
19 0.81543000 0.13917200 0.02148400 0.02398300
4 0.84228500 0.13880800 0.02246100 0.02470900
19 0.10888700 0.17151200 0.02050800 0.02325600
0 0.13623000 0.17114800 0.02050800 0.02398300
19 0.19238300 0.17005800 0.02148400 0.02325600
11 0.24951200 0.16860500 0.02050800 0.02325600
3 0.30664100 0.16860500 0.02148400 0.02325600
8 0.33544900 0.16860500 0.02050800 0.02325600
13 0.36377000 0.16824100 0.02050800 0.02398300
10 0.39257800 0.16860500 0.02148400 0.02325600
8 0.42138700 0.16860500 0.02050800 0.02325600
13 0.47851600 0.16896800 0.02148400 0.02398300
0 0.50732400 0.16896800 0.02050800 0.02398300
14 0.56396500 0.16896800 0.02050800 0.02398300
10 0.59228500 0.17005800 0.02050800 0.02325600
13 0.62060500 0.17042200 0.02050800 0.02398300
4 0.64843800 0.17078500 0.02148400 0.02325600
25 0.10791000 0.20603200 0.02050800 0.02398300
0 0.13525400 0.20530500 0.02050800 0.02398300
16 0.19189500 0.20385200 0.02050800 0.02398300
8 0.22021500 0.20348800 0.02050800 0.02325600
10 0.24902300 0.20312500 0.02148400 0.02398300
1 0.30664100 0.20276200 0.02148400 0.02325600
4 0.33496100 0.20276200 0.02148400 0.02325600
6 0.36425800 0.20276200 0.02148400 0.02325600
0 0.39306600 0.20312500 0.02050800 0.02398300
4 0.42187500 0.20312500 0.02148400 0.02398300
19 0.45068400 0.20312500 0.02050800 0.02398300
15 0.50781200 0.20348800 0.02148400 0.02325600
14 0.53515600 0.20348800 0.02148400 0.02325600
15 0.59375000 0.20348800 0.02148400 0.02325600
0 0.62109400 0.20385200 0.02148400 0.02398300
17 0.64941400 0.20421500 0.02148400 0.02325600
19 0.67724600 0.20494200 0.02050800 0.02325600
4 0.70507800 0.20530500 0.02148400 0.02398300
8 0.10693400 0.23909900 0.02050800 0.02325600
15 0.16308600 0.23800900 0.02148400 0.02398300
14 0.19091800 0.23691900 0.02050800 0.02325600
10 0.24853500 0.23691900 0.02050800 0.02325600
0 0.27734400 0.23691900 0.02148400 0.02325600
17 0.30615200 0.23691900 0.02050800 0.02325600
19 0.33496100 0.23655500 0.02148400 0.02398300
4 0.36377000 0.23655500 0.02050800 0.02398300
13 0.10644500 0.27398300 0.02148400 0.02470900
0 0.13476600 0.27398300 0.02148400 0.02470900
18 0.19140600 0.27289200 0.02148400 0.02398300
19 0.21875000 0.27252900 0.02148400 0.02325600
4 0.24804700 0.27216600 0.02148400 0.02398300
13 0.27685500 0.27180200 0.02050800 0.02325600
4 0.30566400 0.27143900 0.02148400 0.02398300
0 0.45166000 0.34229700 0.02246100 0.02470900
15 0.47998000 0.34229700 0.02246100 0.02470900
17 0.50927700 0.34229700 0.02246100 0.02470900
4 0.53759800 0.34229700 0.02246100 0.02470900
11 0.56689500 0.34266000 0.02246100 0.02398300
0 0.10351600 0.38008700 0.02148400 0.02470900
15 0.13281200 0.37936000 0.02148400 0.02470900
17 0.16015600 0.37863400 0.02148400 0.02470900
4 0.18896500 0.37645300 0.02246100 0.02470900
11 0.21826200 0.37681700 0.02246100 0.02398300
0 0.30566400 0.37718000 0.02148400 0.02470900
15 0.33496100 0.37718000 0.02148400 0.02470900
17 0.36474600 0.37718000 0.02246100 0.02470900
4 0.39404300 0.37718000 0.02246100 0.02470900
11 0.42285200 0.37718000 0.02148400 0.02470900
13 0.10351600 0.41460800 0.02148400 0.02398300
0 0.13183600 0.41424400 0.02148400 0.02470900
3 0.18847700 0.41351700 0.02148400 0.02470900
22 0.21777300 0.41206400 0.02148400 0.02470900
14 0.24707000 0.41242700 0.02148400 0.02398300
17 0.27636700 0.41242700 0.02148400 0.02398300
4 0.30615200 0.41279100 0.02246100 0.02470900
25 0.36523400 0.41279100 0.02148400 0.02470900
22 0.39453100 0.41315400 0.02148400 0.02398300
4 0.42334000 0.41315400 0.02246100 0.02398300
13 0.45214800 0.41279100 0.02148400 0.02470900
8 0.48144500 0.41279100 0.02148400 0.02470900
19 0.50976600 0.41279100 0.02148400 0.02470900
10 0.56738300 0.41279100 0.02148400 0.02470900
0 0.59570300 0.41279100 0.02148400 0.02470900
15 0.62500000 0.41279100 0.02148400 0.02470900
4 0.68261700 0.41279100 0.02148400 0.02470900
11 0.71093800 0.41279100 0.02148400 0.02470900
15 0.15918000 0.44949100 0.02148400 0.02543600
14 0.18798800 0.44876500 0.02246100 0.02543600
15 0.24658200 0.44803800 0.02246100 0.02398300
14 0.27587900 0.44840100 0.02246100 0.02470900
11 0.30468800 0.44840100 0.02148400 0.02470900
12 0.36425800 0.44840100 0.02148400 0.02470900
1 0.42382800 0.44840100 0.02148400 0.02470900
4 0.45214800 0.44840100 0.02148400 0.02470900
6 0.48144500 0.44876500 0.02148400 0.02398300
20 0.50976600 0.44840100 0.02148400 0.02470900
19 0.53906200 0.44840100 0.02148400 0.02470900
17 0.59668000 0.44840100 0.02148400 0.02470900
20 0.62500000 0.44767400 0.02148400 0.02470900
16 0.65429700 0.44767400 0.02148400 0.02470900
8 0.71093800 0.44767400 0.02148400 0.02470900
13 0.15771500 0.48510200 0.02246100 0.02543600
0 0.18701200 0.48473800 0.02246100 0.02470900
3 0.24609400 0.48473800 0.02148400 0.02470900
14 0.27490200 0.48401200 0.02246100 0.02470900
17 0.30468800 0.48401200 0.02148400 0.02470900
14 0.33496100 0.48401200 0.02148400 0.02470900
6 0.36425800 0.48401200 0.02148400 0.02470900
0 0.39355500 0.48364800 0.02148400 0.02398300
7 0.42382800 0.48364800 0.02148400 0.02398300
11 0.48242200 0.48364800 0.02148400 0.02398300
20 0.51074200 0.48364800 0.02148400 0.02398300
9 0.53955100 0.48437500 0.02050800 0.02398300
8 0.56835900 0.48364800 0.02148400 0.02398300
18 0.15673800 0.52143900 0.02246100 0.02543600
10 0.18554700 0.52143900 0.02148400 0.02543600
14 0.21582000 0.52143900 0.02148400 0.02543600
17 0.24511700 0.52143900 0.02148400 0.02543600
14 0.27441400 0.52071200 0.02148400 0.02543600
22 0.33496100 0.52034900 0.02148400 0.02616300
3 0.42382800 0.51998500 0.02148400 0.02543600
20 0.45312500 0.51962200 0.02148400 0.02616300
19 0.48242200 0.51962200 0.02148400 0.02470900
12 0.54003900 0.51889500 0.02148400 0.02470900
20 0.56884800 0.51853200 0.02246100 0.02543600
17 0.59765600 0.51853200 0.02148400 0.02543600
0 0.62597700 0.51853200 0.02148400 0.02543600
22 0.65576200 0.51853200 0.02246100 0.02543600
8 0.71240200 0.51816900 0.02246100 0.02470900
15 0.15625000 0.55741300 0.02148400 0.02470900
14 0.18554700 0.55741300 0.02148400 0.02470900
18 0.21484400 0.55741300 0.02148400 0.02470900
11 0.24511700 0.55704900 0.02148400 0.02543600
4 0.27490200 0.55704900 0.02246100 0.02543600
25 0.33496100 0.55704900 0.02148400 0.02543600
8 0.36523400 0.55632300 0.02148400 0.02543600
12 0.39404300 0.55632300 0.02246100 0.02543600
13 0.42285200 0.55595900 0.02148400 0.02470900
4 0.45361300 0.55559600 0.02246100 0.02543600
18 0.54101600 0.55486900 0.02148400 0.02543600
19 0.57031200 0.55450600 0.02148400 0.02470900
20 0.59863300 0.55450600 0.02148400 0.02470900
9 0.62793000 0.55450600 0.02148400 0.02470900
8 0.65722700 0.55450600 0.02148400 0.02470900
15 0.09863300 0.59484000 0.02148400 0.02543600
17 0.12695300 0.59484000 0.02148400 0.02543600
14 0.15527300 0.59447700 0.02148400 0.02616300
1 0.18457000 0.59447700 0.02148400 0.02616300
8 0.21484400 0.59447700 0.02148400 0.02616300
17 0.24511700 0.59447700 0.02148400 0.02616300
0 0.27441400 0.59447700 0.02148400 0.02616300
4 0.30419900 0.59447700 0.02246100 0.02470900
19 0.33447300 0.59338700 0.02246100 0.02543600
18 0.36474600 0.59302300 0.02246100 0.02470900
12 0.45312500 0.59193300 0.02148400 0.02543600
4 0.48242200 0.59193300 0.02148400 0.02543600
3 0.51171900 0.59157000 0.02148400 0.02470900
22 0.54101600 0.59120600 0.02148400 0.02543600
4 0.57080100 0.59120600 0.02246100 0.02543600
3 0.59960900 0.59048000 0.02148400 0.02543600
18 0.09765600 0.63117700 0.02148400 0.02543600
10 0.12597700 0.63154100 0.02148400 0.02616300
22 0.15429700 0.63154100 0.02148400 0.02616300
14 0.18457000 0.63154100 0.02148400 0.02616300
25 0.21484400 0.63154100 0.02148400 0.02616300
11 0.30419900 0.63081400 0.02246100 0.02616300
4 0.33349600 0.63045100 0.02246100 0.02543600
18 0.36425800 0.63008700 0.02148400 0.02616300
13 0.39404300 0.62972400 0.02246100 0.02543600
14 0.42382800 0.62972400 0.02148400 0.02543600
22 0.51269500 0.62827000 0.02148400 0.02543600
0 0.54101600 0.62754400 0.02148400 0.02543600
11 0.57128900 0.62754400 0.02148400 0.02543600
4 0.60058600 0.62718000 0.02148400 0.02470900
9 0.62988300 0.62681700 0.02148400 0.02543600
13 0.65869100 0.62681700 0.02246100 0.02543600
8 0.68798800 0.62681700 0.02246100 0.02543600
10 0.71679700 0.62609000 0.02148400 0.02543600
18 0.09668000 0.66896800 0.02148400 0.02543600
19 0.12500000 0.66896800 0.02148400 0.02543600
0 0.15429700 0.66896800 0.02148400 0.02543600
11 0.18457000 0.66896800 0.02148400 0.02543600
8 0.21435500 0.66896800 0.02246100 0.02543600
15 0.27392600 0.66824100 0.02246100 0.02543600
19 0.30419900 0.66787800 0.02246100 0.02616300
8 0.33398400 0.66787800 0.02343800 0.02616300
2 0.36474600 0.66751500 0.02246100 0.02543600
15 0.45410200 0.66569800 0.02148400 0.02616300
4 0.48291000 0.66497100 0.02246100 0.02616300
18 0.51318400 0.66460800 0.02246100 0.02543600
13 0.54296900 0.66424400 0.02148400 0.02470900
8 0.57128900 0.66388100 0.02148400 0.02543600
15 0.63085900 0.66315400 0.02148400 0.02543600
4 0.66015600 0.66351700 0.02148400 0.02470900
19 0.68896500 0.66315400 0.02246100 0.02543600
8 0.09619100 0.70639500 0.02246100 0.02616300
17 0.15380900 0.70639500 0.02246100 0.02616300
0 0.18408200 0.70639500 0.02246100 0.02616300
18 0.21337900 0.70675900 0.02246100 0.02543600
2 0.24414100 0.70639500 0.02343800 0.02616300
22 0.27392600 0.70603200 0.02246100 0.02543600
4 0.30371100 0.70530500 0.02343800 0.02543600
11 0.33398400 0.70494200 0.02343800 0.02616300
15 0.39453100 0.70348800 0.02343800 0.02616300
14 0.42480500 0.70348800 0.02343800 0.02616300
3 0.45410200 0.70276200 0.02343800 0.02616300
18 0.48339800 0.70276200 0.02343800 0.02616300
13 0.51318400 0.70203500 0.02246100 0.02616300
4 0.54345700 0.70203500 0.02246100 0.02616300
9 0.57275400 0.70130800 0.02246100 0.02616300
13 0.60156200 0.70058100 0.02343800 0.02616300
8 0.63085900 0.70058100 0.02343800 0.02616300
10 0.66064500 0.70058100 0.02246100 0.02616300
12 0.48437500 0.77761600 0.02343800 0.02616300
0 0.51367200 0.77798000 0.02343800 0.02543600
17 0.09228500 0.81976700 0.02246100 0.02761600
0 0.12207000 0.82013100 0.02343800 0.02689000
18 0.15136700 0.82085800 0.02343800 0.02689000
15 0.18164100 0.82049400 0.02343800 0.02761600
20 0.21191400 0.82049400 0.02343800 0.02761600
18 0.24169900 0.82013100 0.02246100 0.02689000
19 0.27246100 0.82013100 0.02343800 0.02689000
8 0.30273400 0.81940400 0.02343800 0.02689000
11 0.33300800 0.81867700 0.02343800 0.02689000
18 0.36377000 0.81795100 0.02441400 0.02689000
11 0.45507800 0.81577000 0.02343800 0.02689000
0 0.48486300 0.81577000 0.02441400 0.02689000
13 0.51464800 0.81577000 0.02343800 0.02689000
3 0.54443400 0.81504400 0.02246100 0.02689000
22 0.66357400 0.81213700 0.02441400 0.02689000
12 0.72265600 0.81141000 0.02343800 0.02689000
0 0.75195300 0.81068300 0.02343800 0.02689000
4 0.78125000 0.81032000 0.02343800 0.02616300
22 0.09179700 0.85792200 0.02343800 0.02689000
18 0.15136700 0.85864800 0.02343800 0.02689000
0 0.18164100 0.85901200 0.02343800 0.02616300
12 0.21191400 0.85973800 0.02343800 0.02616300
15 0.33349600 0.85683100 0.02441400 0.02761600
17 0.36377000 0.85610500 0.02441400 0.02761600
0 0.39404300 0.85537800 0.02441400 0.02761600
25 0.42480500 0.85465100 0.02343800 0.02761600
3 0.45556600 0.85392400 0.02441400 0.02761600
13 0.48535200 0.85319800 0.02343800 0.02761600
8 0.51513700 0.85283400 0.02441400 0.02689000
10 0.54492200 0.85247100 0.02343800 0.02616300
22 0.63574200 0.85029100 0.02343800 0.02616300
15 0.69433600 0.84883700 0.02343800 0.02616300
4 0.72363300 0.84847400 0.02343800 0.02543600
17 0.75293000 0.84774700 0.02343800 0.02543600
22 0.78271500 0.84738400 0.02246100 0.02616300
3 0.84277300 0.88408400 0.02343800 0.02689000
4 0.87207000 0.88372100 0.02343800 0.02616300
13 0.90234400 0.88299400 0.02343800 0.02616300
