3 0.20781250 0.19687500 0.10937500 0.19218750
16 0.33593750 0.19218750 0.11250000 0.19687500
14 0.46875000 0.17500000 0.11875000 0.21562500
20 0.59062500 0.13281250 0.10468750 0.20156250
17 0.48750000 0.43437500 0.09531250 0.19843750
16 0.13281250 0.82500000 0.13437500 0.21875000
4 0.26875000 0.78750000 0.12500000 0.22812500
25 0.40312500 0.75625000 0.11406250 0.21875000
2 0.22656250 0.47187500 0.11718750 0.21250000
0 0.36250000 0.44687500 0.10781250 0.19687500
4 0.70000000 0.13281250 0.10937500 0.21093750
4 0.60781250 0.40937500 0.10468750 0.21875000
