7 0.05468750 0.17500000 0.09531250 0.18906250
18 0.16718750 0.13906250 0.09843750 0.20156250
25 0.28750000 0.10781250 0.10000000 0.18437500
17 0.59843750 0.09687500 0.08750000 0.16250000
13 0.06562500 0.67500000 0.12187500 0.22343750
4 0.19531250 0.65468750 0.10937500 0.21093750
22 0.33281250 0.61250000 0.11406250 0.21562500
18 0.45468750 0.58125000 0.09375000 0.19687500
6 0.35000000 0.89218750 0.10000000 0.21562500
14 0.48125000 0.85156250 0.10781250 0.19687500
13 0.59062500 0.80000000 0.09531250 0.20312500
18 0.64843750 0.51875000 0.09531250 0.18750000
0 0.68281250 0.09375000 0.08125000 0.15312500
4 0.69375000 0.76093750 0.09375000 0.19375000
