1 0.24951200 0.31976700 0.01660200 0.02470900
14 0.27539100 0.31831400 0.01562500 0.02470900
9 0.30273400 0.31468000 0.01562500 0.02470900
4 0.33300800 0.31431700 0.01562500 0.02398300
4 0.36230500 0.31359000 0.01562500 0.02398300
8 0.48779300 0.31177300 0.01464800 0.02325600
25 0.51806600 0.31177300 0.01464800 0.02325600
12 0.54785200 0.31250000 0.01367200 0.02325600
4 0.57910200 0.31322700 0.01367200 0.02325600
13 0.60839800 0.31322700 0.01367200 0.02325600
23 0.69287100 0.31540700 0.01464800 0.02325600
8 0.71972700 0.31613400 0.01367200 0.02325600
18 0.79589800 0.31904100 0.01367200 0.02180200
11 0.82031200 0.32049400 0.01367200 0.02180200
0 0.84375000 0.32122100 0.01367200 0.02180200
1 0.25097700 0.36264500 0.01562500 0.02470900
16 0.36425800 0.35755800 0.01562500 0.02470900
4 0.39550800 0.35610500 0.01562500 0.02470900
11 0.42627000 0.35610500 0.01464800 0.02470900
14 0.45752000 0.35574100 0.01464800 0.02543600
22 0.48877000 0.35537800 0.01464800 0.02470900
4 0.51904300 0.35537800 0.01464800 0.02470900
10 0.54931600 0.35574100 0.01464800 0.02398300
8 0.60937500 0.35574100 0.01367200 0.02398300
13 0.66601600 0.35683100 0.01367200 0.02325600
4 0.69433600 0.35755800 0.01367200 0.02325600
1 0.74609400 0.35828500 0.01367200 0.02325600
20 0.77148400 0.35901200 0.01367200 0.02325600
3 0.79638700 0.35973800 0.01269500 0.02325600
4 0.82080100 0.36046500 0.01269500 0.02325600
19 0.84423800 0.36082800 0.01269500 0.02252900
4 0.25195300 0.40443300 0.01562500 0.02543600
12 0.27832000 0.40370600 0.01562500 0.02543600
20 0.30664100 0.40298000 0.01562500 0.02543600
9 0.36718800 0.40152600 0.01562500 0.02543600
8 0.39648400 0.40116300 0.01562500 0.02470900
25 0.42773400 0.40079900 0.01562500 0.02543600
13 0.45898400 0.39970900 0.01562500 0.02470900
8 0.49023400 0.39970900 0.01562500 0.02470900
8 0.61035200 0.39861900 0.01367200 0.02252900
18 0.66796900 0.39898300 0.01367200 0.02325600
22 0.69531200 0.39934600 0.01367200 0.02252900
4 0.72216800 0.39934600 0.01269500 0.02252900
19 0.74707000 0.39934600 0.01367200 0.02252900
14 0.79736300 0.39934600 0.01269500 0.02252900
19 0.82226600 0.39934600 0.01367200 0.02252900
22 0.84521500 0.40079900 0.01269500 0.02252900
4 0.86767600 0.40079900 0.01269500 0.02252900
17 0.88916000 0.40079900 0.01269500 0.02252900
13 0.25390600 0.44767400 0.01562500 0.02470900
19 0.30810500 0.44694800 0.01660200 0.02470900
18 0.33837900 0.44622100 0.01660200 0.02470900
14 0.42968800 0.44404100 0.01562500 0.02470900
19 0.46093800 0.44331400 0.01562500 0.02470900
13 0.52148400 0.44186000 0.01562500 0.02470900
4 0.55224600 0.44222400 0.01464800 0.02398300
6 0.58203100 0.44222400 0.01562500 0.02398300
14 0.61084000 0.44186000 0.01464800 0.02470900
0 0.72216800 0.44149700 0.01269500 0.02252900
10 0.82275400 0.44040700 0.01269500 0.02180200
0 0.84619100 0.43968000 0.01269500 0.02180200
10 0.87011700 0.44077000 0.01171900 0.02107600
18 0.25537100 0.49018900 0.01464800 0.02398300
10 0.28173800 0.48946200 0.01464800 0.02398300
0 0.31005900 0.48873500 0.01464800 0.02398300
25 0.33935500 0.48800900 0.01464800 0.02398300
0 0.36865200 0.48728200 0.01464800 0.02398300
11 0.39990200 0.48764500 0.01464800 0.02470900
3 0.49267600 0.48619200 0.01464800 0.02470900
0 0.58300800 0.48473800 0.01367200 0.02470900
4 0.69677700 0.48292200 0.01269500 0.02398300
12 0.72314500 0.48219500 0.01269500 0.02398300
4 0.74853500 0.48146800 0.01269500 0.02398300
2 0.77392600 0.48110500 0.01269500 0.02325600
4 0.31201200 0.53161300 0.01464800 0.02398300
18 0.34033200 0.53161300 0.01464800 0.02398300
11 0.37109400 0.53161300 0.01562500 0.02398300
8 0.40136700 0.53125000 0.01562500 0.02470900
16 0.46435500 0.53088700 0.01464800 0.02398300
4 0.49462900 0.52943300 0.01464800 0.02398300
21 0.52636700 0.52870600 0.01562500 0.02398300
14 0.55419900 0.52798000 0.01464800 0.02398300
22 0.58398400 0.52725300 0.01562500 0.02398300
4 0.61328100 0.52579900 0.01562500 0.02398300
10 0.64111300 0.52579900 0.01464800 0.02398300
0 0.66845700 0.52507300 0.01464800 0.02398300
7 0.72363300 0.52289200 0.01367200 0.02252900
14 0.75000000 0.52216600 0.01367200 0.02252900
19 0.77539100 0.52107600 0.01367200 0.02180200
1 0.84668000 0.51853200 0.01367200 0.02252900
13 0.25830100 0.57412800 0.01660200 0.02470900
0 0.28564500 0.57485500 0.01464800 0.02470900
12 0.34179700 0.57412800 0.01562500 0.02470900
8 0.37207000 0.57412800 0.01562500 0.02470900
6 0.40332000 0.57340100 0.01562500 0.02470900
14 0.46435500 0.57194800 0.01464800 0.02470900
18 0.49414100 0.57158400 0.01562500 0.02398300
19 0.52490200 0.57085800 0.01464800 0.02398300
0 0.55468800 0.56976700 0.01562500 0.02325600
22 0.58544900 0.56867700 0.01464800 0.02398300
8 0.61425800 0.56795100 0.01562500 0.02398300
19 0.64257800 0.56722400 0.01562500 0.02398300
18 0.69775400 0.56577000 0.01464800 0.02398300
22 0.72558600 0.56359000 0.01367200 0.02252900
4 0.75146500 0.56286300 0.01269500 0.02252900
19 0.77587900 0.56141000 0.01269500 0.02252900
14 0.82470700 0.55923000 0.01269500 0.02252900
13 0.84814500 0.55777600 0.01269500 0.02252900
19 0.26025400 0.61591600 0.01464800 0.02398300
14 0.28662100 0.61591600 0.01464800 0.02398300
19 0.31396500 0.61591600 0.01464800 0.02398300
16 0.37402300 0.61664200 0.01562500 0.02398300
0 0.40332000 0.61591600 0.01562500 0.02398300
18 0.43457000 0.61555200 0.01562500 0.02325600
9 0.49609400 0.61337200 0.01562500 0.02325600
4 0.52636700 0.61228200 0.01562500 0.02398300
13 0.58496100 0.61010200 0.01562500 0.02398300
0 0.61425800 0.60937500 0.01562500 0.02398300
15 0.64306600 0.60828500 0.01464800 0.02325600
14 0.67138700 0.60683100 0.01464800 0.02325600
11 0.69824200 0.60574100 0.01367200 0.02252900
13 0.72558600 0.60428800 0.01367200 0.02252900
8 0.75195300 0.60283400 0.01367200 0.02252900
19 0.77734400 0.60101700 0.01367200 0.02180200
18 0.82666000 0.59811000 0.01269500 0.02180200
19 0.26074200 0.65625000 0.01562500 0.02325600
12 0.31494100 0.65770300 0.01660200 0.02325600
14 0.34423800 0.65843000 0.01660200 0.02470900
