12 0.18437500 0.05902778 0.03593750 0.11458333
4 0.41406250 0.05902778 0.03593750 0.11805556
15 0.50468750 0.06597222 0.03750000 0.12152778
14 0.55156250 0.06597222 0.03593750 0.12847222
18 0.59687500 0.06944444 0.03437500 0.12152778
18 0.64218750 0.06944444 0.03750000 0.12500000
8 0.68750000 0.06944444 0.03437500 0.12152778
12 0.82187500 0.07291667 0.03593750 0.11805556
0 0.86406250 0.07291667 0.03437500 0.11805556
10 0.90937500 0.07638889 0.03750000 0.11805556
4 0.95000000 0.07986111 0.03437500 0.11805556
0 0.14375000 0.23263889 0.04843750 0.13194444
18 0.22968750 0.22916667 0.03750000 0.12500000
8 0.55156250 0.23958333 0.03750000 0.12500000
17 0.82343750 0.24652778 0.03437500 0.12500000
12 0.95156250 0.25000000 0.03437500 0.11805556
14 0.18437500 0.40277778 0.03750000 0.12500000
14 0.41406250 0.40625000 0.03750000 0.12847222
17 0.50468750 0.40625000 0.03750000 0.12500000
5 0.68593750 0.41319444 0.03906250 0.12500000
4 0.77656250 0.41666667 0.03593750 0.13194444
1 0.86562500 0.40972222 0.03437500 0.12152778
14 0.90937500 0.41666667 0.03437500 0.12500000
0 0.95468750 0.41319444 0.03593750 0.12152778
0 0.14062500 0.56597222 0.03593750 0.11458333
22 0.18437500 0.57638889 0.03750000 0.11805556
0 0.22812500 0.56944444 0.03437500 0.11458333
24 0.27656250 0.57291667 0.04062500 0.11805556
11 0.37031250 0.57291667 0.04062500 0.12152778
1 0.45937500 0.57638889 0.04062500 0.11805556
4 0.54843750 0.57291667 0.03437500 0.11805556
5 0.68593750 0.57638889 0.03593750 0.11805556
0 0.77656250 0.57638889 0.03593750 0.10763889
2 0.86406250 0.57638889 0.03281250 0.11458333
17 0.90625000 0.57986111 0.03281250 0.11805556
21 0.14062500 0.73958333 0.03906250 0.13194444
14 0.18437500 0.74305556 0.03437500 0.12500000
8 0.22968750 0.74305556 0.03593750 0.12500000
2 0.27500000 0.74305556 0.03437500 0.11805556
4 0.32031250 0.73958333 0.03593750 0.11805556
18 0.36718750 0.74305556 0.03593750 0.12500000
17 0.59062500 0.74652778 0.03437500 0.12152778
0 0.63593750 0.75000000 0.03281250 0.11805556
19 0.68437500 0.74652778 0.03437500 0.12152778
19 0.72968750 0.74652778 0.03750000 0.11111111
11 0.77500000 0.74652778 0.03593750 0.11805556
18 0.14062500 0.90625000 0.03593750 0.11805556
18 0.63906250 0.91666667 0.03750000 0.12152778
