18 0.21777300 0.16097400 0.01367200 0.02107600
20 0.23974600 0.15734000 0.01464800 0.02107600
23 0.26513700 0.15479700 0.01464800 0.02180200
4 0.29150400 0.15225300 0.01464800 0.02107600
18 0.31787100 0.14934600 0.01464800 0.02107600
19 0.34521500 0.15079900 0.01464800 0.02107600
22 0.37353500 0.15007300 0.01464800 0.02107600
14 0.40087900 0.15043600 0.01464800 0.02034900
22 0.42773400 0.15261600 0.01562500 0.02034900
0 0.45410200 0.15261600 0.01562500 0.02034900
13 0.47949200 0.15407000 0.01562500 0.02034900
8 0.50585900 0.15770300 0.01562500 0.02034900
8 0.53222700 0.16097400 0.01562500 0.02107600
10 0.58007800 0.16715100 0.01562500 0.02034900
14 0.60351600 0.17005800 0.01562500 0.02034900
19 0.62793000 0.17332800 0.01562500 0.02107600
14 0.64794900 0.17514500 0.01464800 0.02034900
17 0.67138700 0.17877900 0.01464800 0.02034900
7 0.71386700 0.18604700 0.01367200 0.01889500
13 0.21728500 0.19767400 0.01464800 0.02180200
4 0.24169900 0.19404100 0.01464800 0.02180200
19 0.26611300 0.19186000 0.01464800 0.02180200
18 0.31787100 0.18750000 0.01464800 0.02180200
12 0.34521500 0.18532000 0.01464800 0.02180200
18 0.40039100 0.18568300 0.01562500 0.02107600
11 0.42675800 0.18750000 0.01562500 0.02180200
0 0.45263700 0.18931700 0.01464800 0.02107600
0 0.50488300 0.19295100 0.01562500 0.02107600
12 0.55419900 0.19658400 0.01464800 0.02107600
14 0.58056600 0.20094500 0.01464800 0.01962200
9 0.60498000 0.20385200 0.01464800 0.01962200
4 0.62939500 0.20675900 0.01464800 0.01962200
19 0.65185500 0.21002900 0.01464800 0.02034900
8 0.69433600 0.21620600 0.01367200 0.01962200
4 0.21826200 0.23437500 0.01464800 0.02252900
18 0.24072300 0.23110500 0.01464800 0.02180200
19 0.26709000 0.22819800 0.01464800 0.02180200
10 0.26416000 0.26453500 0.01464800 0.02180200
14 0.29150400 0.26344500 0.01464800 0.02252900
17 0.31884800 0.26308100 0.01464800 0.02180200
14 0.34716800 0.26162800 0.01464800 0.02180200
1 0.37255900 0.26162800 0.01464800 0.02180200
14 0.40087900 0.26235500 0.01464800 0.02180200
16 0.42919900 0.26162800 0.01464800 0.02180200
10 0.45654300 0.26308100 0.01464800 0.02180200
0 0.48095700 0.26526200 0.01464800 0.02180200
15 0.55859400 0.27107600 0.01562500 0.02180200
14 0.58349600 0.27289200 0.01464800 0.02107600
12 0.60693400 0.27470900 0.01464800 0.02034900
4 0.63085900 0.27725300 0.01367200 0.01962200
23 0.65332000 0.27943300 0.01367200 0.01962200
8 0.67480500 0.28161300 0.01367200 0.01962200
10 0.69628900 0.28379400 0.01367200 0.01962200
8 0.73828100 0.28815400 0.01367200 0.01962200
11 0.75927700 0.29033400 0.01269500 0.01816900
8 0.77978500 0.29251500 0.01269500 0.01816900
13 0.21630900 0.30704900 0.01464800 0.02252900
4 0.24072300 0.30486900 0.01464800 0.02252900
19 0.26513700 0.30196200 0.01464800 0.02252900
0 0.31787100 0.30087200 0.01464800 0.02325600
12 0.37353500 0.29978200 0.01464800 0.02252900
14 0.40087900 0.29905500 0.01464800 0.02252900
9 0.42919900 0.30050900 0.01464800 0.02252900
4 0.45654300 0.30159900 0.01464800 0.02180200
19 0.48242200 0.30087200 0.01367200 0.02180200
8 0.53515600 0.30523300 0.01367200 0.02180200
3 0.58398400 0.30886600 0.01367200 0.02180200
0 0.60742200 0.31104700 0.01367200 0.02180200
7 0.23974600 0.34084300 0.01464800 0.02180200
14 0.26416000 0.34011600 0.01464800 0.02180200
25 0.29150400 0.33866300 0.01464800 0.02180200
18 0.37451200 0.33720900 0.01464800 0.02180200
19 0.40283200 0.33793600 0.01464800 0.02180200
22 0.43017600 0.33793600 0.01464800 0.02180200
4 0.45703100 0.33866300 0.01562500 0.02180200
13 0.48388700 0.34011600 0.01464800 0.02180200
13 0.50976600 0.34084300 0.01562500 0.02180200
0 0.53613300 0.34193300 0.01562500 0.02252900
11 0.60937500 0.34665700 0.01367200 0.02180200
8 0.63232400 0.34811000 0.01464800 0.02180200
16 0.65527300 0.34883700 0.01367200 0.02034900
13 0.67822300 0.35101700 0.01269500 0.02034900
14 0.70019500 0.35247100 0.01367200 0.02034900
18 0.72168000 0.35465100 0.01367200 0.02034900
19 0.74218800 0.35610500 0.01367200 0.02034900
13 0.21533200 0.38008700 0.01464800 0.02180200
14 0.24023400 0.38008700 0.01562500 0.02180200
10 0.29101600 0.37681700 0.01562500 0.02252900
0 0.31884800 0.37681700 0.01464800 0.02252900
10 0.34668000 0.37609000 0.01562500 0.02252900
6 0.40283200 0.37536300 0.01464800 0.02252900
14 0.43066400 0.37609000 0.01562500 0.02252900
22 0.45800800 0.37645300 0.01562500 0.02325600
14 0.48388700 0.37718000 0.01464800 0.02180200
17 0.51025400 0.37827000 0.01464800 0.02252900
8 0.53662100 0.37936000 0.01464800 0.02180200
19 0.56201200 0.38045100 0.01464800 0.02252900
16 0.63476600 0.38372100 0.01367200 0.02034900
8 0.65673800 0.38517400 0.01269500 0.02034900
16 0.67919900 0.38626500 0.01269500 0.02107600
8 0.70019500 0.38771800 0.01367200 0.02107600
10 0.72168000 0.38844500 0.01367200 0.02107600
14 0.74365200 0.38989800 0.01269500 0.02107600
22 0.76464800 0.39098800 0.01367200 0.02034900
13 0.21630900 0.41896800 0.01464800 0.02252900
0 0.24023400 0.41751500 0.01562500 0.02252900
17 0.29199200 0.41460800 0.01562500 0.02252900
4 0.31933600 0.41460800 0.01562500 0.02252900
3 0.34716800 0.41460800 0.01464800 0.02252900
10 0.37500000 0.41460800 0.01562500 0.02252900
14 0.40283200 0.41460800 0.01464800 0.02252900
18 0.43115200 0.41388100 0.01464800 0.02252900
19 0.45800800 0.41388100 0.01562500 0.02252900
19 0.53808600 0.41606100 0.01562500 0.02252900
20 0.56298800 0.41678800 0.01464800 0.02252900
15 0.58740200 0.41787800 0.01269500 0.02180200
14 0.61230500 0.41896800 0.01367200 0.02107600
22 0.63525400 0.41969500 0.01269500 0.02107600
0 0.65820300 0.42042200 0.01367200 0.02107600
19 0.68066400 0.42114800 0.01367200 0.02107600
0 0.70214800 0.42187500 0.01367200 0.02107600
25 0.21630900 0.45566900 0.01464800 0.02180200
13 0.23974600 0.45457800 0.01464800 0.02252900
0 0.26513700 0.45457800 0.01464800 0.02252900
16 0.29248000 0.45385200 0.01464800 0.02252900
8 0.32080100 0.45348800 0.01464800 0.02180200
19 0.34814500 0.45312500 0.01464800 0.02252900
14 0.40380900 0.45203500 0.01464800 0.02180200
13 0.43164100 0.45312500 0.01562500 0.02252900
0 0.45898400 0.45385200 0.01562500 0.02252900
11 0.51269500 0.45385200 0.01562500 0.02252900
8 0.53857400 0.45421500 0.01464800 0.02180200
1 0.56347700 0.45421500 0.01367200 0.02180200
14 0.58837900 0.45494200 0.01464800 0.02180200
8 0.63623000 0.45566900 0.01464800 0.02180200
12 0.65918000 0.45566900 0.01367200 0.02180200
4 0.68164100 0.45639500 0.01367200 0.02180200
4 0.70410200 0.45712200 0.01367200 0.02034900
19 0.72607400 0.45784900 0.01464800 0.02034900
15 0.21533200 0.49418600 0.01464800 0.02325600
17 0.23974600 0.49345900 0.01464800 0.02325600
14 0.26562500 0.49309600 0.01562500 0.02252900
1 0.29248000 0.49236900 0.01464800 0.02252900
11 0.31982400 0.49164200 0.01464800 0.02252900
4 0.34863300 0.49164200 0.01562500 0.02252900
12 0.37695300 0.49091600 0.01562500 0.02252900
18 0.46044900 0.49091600 0.01464800 0.02252900
20 0.51367200 0.49091600 0.01562500 0.02252900
12 0.53906200 0.49091600 0.01562500 0.02252900
18 0.56494100 0.49091600 0.01464800 0.02252900
19 0.58935500 0.49127900 0.01464800 0.02180200
22 0.61474600 0.49164200 0.01464800 0.02252900
4 0.63818400 0.49091600 0.01464800 0.02107600
13 0.66113300 0.49164200 0.01367200 0.02107600
13 0.68310500 0.49164200 0.01464800 0.02107600
12 0.72753900 0.49236900 0.01367200 0.02107600
17 0.21630900 0.53197700 0.01464800 0.02325600
0 0.24023400 0.53197700 0.01562500 0.02325600
25 0.26611300 0.53125000 0.01660200 0.02325600
22 0.29345700 0.53088700 0.01660200 0.02398300
8 0.32128900 0.53052300 0.01562500 0.02325600
19 0.34912100 0.53016000 0.01660200 0.02398300
8 0.37744100 0.52979700 0.01660200 0.02325600
4 0.40576200 0.52943300 0.01660200 0.02398300
12 0.43310500 0.52870600 0.01464800 0.02252900
11 0.48779300 0.52907000 0.01464800 0.02180200
8 0.51416000 0.52834300 0.01464800 0.02180200
1 0.53955100 0.52834300 0.01464800 0.02180200
14 0.56494100 0.52798000 0.01464800 0.02252900
22 0.61572300 0.52761600 0.01464800 0.02180200
3 0.66259800 0.52689000 0.01464800 0.02180200
4 0.68505900 0.52761600 0.01464800 0.02180200
19 0.70703100 0.52725300 0.01367200 0.02107600
18 0.72900400 0.52725300 0.01464800 0.02107600
19 0.75097700 0.52761600 0.01367200 0.02034900
22 0.21582000 0.57122100 0.01562500 0.02325600
4 0.24072300 0.57049400 0.01660200 0.02325600
17 0.34912100 0.56940400 0.01660200 0.02398300
14 0.37744100 0.56904100 0.01660200 0.02325600
3 0.40576200 0.56831400 0.01660200 0.02325600
8 0.43359400 0.56722400 0.01562500 0.02252900
19 0.46191400 0.56686000 0.01562500 0.02325600
4 0.48828100 0.56649700 0.01562500 0.02252900
11 0.51464800 0.56613400 0.01562500 0.02325600
8 0.54101600 0.56577000 0.01562500 0.02252900
11 0.56640600 0.56577000 0.01562500 0.02252900
8 0.59277300 0.56504400 0.01367200 0.02252900
13 0.64111300 0.56431700 0.01464800 0.02252900
4 0.66455100 0.56359000 0.01464800 0.02252900
25 0.21533200 0.60973800 0.01464800 0.02325600
0 0.23925800 0.60973800 0.01562500 0.02325600
13 0.26464800 0.60973800 0.01562500 0.02325600
8 0.29248000 0.60901200 0.01660200 0.02325600
12 0.32031200 0.60901200 0.01562500 0.02325600
0 0.34863300 0.60864800 0.01562500 0.02398300
11 0.37646500 0.60828500 0.01660200 0.02325600
8 0.40576200 0.60792200 0.01660200 0.02398300
18 0.43359400 0.60683100 0.01562500 0.02325600
4 0.51660200 0.60501500 0.01562500 0.02252900
8 0.59521500 0.60283400 0.01464800 0.02252900
16 0.64306600 0.60138100 0.01464800 0.02252900
4 0.66601600 0.60065400 0.01562500 0.02252900
11 0.68896500 0.59992700 0.01464800 0.02252900
14 0.71191400 0.59956400 0.01367200 0.02180200
22 0.73437500 0.59920100 0.01367200 0.02107600
4 0.75488300 0.59847400 0.01367200 0.02107600
10 0.77636700 0.59811000 0.01367200 0.02180200
15 0.21435500 0.64898300 0.01464800 0.02325600
17 0.23877000 0.64898300 0.01660200 0.02325600
4 0.26464800 0.64898300 0.01562500 0.02325600
10 0.29199200 0.64898300 0.01562500 0.02325600
17 0.34814500 0.64898300 0.01660200 0.02325600
0 0.37646500 0.64898300 0.01660200 0.02325600
19 0.40576200 0.64861900 0.01660200 0.02398300
8 0.43408200 0.64643900 0.01660200 0.02398300
11 0.46240200 0.64571200 0.01660200 0.02398300
17 0.51709000 0.64389500 0.01660200 0.02325600
0 0.54345700 0.64316900 0.01660200 0.02325600
25 0.57031200 0.64244200 0.01562500 0.02325600
22 0.59619100 0.64135200 0.01464800 0.02252900
8 0.62109400 0.64026200 0.01562500 0.02325600
22 0.64453100 0.63917200 0.01562500 0.02252900
0 0.66845700 0.63808100 0.01464800 0.02180200
19 0.69091800 0.63735500 0.01464800 0.02180200
18 0.73681600 0.63517400 0.01464800 0.02180200
22 0.21435500 0.69004400 0.01660200 0.02398300
20 0.26513700 0.69004400 0.01660200 0.02398300
12 0.29248000 0.68968000 0.01660200 0.02470900
18 0.31982400 0.68931700 0.01660200 0.02398300
19 0.34863300 0.68931700 0.01757800 0.02398300
22 0.37793000 0.68895300 0.01757800 0.02470900
4 0.40625000 0.68822700 0.01757800 0.02470900
13 0.43457000 0.68677300 0.01757800 0.02470900
14 0.46289100 0.68604700 0.01757800 0.02470900
12 0.49023400 0.68495600 0.01757800 0.02398300
15 0.54541000 0.68241300 0.01660200 0.02470900
11 0.57080100 0.68132300 0.01660200 0.02398300
0 0.59619100 0.68023300 0.01660200 0.02470900
13 0.62158200 0.67914200 0.01660200 0.02398300
4 0.64648400 0.67768900 0.01562500 0.02398300
0 0.21435500 0.72965100 0.01464800 0.02470900
18 0.26513700 0.73074100 0.01660200 0.02398300
14 0.29199200 0.73074100 0.01562500 0.02398300
1 0.31933600 0.73001500 0.01562500 0.02398300
0 0.34863300 0.73110500 0.01757800 0.02470900
10 0.37744100 0.72965100 0.01660200 0.02470900
4 0.40673800 0.72819800 0.01660200 0.02470900
22 0.43554700 0.72747100 0.01757800 0.02470900
8 0.46386700 0.72601700 0.01757800 0.02470900
16 0.49121100 0.72456400 0.01757800 0.02470900
15 0.57275400 0.72056700 0.01660200 0.02398300
18 0.59814500 0.71911300 0.01660200 0.02398300
8 0.62353500 0.71729700 0.01660200 0.02325600
7 0.64794900 0.71548000 0.01660200 0.02398300
22 0.23974600 0.76925900 0.01464800 0.02398300
18 0.29248000 0.77071200 0.01464800 0.02398300
19 0.32080100 0.77071200 0.01464800 0.02398300
0 0.34863300 0.77180200 0.01757800 0.02470900
22 0.37793000 0.77071200 0.01757800 0.02398300
11 0.40722700 0.76962200 0.01757800 0.02470900
4 0.46484400 0.76635200 0.01757800 0.02398300
19 0.49218800 0.76489800 0.01757800 0.02398300
13 0.54687500 0.76199100 0.01757800 0.02398300
0 0.57373000 0.76017400 0.01660200 0.02325600
15 0.62402300 0.75617700 0.01562500 0.02252900
14 0.64892600 0.75399700 0.01660200 0.02252900
10 0.67236300 0.75254400 0.01660200 0.02252900
0 0.69628900 0.75036300 0.01562500 0.02252900
25 0.72021500 0.74891000 0.01660200 0.02252900
18 0.21386700 0.80814000 0.01562500 0.02325600
22 0.23925800 0.80886600 0.01562500 0.02325600
14 0.26562500 0.80995600 0.01562500 0.02398300
18 0.35058600 0.81250000 0.01562500 0.02325600
8 0.37890600 0.81068300 0.01562500 0.02398300
11 0.40722700 0.81068300 0.01562500 0.02398300
20 0.43652300 0.80850300 0.01757800 0.02252900
8 0.49365200 0.80595900 0.01855500 0.02325600
13 0.54785200 0.80159900 0.01757800 0.02325600
4 0.57519500 0.79941900 0.01757800 0.02325600
17 0.60058600 0.79796500 0.01757800 0.02325600
20 0.62597700 0.79505800 0.01562500 0.02180200
8 0.67578100 0.78960800 0.01562500 0.02107600
12 0.69824200 0.78706400 0.01562500 0.02180200
14 0.72119100 0.78452000 0.01464800 0.02107600
18 0.74462900 0.78125000 0.01464800 0.02180200
19 0.76660200 0.77870600 0.01562500 0.02107600
