25 0.27441400 0.09920100 0.02148400 0.02252900
0 0.29834000 0.09665700 0.02050800 0.02180200
22 0.32568400 0.09411300 0.02246100 0.02252900
8 0.35253900 0.09048000 0.02148400 0.02252900
25 0.37890600 0.08866300 0.02148400 0.02325600
9 0.40527300 0.08684600 0.02148400 0.02252900
0 0.43164100 0.08466600 0.02148400 0.02252900
11 0.45996100 0.08248500 0.02148400 0.02252900
0 0.48828100 0.07957800 0.02148400 0.02252900
15 0.27343800 0.12972400 0.02148400 0.02252900
8 0.29882800 0.12790700 0.02148400 0.02325600
11 0.32617200 0.12572700 0.02148400 0.02325600
0 0.35253900 0.12391000 0.02148400 0.02252900
25 0.27294900 0.16206400 0.02050800 0.02325600
0 0.29736300 0.16061000 0.02050800 0.02325600
9 0.32519500 0.15915700 0.02148400 0.02325600
20 0.35156200 0.15697700 0.02148400 0.02325600
9 0.37890600 0.15479700 0.02148400 0.02325600
9 0.40527300 0.15261600 0.02148400 0.02325600
0 0.43310500 0.14970900 0.02246100 0.02325600
11 0.46044900 0.14825600 0.02246100 0.02325600
0 0.48828100 0.14607600 0.02148400 0.02325600
10 0.27099600 0.19404100 0.02246100 0.02325600
0 0.29785200 0.19222400 0.02148400 0.02398300
10 0.32519500 0.19077000 0.02148400 0.02398300
15 0.37793000 0.18750000 0.02148400 0.02325600
16 0.40478500 0.18604700 0.02050800 0.02325600
4 0.43310500 0.18423000 0.02050800 0.02398300
11 0.46044900 0.18277600 0.02050800 0.02398300
0 0.48828100 0.18059600 0.02148400 0.02398300
15 0.11962900 0.23837200 0.02050800 0.02325600
17 0.14306600 0.23691900 0.02050800 0.02325600
14 0.16748000 0.23546500 0.02050800 0.02325600
15 0.19189500 0.23364800 0.02050800 0.02252900
8 0.21826200 0.23183100 0.02050800 0.02325600
11 0.24365200 0.22965100 0.02050800 0.02325600
8 0.26904300 0.22819800 0.02050800 0.02325600
11 0.29638700 0.22710800 0.02246100 0.02398300
0 0.32177700 0.22529100 0.02246100 0.02470900
15 0.37841800 0.22093000 0.02246100 0.02470900
14 0.40478500 0.21947700 0.02246100 0.02470900
11 0.43359400 0.21802300 0.02148400 0.02470900
3 0.46044900 0.21657000 0.02246100 0.02470900
14 0.48828100 0.21511600 0.02148400 0.02470900
18 0.51709000 0.21329900 0.02246100 0.02543600
10 0.54492200 0.21293600 0.02343800 0.02470900
8 0.57519500 0.21148300 0.02343800 0.02470900
22 0.11816400 0.27034900 0.01953100 0.02325600
25 0.14209000 0.26889500 0.02050800 0.02325600
3 0.16650400 0.26744200 0.02050800 0.02325600
17 0.19189500 0.26598800 0.02050800 0.02325600
14 0.21630900 0.26453500 0.02050800 0.02325600
6 0.24267600 0.26308100 0.02050800 0.02325600
13 0.26757800 0.26162800 0.02148400 0.02325600
20 0.29589800 0.26017400 0.02148400 0.02325600
11 0.32275400 0.25872100 0.02050800 0.02325600
0 0.34960900 0.25690400 0.02148400 0.02398300
8 0.40527300 0.25363400 0.02343800 0.02470900
18 0.46044900 0.25145300 0.02246100 0.02470900
19 0.48877000 0.25000000 0.02246100 0.02470900
0 0.51709000 0.24927300 0.02246100 0.02470900
11 0.54541000 0.24782000 0.02246100 0.02470900
0 0.57421900 0.24673000 0.02343800 0.02543600
1 0.11669900 0.30159900 0.02050800 0.02325600
20 0.14160200 0.30087200 0.01953100 0.02325600
3 0.16650400 0.30050900 0.02050800 0.02398300
19 0.19043000 0.29905500 0.02148400 0.02398300
14 0.21533200 0.29796500 0.02050800 0.02325600
22 0.26806600 0.29542200 0.02050800 0.02398300
10 0.32177700 0.29251500 0.02050800 0.02398300
17 0.34863300 0.29106100 0.02148400 0.02398300
4 0.37597700 0.28997100 0.02148400 0.02470900
15 0.40380900 0.28888100 0.02246100 0.02398300
10 0.43212900 0.28742700 0.02246100 0.02398300
8 0.45996100 0.28597400 0.02148400 0.02398300
4 0.48925800 0.28488400 0.02148400 0.02470900
19 0.54687500 0.28270300 0.02343800 0.02470900
8 0.57617200 0.28125000 0.02343800 0.02470900
18 0.60546900 0.28052300 0.02343800 0.02470900
10 0.63623000 0.28016000 0.02441400 0.02543600
8 0.66650400 0.27870600 0.02441400 0.02543600
13 0.11572300 0.33611900 0.02050800 0.02398300
0 0.13916000 0.33539200 0.02050800 0.02398300
7 0.19043000 0.33284900 0.02148400 0.02325600
14 0.21582000 0.33175900 0.02148400 0.02398300
3 0.24072300 0.33030500 0.02050800 0.02398300
20 0.26709000 0.32921500 0.02050800 0.02325600
15 0.32128900 0.32667200 0.02148400 0.02398300
14 0.34863300 0.32521800 0.02148400 0.02398300
15 0.37548800 0.32412800 0.02246100 0.02470900
0 0.40429700 0.32340100 0.02148400 0.02470900
11 0.43212900 0.32267400 0.02246100 0.02470900
0 0.46093800 0.32194800 0.02148400 0.02470900
6 0.21435500 0.36482600 0.02050800 0.02325600
14 0.23974600 0.36373500 0.02050800 0.02398300
13 0.26660200 0.36300900 0.02148400 0.02398300
4 0.34863300 0.36046500 0.02148400 0.02470900
4 0.37500000 0.35973800 0.02148400 0.02470900
22 0.43164100 0.35755800 0.02148400 0.02470900
15 0.45996100 0.35683100 0.02148400 0.02470900
4 0.48877000 0.35610500 0.02246100 0.02470900
17 0.51806600 0.35537800 0.02246100 0.02470900
4 0.54785200 0.35392400 0.02343800 0.02470900
3 0.57568400 0.35319800 0.02246100 0.02470900
0 0.16210900 0.40079900 0.02148400 0.02398300
25 0.21386700 0.39934600 0.02148400 0.02398300
11 0.23828100 0.39825600 0.02148400 0.02470900
14 0.26562500 0.39752900 0.02148400 0.02470900
3 0.29296900 0.39643900 0.02148400 0.02398300
4 0.31933600 0.39571200 0.02148400 0.02398300
10 0.37500000 0.39462200 0.02148400 0.02470900
0 0.40332000 0.39389500 0.02148400 0.02470900
13 0.46044900 0.39244200 0.02246100 0.02470900
4 0.48828100 0.39171500 0.02148400 0.02470900
8 0.54687500 0.39062500 0.02343800 0.02543600
3 0.57714800 0.38953500 0.02343800 0.02470900
4 0.60644500 0.38844500 0.02343800 0.02543600
19 0.63671900 0.38771800 0.02343800 0.02543600
19 0.21240200 0.43277600 0.02050800 0.02398300
13 0.26464800 0.43204900 0.02148400 0.02398300
20 0.29296900 0.43132300 0.02148400 0.02398300
4 0.34716800 0.43023300 0.02246100 0.02470900
4 0.37548800 0.42950600 0.02246100 0.02470900
13 0.43212900 0.42768900 0.02246100 0.02543600
0 0.45947300 0.42732600 0.02246100 0.02470900
25 0.48877000 0.42696200 0.02246100 0.02543600
0 0.51709000 0.42659900 0.02246100 0.02470900
3 0.54638700 0.42623500 0.02246100 0.02543600
25 0.16015600 0.46875000 0.02148400 0.02470900
20 0.18554700 0.46802300 0.02148400 0.02470900
1 0.21191400 0.46802300 0.02148400 0.02470900
22 0.31933600 0.46584300 0.02148400 0.02470900
3 0.37500000 0.46475300 0.02148400 0.02398300
4 0.40234400 0.46439000 0.02148400 0.02470900
17 0.43115200 0.46402600 0.02246100 0.02543600
4 0.45947300 0.46366300 0.02246100 0.02470900
22 0.48828100 0.46329900 0.02148400 0.02543600
4 0.51806600 0.46293600 0.02246100 0.02616300
19 0.57812500 0.46220900 0.02343800 0.02616300
17 0.60742200 0.46184600 0.02343800 0.02543600
4 0.63720700 0.46148300 0.02246100 0.02616300
23 0.66796900 0.46111900 0.02343800 0.02543600
0 0.69873000 0.46039200 0.02441400 0.02689000
19 0.72900400 0.46075600 0.02441400 0.02616300
13 0.11035200 0.50254400 0.02148400 0.02398300
4 0.13525400 0.50327000 0.02050800 0.02398300
3 0.18505900 0.50254400 0.02050800 0.02398300
0 0.20996100 0.50218000 0.02148400 0.02470900
4 0.23730500 0.50218000 0.02148400 0.02470900
19 0.26416000 0.50181700 0.02050800 0.02398300
18 0.29150400 0.50145300 0.02246100 0.02470900
12 0.37451200 0.50036300 0.02246100 0.02543600
13 0.40283200 0.50036300 0.02246100 0.02543600
4 0.43017600 0.50000000 0.02246100 0.02470900
1 0.48925800 0.49854700 0.02343800 0.02616300
20 0.51757800 0.49854700 0.02343800 0.02616300
5 0.54785200 0.49854700 0.02343800 0.02616300
4 0.57714800 0.49854700 0.02343800 0.02616300
19 0.60742200 0.49854700 0.02343800 0.02616300
18 0.10986300 0.53742700 0.02050800 0.02398300
10 0.13378900 0.53779100 0.02148400 0.02470900
14 0.15820300 0.53779100 0.02148400 0.02470900
11 0.18359400 0.53742700 0.02148400 0.02398300
14 0.21044900 0.53706400 0.02050800 0.02470900
16 0.23681600 0.53706400 0.02050800 0.02470900
20 0.26318400 0.53670100 0.02050800 0.02398300
19 0.37353500 0.53633700 0.02246100 0.02470900
0 0.40234400 0.53633700 0.02148400 0.02470900
1 0.43066400 0.53597400 0.02148400 0.02543600
20 0.45947300 0.53561000 0.02246100 0.02616300
17 0.48779300 0.53561000 0.02246100 0.02616300
4 0.51806600 0.53561000 0.02246100 0.02616300
19 0.54736300 0.53561000 0.02246100 0.02616300
13 0.10888700 0.57158400 0.02050800 0.02398300
4 0.13232400 0.57122100 0.02050800 0.02470900
7 0.18359400 0.57194800 0.02148400 0.02470900
17 0.20947300 0.57231100 0.02050800 0.02543600
14 0.23535200 0.57231100 0.02148400 0.02543600
12 0.26171900 0.57231100 0.02148400 0.02543600
14 0.28906200 0.57231100 0.02148400 0.02543600
13 0.37255900 0.57267400 0.02246100 0.02470900
4 0.40136700 0.57303800 0.02148400 0.02543600
0 0.48779300 0.57231100 0.02246100 0.02543600
19 0.51757800 0.57231100 0.02343800 0.02689000
10 0.54785200 0.57267400 0.02343800 0.02616300
8 0.57812500 0.57267400 0.02343800 0.02616300
16 0.10791000 0.60537800 0.02050800 0.02470900
8 0.13183600 0.60574100 0.02148400 0.02398300
18 0.15722700 0.60683100 0.02148400 0.02470900
19 0.18261700 0.60755800 0.02148400 0.02470900
4 0.20800800 0.60755800 0.02148400 0.02470900
13 0.23486300 0.60792200 0.02050800 0.02543600
10 0.28808600 0.60864800 0.02148400 0.02543600
8 0.31591800 0.60864800 0.02246100 0.02543600
8 0.39990200 0.60901200 0.02246100 0.02616300
6 0.45849600 0.60973800 0.02246100 0.02616300
11 0.48779300 0.60973800 0.02246100 0.02616300
0 0.51757800 0.61010200 0.02343800 0.02689000
3 0.54785200 0.61010200 0.02343800 0.02689000
10 0.57812500 0.61010200 0.02343800 0.02689000
8 0.60888700 0.61082800 0.02441400 0.02689000
22 0.15576200 0.64207800 0.02050800 0.02543600
14 0.18164100 0.64280500 0.02148400 0.02543600
19 0.20703100 0.64280500 0.02148400 0.02543600
8 0.25976600 0.64425900 0.02148400 0.02543600
18 0.31543000 0.64498500 0.02148400 0.02543600
19 0.34277300 0.64571200 0.02148400 0.02543600
0 0.37158200 0.64607600 0.02246100 0.02616300
11 0.39941400 0.64571200 0.02343800 0.02689000
18 0.51757800 0.64789200 0.02343800 0.02689000
19 0.54785200 0.64898300 0.02343800 0.02761600
14 0.57861300 0.64898300 0.02441400 0.02761600
11 0.60986300 0.64934600 0.02441400 0.02689000
17 0.67138700 0.64934600 0.02441400 0.02689000
14 0.70214800 0.64970900 0.02539100 0.02761600
12 0.73193400 0.65007300 0.02441400 0.02689000
25 0.15527300 0.67768900 0.02148400 0.02543600
0 0.17919900 0.67841600 0.02246100 0.02543600
17 0.20654300 0.67914200 0.02246100 0.02543600
0 0.23242200 0.67986900 0.02148400 0.02543600
1 0.25976600 0.68059600 0.02148400 0.02543600
14 0.28662100 0.68132300 0.02246100 0.02543600
19 0.31396500 0.68204900 0.02246100 0.02689000
0 0.34228500 0.68314000 0.02246100 0.02616300
11 0.37011700 0.68386600 0.02343800 0.02616300
19 0.42822300 0.68459300 0.02246100 0.02761600
14 0.45800800 0.68532000 0.02343800 0.02761600
15 0.48681600 0.68604700 0.02441400 0.02761600
14 0.51709000 0.68641000 0.02441400 0.02834300
17 0.54834000 0.68677300 0.02441400 0.02761600
14 0.57861300 0.68713700 0.02441400 0.02834300
12 0.60986300 0.68750000 0.02441400 0.02761600
15 0.20556600 0.71475300 0.02246100 0.02543600
14 0.23242200 0.71584300 0.02148400 0.02616300
19 0.31347700 0.71911300 0.02148400 0.02543600
14 0.34179700 0.71984000 0.02343800 0.02689000
16 0.42773400 0.72274700 0.02343800 0.02689000
0 0.45703100 0.72347400 0.02343800 0.02689000
18 0.48681600 0.72420100 0.02441400 0.02689000
19 0.51757800 0.72492700 0.02343800 0.02689000
8 0.54785200 0.72565400 0.02343800 0.02689000
25 0.15380900 0.74854700 0.02246100 0.02616300
13 0.17822300 0.75000000 0.02246100 0.02616300
0 0.20459000 0.75109000 0.02246100 0.02543600
12 0.23095700 0.75218000 0.02246100 0.02616300
4 0.25830100 0.75363400 0.02246100 0.02616300
13 0.28564500 0.75436000 0.02246100 0.02616300
8 0.31298800 0.75617700 0.02246100 0.02689000
19 0.34130900 0.75763100 0.02246100 0.02689000
12 0.45703100 0.76162800 0.02343800 0.02761600
0 0.48681600 0.76344500 0.02441400 0.02834300
18 0.51757800 0.76417200 0.02539100 0.02834300
19 0.54834000 0.76489800 0.02441400 0.02834300
4 0.57910200 0.76562500 0.02539100 0.02834300
17 0.61035200 0.76635200 0.02539100 0.02834300
17 0.25732400 0.79069800 0.02246100 0.02616300
0 0.28369100 0.79215100 0.02246100 0.02616300
25 0.31298800 0.79360500 0.02246100 0.02616300
3 0.36865200 0.79687500 0.02246100 0.02689000
22 0.39843800 0.79796500 0.02343800 0.02761600
0 0.42675800 0.79941900 0.02343800 0.02761600
15 0.25683600 0.82812500 0.02343800 0.02689000
14 0.28418000 0.82957800 0.02343800 0.02689000
15 0.33984400 0.83284900 0.02343800 0.02761600
14 0.36914100 0.83466600 0.02343800 0.02689000
11 0.39794900 0.83648300 0.02441400 0.02761600
4 0.42724600 0.83829900 0.02441400 0.02834300
13 0.45752000 0.83975300 0.02441400 0.02834300
20 0.48779300 0.84120600 0.02441400 0.02834300
19 0.25537100 0.86518900 0.02246100 0.02689000
17 0.28271500 0.86736900 0.02246100 0.02689000
8 0.31054700 0.86918600 0.02343800 0.02616300
16 0.36816400 0.87318300 0.02343800 0.02689000
4 0.39697300 0.87500000 0.02441400 0.02761600
19 0.42627000 0.87681700 0.02441400 0.02834300
17 0.48681600 0.88081400 0.02441400 0.02761600
4 0.51806600 0.88226700 0.02441400 0.02761600
15 0.25341800 0.90261600 0.02441400 0.02761600
14 0.28173800 0.90443300 0.02441400 0.02689000
10 0.33886700 0.90952000 0.02539100 0.02834300
14 0.36767600 0.91206400 0.02441400 0.02761600
11 0.39599600 0.91388100 0.02441400 0.02834300
4 0.42529300 0.91569800 0.02441400 0.02761600
13 0.45556600 0.91751500 0.02441400 0.02834300
20 0.48584000 0.91969500 0.02441400 0.02834300
