3 0.31250000 0.08281250 0.08281250 0.16250000
0 0.40937500 0.08125000 0.08125000 0.15000000
3 0.51093750 0.08437500 0.08750000 0.15781250
18 0.68437500 0.08125000 0.08125000 0.15625000
14 0.76875000 0.08593750 0.07343750 0.15625000
11 0.84062500 0.10000000 0.05937500 0.12656250
11 0.69687500 0.28750000 0.08125000 0.14843750
21 0.60625000 0.50156250 0.08593750 0.15625000
13 0.62968750 0.72812500 0.08750000 0.17500000
0 0.52812500 0.72812500 0.08593750 0.16718750
0 0.60625000 0.28750000 0.08593750 0.14843750
8 0.41406250 0.51562500 0.08750000 0.17968750
11 0.79375000 0.28750000 0.09531250 0.14843750
3 0.72187500 0.72187500 0.08593750 0.17968750
8 0.70000000 0.49687500 0.08125000 0.16718750
