15 0.09472700 0.16894500 0.01953100 0.02018200
4 0.11523400 0.16731800 0.01953100 0.02083300
16 0.13623000 0.16601600 0.02050800 0.02083300
0 0.15869100 0.16406200 0.02050800 0.02083300
19 0.18115200 0.16308600 0.02050800 0.02148400
0 0.20361300 0.16113300 0.02050800 0.02148400
4 0.22509800 0.15918000 0.02050800 0.02148400
19 0.24853500 0.15722700 0.02050800 0.02148400
18 0.27050800 0.15527300 0.02148400 0.02148400
18 0.34082000 0.14941400 0.02148400 0.02148400
8 0.38916000 0.14518200 0.02050800 0.02083300
25 0.41406200 0.14290400 0.02148400 0.02148400
3 0.43750000 0.14160200 0.02148400 0.02148400
0 0.46191400 0.13964800 0.02148400 0.02148400
13 0.48535200 0.13769500 0.02148400 0.02148400
8 0.51269500 0.13574200 0.02148400 0.02148400
10 0.09277300 0.20247400 0.01953100 0.02083300
8 0.13574200 0.19921900 0.01953100 0.02083300
16 0.20117200 0.19498700 0.01953100 0.02148400
20 0.22363300 0.19303400 0.01953100 0.02148400
10 0.24609400 0.19108100 0.01953100 0.02148400
14 0.26953100 0.18912800 0.01953100 0.02148400
22 0.29296900 0.18717400 0.01953100 0.02148400
18 0.31689500 0.18587200 0.02050800 0.02148400
10 0.34033200 0.18391900 0.02050800 0.02148400
8 0.36474600 0.18196600 0.02050800 0.02148400
18 0.46191400 0.17480500 0.02148400 0.02278600
10 0.48730500 0.17317700 0.02148400 0.02213500
0 0.51318400 0.17122400 0.02246100 0.02213500
25 0.53857400 0.16959600 0.02246100 0.02278600
10 0.56494100 0.16829400 0.02246100 0.02278600
8 0.59179700 0.16666700 0.02343800 0.02213500
12 0.09179700 0.23600300 0.01953100 0.02018200
18 0.17871100 0.23014300 0.01953100 0.02018200
19 0.20068400 0.22851600 0.01855500 0.02083300
17 0.22314500 0.22721400 0.01855500 0.02083300
4 0.24658200 0.22558600 0.01855500 0.02018200
10 0.26855500 0.22395800 0.01953100 0.02083300
14 0.29199200 0.22233100 0.01953100 0.02018200
25 0.31543000 0.22102900 0.01953100 0.02018200
0 0.33886700 0.21940100 0.01953100 0.02083300
1 0.41210900 0.21419300 0.01953100 0.02083300
9 0.43701200 0.21256500 0.02050800 0.02148400
9 0.46142600 0.21093800 0.02050800 0.02083300
0 0.48730500 0.20996100 0.02148400 0.02148400
10 0.08691400 0.33854200 0.01953100 0.02083300
8 0.13085900 0.33658900 0.01953100 0.02083300
25 0.15332000 0.33561200 0.01953100 0.02148400
3 0.17578100 0.33496100 0.01953100 0.02148400
0 0.19726600 0.33398400 0.01953100 0.02083300
13 0.21972700 0.33300800 0.01953100 0.02148400
8 0.24316400 0.33235700 0.01953100 0.02148400
15 0.31250000 0.32845100 0.01953100 0.02148400
14 0.33691400 0.32779900 0.02148400 0.02148400
1 0.38574200 0.32584600 0.02148400 0.02148400
17 0.41064500 0.32487000 0.02050800 0.02213500
0 0.43603500 0.32389300 0.02050800 0.02148400
11 0.48632800 0.32194000 0.02148400 0.02148400
15 0.56494100 0.31835900 0.02246100 0.02213500
14 0.59179700 0.31770800 0.02148400 0.02213500
3 0.61914100 0.31640600 0.02148400 0.02213500
6 0.64550800 0.31608100 0.02343800 0.02278600
14 0.67236300 0.31477900 0.02246100 0.02278600
19 0.70068400 0.31380200 0.02246100 0.02343800
14 0.72900400 0.31315100 0.02246100 0.02343800
22 0.75732400 0.31217400 0.02246100 0.02408900
8 0.78613300 0.31119800 0.02343800 0.02343800
11 0.81445300 0.31022100 0.02343800 0.02408900
0 0.84375000 0.30924500 0.02343800 0.02474000
0 0.08642600 0.37337200 0.01855500 0.02148400
22 0.13037100 0.37207000 0.01855500 0.02148400
9 0.19726600 0.36946600 0.01953100 0.02148400
20 0.21923800 0.36849000 0.01855500 0.02213500
10 0.24169900 0.36783900 0.01855500 0.02213500
14 0.26464800 0.36686200 0.01953100 0.02148400
22 0.28906200 0.36588500 0.01953100 0.02213500
0 0.31250000 0.36523400 0.01953100 0.02213500
14 0.08544900 0.40722700 0.01855500 0.02148400
5 0.10693400 0.40657600 0.01855500 0.02148400
14 0.12841800 0.40625000 0.01855500 0.02083300
17 0.15087900 0.40592400 0.01855500 0.02148400
12 0.17334000 0.40527300 0.01855500 0.02148400
11 0.19531200 0.40527300 0.01953100 0.02148400
4 0.21728500 0.40462200 0.01855500 0.02148400
13 0.24169900 0.40462200 0.01855500 0.02148400
8 0.26464800 0.40364600 0.01953100 0.02213500
4 0.28808600 0.40299500 0.01953100 0.02213500
4 0.08496100 0.44303400 0.01953100 0.02148400
6 0.19482400 0.44075500 0.01855500 0.02213500
11 0.21679700 0.44043000 0.01953100 0.02148400
0 0.24072300 0.44010400 0.01855500 0.02213500
25 0.26416000 0.43977900 0.01855500 0.02148400
14 0.28759800 0.43945300 0.01855500 0.02083300
22 0.31103500 0.43912800 0.01855500 0.02148400
14 0.33544900 0.43912800 0.01855500 0.02148400
14 0.08252000 0.51302100 0.01855500 0.02083300
19 0.10498000 0.51302100 0.01855500 0.02083300
22 0.12744100 0.51302100 0.01855500 0.02083300
25 0.19384800 0.51269500 0.01855500 0.02148400
0 0.21630900 0.51269500 0.01855500 0.02148400
22 0.26269500 0.51302100 0.01953100 0.02213500
15 0.31005900 0.51302100 0.02050800 0.02213500
0 0.38427700 0.51302100 0.02050800 0.02213500
3 0.43359400 0.51367200 0.02148400 0.02213500
12 0.51025400 0.51334600 0.02050800 0.02278600
0 0.53613300 0.51367200 0.02148400 0.02343800
10 0.56298800 0.51367200 0.02246100 0.02343800
4 0.59130900 0.51367200 0.02246100 0.02343800
4 0.61816400 0.51367200 0.02148400 0.02343800
22 0.64502000 0.51367200 0.02246100 0.02343800
0 0.67431600 0.51367200 0.02246100 0.02343800
1 0.08154300 0.61914100 0.01855500 0.02083300
17 0.10302700 0.61979200 0.01855500 0.02083300
0 0.12451200 0.62011700 0.01855500 0.02148400
11 0.16943400 0.62174500 0.01855500 0.02083300
4 0.19238300 0.62239600 0.01953100 0.02083300
22 0.21484400 0.62304700 0.01953100 0.02213500
18 0.23730500 0.62369800 0.01953100 0.02213500
10 0.26025400 0.62434900 0.02050800 0.02213500
8 0.28320300 0.62467400 0.01953100 0.02148400
7 0.30761700 0.62532600 0.01953100 0.02148400
11 0.35595700 0.62695300 0.02050800 0.02213500
8 0.38037100 0.62760400 0.02050800 0.02213500
18 0.40625000 0.62825500 0.02148400 0.02343800
19 0.43066400 0.62890600 0.02148400 0.02343800
14 0.45605500 0.62988300 0.02148400 0.02278600
22 0.48144500 0.63053400 0.02148400 0.02278600
5 0.56250000 0.63248700 0.02148400 0.02278600
19 0.08056600 0.65429700 0.01855500 0.02083300
8 0.10302700 0.65527300 0.01855500 0.02018200
17 0.12451200 0.65592400 0.01855500 0.02018200
0 0.14648400 0.65657600 0.01953100 0.02018200
9 0.16894500 0.65722700 0.01953100 0.02018200
0 0.23681600 0.65983100 0.01855500 0.02018200
2 0.26025400 0.66048200 0.01855500 0.02018200
