18 0.15000000 0.71875000 0.10312500 0.20781250
7 0.26718750 0.69375000 0.11406250 0.21562500
8 0.24375000 0.41718750 0.10468750 0.21875000
13 0.36093750 0.39843750 0.10468750 0.23437500
4 0.38906250 0.65781250 0.10781250 0.21093750
16 0.51250000 0.63281250 0.10937500 0.21093750
20 0.08437500 0.17968750 0.11250000 0.17656250
4 0.20625000 0.15937500 0.09843750 0.20781250
13 0.33125000 0.11406250 0.10312500 0.22812500
2 0.59843750 0.34062500 0.10781250 0.23281250
4 0.65937500 0.87812500 0.10312500 0.21562500
4 0.63593750 0.61093750 0.11250000 0.21562500
