10 0.07187500 0.46484375 0.06875000 0.15468750
11 0.16718750 0.46015625 0.06875000 0.15468750
12 0.26250000 0.46015625 0.06875000 0.15703125
13 0.35625000 0.46718750 0.06562500 0.17343750
14 0.45000000 0.46953125 0.06562500 0.16640625
15 0.54531250 0.46484375 0.06875000 0.16640625
16 0.63906250 0.46484375 0.06250000 0.15937500
17 0.73593750 0.46718750 0.07187500 0.16875000
18 0.83125000 0.46250000 0.07031250 0.15937500
19 0.92656250 0.46015625 0.07500000 0.16171875
20 0.25937500 0.71562500 0.06562500 0.16640625
21 0.35468750 0.71562500 0.06406250 0.17343750
22 0.45000000 0.71093750 0.07031250 0.16640625
23 0.54531250 0.71796875 0.06250000 0.17812500
24 0.63906250 0.71328125 0.06093750 0.16875000
25 0.73593750 0.71328125 0.07031250 0.16875000
