3 0.22500000 0.09687500 0.08281250 0.16250000
0 0.31875000 0.09218750 0.08125000 0.15000000
3 0.41250000 0.09062500 0.08593750 0.15781250
18 0.60156250 0.08593750 0.08125000 0.15625000
14 0.69062500 0.08593750 0.07343750 0.15625000
11 0.77343750 0.09062500 0.07343750 0.13906250
11 0.60937500 0.29375000 0.08125000 0.14531250
21 0.53125000 0.51250000 0.08593750 0.15625000
13 0.53125000 0.74687500 0.09375000 0.18750000
0 0.42500000 0.75937500 0.08593750 0.16718750
0 0.51875000 0.29375000 0.08593750 0.14843750
8 0.32656250 0.52812500 0.08750000 0.17968750
11 0.71562500 0.28750000 0.09531250 0.14843750
3 0.63750000 0.73125000 0.08593750 0.18125000
8 0.62031250 0.51093750 0.08125000 0.16718750
11 0.71562500 0.50468750 0.09375000 0.16250000
