21 0.13906250 0.15781250 0.09375000 0.17500000
0 0.23437500 0.15156250 0.07343750 0.16562500
17 0.33750000 0.12812500 0.08750000 0.18437500
7 0.24218750 0.62656250 0.10781250 0.22031250
0 0.36875000 0.58281250 0.09531250 0.19843750
6 0.53437500 0.10468750 0.07656250 0.15625000
15 0.48750000 0.55000000 0.10468750 0.20625000
16 0.50781250 0.84062500 0.11250000 0.21562500
14 0.62812500 0.10156250 0.08593750 0.15312500
13 0.71093750 0.09218750 0.07343750 0.15781250
2 0.12187500 0.63593750 0.11250000 0.21250000
19 0.62968750 0.78593750 0.10937500 0.22968750
18 0.59531250 0.52187500 0.10312500 0.20156250
4 0.70000000 0.51875000 0.10000000 0.21250000
17 0.75312500 0.75937500 0.10937500 0.22500000
