3 0.20654300 0.15116300 0.01855500 0.02034900
8 0.22998000 0.15007300 0.01855500 0.01962200
22 0.25244100 0.14898300 0.01855500 0.02034900
0 0.27587900 0.14825600 0.01855500 0.02034900
13 0.29931600 0.14716600 0.01855500 0.01962200
16 0.20507800 0.18023300 0.01757800 0.02034900
4 0.22802700 0.17950600 0.01855500 0.02034900
12 0.25146500 0.17805200 0.01855500 0.02034900
14 0.27539100 0.17696200 0.01757800 0.02107600
3 0.29882800 0.17587200 0.01757800 0.02034900
0 0.32275400 0.17441900 0.01855500 0.02034900
13 0.34765600 0.17369200 0.01757800 0.02034900
18 0.20312500 0.20857600 0.01757800 0.02034900
0 0.22607400 0.20784900 0.01855500 0.02034900
10 0.25097700 0.20712200 0.01757800 0.02034900
22 0.27441400 0.20639500 0.01757800 0.02034900
14 0.29834000 0.20566900 0.01855500 0.02034900
9 0.34716800 0.20421500 0.01855500 0.02034900
10 0.20214800 0.23909900 0.01757800 0.02034900
0 0.22509800 0.23837200 0.01855500 0.02034900
17 0.24902300 0.23728200 0.01757800 0.02107600
19 0.27343800 0.23655500 0.01757800 0.02107600
8 0.29785200 0.23582800 0.01757800 0.02107600
13 0.32128900 0.23510200 0.01757800 0.02107600
0 0.34668000 0.23437500 0.01757800 0.02107600
10 0.20117200 0.26925900 0.01757800 0.02107600
14 0.22460900 0.26853200 0.01757800 0.02107600
17 0.24804700 0.26780500 0.01757800 0.02107600
25 0.27246100 0.26707800 0.01757800 0.02107600
8 0.29736300 0.26635200 0.01855500 0.02107600
13 0.32080100 0.26562500 0.01855500 0.02107600
0 0.34570300 0.26453500 0.01757800 0.02034900
10 0.20068400 0.29978200 0.01855500 0.02107600
0 0.22363300 0.29905500 0.01757800 0.02107600
17 0.24853500 0.29832800 0.01855500 0.02107600
19 0.27197300 0.29760200 0.01855500 0.02107600
14 0.29589800 0.29687500 0.01757800 0.02107600
13 0.32080100 0.29614800 0.01855500 0.02107600
10 0.34570300 0.29542200 0.01757800 0.02107600
0 0.37011700 0.29469500 0.01757800 0.02107600
8 0.15234400 0.33030500 0.01757800 0.02107600
12 0.19970700 0.32957800 0.01855500 0.02107600
0 0.22314500 0.32885200 0.01855500 0.02107600
11 0.24755900 0.32885200 0.01855500 0.02107600
4 0.27197300 0.32812500 0.01855500 0.02107600
13 0.29638700 0.32739800 0.01855500 0.02107600
10 0.34521500 0.32667200 0.01855500 0.02107600
0 0.37060500 0.32594500 0.01855500 0.02107600
18 0.44580100 0.32412800 0.02050800 0.02180200
14 0.47021500 0.32412800 0.02050800 0.02180200
1 0.49609400 0.32303800 0.01953100 0.02252900
0 0.52197300 0.32231100 0.02050800 0.02252900
16 0.54736300 0.32085800 0.02050800 0.02252900
14 0.57373000 0.32013100 0.02050800 0.02252900
13 0.59912100 0.31940400 0.02050800 0.02252900
10 0.62646500 0.31867700 0.02050800 0.02252900
0 0.65283200 0.31722400 0.02050800 0.02252900
13 0.14941400 0.39135200 0.01757800 0.02107600
14 0.17285200 0.39098800 0.01757800 0.02034900
19 0.22119100 0.39026200 0.01855500 0.02180200
14 0.24560500 0.38989800 0.01855500 0.02107600
11 0.27002000 0.38953500 0.01855500 0.02180200
10 0.31982400 0.38917200 0.01855500 0.02107600
14 0.34521500 0.38917200 0.01855500 0.02107600
17 0.39453100 0.38844500 0.01953100 0.02107600
0 0.41992200 0.38735500 0.01953100 0.02180200
25 0.44482400 0.38771800 0.02050800 0.02252900
3 0.47021500 0.38699100 0.02050800 0.02252900
0 0.49560500 0.38626500 0.02050800 0.02252900
11 0.52148400 0.38553800 0.01953100 0.02252900
18 0.54736300 0.38553800 0.02050800 0.02252900
25 0.62646500 0.38335800 0.02050800 0.02252900
22 0.65380900 0.38263100 0.02050800 0.02252900
14 0.68066400 0.38154100 0.02148400 0.02325600
13 0.70800800 0.38117700 0.02148400 0.02398300
14 0.73535200 0.38081400 0.02148400 0.02325600
10 0.76318400 0.38008700 0.02050800 0.02325600
20 0.14892600 0.42151200 0.01855500 0.02180200
3 0.17236300 0.42151200 0.01855500 0.02180200
17 0.19677700 0.42151200 0.01855500 0.02180200
0 0.22119100 0.42114800 0.01855500 0.02107600
11 0.24560500 0.42114800 0.01855500 0.02107600
8 0.29443400 0.42078500 0.01855500 0.02180200
25 0.31933600 0.42042200 0.01953100 0.02107600
22 0.36914100 0.42005800 0.01953100 0.02180200
0 0.39404300 0.41969500 0.01855500 0.02107600
6 0.41943400 0.41933100 0.01855500 0.02180200
14 0.44433600 0.41933100 0.01953100 0.02180200
13 0.46972700 0.41860500 0.01953100 0.02180200
0 0.49609400 0.41860500 0.01953100 0.02180200
23 0.54785200 0.41751500 0.01953100 0.02252900
4 0.57324200 0.41715100 0.01953100 0.02180200
13 0.59912100 0.41678800 0.02050800 0.02252900
14 0.62548800 0.41642400 0.02050800 0.02325600
10 0.65380900 0.41569800 0.02050800 0.02325600
7 0.14794900 0.48255800 0.01855500 0.02180200
22 0.17138700 0.48255800 0.01855500 0.02180200
0 0.19580100 0.48328500 0.01855500 0.02180200
19 0.21972700 0.48328500 0.01953100 0.02180200
8 0.24365200 0.48328500 0.01855500 0.02180200
11 0.26806600 0.48328500 0.01855500 0.02180200
8 0.29345700 0.48292200 0.01855500 0.02107600
18 0.31835900 0.48292200 0.01953100 0.02107600
13 0.39355500 0.48255800 0.01953100 0.02180200
0 0.41894500 0.48255800 0.01953100 0.02180200
18 0.46923800 0.48219500 0.01855500 0.02107600
19 0.49511700 0.48183100 0.01953100 0.02180200
0 0.52050800 0.48183100 0.01953100 0.02180200
13 0.54687500 0.48219500 0.01953100 0.02252900
2 0.57275400 0.48183100 0.02050800 0.02180200
8 0.59960900 0.48146800 0.01953100 0.02252900
8 0.62646500 0.48110500 0.02050800 0.02180200
3 0.70898400 0.48037800 0.01953100 0.02325600
13 0.73730500 0.48037800 0.02148400 0.02325600
14 0.76513700 0.47965100 0.02050800 0.02325600
15 0.14697300 0.51344500 0.01855500 0.02107600
14 0.17041000 0.51380800 0.01855500 0.02180200
19 0.19482400 0.51380800 0.01855500 0.02180200
4 0.21875000 0.51380800 0.01757800 0.02180200
17 0.24316400 0.51380800 0.01757800 0.02180200
13 0.29296900 0.51380800 0.01953100 0.02180200
14 0.31738300 0.51380800 0.01953100 0.02180200
12 0.36767600 0.51380800 0.01855500 0.02180200
4 0.39306600 0.51380800 0.01855500 0.02180200
18 0.41845700 0.51380800 0.01855500 0.02180200
19 0.44384800 0.51417200 0.01855500 0.02252900
14 0.46923800 0.51380800 0.02050800 0.02180200
14 0.52099600 0.51417200 0.02050800 0.02252900
3 0.54687500 0.51417200 0.01953100 0.02252900
13 0.57324200 0.51417200 0.01953100 0.02252900
14 0.59960900 0.51417200 0.01953100 0.02252900
22 0.14599600 0.54433100 0.01855500 0.02180200
8 0.19287100 0.54505800 0.01855500 0.02180200
18 0.21728500 0.54505800 0.01855500 0.02180200
15 0.24267600 0.54542200 0.01855500 0.02107600
20 0.26709000 0.54578500 0.01855500 0.02180200
6 0.29199200 0.54505800 0.01953100 0.02180200
4 0.31689500 0.54578500 0.01855500 0.02180200
18 0.36767600 0.54578500 0.01855500 0.02180200
16 0.39257800 0.54578500 0.01953100 0.02180200
8 0.41845700 0.54578500 0.01855500 0.02180200
19 0.44335900 0.54578500 0.01953100 0.02180200
0 0.46875000 0.54614800 0.01953100 0.02252900
19 0.52050800 0.54614800 0.01953100 0.02252900
1 0.57324200 0.54651200 0.01953100 0.02180200
0 0.59912100 0.54651200 0.02050800 0.02180200
6 0.62646500 0.54651200 0.02050800 0.02180200
0 0.65429700 0.54651200 0.02148400 0.02180200
9 0.68115200 0.54651200 0.02050800 0.02180200
3 0.19287100 0.57630800 0.01855500 0.02180200
8 0.21728500 0.57703500 0.01855500 0.02180200
22 0.24169900 0.57703500 0.01855500 0.02180200
0 0.26709000 0.57703500 0.01855500 0.02180200
13 0.29150400 0.57703500 0.01855500 0.02180200
16 0.19140600 0.60755800 0.01757800 0.02180200
4 0.21582000 0.60828500 0.01757800 0.02180200
12 0.24072300 0.60828500 0.01855500 0.02180200
14 0.26562500 0.60901200 0.01757800 0.02180200
3 0.29052700 0.60937500 0.01855500 0.02107600
0 0.31494100 0.60973800 0.01855500 0.02180200
13 0.34033200 0.60973800 0.01855500 0.02180200
18 0.19043000 0.63917200 0.01953100 0.02252900
0 0.21533200 0.64026200 0.01855500 0.02180200
10 0.23974600 0.64026200 0.01855500 0.02180200
22 0.26416000 0.64062500 0.01855500 0.02252900
14 0.28955100 0.64098800 0.01855500 0.02180200
9 0.34033200 0.64135200 0.01855500 0.02252900
10 0.18994100 0.67151200 0.01855500 0.02180200
0 0.21435500 0.67187500 0.01855500 0.02252900
17 0.23877000 0.67260200 0.01855500 0.02252900
19 0.26416000 0.67332800 0.01855500 0.02252900
8 0.28906200 0.67332800 0.01953100 0.02252900
13 0.31347700 0.67369200 0.01953100 0.02180200
0 0.33886700 0.67405500 0.01953100 0.02252900
10 0.18896500 0.70312500 0.01855500 0.02252900
14 0.21289100 0.70385200 0.01953100 0.02252900
17 0.23779300 0.70457800 0.01855500 0.02252900
25 0.26318400 0.70530500 0.01855500 0.02252900
8 0.28857400 0.70603200 0.01855500 0.02252900
13 0.31298800 0.70675900 0.01855500 0.02252900
0 0.33789100 0.70712200 0.01953100 0.02180200
10 0.18798800 0.73546500 0.01855500 0.02180200
0 0.21240200 0.73619200 0.01855500 0.02180200
17 0.23681600 0.73655500 0.01855500 0.02252900
19 0.26220700 0.73728200 0.01855500 0.02252900
14 0.28662100 0.73800900 0.01855500 0.02252900
13 0.31201200 0.73873500 0.01855500 0.02252900
10 0.33789100 0.73982600 0.01953100 0.02325600
0 0.36328100 0.74055200 0.01953100 0.02325600
19 0.16210900 0.76671500 0.01953100 0.02180200
14 0.18652300 0.76780500 0.01953100 0.02252900
22 0.21093800 0.76853200 0.01953100 0.02252900
0 0.23632800 0.76925900 0.01953100 0.02252900
17 0.26074200 0.76998500 0.01953100 0.02252900
8 0.28613300 0.77071200 0.01953100 0.02252900
23 0.31152300 0.77216600 0.01953100 0.02252900
8 0.33642600 0.77289200 0.01855500 0.02252900
6 0.41455100 0.77543600 0.02050800 0.02325600
3 0.43994100 0.77616300 0.02050800 0.02325600
4 0.46533200 0.77761600 0.02050800 0.02325600
18 0.51904300 0.77979700 0.02050800 0.02325600
14 0.54589800 0.78052300 0.01953100 0.02325600
1 0.57275400 0.78197700 0.02050800 0.02325600
0 0.60009800 0.78270300 0.02050800 0.02325600
16 0.62793000 0.78415700 0.02148400 0.02325600
14 0.65576200 0.78488400 0.02246100 0.02470900
13 0.68359400 0.78633700 0.02343800 0.02470900
10 0.71142600 0.78706400 0.02246100 0.02470900
0 0.73974600 0.78851700 0.02246100 0.02470900
22 0.13476600 0.83066900 0.01953100 0.02325600
3 0.15918000 0.83175900 0.01953100 0.02252900
17 0.18408200 0.83284900 0.02050800 0.02325600
20 0.20898400 0.83430200 0.01953100 0.02325600
6 0.23339800 0.83539200 0.01953100 0.02398300
22 0.28320300 0.83757300 0.01953100 0.02398300
8 0.30908200 0.83866300 0.02050800 0.02325600
3 0.33496100 0.83975300 0.01953100 0.02398300
19 0.38623000 0.84193300 0.02050800 0.02398300
18 0.46533200 0.84556700 0.02050800 0.02398300
19 0.49169900 0.84702000 0.02050800 0.02398300
14 0.51806600 0.84847400 0.02050800 0.02398300
8 0.54492200 0.84992700 0.02148400 0.02398300
19 0.57275400 0.85101700 0.02050800 0.02470900
20 0.62841800 0.85501500 0.02246100 0.02543600
10 0.68408200 0.85719500 0.02246100 0.02543600
14 0.71240200 0.85828500 0.02246100 0.02470900
11 0.74072300 0.85937500 0.02246100 0.02543600
4 0.77002000 0.86082800 0.02246100 0.02543600
18 0.79931600 0.86155500 0.02246100 0.02543600
14 0.13281200 0.86337200 0.01953100 0.02325600
6 0.15722700 0.86482600 0.01953100 0.02325600
17 0.18164100 0.86627900 0.01953100 0.02325600
14 0.20703100 0.86700600 0.01953100 0.02325600
12 0.23193400 0.86845900 0.02050800 0.02325600
13 0.25732400 0.86991300 0.02050800 0.02325600
22 0.35937500 0.87500000 0.01953100 0.02325600
25 0.38574200 0.87609000 0.01953100 0.02398300
4 0.43750000 0.87899700 0.02148400 0.02398300
17 0.46435500 0.88045100 0.02050800 0.02398300
14 0.49121100 0.88226700 0.02148400 0.02470900
4 0.54492200 0.88517400 0.02148400 0.02470900
13 0.57226600 0.88662800 0.02148400 0.02470900
13 0.60058600 0.88808100 0.02148400 0.02470900
15 0.71191400 0.89244200 0.02148400 0.02470900
4 0.74072300 0.89571200 0.02246100 0.02543600
18 0.77002000 0.89716600 0.02246100 0.02543600
