10 0.09423800 0.14825600 0.02441400 0.02907000
14 0.12451200 0.14789200 0.02441400 0.02834300
19 0.15625000 0.14752900 0.02539100 0.02907000
8 0.18750000 0.14716600 0.02539100 0.02834300
10 0.21923800 0.14680200 0.02441400 0.02907000
8 0.25146500 0.14607600 0.02441400 0.02907000
14 0.31543000 0.14607600 0.02539100 0.02907000
16 0.34765600 0.14571200 0.02539100 0.02834300
4 0.37988300 0.14571200 0.02539100 0.02834300
13 0.41210900 0.14607600 0.02539100 0.02907000
12 0.50830100 0.14607600 0.02636700 0.02907000
8 0.54052700 0.14534900 0.02636700 0.02907000
11 0.57324200 0.14498500 0.02539100 0.02834300
4 0.63867200 0.14389500 0.02539100 0.02907000
10 0.09326200 0.19295100 0.02441400 0.02979700
17 0.12451200 0.19222400 0.02441400 0.02979700
5 0.18798800 0.19113400 0.02441400 0.02907000
10 0.21972700 0.19077000 0.02539100 0.02979700
10 0.09423800 0.23764500 0.02441400 0.02907000
14 0.12500000 0.23728200 0.02539100 0.02979700
13 0.15625000 0.23691900 0.02539100 0.02907000
0 0.18798800 0.23691900 0.02441400 0.02907000
0 0.22070300 0.23691900 0.02539100 0.02907000
10 0.31591800 0.23691900 0.02441400 0.02907000
25 0.34765600 0.23691900 0.02539100 0.02907000
17 0.37988300 0.23691900 0.02539100 0.02761600
14 0.41210900 0.23691900 0.02539100 0.02761600
22 0.44335900 0.23655500 0.02539100 0.02834300
0 0.47607400 0.23619200 0.02441400 0.02761600
0 0.50585900 0.23582800 0.02539100 0.02834300
10 0.09521500 0.28197700 0.02441400 0.02907000
14 0.12597700 0.28197700 0.02539100 0.02907000
16 0.15771500 0.28161300 0.02441400 0.02979700
6 0.09668000 0.32630800 0.02539100 0.03052300
4 0.12695300 0.32667200 0.02539100 0.02979700
15 0.15820300 0.32667200 0.02539100 0.02979700
0 0.18994100 0.32667200 0.02441400 0.02979700
17 0.22216800 0.32630800 0.02441400 0.03052300
3 0.25439500 0.32630800 0.02441400 0.03052300
8 0.12890600 0.37064000 0.02539100 0.02907000
0 0.25439500 0.37209300 0.02441400 0.02907000
0 0.37988300 0.37282000 0.02539100 0.02907000
9 0.41162100 0.37318300 0.02441400 0.02834300
0 0.50634800 0.37282000 0.02636700 0.02907000
1 0.53808600 0.37282000 0.02539100 0.02907000
19 0.60205100 0.37245600 0.02636700 0.02979700
2 0.66650400 0.37209300 0.02636700 0.02907000
0 0.79589800 0.37136600 0.02539100 0.02907000
4 0.82812500 0.37136600 0.02539100 0.02907000
13 0.12841800 0.41678800 0.02441400 0.02834300
0 0.15966800 0.41678800 0.02441400 0.02834300
3 0.19189500 0.41678800 0.02441400 0.02834300
8 0.28662100 0.41751500 0.02441400 0.02834300
12 0.34912100 0.41824100 0.02441400 0.02834300
0 0.38037100 0.41824100 0.02441400 0.02834300
0 0.44335900 0.41824100 0.02539100 0.02834300
12 0.50634800 0.41860500 0.02441400 0.02907000
14 0.53759800 0.41860500 0.02441400 0.02907000
8 0.56933600 0.41896800 0.02539100 0.02834300
15 0.63281200 0.41933100 0.02539100 0.02907000
14 0.66503900 0.41896800 0.02539100 0.02834300
3 0.69726600 0.41896800 0.02539100 0.02834300
17 0.73046900 0.41896800 0.02539100 0.02834300
20 0.76269500 0.41896800 0.02539100 0.02834300
6 0.09765600 0.46039200 0.02343800 0.02834300
8 0.12890600 0.46002900 0.02343800 0.02761600
22 0.12890600 0.50399700 0.02343800 0.02834300
0 0.16015600 0.50363400 0.02343800 0.02907000
11 0.19140600 0.50436000 0.02343800 0.02907000
12 0.28613300 0.50436000 0.02343800 0.02907000
14 0.31835900 0.50436000 0.02343800 0.02907000
13 0.41162100 0.50472400 0.02441400 0.02834300
14 0.44335900 0.50508700 0.02539100 0.02761600
22 0.47412100 0.50545100 0.02441400 0.02834300
0 0.50488300 0.50581400 0.02539100 0.02761600
15 0.60009800 0.50617700 0.02441400 0.02834300
14 0.63134800 0.50617700 0.02441400 0.02834300
3 0.66357400 0.50617700 0.02441400 0.02834300
17 0.69580100 0.50654100 0.02636700 0.02907000
20 0.72802700 0.50654100 0.02636700 0.02907000
6 0.76074200 0.50654100 0.02539100 0.02907000
0 0.79296900 0.50654100 0.02539100 0.02907000
12 0.12939500 0.54723800 0.02441400 0.02907000
10 0.22412100 0.54760200 0.02441400 0.02834300
20 0.25439500 0.54760200 0.02441400 0.02834300
15 0.28564500 0.54796500 0.02441400 0.02907000
8 0.31689500 0.54796500 0.02441400 0.02907000
11 0.34912100 0.54832800 0.02441400 0.02834300
8 0.38037100 0.54869200 0.02441400 0.02907000
10 0.44238300 0.54905500 0.02343800 0.02834300
14 0.47363300 0.54905500 0.02343800 0.02834300
11 0.50439500 0.54905500 0.02441400 0.02834300
13 0.53564500 0.54905500 0.02441400 0.02834300
10 0.56689500 0.54978200 0.02441400 0.02834300
14 0.59912100 0.54978200 0.02441400 0.02834300
11 0.63037100 0.55014500 0.02441400 0.02907000
19 0.69482400 0.55050900 0.02441400 0.02834300
8 0.72705100 0.55050900 0.02441400 0.02834300
10 0.75927700 0.55087200 0.02441400 0.02907000
5 0.12939500 0.59084300 0.02441400 0.02761600
0 0.25390600 0.59120600 0.02343800 0.02834300
6 0.38037100 0.59157000 0.02441400 0.02761600
8 0.47363300 0.59229700 0.02343800 0.02761600
0 0.59863300 0.59338700 0.02343800 0.02834300
0 0.72705100 0.59484000 0.02441400 0.02834300
9 0.75927700 0.59484000 0.02441400 0.02834300
18 0.12939500 0.63335800 0.02441400 0.02689000
4 0.16015600 0.63335800 0.02343800 0.02689000
6 0.19140600 0.63335800 0.02343800 0.02689000
14 0.22265600 0.63335800 0.02343800 0.02689000
3 0.25390600 0.63335800 0.02343800 0.02689000
13 0.28564500 0.63444800 0.02441400 0.02761600
4 0.37939500 0.63481100 0.02441400 0.02834300
3 0.41064500 0.63481100 0.02441400 0.02834300
4 0.44140600 0.63481100 0.02343800 0.02834300
12 0.47314500 0.63517400 0.02441400 0.02761600
3 0.53564500 0.63590100 0.02441400 0.02761600
14 0.56787100 0.63590100 0.02441400 0.02761600
12 0.59912100 0.63590100 0.02441400 0.02761600
14 0.63037100 0.63662800 0.02441400 0.02761600
0 0.79052700 0.63844500 0.02441400 0.02834300
9 0.82275400 0.63880800 0.02441400 0.02761600
