0 0.10742200 0.06904100 0.02148400 0.02470900
9 0.13574200 0.06722400 0.02148400 0.02252900
8 0.08105500 0.10356100 0.02148400 0.02398300
15 0.13476600 0.10138100 0.02148400 0.02398300
14 0.16113300 0.10029100 0.02148400 0.02325600
15 0.21679700 0.09811000 0.02148400 0.02470900
17 0.24414100 0.09702000 0.02148400 0.02543600
4 0.27246100 0.09629400 0.02148400 0.02543600
9 0.30078100 0.09556700 0.02148400 0.02543600
13 0.32910200 0.09447700 0.02148400 0.02470900
4 0.35693400 0.09338700 0.02246100 0.02543600
12 0.38525400 0.09229700 0.02246100 0.02616300
20 0.41357400 0.09084300 0.02246100 0.02616300
6 0.47021500 0.08866300 0.02246100 0.02616300
0 0.49902300 0.08720900 0.02343800 0.02616300
11 0.53027300 0.08684600 0.02343800 0.02543600
3 0.55957000 0.08539200 0.02343800 0.02543600
4 0.58789100 0.08430200 0.02343800 0.02616300
11 0.61621100 0.08321200 0.02343800 0.02543600
8 0.64453100 0.08212200 0.02343800 0.02616300
13 0.10742200 0.17114800 0.02148400 0.02543600
4 0.13378900 0.17114800 0.02148400 0.02543600
20 0.16064500 0.17042200 0.02050800 0.02543600
9 0.18847700 0.16933100 0.02148400 0.02470900
4 0.21679700 0.16824100 0.02148400 0.02543600
11 0.24511700 0.16751500 0.02148400 0.02543600
8 0.27246100 0.16678800 0.02148400 0.02543600
22 0.08007800 0.24273300 0.02148400 0.02470900
18 0.13476600 0.24200600 0.02148400 0.02470900
0 0.16113300 0.24164200 0.02148400 0.02543600
12 0.18945300 0.24091600 0.02148400 0.02543600
14 0.21777300 0.24055200 0.02148400 0.02470900
12 0.24609400 0.23982600 0.02148400 0.02616300
3 0.30273400 0.23873500 0.02148400 0.02543600
4 0.33007800 0.23837200 0.02148400 0.02616300
11 0.35937500 0.23764500 0.02148400 0.02616300
4 0.38623000 0.23582800 0.02246100 0.02689000
22 0.08007800 0.31359000 0.02148400 0.02543600
18 0.10839800 0.31322700 0.02148400 0.02616300
4 0.13574200 0.31286300 0.02148400 0.02543600
10 0.19043000 0.31250000 0.02148400 0.02616300
0 0.21826200 0.31213700 0.02246100 0.02543600
16 0.24609400 0.31213700 0.02148400 0.02543600
4 0.27441400 0.31141000 0.02148400 0.02543600
11 0.30322300 0.31032000 0.02246100 0.02616300
8 0.33154300 0.30959300 0.02246100 0.02616300
15 0.08007800 0.38299400 0.02148400 0.02470900
14 0.10791000 0.38299400 0.02246100 0.02470900
6 0.13476600 0.38299400 0.02148400 0.02470900
14 0.16210900 0.38299400 0.02148400 0.02470900
17 0.18994100 0.38299400 0.02246100 0.02470900
4 0.21826200 0.38299400 0.02246100 0.02470900
11 0.24609400 0.38263100 0.02148400 0.02543600
8 0.27539100 0.38226700 0.02148400 0.02470900
16 0.08007800 0.45530500 0.02148400 0.02543600
19 0.10791000 0.45530500 0.02246100 0.02543600
14 0.13574200 0.45494200 0.02148400 0.02470900
25 0.19091800 0.45457800 0.02246100 0.02543600
0 0.21923800 0.45457800 0.02246100 0.02543600
6 0.27685500 0.45385200 0.02246100 0.02543600
11 0.30566400 0.45385200 0.02148400 0.02543600
20 0.33398400 0.45276200 0.02148400 0.02470900
15 0.36230500 0.45276200 0.02148400 0.02470900
4 0.41845700 0.45276200 0.02246100 0.02616300
6 0.47607400 0.45167200 0.02246100 0.02543600
0 0.50439500 0.45130800 0.02246100 0.02616300
25 0.53466800 0.45094500 0.02246100 0.02543600
4 0.56298800 0.45021800 0.02246100 0.02543600
11 0.59228500 0.44949100 0.02246100 0.02543600
8 0.62109400 0.44876500 0.02343800 0.02543600
0 0.08056600 0.52652600 0.02246100 0.02543600
22 0.13623000 0.52652600 0.02246100 0.02543600
16 0.16357400 0.52652600 0.02246100 0.02543600
4 0.19091800 0.52652600 0.02246100 0.02543600
17 0.21923800 0.52616300 0.02246100 0.02470900
0 0.24804700 0.52579900 0.02148400 0.02543600
15 0.30664100 0.52507300 0.02148400 0.02543600
14 0.33447300 0.52507300 0.02246100 0.02543600
20 0.36279300 0.52470900 0.02246100 0.02616300
19 0.39111300 0.52470900 0.02246100 0.02616300
17 0.41943400 0.52434600 0.02246100 0.02543600
20 0.44873000 0.52434600 0.02246100 0.02543600
10 0.08105500 0.59883700 0.02148400 0.02470900
4 0.10888700 0.59847400 0.02050800 0.02543600
13 0.13671900 0.59811000 0.02148400 0.02470900
6 0.16308600 0.59811000 0.02148400 0.02470900
20 0.19091800 0.59811000 0.02050800 0.02470900
17 0.21923800 0.59811000 0.02050800 0.02470900
20 0.24804700 0.59811000 0.02148400 0.02470900
13 0.10888700 0.67078500 0.02246100 0.02470900
4 0.13671900 0.67078500 0.02148400 0.02470900
19 0.22021500 0.67078500 0.02246100 0.02616300
14 0.24853500 0.67078500 0.02246100 0.02616300
11 0.30712900 0.67078500 0.02246100 0.02616300
8 0.33544900 0.67005800 0.02246100 0.02616300
10 0.39257800 0.67078500 0.02343800 0.02616300
22 0.42041000 0.67042200 0.02246100 0.02689000
0 0.45019500 0.67114800 0.02343800 0.02689000
17 0.47851600 0.67114800 0.02343800 0.02689000
19 0.50781200 0.67114800 0.02343800 0.02689000
8 0.53759800 0.67114800 0.02246100 0.02689000
17 0.56640600 0.67114800 0.02343800 0.02689000
0 0.59619100 0.67114800 0.02246100 0.02689000
12 0.65478500 0.67260200 0.02246100 0.02689000
14 0.68457000 0.67260200 0.02343800 0.02689000
3 0.74755900 0.67369200 0.02441400 0.02761600
14 0.77783200 0.67405500 0.02441400 0.02834300
3 0.81005900 0.67478200 0.02441400 0.02834300
17 0.87353500 0.67587200 0.02441400 0.02761600
0 0.90380900 0.67623500 0.02441400 0.02834300
17 0.13623000 0.74527600 0.02246100 0.02689000
0 0.16308600 0.74600300 0.02343800 0.02689000
18 0.19091800 0.74600300 0.02246100 0.02689000
18 0.21923800 0.74564000 0.02246100 0.02616300
4 0.24853500 0.74564000 0.02246100 0.02616300
17 0.27783200 0.74564000 0.02246100 0.02616300
3 0.30615200 0.74564000 0.02246100 0.02616300
8 0.33447300 0.74564000 0.02246100 0.02616300
11 0.36328100 0.74564000 0.02343800 0.02616300
18 0.39209000 0.74600300 0.02246100 0.02689000
3 0.47900400 0.74673000 0.02441400 0.02689000
0 0.50830100 0.74709300 0.02441400 0.02761600
10 0.56835900 0.74782000 0.02343800 0.02761600
0 0.59814500 0.74854700 0.02441400 0.02761600
10 0.62793000 0.74891000 0.02343800 0.02689000
25 0.68652300 0.75000000 0.02343800 0.02761600
0 0.71728500 0.75072700 0.02246100 0.02761600
14 0.74853500 0.75181700 0.02246100 0.02834300
17 0.78027300 0.75290700 0.02343800 0.02761600
20 0.81201200 0.75363400 0.02246100 0.02761600
13 0.10791000 0.81758700 0.02246100 0.02616300
4 0.13623000 0.81795100 0.02246100 0.02689000
19 0.16357400 0.81831400 0.02246100 0.02616300
19 0.27783200 0.81940400 0.02246100 0.02689000
14 0.30615200 0.81976700 0.02246100 0.02616300
16 0.36377000 0.82013100 0.02246100 0.02689000
20 0.39306600 0.82085800 0.02246100 0.02689000
9 0.42187500 0.82158400 0.02343800 0.02689000
0 0.45166000 0.82231100 0.02246100 0.02689000
10 0.54052700 0.82412800 0.02246100 0.02761600
22 0.56933600 0.82485500 0.02343800 0.02907000
0 0.59960900 0.82558100 0.02343800 0.02907000
17 0.62939500 0.82630800 0.02441400 0.02907000
19 0.65820300 0.82703500 0.02343800 0.02907000
8 0.68945300 0.82776200 0.02343800 0.02907000
17 0.71972700 0.82848800 0.02343800 0.02907000
0 0.75048800 0.82994200 0.02441400 0.02907000
0 0.10937500 0.89098800 0.02343800 0.02761600
6 0.16308600 0.89389500 0.02343800 0.02907000
3 0.19140600 0.89425900 0.02343800 0.02834300
4 0.22070300 0.89425900 0.02343800 0.02834300
12 0.27734400 0.89425900 0.02343800 0.02834300
14 0.30664100 0.89498500 0.02343800 0.02834300
3 0.36425800 0.89643900 0.02343800 0.02834300
14 0.39257800 0.89752900 0.02343800 0.02907000
3 0.42187500 0.89861900 0.02343800 0.02834300
17 0.48095700 0.90007300 0.02246100 0.02834300
