7 0.37031250 0.92656250 0.07343750 0.14375000
3 0.04218750 0.22500000 0.08281250 0.16093750
18 0.33593750 0.76718750 0.08593750 0.15000000
19 0.30000000 0.11718750 0.08750000 0.15312500
4 0.12187500 0.20000000 0.08125000 0.15625000
16 0.46093750 0.91875000 0.08125000 0.13593750
7 0.42500000 0.71093750 0.07812500 0.14843750
4 0.54843750 0.88281250 0.07812500 0.13437500
4 0.51562500 0.67968750 0.08593750 0.15000000
4 0.63437500 0.84687500 0.07343750 0.14062500
15 0.40312500 0.09218750 0.08281250 0.15312500
11 0.68125000 0.62656250 0.08281250 0.12968750
13 0.15312500 0.82500000 0.07812500 0.14843750
5 0.37187500 0.52968750 0.07812500 0.15312500
11 0.47500000 0.50468750 0.09375000 0.13593750
19 0.56250000 0.47656250 0.08750000 0.13437500
