14 0.04687500 0.20781250 0.09375000 0.16250000
0 0.04218750 0.42968750 0.08281250 0.17031250
23 0.12968750 0.40312500 0.09843750 0.17656250
17 0.22968750 0.39375000 0.08750000 0.17656250
18 0.03906250 0.66562500 0.07343750 0.16718750
17 0.06562500 0.90312500 0.09531250 0.18125000
0 0.15312500 0.89375000 0.08593750 0.17968750
14 0.12812500 0.64687500 0.09375000 0.18125000
8 0.26093750 0.88281250 0.08750000 0.19375000
3 0.37187500 0.84375000 0.09375000 0.18906250
6 0.35937500 0.60156250 0.09531250 0.17968750
14 0.44062500 0.36250000 0.08750000 0.16718750
5 0.53281250 0.35312500 0.08593750 0.17500000
4 0.46406250 0.58281250 0.09062500 0.18125000
18 0.55468750 0.55625000 0.08281250 0.17187500
18 0.72031250 0.30625000 0.08750000 0.14843750
4 0.67968750 0.75312500 0.08750000 0.16250000
