13 0.20625000 0.09062500 0.02968750 0.09687500
4 0.24531250 0.09062500 0.02812500 0.09687500
1 0.35625000 0.08671875 0.02656250 0.09062500
17 0.43125000 0.10078125 0.02812500 0.09375000
18 0.47031250 0.10078125 0.02812500 0.09687500
13 0.61718750 0.10781250 0.02812500 0.09687500
24 0.72500000 0.12187500 0.02968750 0.10078125
2 0.05312500 0.22890625 0.02968750 0.09687500
15 0.12656250 0.22578125 0.02968750 0.09687500
3 0.35468750 0.23281250 0.02812500 0.09375000
14 0.43125000 0.23281250 0.02968750 0.10078125
11 0.79687500 0.25703125 0.02500000 0.09062500
8 0.76250000 0.25703125 0.02500000 0.09375000
3 0.19531250 0.51015625 0.02968750 0.10781250
1 0.46875000 0.51406250 0.02812500 0.10390625
17 0.50625000 0.51406250 0.02968750 0.10390625
4 0.65937500 0.51718750 0.02812500 0.09375000
4 0.19062500 0.65937500 0.03125000 0.11796875
24 0.22968750 0.65937500 0.02968750 0.11484375
4 0.26875000 0.65625000 0.02968750 0.11093750
3 0.87500000 0.67031250 0.02656250 0.10078125
6 0.90625000 0.67031250 0.02812500 0.09687500
