18 0.08125000 0.87812500 0.11718750 0.24218750
7 0.19531250 0.88281250 0.11875000 0.23437500
4 0.10781250 0.16406250 0.07656250 0.16562500
21 0.30468750 0.10781250 0.09062500 0.17500000
4 0.32031250 0.87500000 0.11406250 0.23281250
0 0.39375000 0.09687500 0.07343750 0.16718750
17 0.49843750 0.09375000 0.08750000 0.16250000
7 0.42500000 0.55468750 0.09375000 0.20156250
0 0.54062500 0.52812500 0.09531250 0.19843750
6 0.68281250 0.07968750 0.07343750 0.15000000
15 0.64843750 0.50468750 0.10468750 0.20625000
16 0.68281250 0.77031250 0.10312500 0.21562500
14 0.76093750 0.07968750 0.07187500 0.15312500
