18 0.19062500 0.14218750 0.03593750 0.10781250
3 0.23437500 0.14609375 0.02968750 0.10390625
3 0.35625000 0.17734375 0.03125000 0.11093750
8 0.39375000 0.18750000 0.02812500 0.10390625
18 0.43281250 0.19765625 0.02656250 0.10390625
19 0.75156250 0.11093750 0.02812500 0.10078125
0 0.61093750 0.22890625 0.02812500 0.10078125
6 0.68281250 0.23984375 0.02812500 0.10390625
17 0.71875000 0.23984375 0.02968750 0.09687500
8 0.75312500 0.24296875 0.02812500 0.09375000
7 0.96562500 0.25000000 0.02968750 0.10781250
15 0.22968750 0.29531250 0.03281250 0.11093750
8 0.27187500 0.30234375 0.03437500 0.11093750
2 0.31406250 0.30937500 0.03125000 0.11484375
20 0.35312500 0.31953125 0.03125000 0.11093750
11 0.39375000 0.32265625 0.02968750 0.10781250
18 0.50625000 0.34687500 0.02812500 0.09687500
14 0.54062500 0.34687500 0.02812500 0.09687500
17 0.57812500 0.35390625 0.02968750 0.10078125
19 0.61406250 0.35781250 0.03125000 0.09375000
19 0.75625000 0.37187500 0.03281250 0.09687500
0 0.79062500 0.37187500 0.02812500 0.09687500
11 0.82812500 0.37187500 0.03281250 0.10078125
10 0.86406250 0.37500000 0.03125000 0.10078125
0 0.22343750 0.44062500 0.02968750 0.10781250
11 0.17812500 0.44062500 0.03125000 0.10781250
20 0.39062500 0.46875000 0.03125000 0.10390625
11 0.61250000 0.49296875 0.02968750 0.09375000
8 0.72187500 0.50000000 0.02656250 0.09062500
3 0.82968750 0.51015625 0.02968750 0.09687500
4 0.86562500 0.51015625 0.02812500 0.10078125
11 0.42812500 0.61796875 0.02812500 0.10078125
11 0.46718750 0.61796875 0.02656250 0.10078125
18 0.65312500 0.63203125 0.02656250 0.10078125
18 0.72500000 0.63515625 0.02812500 0.09375000
1 0.79843750 0.64218750 0.02968750 0.09375000
0 0.87031250 0.64218750 0.02656250 0.09062500
19 0.90781250 0.64609375 0.02656250 0.09375000
18 0.16875000 0.75703125 0.03750000 0.11796875
20 0.21250000 0.75703125 0.03437500 0.11484375
17 0.25781250 0.75703125 0.03281250 0.11484375
4 0.30312500 0.75703125 0.03125000 0.11484375
18 0.46562500 0.77109375 0.02968750 0.09687500
18 0.65468750 0.78125000 0.02812500 0.09375000
8 0.72812500 0.78125000 0.02968750 0.10078125
15 0.80000000 0.78437500 0.02968750 0.09687500
17 0.16250000 0.92031250 0.03593750 0.12187500
14 0.25312500 0.92031250 0.03437500 0.11796875
19 0.46562500 0.92343750 0.03125000 0.11093750
14 0.50468750 0.92343750 0.02968750 0.11093750
18 0.58125000 0.92343750 0.03125000 0.10781250
3 0.87812500 0.92734375 0.02812500 0.10781250
4 0.95000000 0.92734375 0.02968750 0.10390625
