20 0.65937500 0.23906250 0.05625000 0.15000000
0 0.59218750 0.24062500 0.05625000 0.14531250
4 0.71562500 0.22968750 0.05468750 0.15312500
7 0.53281250 0.24062500 0.05156250 0.14062500
14 0.60000000 0.42031250 0.05625000 0.14062500
2 0.53437500 0.42031250 0.05156250 0.14062500
19 0.66250000 0.42031250 0.05625000 0.14531250
16 0.72343750 0.41250000 0.05156250 0.14531250
17 0.78437500 0.40312500 0.05156250 0.15000000
17 0.85312500 0.57656250 0.05468750 0.14062500
16 0.73125000 0.59687500 0.06250000 0.14531250
9 0.78906250 0.58593750 0.05468750 0.14843750
8 0.66562500 0.59843750 0.05156250 0.15781250
1 0.60937500 0.60625000 0.05625000 0.14062500
21 0.86562500 0.75937500 0.05156250 0.15312500
4 0.92031250 0.75781250 0.05000000 0.15625000
7 0.73750000 0.78437500 0.05468750 0.15000000
2 0.67500000 0.78593750 0.05156250 0.13906250
19 0.61718750 0.80468750 0.05468750 0.14062500
12 0.54531250 0.80625000 0.05468750 0.14062500
