4 0.09843750 0.49218750 0.10468750 0.20156250
2 0.07656250 0.19687500 0.10312500 0.18125000
10 0.20937500 0.19687500 0.11250000 0.18906250
16 0.12031250 0.77968750 0.10781250 0.22500000
16 0.25312500 0.75000000 0.11250000 0.21562500
17 0.35781250 0.45000000 0.09531250 0.20312500
8 0.38125000 0.72343750 0.10937500 0.23281250
18 0.49218750 0.42656250 0.09843750 0.19375000
4 0.51093750 0.69062500 0.10937500 0.21562500
18 0.46250000 0.15312500 0.10000000 0.20625000
7 0.58125000 0.14062500 0.11250000 0.21250000
