17 0.08906250 0.17656250 0.08750000 0.18750000
0 0.06718750 0.65000000 0.09531250 0.19843750
6 0.28437500 0.14218750 0.08750000 0.17656250
15 0.18125000 0.63750000 0.11875000 0.22031250
14 0.38281250 0.12656250 0.08281250 0.15312500
13 0.48281250 0.10156250 0.09062500 0.16562500
19 0.32656250 0.88125000 0.11875000 0.23750000
18 0.31562500 0.60156250 0.10312500 0.20156250
4 0.43125000 0.56406250 0.10000000 0.21093750
17 0.46093750 0.85781250 0.11250000 0.26093750
18 0.58281250 0.82031250 0.11250000 0.25468750
4 0.57500000 0.09375000 0.08281250 0.15781250
16 0.54218750 0.55000000 0.10781250 0.20156250
23 0.70000000 0.77500000 0.12187500 0.22500000
