8 0.19687500 0.15625000 0.02968750 0.10781250
22 0.27812500 0.16640625 0.03750000 0.11484375
19 0.35625000 0.17343750 0.03593750 0.12187500
7 0.42968750 0.18437500 0.03125000 0.09687500
14 0.46875000 0.18750000 0.03125000 0.11093750
4 0.54375000 0.19062500 0.02812500 0.11093750
13 0.23437500 0.30546875 0.03437500 0.12500000
14 0.27343750 0.30546875 0.03281250 0.11093750
11 0.31250000 0.31250000 0.03125000 0.11093750
3 0.35156250 0.31562500 0.03125000 0.11093750
18 0.42968750 0.32265625 0.03593750 0.11484375
12 0.50625000 0.32968750 0.03750000 0.10781250
14 0.54062500 0.32968750 0.03125000 0.11093750
12 0.57812500 0.33359375 0.04062500 0.12187500
8 0.65000000 0.33671875 0.03593750 0.11796875
18 0.68750000 0.34062500 0.03281250 0.11796875
3 0.76093750 0.34687500 0.03281250 0.11093750
3 0.83593750 0.35390625 0.02968750 0.11484375
4 0.15000000 0.44453125 0.03281250 0.12187500
8 0.18906250 0.44453125 0.03593750 0.11484375
19 0.27187500 0.45468750 0.03906250 0.11796875
13 0.46562500 0.46562500 0.03125000 0.11093750
14 0.50312500 0.46562500 0.02968750 0.10078125
14 0.86875000 0.49296875 0.03125000 0.09687500
3 0.94531250 0.49687500 0.02500000 0.09062500
19 0.10625000 0.59062500 0.03281250 0.11093750
13 0.18593750 0.58671875 0.03593750 0.11484375
0 0.26875000 0.59375000 0.03750000 0.11484375
19 0.26562500 0.74296875 0.03750000 0.12500000
2 0.42343750 0.74296875 0.03437500 0.11484375
4 0.46093750 0.74296875 0.03437500 0.12187500
12 0.50000000 0.75000000 0.03750000 0.12500000
4 0.53750000 0.75000000 0.03750000 0.12500000
19 0.57500000 0.75000000 0.03437500 0.12500000
24 0.64843750 0.75000000 0.03593750 0.12500000
14 0.90312500 0.76406250 0.02812500 0.10781250
13 0.86562500 0.76406250 0.02812500 0.11093750
3 0.97656250 0.77109375 0.02500000 0.09687500
13 0.34062500 0.89609375 0.03437500 0.12187500
19 0.42187500 0.89609375 0.03125000 0.10781250
11 0.53750000 0.89218750 0.03281250 0.11093750
4 0.61250000 0.89609375 0.02812500 0.11484375
21 0.64687500 0.89609375 0.02812500 0.11093750
4 0.68437500 0.89609375 0.02656250 0.11484375
7 0.75781250 0.90312500 0.02656250 0.11093750
