0 0.83886700 0.10101700 0.01953100 0.02180200
3 0.86621100 0.10065400 0.01953100 0.02252900
0 0.89013700 0.10029100 0.02050800 0.02180200
4 0.30957000 0.12427300 0.02148400 0.02325600
9 0.33642600 0.12500000 0.02246100 0.02325600
4 0.36377000 0.12536300 0.02246100 0.02398300
11 0.39062500 0.12572700 0.02148400 0.02325600
8 0.41699200 0.12645300 0.02148400 0.02325600
22 0.46972700 0.12754400 0.02148400 0.02252900
22 0.54931600 0.12936000 0.02050800 0.02325600
4 0.57519500 0.13008700 0.02148400 0.02325600
9 0.60156200 0.13081400 0.02148400 0.02325600
11 0.62793000 0.13154100 0.02148400 0.02325600
8 0.65478500 0.13190400 0.02050800 0.02252900
22 0.68066400 0.13263100 0.02148400 0.02252900
4 0.22753900 0.15443300 0.02148400 0.02252900
9 0.25488300 0.15479700 0.02148400 0.02325600
4 0.28173800 0.15516000 0.02246100 0.02252900
11 0.31054700 0.15661300 0.02148400 0.02252900
8 0.33691400 0.15770300 0.02148400 0.02325600
22 0.38964800 0.15988400 0.02148400 0.02325600
22 0.22705100 0.18677300 0.02246100 0.02325600
4 0.25390600 0.18677300 0.02148400 0.02325600
9 0.28125000 0.18750000 0.02148400 0.02325600
11 0.30810500 0.18822700 0.02246100 0.02325600
8 0.33496100 0.18895300 0.02148400 0.02325600
22 0.36230500 0.18968000 0.02148400 0.02325600
8 0.22558600 0.21947700 0.02148400 0.02325600
10 0.28027300 0.22056700 0.02148400 0.02252900
18 0.33398400 0.22165700 0.02148400 0.02325600
14 0.36084000 0.22238400 0.02050800 0.02325600
22 0.38769500 0.22274700 0.02148400 0.02252900
4 0.41503900 0.22347400 0.02148400 0.02252900
18 0.44140600 0.22420100 0.02148400 0.02252900
19 0.46875000 0.22420100 0.02148400 0.02252900
8 0.49462900 0.22492700 0.02050800 0.02252900
13 0.22460900 0.25145300 0.02148400 0.02325600
4 0.25195300 0.25145300 0.02148400 0.02325600
6 0.30664100 0.25290700 0.02148400 0.02325600
11 0.33300800 0.25363400 0.02148400 0.02325600
20 0.35937500 0.25436000 0.02148400 0.02325600
7 0.38671900 0.25545100 0.02148400 0.02252900
8 0.41357400 0.25581400 0.02050800 0.02325600
22 0.22363300 0.28488400 0.02148400 0.02325600
12 0.30468800 0.28633700 0.02148400 0.02325600
4 0.33252000 0.28706400 0.02050800 0.02325600
18 0.35937500 0.28779100 0.02148400 0.02325600
19 0.38623000 0.28851700 0.02050800 0.02325600
14 0.41308600 0.28888100 0.02148400 0.02252900
1 0.22265600 0.31758700 0.02148400 0.02325600
4 0.25000000 0.31831400 0.02148400 0.02325600
25 0.27734400 0.31904100 0.02148400 0.02325600
15 0.33154300 0.31976700 0.02050800 0.02325600
17 0.35839800 0.32049400 0.02148400 0.02325600
14 0.38574200 0.32122100 0.02148400 0.02325600
19 0.41210900 0.32194800 0.02148400 0.02325600
4 0.43945300 0.32267400 0.02148400 0.02325600
18 0.46630900 0.32267400 0.02050800 0.02325600
19 0.49218800 0.32340100 0.02148400 0.02325600
0 0.51855500 0.32340100 0.02148400 0.02325600
20 0.22168000 0.35101700 0.02148400 0.02325600
18 0.24951200 0.35138100 0.02050800 0.02252900
19 0.27685500 0.35174400 0.02050800 0.02325600
20 0.33105500 0.35319800 0.02148400 0.02325600
15 0.35791000 0.35392400 0.02050800 0.02325600
8 0.38525400 0.35428800 0.02050800 0.02398300
19 0.41162100 0.35501500 0.02050800 0.02398300
4 0.43847700 0.35537800 0.02148400 0.02325600
18 0.22119100 0.38372100 0.02050800 0.02325600
19 0.24853500 0.38444800 0.02050800 0.02325600
0 0.27587900 0.38517400 0.02050800 0.02325600
17 0.30371100 0.38590100 0.02148400 0.02325600
20 0.33056600 0.38662800 0.02050800 0.02325600
7 0.35791000 0.38735500 0.02050800 0.02325600
4 0.38427700 0.38735500 0.02050800 0.02325600
4 0.27587900 0.41860500 0.02050800 0.02325600
9 0.30224600 0.41860500 0.02050800 0.02325600
4 0.32959000 0.41933100 0.02050800 0.02325600
11 0.35693400 0.42005800 0.02050800 0.02325600
8 0.38427700 0.42078500 0.02050800 0.02325600
22 0.43798800 0.42114800 0.02050800 0.02252900
22 0.27490200 0.45130800 0.02050800 0.02325600
4 0.30127000 0.45167200 0.02050800 0.02398300
9 0.32910200 0.45203500 0.02148400 0.02325600
11 0.35595700 0.45203500 0.02050800 0.02325600
8 0.38378900 0.45203500 0.02148400 0.02325600
22 0.41015600 0.45276200 0.02148400 0.02325600
22 0.27343800 0.48473800 0.02148400 0.02325600
3 0.32861300 0.48546500 0.02050800 0.02325600
20 0.35595700 0.48546500 0.02050800 0.02325600
4 0.40966800 0.48619200 0.02050800 0.02325600
0 0.46337900 0.48691900 0.02050800 0.02325600
13 0.51513700 0.48764500 0.02050800 0.02325600
4 0.54199200 0.48764500 0.02148400 0.02325600
3 0.59570300 0.48800900 0.02148400 0.02252900
11 0.62109400 0.48837200 0.02148400 0.02325600
22 0.70166000 0.48909900 0.02050800 0.02325600
8 0.72851600 0.48982600 0.02148400 0.02325600
3 0.75488300 0.48982600 0.02148400 0.02325600
20 0.78173800 0.48982600 0.02246100 0.02325600
22 0.27197300 0.51744200 0.02050800 0.02325600
19 0.32666000 0.51853200 0.02050800 0.02252900
17 0.35498000 0.51853200 0.02050800 0.02252900
14 0.38183600 0.51889500 0.01953100 0.02325600
11 0.40869100 0.51889500 0.02050800 0.02325600
11 0.43603500 0.51925900 0.02050800 0.02252900
4 0.46240200 0.51962200 0.02050800 0.02325600
1 0.51513700 0.52034900 0.02050800 0.02325600
20 0.54248000 0.52034900 0.02050800 0.02325600
18 0.56835900 0.52034900 0.01953100 0.02325600
22 0.27099600 0.55087200 0.02050800 0.02325600
15 0.35400400 0.55159900 0.02050800 0.02325600
14 0.38037100 0.55159900 0.02050800 0.02325600
12 0.40771500 0.55196200 0.02050800 0.02252900
14 0.43505900 0.55232600 0.02050800 0.02325600
9 0.46142600 0.55232600 0.02050800 0.02325600
4 0.48877000 0.55305200 0.02050800 0.02325600
19 0.51513700 0.55305200 0.02050800 0.02325600
4 0.54150400 0.55341600 0.02050800 0.02252900
22 0.26953100 0.58430200 0.02148400 0.02325600
25 0.29687500 0.58466600 0.02148400 0.02398300
14 0.32470700 0.58466600 0.02050800 0.02398300
1 0.35302700 0.58502900 0.02050800 0.02325600
17 0.37988300 0.58539200 0.02148400 0.02398300
0 0.40673800 0.58539200 0.02050800 0.02398300
19 0.43408200 0.58575600 0.02050800 0.02325600
18 0.48779300 0.58611900 0.02050800 0.02398300
8 0.26855500 0.61845900 0.02148400 0.02325600
13 0.29589800 0.61845900 0.02148400 0.02325600
22 0.32373000 0.61882300 0.02050800 0.02398300
0 0.35156200 0.61918600 0.02148400 0.02325600
11 0.37841800 0.61918600 0.02050800 0.02325600
8 0.40576200 0.61918600 0.02050800 0.02325600
3 0.43310500 0.61918600 0.02050800 0.02325600
20 0.46044900 0.61918600 0.02050800 0.02325600
8 0.21289100 0.65189000 0.02148400 0.02325600
4 0.26757800 0.65261600 0.02148400 0.02325600
9 0.29492200 0.65261600 0.02148400 0.02325600
4 0.32324200 0.65261600 0.02148400 0.02325600
11 0.35058600 0.65261600 0.02148400 0.02325600
8 0.37793000 0.65298000 0.02148400 0.02398300
22 0.43261700 0.65334300 0.02148400 0.02325600
22 0.21191400 0.68568300 0.02148400 0.02398300
4 0.23877000 0.68641000 0.02050800 0.02398300
9 0.26660200 0.68677300 0.02148400 0.02325600
11 0.29443400 0.68713700 0.02050800 0.02398300
8 0.32128900 0.68713700 0.02148400 0.02398300
22 0.34960900 0.68713700 0.02148400 0.02398300
19 0.20996100 0.71984000 0.02148400 0.02398300
14 0.23730500 0.72056700 0.02148400 0.02398300
18 0.29248000 0.72129400 0.02050800 0.02398300
8 0.32128900 0.72202000 0.02148400 0.02398300
3 0.34863300 0.72093000 0.02148400 0.02470900
13 0.43115200 0.72093000 0.02246100 0.02470900
0 0.45752000 0.72129400 0.02246100 0.02398300
20 0.51220700 0.72165700 0.02246100 0.02470900
17 0.53955100 0.72129400 0.02246100 0.02398300
14 0.56640600 0.72129400 0.02148400 0.02398300
10 0.59326200 0.72093000 0.02246100 0.02470900
4 0.62060500 0.72093000 0.02246100 0.02470900
13 0.20898400 0.75436000 0.02148400 0.02470900
4 0.23584000 0.75472400 0.02246100 0.02398300
1 0.29199200 0.75581400 0.02148400 0.02470900
20 0.31933600 0.75508700 0.02148400 0.02470900
3 0.34668000 0.75545100 0.02148400 0.02398300
4 0.37500000 0.75545100 0.02148400 0.02398300
19 0.40234400 0.75581400 0.02148400 0.02470900
4 0.42968800 0.75581400 0.02148400 0.02470900
18 0.20800800 0.78888100 0.02148400 0.02398300
19 0.26367200 0.78960800 0.02148400 0.02398300
14 0.29101600 0.78960800 0.02148400 0.02398300
22 0.31933600 0.78960800 0.02148400 0.02398300
0 0.34668000 0.78960800 0.02148400 0.02398300
17 0.37500000 0.78960800 0.02148400 0.02398300
8 0.40234400 0.78960800 0.02148400 0.02398300
23 0.42968800 0.78997100 0.02148400 0.02470900
4 0.45703100 0.78960800 0.02148400 0.02398300
12 0.48388700 0.78960800 0.02050800 0.02398300
19 0.20654300 0.82303800 0.02246100 0.02398300
17 0.23388700 0.82340100 0.02246100 0.02470900
4 0.26171900 0.82412800 0.02148400 0.02470900
23 0.29003900 0.82449100 0.02148400 0.02398300
0 0.31835900 0.82449100 0.02148400 0.02398300
19 0.34619100 0.82449100 0.02246100 0.02398300
10 0.42871100 0.82376500 0.02148400 0.02398300
0 0.45605500 0.82376500 0.02148400 0.02398300
10 0.48339800 0.82376500 0.02148400 0.02398300
3 0.53808600 0.82303800 0.02148400 0.02398300
22 0.56543000 0.82340100 0.02148400 0.02470900
4 0.59130900 0.82303800 0.02246100 0.02398300
18 0.64648400 0.82194800 0.02343800 0.02470900
14 0.67334000 0.82231100 0.02246100 0.02543600
17 0.70068400 0.82267400 0.02246100 0.02470900
14 0.72705100 0.82340100 0.02246100 0.02470900
10 0.75390600 0.82340100 0.02343800 0.02470900
8 0.78173800 0.82412800 0.02246100 0.02470900
8 0.26074200 0.85901200 0.02148400 0.02470900
4 0.31738300 0.85864800 0.02148400 0.02398300
9 0.34472700 0.85864800 0.02148400 0.02398300
4 0.37255900 0.85828500 0.02246100 0.02470900
11 0.40087900 0.85792200 0.02246100 0.02398300
8 0.42822300 0.85792200 0.02246100 0.02398300
22 0.48339800 0.85755800 0.02148400 0.02325600
22 0.26074200 0.89316900 0.02343800 0.02470900
4 0.28857400 0.89316900 0.02246100 0.02470900
9 0.31689500 0.89316900 0.02246100 0.02470900
11 0.34326200 0.89316900 0.02246100 0.02470900
8 0.37207000 0.89244200 0.02343800 0.02470900
22 0.39990200 0.89244200 0.02246100 0.02470900
8 0.17431600 0.08648300 0.02050800 0.02180200
