18 0.14687500 0.21718750 0.07343750 0.16562500
7 0.23906250 0.20156250 0.07812500 0.16093750
4 0.33593750 0.18437500 0.07656250 0.17187500
3 0.27343750 0.62187500 0.09062500 0.17031250
0 0.37656250 0.60312500 0.08281250 0.16093750
12 0.42812500 0.16875000 0.08281250 0.16562500
3 0.61406250 0.13437500 0.07656250 0.16562500
14 0.70625000 0.13281250 0.08125000 0.16093750
3 0.47343750 0.58750000 0.09062500 0.17187500
0 0.45312500 0.36875000 0.07812500 0.15312500
5 0.54062500 0.36562500 0.07812500 0.17187500
18 0.64218750 0.34843750 0.08750000 0.17968750
21 0.78906250 0.12187500 0.07812500 0.16562500
13 0.85781250 0.12343750 0.06875000 0.14843750
11 0.70468750 0.77343750 0.11406250 0.16718750
0 0.59218750 0.78437500 0.10000000 0.17187500
18 0.66406250 0.54843750 0.09375000 0.16718750
4 0.72968750 0.33750000 0.08593750 0.17031250
