7 0.07812500 0.06953125 0.04062500 0.13906250
4 0.11718750 0.07656250 0.03750000 0.13515625
18 0.27812500 0.07656250 0.03593750 0.13515625
8 0.56718750 0.07968750 0.03750000 0.13515625
5 0.60937500 0.08671875 0.04062500 0.12500000
23 0.69218750 0.08359375 0.04375000 0.12812500
18 0.78281250 0.09375000 0.04375000 0.13515625
0 0.86406250 0.08671875 0.03593750 0.13906250
13 0.90625000 0.09062500 0.04531250 0.13906250
24 0.95000000 0.09062500 0.04375000 0.14218750
18 0.77500000 0.25000000 0.04375000 0.13203125
19 0.60625000 0.25000000 0.04531250 0.13906250
0 0.56406250 0.24687500 0.03906250 0.12812500
19 0.48281250 0.24296875 0.04218750 0.12812500
4 0.44375000 0.24296875 0.03593750 0.12500000
6 0.40312500 0.23593750 0.04375000 0.13906250
18 0.28125000 0.23593750 0.04375000 0.13906250
18 0.19843750 0.22890625 0.03750000 0.13203125
12 0.12343750 0.22890625 0.04375000 0.13906250
0 0.08125000 0.22578125 0.04062500 0.13906250
23 0.20156250 0.38203125 0.04218750 0.12500000
0 0.35937500 0.38203125 0.03750000 0.12187500
11 0.48437500 0.39218750 0.04375000 0.13203125
14 0.52187500 0.38906250 0.03125000 0.12500000
17 0.55937500 0.39609375 0.03750000 0.12500000
13 0.60312500 0.39609375 0.03906250 0.13203125
11 0.68906250 0.40312500 0.04218750 0.14218750
11 0.73125000 0.40312500 0.03906250 0.13906250
9 0.81406250 0.40625000 0.04062500 0.13203125
11 0.90312500 0.41328125 0.03750000 0.12812500
4 0.94687500 0.41640625 0.03906250 0.14921875
18 0.98281250 0.57656250 0.03437500 0.13906250
4 0.94375000 0.57656250 0.04062500 0.13906250
18 0.90000000 0.57265625 0.03906250 0.14218750
20 0.85781250 0.57656250 0.04531250 0.14218750
0 0.81562500 0.56953125 0.03906250 0.14921875
15 0.76875000 0.56562500 0.04062500 0.12500000
5 0.40000000 0.53437500 0.03906250 0.13203125
23 0.28437500 0.54531250 0.03593750 0.14218750
15 0.12343750 0.53125000 0.04062500 0.14218750
12 0.08437500 0.67343750 0.03125000 0.13906250
20 0.12500000 0.67734375 0.04375000 0.13203125
11 0.20625000 0.67734375 0.03906250 0.12500000
17 0.36093750 0.69062500 0.03593750 0.13203125
8 0.39843750 0.68750000 0.03750000 0.13906250
4 0.43593750 0.68750000 0.03750000 0.13203125
10 0.47812500 0.69062500 0.04687500 0.12187500
0 0.60156250 0.70468750 0.03906250 0.12500000
11 0.68437500 0.70859375 0.04218750 0.12187500
18 0.85468750 0.72890625 0.04375000 0.13906250
18 0.93750000 0.73281250 0.04218750 0.13906250
8 0.97968750 0.73593750 0.04062500 0.12812500
13 0.97656250 0.89218750 0.04375000 0.13203125
12 0.89375000 0.88906250 0.04843750 0.13515625
19 0.80781250 0.87812500 0.04375000 0.13515625
19 0.72187500 0.87500000 0.04218750 0.14218750
0 0.68125000 0.87500000 0.03750000 0.13906250
10 0.56093750 0.84687500 0.04375000 0.11796875
18 0.40156250 0.83671875 0.04375000 0.12500000
10 0.36093750 0.82968750 0.03750000 0.11484375
13 0.32187500 0.82968750 0.03750000 0.11796875
