16 0.47187500 0.25312500 0.10312500 0.19843750
16 0.51250000 0.87031250 0.13125000 0.25937500
3 0.34531250 0.54687500 0.12187500 0.24375000
4 0.17968750 0.58906250 0.12968750 0.23437500
0 0.33593750 0.89218750 0.10781250 0.21562500
0 0.61718750 0.50000000 0.10468750 0.20312500
19 0.59375000 0.24218750 0.10937500 0.19375000
3 0.65312500 0.82343750 0.12500000 0.25000000
17 0.71406250 0.22656250 0.09375000 0.19843750
11 0.74531250 0.49687500 0.11718750 0.20156250
4 0.78281250 0.80156250 0.10781250 0.24687500
