18 0.09375000 0.28819444 0.03437500 0.11111111
8 0.13437500 0.28819444 0.03437500 0.12500000
3 0.17343750 0.29166667 0.03281250 0.11805556
4 0.21406250 0.29513889 0.03593750 0.13194444
3 0.33593750 0.30208333 0.03125000 0.12152778
14 0.37343750 0.29861111 0.03437500 0.11458333
3 0.41406250 0.29861111 0.03750000 0.11805556
6 0.45312500 0.29861111 0.03593750 0.11458333
4 0.49687500 0.29861111 0.03593750 0.12152778
2 0.53125000 0.16319444 0.03437500 0.10763889
0 0.57031250 0.15972222 0.02968750 0.11458333
15 0.60781250 0.15625000 0.03750000 0.11111111
19 0.64843750 0.15625000 0.03437500 0.11111111
0 0.68593750 0.15625000 0.03125000 0.11111111
18 0.76718750 0.15277778 0.03593750 0.11111111
14 0.69062500 0.29166667 0.03437500 0.10763889
19 0.73281250 0.29166667 0.03593750 0.12152778
2 0.88125000 0.15277778 0.03281250 0.11805556
17 0.95937500 0.15277778 0.03437500 0.11458333
24 0.93125000 0.29513889 0.03750000 0.11805556
18 0.04843750 0.43750000 0.03281250 0.11458333
22 0.08593750 0.43402778 0.03281250 0.11805556
4 0.12500000 0.43402778 0.03125000 0.12152778
4 0.16406250 0.43750000 0.03437500 0.12500000
15 0.20625000 0.43750000 0.03437500 0.11111111
18 0.25000000 0.44097222 0.03593750 0.11805556
5 0.53125000 0.43402778 0.03125000 0.11111111
11 0.57187500 0.44097222 0.03281250 0.12152778
20 0.61562500 0.44097222 0.03281250 0.11458333
17 0.65468750 0.43402778 0.03593750 0.11111111
17 0.69375000 0.44444444 0.03437500 0.12152778
24 0.73750000 0.43750000 0.03437500 0.11805556
3 0.85781250 0.43055556 0.03750000 0.12152778
18 0.03750000 0.58333333 0.03750000 0.13888889
20 0.11562500 0.58333333 0.03750000 0.12847222
8 0.15937500 0.58680556 0.03437500 0.12500000
3 0.20312500 0.58333333 0.04062500 0.12152778
11 0.28593750 0.58333333 0.04218750 0.13194444
0 0.32968750 0.58680556 0.03593750 0.12500000
24 0.37031250 0.59027778 0.03281250 0.12500000
14 0.45156250 0.58680556 0.03437500 0.11111111
13 0.49218750 0.58333333 0.03437500 0.11805556
3 0.65625000 0.58680556 0.03750000 0.12500000
4 0.69843750 0.58680556 0.04062500 0.12500000
2 0.73906250 0.58680556 0.03750000 0.12152778
10 0.78437500 0.58680556 0.03906250 0.12152778
22 0.02968750 0.73611111 0.03437500 0.13888889
4 0.06875000 0.74305556 0.03437500 0.12847222
11 0.10781250 0.74305556 0.03906250 0.11805556
11 0.15156250 0.73611111 0.03906250 0.12152778
0 0.28125000 0.73611111 0.03906250 0.12500000
11 0.36562500 0.74305556 0.03750000 0.13888889
11 0.41093750 0.73611111 0.03906250 0.12847222
18 0.49375000 0.74652778 0.03906250 0.13194444
11 0.53593750 0.73958333 0.03437500 0.13194444
8 0.57500000 0.73263889 0.03593750 0.12500000
12 0.61718750 0.73958333 0.03906250 0.12847222
24 0.66250000 0.74305556 0.04375000 0.13541667
15 0.74531250 0.73611111 0.03750000 0.12500000
8 0.79375000 0.73958333 0.03437500 0.12152778
4 0.83125000 0.74305556 0.03593750 0.13541667
2 0.87343750 0.73958333 0.03281250 0.12152778
4 0.91406250 0.74305556 0.03750000 0.12500000
0 0.02187500 0.89583333 0.03125000 0.11805556
19 0.06093750 0.89930556 0.03750000 0.13541667
19 0.23125000 0.90277778 0.03750000 0.12500000
8 0.27656250 0.90972222 0.03750000 0.12500000
15 0.31875000 0.90972222 0.03906250 0.13194444
0 0.45156250 0.90625000 0.03281250 0.12152778
2 0.53593750 0.89930556 0.03750000 0.12847222
11 0.57656250 0.90277778 0.03437500 0.13194444
0 0.61875000 0.90277778 0.03906250 0.12847222
12 0.66562500 0.90277778 0.03750000 0.12847222
1 0.75312500 0.90625000 0.03750000 0.14236111
0 0.79531250 0.90277778 0.03437500 0.13888889
8 0.83906250 0.90277778 0.03906250 0.14583333
19 0.88593750 0.90277778 0.04062500 0.13888889
