21 0.15468750 0.29375000 0.10312500 0.20781250
14 0.26875000 0.29375000 0.11250000 0.20156250
16 0.38437500 0.29218750 0.10781250 0.20625000
16 0.50312500 0.30468750 0.11250000 0.20781250
8 0.62187500 0.30625000 0.09531250 0.20156250
4 0.73281250 0.31562500 0.09843750 0.21562500
18 0.15000000 0.55468750 0.10000000 0.22812500
7 0.27031250 0.56406250 0.10312500 0.22500000
4 0.38750000 0.55468750 0.10468750 0.22031250
21 0.50937500 0.82031250 0.11250000 0.22968750
3 0.84531250 0.31562500 0.10468750 0.21093750
