5 0.11562500 0.37812500 0.09375000 0.17968750
4 0.04687500 0.63750000 0.08750000 0.17656250
18 0.13281250 0.62812500 0.09531250 0.17968750
18 0.34062500 0.34687500 0.08750000 0.16718750
4 0.25937500 0.84375000 0.10312500 0.17500000
11 0.37968750 0.82031250 0.10000000 0.18906250
11 0.36093750 0.56562500 0.09062500 0.15781250
7 0.43593750 0.33125000 0.08125000 0.17031250
14 0.46250000 0.54531250 0.09375000 0.15312500
14 0.58906250 0.75625000 0.09843750 0.17500000
12 0.48750000 0.77656250 0.08750000 0.17656250
0 0.53593750 0.31718750 0.08593750 0.17187500
18 0.62500000 0.30625000 0.07812500 0.17968750
17 0.55937500 0.51406250 0.08593750 0.16250000
18 0.65625000 0.50625000 0.09375000 0.17968750
