21 0.16562500 0.28750000 0.10312500 0.21093750
14 0.27812500 0.28906250 0.11250000 0.20156250
16 0.39375000 0.29218750 0.10781250 0.20625000
16 0.51250000 0.30468750 0.11250000 0.20781250
8 0.62656250 0.30625000 0.09531250 0.20156250
4 0.74062500 0.30468750 0.09843750 0.21562500
18 0.15000000 0.54843750 0.10000000 0.22500000
7 0.27343750 0.55312500 0.10312500 0.22500000
4 0.39687500 0.55000000 0.10468750 0.22031250
21 0.50937500 0.80937500 0.11250000 0.22968750
3 0.85468750 0.31250000 0.10781250 0.21093750
