8 0.22265600 0.08648300 0.01953100 0.02180200
6 0.87158200 0.09084300 0.02050800 0.02180200
18 0.17041000 0.11845900 0.02050800 0.02180200
15 0.19677700 0.11809600 0.02050800 0.02252900
17 0.22314500 0.11845900 0.02050800 0.02180200
0 0.24951200 0.11845900 0.02050800 0.02180200
22 0.27636700 0.11882300 0.01953100 0.02252900
4 0.30224600 0.11918600 0.02050800 0.02180200
3 0.32861300 0.11918600 0.02050800 0.02180200
11 0.35400400 0.11882300 0.02050800 0.02252900
8 0.38037100 0.11845900 0.02050800 0.02180200
22 0.40673800 0.11882300 0.02050800 0.02252900
14 0.43261700 0.11882300 0.02148400 0.02252900
15 0.48486300 0.11882300 0.02050800 0.02252900
8 0.51171900 0.11882300 0.02148400 0.02252900
18 0.53759800 0.11882300 0.02050800 0.02252900
0 0.56347700 0.11882300 0.02148400 0.02252900
11 0.58935500 0.11954900 0.02050800 0.02252900
3 0.64209000 0.11954900 0.02050800 0.02252900
17 0.66796900 0.11991300 0.01953100 0.02180200
20 0.69335900 0.12027600 0.01953100 0.02252900
6 0.71875000 0.12027600 0.01953100 0.02252900
14 0.74414100 0.12027600 0.01953100 0.02252900
10 0.82226600 0.12173000 0.01953100 0.02252900
17 0.84668000 0.12209300 0.01953100 0.02180200
20 0.87207000 0.12245600 0.01953100 0.02252900
15 0.89746100 0.12318300 0.01953100 0.02252900
13 0.17041000 0.15079900 0.02050800 0.02252900
4 0.19726600 0.15079900 0.01953100 0.02252900
8 0.27587900 0.15079900 0.02050800 0.02252900
3 0.35400400 0.15007300 0.02050800 0.02252900
4 0.38037100 0.15007300 0.02050800 0.02252900
19 0.40673800 0.15043600 0.02050800 0.02180200
18 0.43310500 0.15043600 0.02050800 0.02180200
10 0.45849600 0.15043600 0.02050800 0.02180200
8 0.48535200 0.15043600 0.01953100 0.02180200
15 0.56347700 0.15043600 0.01953100 0.02180200
8 0.58984400 0.15043600 0.01953100 0.02180200
18 0.61572300 0.15043600 0.02050800 0.02180200
0 0.64160200 0.15116300 0.01953100 0.02180200
19 0.66796900 0.15152600 0.01953100 0.02252900
4 0.69335900 0.15189000 0.01953100 0.02180200
11 0.71923800 0.15225300 0.02050800 0.02252900
10 0.79589800 0.15334300 0.01953100 0.02180200
14 0.82226600 0.15407000 0.01953100 0.02180200
17 0.84765600 0.15407000 0.01953100 0.02180200
13 0.87304700 0.15407000 0.01953100 0.02180200
4 0.89843800 0.15479700 0.01953100 0.02180200
16 0.16992200 0.18350300 0.01953100 0.02252900
20 0.19677700 0.18314000 0.02050800 0.02325600
10 0.22216800 0.18277600 0.02050800 0.02252900
14 0.24902300 0.18277600 0.01953100 0.02252900
22 0.27490200 0.18204900 0.02050800 0.02252900
18 0.30127000 0.18204900 0.02050800 0.02252900
10 0.32763700 0.18204900 0.02050800 0.02252900
8 0.35400400 0.18168600 0.02050800 0.02180200
15 0.43261700 0.18168600 0.01953100 0.02180200
4 0.48535200 0.18204900 0.01953100 0.02252900
18 0.51171900 0.18204900 0.01953100 0.02252900
12 0.58984400 0.18241300 0.01953100 0.02180200
0 0.61621100 0.18277600 0.01953100 0.02252900
17 0.64257800 0.18277600 0.01953100 0.02252900
0 0.69384800 0.18423000 0.02050800 0.02252900
10 0.71972700 0.18423000 0.01953100 0.02252900
0 0.74609400 0.18423000 0.01953100 0.02252900
19 0.84765600 0.18568300 0.01953100 0.02252900
14 0.87304700 0.18604700 0.01953100 0.02180200
13 0.19580100 0.21475300 0.02050800 0.02252900
4 0.22216800 0.21439000 0.02050800 0.02325600
12 0.27539100 0.21402600 0.01953100 0.02252900
4 0.30127000 0.21402600 0.02050800 0.02252900
17 0.32714800 0.21402600 0.01953100 0.02252900
19 0.35400400 0.21402600 0.02050800 0.02252900
22 0.38037100 0.21439000 0.02050800 0.02325600
0 0.40673800 0.21439000 0.02050800 0.02325600
18 0.48535200 0.21475300 0.01953100 0.02252900
19 0.51123000 0.21475300 0.02050800 0.02252900
8 0.53759800 0.21475300 0.02050800 0.02252900
11 0.56396500 0.21475300 0.02050800 0.02252900
8 0.58984400 0.21475300 0.01953100 0.02252900
25 0.61621100 0.21475300 0.01953100 0.02252900
0 0.64257800 0.21475300 0.01953100 0.02252900
2 0.66894500 0.21548000 0.01953100 0.02252900
8 0.69433600 0.21548000 0.01953100 0.02252900
15 0.77148400 0.21657000 0.01953100 0.02180200
14 0.79687500 0.21729700 0.01953100 0.02180200
3 0.82226600 0.21729700 0.01953100 0.02180200
3 0.17041000 0.24673000 0.02050800 0.02252900
4 0.19677700 0.24673000 0.02050800 0.02252900
19 0.22265600 0.24673000 0.01953100 0.02252900
18 0.24902300 0.24673000 0.01953100 0.02252900
10 0.27587900 0.24673000 0.02050800 0.02252900
8 0.30175800 0.24673000 0.01953100 0.02252900
5 0.38037100 0.24673000 0.02050800 0.02252900
14 0.40673800 0.24673000 0.02050800 0.02252900
11 0.43310500 0.24673000 0.02050800 0.02252900
10 0.48584000 0.24673000 0.02050800 0.02252900
11 0.51123000 0.24673000 0.02050800 0.02252900
14 0.53808600 0.24673000 0.01953100 0.02252900
17 0.56396500 0.24709300 0.01855500 0.02180200
13 0.61621100 0.24709300 0.01953100 0.02180200
4 0.64257800 0.24709300 0.01953100 0.02180200
12 0.69531200 0.24782000 0.01953100 0.02180200
4 0.72070300 0.24782000 0.01953100 0.02180200
7 0.74609400 0.24818300 0.01953100 0.02107600
0 0.77099600 0.24854700 0.01855500 0.02180200
13 0.79687500 0.24927300 0.01953100 0.02180200
8 0.82226600 0.24927300 0.01953100 0.02180200
16 0.84765600 0.25000000 0.01953100 0.02180200
4 0.87353500 0.25000000 0.01855500 0.02180200
18 0.17089800 0.27943300 0.01953100 0.02252900
10 0.19677700 0.27943300 0.02050800 0.02252900
14 0.22314500 0.27979700 0.02050800 0.02325600
4 0.24951200 0.27943300 0.02050800 0.02252900
8 0.30175800 0.27943300 0.01953100 0.02252900
18 0.32812500 0.27943300 0.01953100 0.02252900
15 0.35400400 0.27907000 0.02050800 0.02325600
14 0.38037100 0.27870600 0.02050800 0.02252900
11 0.40673800 0.27870600 0.02050800 0.02252900
25 0.45947300 0.27870600 0.02050800 0.02252900
14 0.48535200 0.27870600 0.01953100 0.02252900
22 0.51220700 0.27870600 0.02050800 0.02252900
0 0.53808600 0.27870600 0.01953100 0.02252900
13 0.56396500 0.27870600 0.02050800 0.02252900
8 0.59033200 0.27907000 0.02050800 0.02180200
4 0.61718800 0.27943300 0.01953100 0.02252900
6 0.66894500 0.27979700 0.01953100 0.02180200
14 0.69433600 0.28016000 0.01953100 0.02252900
19 0.72070300 0.28016000 0.01953100 0.02252900
14 0.74609400 0.28125000 0.01953100 0.02180200
22 0.77148400 0.28125000 0.01953100 0.02180200
7 0.82226600 0.28125000 0.01953100 0.02180200
12 0.87402300 0.28125000 0.01953100 0.02180200
14 0.89941400 0.28161300 0.01953100 0.02252900
3 0.17041000 0.31141000 0.02050800 0.02252900
4 0.19628900 0.31213700 0.01953100 0.02252900
11 0.22216800 0.31213700 0.02050800 0.02252900
4 0.24951200 0.31213700 0.02050800 0.02252900
19 0.38085900 0.31104700 0.01953100 0.02325600
14 0.40673800 0.31104700 0.02050800 0.02325600
18 0.46044900 0.31104700 0.02050800 0.02325600
0 0.48632800 0.31104700 0.01953100 0.02325600
12 0.51269500 0.31141000 0.01953100 0.02252900
14 0.53857400 0.31141000 0.02050800 0.02252900
1 0.56494100 0.31141000 0.02050800 0.02252900
19 0.61718800 0.31177300 0.01953100 0.02325600
13 0.64209000 0.31213700 0.02050800 0.02252900
14 0.66894500 0.31177300 0.01953100 0.02180200
4 0.69433600 0.31213700 0.01953100 0.02252900
18 0.74609400 0.31213700 0.01953100 0.02252900
22 0.77148400 0.31213700 0.01953100 0.02252900
14 0.79785200 0.31286300 0.01953100 0.02252900
1 0.82324200 0.31286300 0.01953100 0.02252900
14 0.84863300 0.31322700 0.01953100 0.02180200
3 0.87402300 0.31322700 0.01953100 0.02180200
13 0.17089800 0.34338700 0.01953100 0.02252900
14 0.19580100 0.34338700 0.02050800 0.02252900
4 0.22216800 0.34302300 0.02050800 0.02180200
19 0.27587900 0.34302300 0.02050800 0.02180200
22 0.30175800 0.34338700 0.01953100 0.02252900
14 0.32763700 0.34338700 0.02050800 0.02252900
17 0.35449200 0.34338700 0.01953100 0.02252900
16 0.38037100 0.34338700 0.02050800 0.02252900
4 0.40673800 0.34338700 0.02050800 0.02252900
18 0.43359400 0.34338700 0.01953100 0.02252900
19 0.45996100 0.34338700 0.01953100 0.02252900
22 0.48632800 0.34338700 0.01953100 0.02252900
14 0.51269500 0.34338700 0.01953100 0.02252900
10 0.67041000 0.37609000 0.02050800 0.02252900
14 0.69482400 0.37609000 0.02050800 0.02252900
13 0.72119100 0.37609000 0.02050800 0.02252900
3 0.74707000 0.37609000 0.01953100 0.02252900
17 0.77246100 0.37645300 0.01953100 0.02325600
0 0.79834000 0.37681700 0.02050800 0.02252900
19 0.82373000 0.37681700 0.02050800 0.02252900
4 0.87548800 0.37681700 0.02050800 0.02252900
22 0.90087900 0.37681700 0.02050800 0.02252900
0 0.92627000 0.37681700 0.02050800 0.02252900
