21 0.10156250 0.16406250 0.10781250 0.19843750
4 0.22656250 0.15312500 0.11406250 0.20625000
4 0.47187500 0.12968750 0.11406250 0.20625000
4 0.72031250 0.12187500 0.11250000 0.19687500
14 0.10781250 0.43750000 0.11250000 0.20625000
19 0.23593750 0.43437500 0.11250000 0.20156250
17 0.36250000 0.41875000 0.11250000 0.20625000
4 0.48750000 0.41250000 0.10781250 0.21093750
0 0.10937500 0.73125000 0.10937500 0.21875000
2 0.23593750 0.71875000 0.10937500 0.22500000
10 0.37500000 0.70937500 0.10468750 0.22031250
13 0.83125000 0.11406250 0.09375000 0.19375000
18 0.63281250 0.68906250 0.10937500 0.22968750
