19 0.51093750 0.23437500 0.05156250 0.15312500
19 0.58906250 0.55468750 0.05625000 0.13593750
13 0.64218750 0.56093750 0.04687500 0.13125000
13 0.93125000 0.69062500 0.04687500 0.13125000
14 0.74062500 0.22500000 0.05156250 0.13125000
14 0.74375000 0.38906250 0.05156250 0.13437500
14 0.87187500 0.70625000 0.05156250 0.13437500
11 0.75781250 0.55000000 0.05625000 0.13906250
20 0.64843750 0.73125000 0.05156250 0.12656250
0 0.59062500 0.73125000 0.05156250 0.12187500
15 0.56562500 0.23125000 0.05000000 0.13593750
18 0.68437500 0.22500000 0.05156250 0.14375000
8 0.85000000 0.22187500 0.05937500 0.15312500
17 0.68437500 0.39375000 0.06250000 0.14531250
9 0.52656250 0.57031250 0.05156250 0.13906250
6 0.70000000 0.55937500 0.05468750 0.13125000
4 0.80937500 0.54531250 0.04687500 0.13593750
4 0.70625000 0.72968750 0.04687500 0.13593750
7 0.52968750 0.75312500 0.05156250 0.13906250
12 0.81875000 0.70625000 0.04687500 0.12500000
10 0.97812500 0.69062500 0.04218750 0.12500000
14 0.59687500 0.90312500 0.05000000 0.12656250
2 0.53750000 0.90781250 0.05468750 0.11875000
19 0.65312500 0.89843750 0.05625000 0.13593750
16 0.71406250 0.89375000 0.05000000 0.13906250
17 0.76875000 0.86718750 0.04687500 0.15000000
4 0.82968750 0.87656250 0.04687500 0.14062500
25 0.88125000 0.86562500 0.04687500 0.11875000
