8 0.19218750 0.07656250 0.02968750 0.10781250
15 0.23125000 0.08359375 0.03437500 0.12500000
18 0.27187500 0.08359375 0.03593750 0.12500000
10 0.60781250 0.07656250 0.03437500 0.12812500
8 0.69531250 0.07656250 0.03281250 0.11796875
5 0.74062500 0.07265625 0.03593750 0.12812500
14 0.87187500 0.08359375 0.03906250 0.13906250
6 0.07812500 0.24296875 0.02968750 0.12187500
14 0.11562500 0.24296875 0.03281250 0.12187500
21 0.27031250 0.23593750 0.03125000 0.12500000
8 0.31250000 0.23984375 0.03750000 0.12812500
18 0.35625000 0.23984375 0.03437500 0.12187500
8 0.39687500 0.23984375 0.03281250 0.12187500
19 0.43906250 0.23984375 0.03281250 0.13515625
7 0.52343750 0.23984375 0.03593750 0.12812500
10 0.83125000 0.22890625 0.03437500 0.13906250
8 0.92031250 0.24296875 0.03281250 0.12812500
11 0.07500000 0.39609375 0.03125000 0.12500000
21 0.14843750 0.39218750 0.03437500 0.12187500
17 0.30781250 0.39609375 0.03750000 0.12812500
4 0.35156250 0.39218750 0.03281250 0.13515625
1 0.39375000 0.39609375 0.03906250 0.13515625
4 0.43593750 0.39609375 0.03750000 0.12812500
0 0.52343750 0.39609375 0.03593750 0.13515625
18 0.60781250 0.40312500 0.04062500 0.12812500
7 0.69531250 0.40312500 0.03437500 0.13203125
18 0.78750000 0.40625000 0.03593750 0.13203125
4 0.83125000 0.40625000 0.03437500 0.12812500
8 0.18281250 0.55234375 0.03281250 0.11093750
22 0.26406250 0.55937500 0.03281250 0.12187500
14 0.30625000 0.55546875 0.03281250 0.12187500
13 0.34843750 0.55546875 0.03125000 0.12187500
3 0.39375000 0.55546875 0.03125000 0.11796875
8 0.52031250 0.55937500 0.03281250 0.11484375
5 0.56406250 0.56250000 0.03281250 0.12187500
24 0.65312500 0.56953125 0.03750000 0.14921875
6 0.74218750 0.57656250 0.03593750 0.13906250
4 0.78750000 0.57968750 0.03750000 0.14218750
19 0.83125000 0.57656250 0.03437500 0.13906250
0 0.92500000 0.57265625 0.03593750 0.14609375
3 0.10312500 0.71171875 0.02812500 0.11093750
0 0.14062500 0.71171875 0.02812500 0.11796875
8 0.17968750 0.71562500 0.03281250 0.11796875
11 0.21875000 0.71875000 0.03125000 0.12187500
8 0.30468750 0.72890625 0.03593750 0.12500000
5 0.34687500 0.72187500 0.03593750 0.13203125
24 0.43125000 0.73281250 0.03593750 0.12500000
17 0.51875000 0.72187500 0.03750000 0.13515625
20 0.56250000 0.73281250 0.03125000 0.13203125
13 0.60625000 0.72890625 0.03750000 0.12812500
14 0.69375000 0.73984375 0.03437500 0.12812500
21 0.74062500 0.74296875 0.04218750 0.14218750
18 0.92500000 0.74296875 0.03906250 0.13906250
18 0.17343750 0.87500000 0.03750000 0.13515625
20 0.21718750 0.87500000 0.03593750 0.12187500
4 0.30000000 0.88906250 0.03593750 0.12812500
19 0.34218750 0.88515625 0.03593750 0.13203125
8 0.42812500 0.88515625 0.03281250 0.12812500
18 0.47500000 0.89609375 0.03750000 0.14218750
13 0.52031250 0.89218750 0.03281250 0.13906250
19 0.60625000 0.90312500 0.04218750 0.14218750
19 0.73906250 0.89921875 0.04218750 0.14218750
4 0.83281250 0.91328125 0.03906250 0.14218750
