21 0.28125000 0.13125000 0.10781250 0.19843750
4 0.40937500 0.12656250 0.11406250 0.20625000
4 0.63593750 0.11250000 0.11406250 0.20625000
4 0.88750000 0.11250000 0.11250000 0.19687500
7 0.16093750 0.40937500 0.10312500 0.19687500
14 0.29218750 0.40468750 0.11250000 0.20625000
19 0.41875000 0.40312500 0.11250000 0.20156250
17 0.54375000 0.40468750 0.11250000 0.20625000
4 0.66718750 0.40312500 0.10468750 0.21093750
1 0.15937500 0.70312500 0.11250000 0.21250000
0 0.29375000 0.70000000 0.10937500 0.21875000
2 0.42500000 0.69531250 0.10937500 0.22812500
10 0.55937500 0.69062500 0.11875000 0.22031250
