7 0.07031250 0.89531250 0.10937500 0.20781250
21 0.17187500 0.14375000 0.09375000 0.17500000
4 0.17968750 0.89843750 0.09843750 0.20312500
0 0.26250000 0.12812500 0.07343750 0.16718750
17 0.36562500 0.11093750 0.08750000 0.18437500
7 0.29375000 0.60156250 0.10781250 0.20781250
0 0.40781250 0.56718750 0.09531250 0.19843750
6 0.55937500 0.09218750 0.07656250 0.15625000
15 0.52343750 0.53906250 0.10468750 0.20312500
16 0.55625000 0.81718750 0.11250000 0.21562500
14 0.64843750 0.08281250 0.08593750 0.15312500
13 0.73281250 0.08281250 0.07343750 0.15781250
2 0.16250000 0.61250000 0.11250000 0.21250000
19 0.67812500 0.77812500 0.10937500 0.22968750
18 0.63281250 0.51093750 0.10312500 0.20156250
4 0.73125000 0.50625000 0.10000000 0.21093750
