18 0.27031250 0.72968750 0.10312500 0.20781250
7 0.38437500 0.69843750 0.11406250 0.21562500
8 0.34375000 0.42812500 0.10781250 0.21875000
13 0.47500000 0.40312500 0.10312500 0.23437500
4 0.50625000 0.67500000 0.10781250 0.21093750
18 0.65937500 0.90312500 0.10312500 0.19375000
16 0.62656250 0.64843750 0.10937500 0.21093750
20 0.20000000 0.19062500 0.10937500 0.17656250
4 0.07968750 0.21250000 0.09531250 0.18750000
4 0.32187500 0.17968750 0.09843750 0.20781250
13 0.44062500 0.14218750 0.10312500 0.22812500
