18 0.18281250 0.70625000 0.10312500 0.20781250
7 0.30000000 0.68593750 0.11406250 0.21562500
8 0.27500000 0.41250000 0.10781250 0.21875000
13 0.39062500 0.39531250 0.10468750 0.23437500
4 0.42187500 0.65625000 0.10781250 0.21250000
18 0.57343750 0.90312500 0.10312500 0.19375000
16 0.54531250 0.63593750 0.10937500 0.21093750
20 0.11562500 0.17968750 0.11250000 0.17656250
4 0.22968750 0.15937500 0.09843750 0.20781250
13 0.35000000 0.11406250 0.10312500 0.22812500
16 0.45000000 0.90000000 0.10937500 0.19843750
2 0.63125000 0.33750000 0.10781250 0.23281250
4 0.69218750 0.87812500 0.10312500 0.21562500
