18 0.06250000 0.55000000 0.09843750 0.19687500
4 0.09375000 0.81250000 0.10937500 0.21562500
18 0.05000000 0.26718750 0.10000000 0.20781250
7 0.16875000 0.23593750 0.10937500 0.21250000
3 0.21718750 0.78437500 0.10312500 0.21875000
0 0.19218750 0.49843750 0.09843750 0.20781250
16 0.32656250 0.47968750 0.10312500 0.21875000
18 0.45781250 0.44218750 0.09531250 0.21875000
4 0.29375000 0.19062500 0.10468750 0.19843750
16 0.42187500 0.17656250 0.10937500 0.19843750
18 0.49531250 0.71718750 0.10468750 0.22500000
4 0.58125000 0.40625000 0.09843750 0.19843750
4 0.54062500 0.14843750 0.10000000 0.19843750
