20 0.28437500 0.22812500 0.10468750 0.20156250
17 0.18906250 0.55000000 0.10468750 0.21250000
4 0.41562500 0.20312500 0.10937500 0.21250000
4 0.32500000 0.51250000 0.10468750 0.21875000
18 0.63281250 0.72187500 0.12656250 0.21093750
7 0.57343750 0.43750000 0.10781250 0.21093750
1 0.36562500 0.80625000 0.11250000 0.21093750
19 0.49062500 0.76093750 0.11875000 0.20312500
14 0.14531250 0.26718750 0.11875000 0.20156250
18 0.65781250 0.13906250 0.10468750 0.18906250
14 0.77031250 0.11875000 0.09531250 0.18125000
