4 0.12500000 0.24062500 0.07656250 0.17187500
3 0.04375000 0.65156250 0.08281250 0.15781250
0 0.12968750 0.64531250 0.08281250 0.16093750
12 0.21250000 0.20937500 0.08281250 0.16562500
3 0.40312500 0.19062500 0.07656250 0.16718750
14 0.49375000 0.19062500 0.08125000 0.15781250
3 0.21875000 0.64218750 0.09062500 0.17187500
0 0.21718750 0.40625000 0.07812500 0.15312500
5 0.32343750 0.40625000 0.07812500 0.17187500
18 0.42031250 0.39687500 0.08750000 0.17968750
21 0.58906250 0.17500000 0.07812500 0.16562500
13 0.67500000 0.16406250 0.07656250 0.16093750
11 0.45000000 0.83750000 0.09375000 0.17968750
0 0.33750000 0.85312500 0.08593750 0.17656250
18 0.44062500 0.60156250 0.09375000 0.16718750
4 0.51562500 0.40000000 0.08593750 0.17187500
16 0.60625000 0.38281250 0.08281250 0.16718750
14 0.52968750 0.58750000 0.08750000 0.17031250
11 0.56093750 0.81562500 0.10468750 0.17968750
11 0.62187500 0.57500000 0.08593750 0.16250000
18 0.83125000 0.16250000 0.06406250 0.13906250
16 0.74218750 0.77656250 0.10000000 0.18437500
