2 0.91406200 0.12239600 0.01953100 0.01953100
15 0.18066400 0.09798200 0.02539100 0.02408900
8 0.21142600 0.10058600 0.02441400 0.02408900
17 0.24072300 0.10253900 0.02441400 0.02408900
14 0.27050800 0.10514300 0.02539100 0.02408900
6 0.29980500 0.10709600 0.02539100 0.02408900
8 0.32910200 0.10970100 0.02539100 0.02408900
25 0.35693400 0.15136700 0.02441400 0.02408900
0 0.38525400 0.15234400 0.02441400 0.02474000
20 0.41308600 0.19628900 0.02343800 0.02408900
19 0.44091800 0.19791700 0.02246100 0.02343800
6 0.49511700 0.20182300 0.02343800 0.02343800
0 0.52099600 0.20377600 0.02246100 0.02343800
12 0.54834000 0.20572900 0.02246100 0.02343800
8 0.57519500 0.20768200 0.02343800 0.02343800
10 0.17675800 0.22298200 0.02539100 0.02539100
14 0.20752000 0.22493500 0.02441400 0.02539100
16 0.23730500 0.22623700 0.02539100 0.02539100
4 0.26806600 0.22819000 0.02441400 0.02539100
17 0.29736300 0.22949200 0.02441400 0.02539100
6 0.32568400 0.23112000 0.02441400 0.02474000
0 0.35449200 0.23274700 0.02539100 0.02539100
25 0.38330100 0.27636700 0.02441400 0.02539100
0 0.41162100 0.27799500 0.02441400 0.02474000
10 0.43896500 0.32063800 0.02246100 0.02408900
20 0.46728500 0.32161500 0.02246100 0.02474000
0 0.52099600 0.32389300 0.02246100 0.02408900
10 0.54834000 0.32519500 0.02246100 0.02408900
14 0.57519500 0.32617200 0.02148400 0.02474000
12 0.60156200 0.32714800 0.02148400 0.02408900
22 0.17431600 0.35253900 0.02441400 0.02669300
18 0.20556600 0.35351600 0.02441400 0.02604200
22 0.29443400 0.35677100 0.02441400 0.02604200
4 0.32470700 0.35774700 0.02441400 0.02669300
17 0.35400400 0.35872400 0.02246100 0.02604200
19 0.38183600 0.35937500 0.02343800 0.02604200
8 0.41015600 0.36067700 0.02343800 0.02604200
19 0.43847700 0.36132800 0.02343800 0.02604200
18 0.46630900 0.36263000 0.02246100 0.02604200
8 0.17382800 0.39648400 0.02539100 0.02734400
10 0.23388700 0.39778600 0.02441400 0.02734400
17 0.26464800 0.39811200 0.02539100 0.02669300
20 0.29394500 0.39876300 0.02539100 0.02669300
9 0.32421900 0.40039100 0.02343800 0.02604200
8 0.35253900 0.40104200 0.02343800 0.02604200
19 0.38183600 0.40169300 0.02343800 0.02604200
18 0.41015600 0.40234400 0.02343800 0.02604200
8 0.17334000 0.44010400 0.02441400 0.02604200
13 0.23388700 0.44108100 0.02441400 0.02669300
4 0.26367200 0.44173200 0.02343800 0.02669300
18 0.29394500 0.44205700 0.02343800 0.02604200
19 0.35205100 0.44303400 0.02441400 0.02669300
18 0.38134800 0.44335900 0.02246100 0.02474000
10 0.46679700 0.44466100 0.02148400 0.02474000
20 0.49414100 0.44498700 0.02148400 0.02408900
22 0.52148400 0.44563800 0.02148400 0.02408900
17 0.57519500 0.44628900 0.02148400 0.02408900
10 0.60205100 0.44661500 0.02050800 0.02343800
14 0.62793000 0.44694000 0.02148400 0.02408900
12 0.65332000 0.44759100 0.02148400 0.02408900
22 0.17236300 0.52832000 0.02441400 0.02669300
3 0.20263700 0.52832000 0.02441400 0.02669300
17 0.23339800 0.52832000 0.02343800 0.02669300
20 0.26367200 0.52897100 0.02343800 0.02539100
6 0.29345700 0.52832000 0.02246100 0.02539100
8 0.35205100 0.52832000 0.02246100 0.02539100
25 0.38134800 0.52832000 0.02246100 0.02539100
12 0.43798800 0.52766900 0.02246100 0.02539100
0 0.46630900 0.52766900 0.02246100 0.02539100
12 0.49316400 0.52766900 0.02343800 0.02539100
8 0.52050800 0.52766900 0.02343800 0.02539100
13 0.54785200 0.52766900 0.02148400 0.02408900
14 0.57519500 0.52701800 0.02148400 0.02408900
8 0.65380900 0.52734400 0.02050800 0.02343800
25 0.67919900 0.52734400 0.02050800 0.02343800
18 0.72998000 0.52669300 0.02050800 0.02343800
15 0.75537100 0.52669300 0.02050800 0.02343800
0 0.77978500 0.52669300 0.02050800 0.02343800
11 0.80371100 0.52669300 0.01953100 0.02213500
13 0.85156200 0.52636700 0.01953100 0.02148400
8 0.87500000 0.52636700 0.01953100 0.02148400
10 0.17138700 0.57226600 0.02441400 0.02734400
17 0.20263700 0.57194000 0.02441400 0.02669300
8 0.23291000 0.57161500 0.02441400 0.02734400
22 0.26318400 0.57161500 0.02441400 0.02604200
14 0.29296900 0.57128900 0.02343800 0.02669300
13 0.32226600 0.57063800 0.02343800 0.02669300
14 0.35156200 0.57063800 0.02343800 0.02669300
6 0.38085900 0.56998700 0.02343800 0.02669300
8 0.40869100 0.56966100 0.02246100 0.02604200
8 0.49365200 0.56835900 0.02246100 0.02474000
7 0.54785200 0.56770800 0.02148400 0.02474000
17 0.57470700 0.56738300 0.02050800 0.02408900
14 0.60156200 0.56738300 0.02148400 0.02408900
12 0.62695300 0.56673200 0.02148400 0.02408900
14 0.65332000 0.56673200 0.02148400 0.02408900
22 0.17187500 0.61686200 0.02539100 0.02669300
1 0.23291000 0.61556000 0.02441400 0.02669300
4 0.26318400 0.61490900 0.02441400 0.02669300
6 0.29296900 0.61425800 0.02539100 0.02669300
0 0.32226600 0.61360700 0.02539100 0.02669300
4 0.35107400 0.61295600 0.02441400 0.02669300
19 0.38085900 0.61197900 0.02343800 0.02474000
20 0.43798800 0.61100300 0.02246100 0.02539100
12 0.46533200 0.61035200 0.02246100 0.02539100
22 0.52099600 0.60904900 0.02246100 0.02539100
0 0.54736300 0.60872400 0.02246100 0.02474000
11 0.57421900 0.60807300 0.02148400 0.02474000
13 0.62793000 0.60742200 0.02148400 0.02474000
8 0.65332000 0.60644500 0.02148400 0.02408900
10 0.67968800 0.60579400 0.02148400 0.02408900
8 0.17285200 0.66015600 0.02539100 0.02734400
10 0.23388700 0.65950500 0.02441400 0.02604200
0 0.26318400 0.65820300 0.02441400 0.02604200
16 0.29248000 0.65722700 0.02441400 0.02669300
0 0.32177700 0.65592400 0.02441400 0.02669300
4 0.35107400 0.65494800 0.02441400 0.02604200
19 0.38085900 0.65397100 0.02539100 0.02669300
6 0.43750000 0.65234400 0.02343800 0.02604200
14 0.46533200 0.65169300 0.02246100 0.02474000
11 0.49267600 0.65071600 0.02246100 0.02408900
14 0.52002000 0.64974000 0.02246100 0.02474000
22 0.54785200 0.64876300 0.02148400 0.02408900
14 0.57421900 0.64811200 0.02148400 0.02408900
0 0.20459000 0.74641900 0.02441400 0.02669300
7 0.23437500 0.74511700 0.02539100 0.02669300
19 0.29394500 0.74251300 0.02539100 0.02669300
6 0.38085900 0.73795600 0.02539100 0.02669300
0 0.40966800 0.73665400 0.02441400 0.02539100
3 0.43701200 0.73502600 0.02441400 0.02604200
10 0.46533200 0.73372400 0.02441400 0.02604200
8 0.49267600 0.73307300 0.02246100 0.02474000
0 0.57373000 0.72884100 0.02246100 0.02408900
7 0.60058600 0.72753900 0.02148400 0.02408900
19 0.65283200 0.72493500 0.02246100 0.02408900
6 0.72802700 0.72200500 0.02050800 0.02343800
17 0.75293000 0.72005200 0.02148400 0.02343800
25 0.80175800 0.71744800 0.02148400 0.02343800
13 0.82617200 0.71712200 0.01953100 0.02148400
13 0.26513700 0.78613300 0.02441400 0.02669300
4 0.29443400 0.78418000 0.02441400 0.02669300
20 0.32373000 0.78255200 0.02441400 0.02604200
12 0.35205100 0.78092400 0.02441400 0.02539100
19 0.40966800 0.77734400 0.02441400 0.02604200
15 0.51953100 0.77115900 0.02343800 0.02539100
14 0.54638700 0.76920600 0.02246100 0.02539100
17 0.57373000 0.76822900 0.02246100 0.02474000
14 0.60058600 0.76595100 0.02148400 0.02408900
18 0.62597700 0.76497400 0.02148400 0.02343800
13 0.67724600 0.76237000 0.02050800 0.02343800
14 0.70312500 0.76106800 0.02148400 0.02343800
10 0.72753900 0.76009100 0.02148400 0.02408900
19 0.17578100 0.83333300 0.02539100 0.02604200
16 0.26562500 0.82812500 0.02539100 0.02604200
4 0.29492200 0.82617200 0.02539100 0.02604200
17 0.32421900 0.82421900 0.02539100 0.02604200
13 0.35302700 0.82226600 0.02441400 0.02604200
4 0.38232400 0.82031200 0.02441400 0.02604200
4 0.40966800 0.81835900 0.02441400 0.02604200
19 0.46630900 0.81510400 0.02246100 0.02474000
17 0.49316400 0.81315100 0.02343800 0.02474000
20 0.52002000 0.81152300 0.02246100 0.02408900
1 0.54638700 0.80989600 0.02246100 0.02474000
14 0.57324200 0.80794300 0.02343800 0.02474000
16 0.60058600 0.80599000 0.02343800 0.02474000
8 0.62695300 0.80403600 0.02148400 0.02343800
18 0.65234400 0.80273400 0.02148400 0.02343800
19 0.67724600 0.80143200 0.02246100 0.02343800
0 0.70263700 0.79980500 0.02246100 0.02278600
15 0.26611300 0.86946600 0.02441400 0.02539100
14 0.29541000 0.86718800 0.02441400 0.02474000
11 0.32470700 0.86490900 0.02441400 0.02539100
1 0.38134800 0.86067700 0.02441400 0.02474000
20 0.40966800 0.85839800 0.02441400 0.02539100
18 0.46630900 0.85514300 0.02246100 0.02408900
13 0.54736300 0.84895800 0.02246100 0.02343800
0 0.57421900 0.84668000 0.02343800 0.02408900
18 0.62646500 0.84277300 0.02246100 0.02408900
4 0.65234400 0.84082000 0.02343800 0.02408900
1 0.67724600 0.83951800 0.02246100 0.02278600
