4 0.29843750 0.12734375 0.03281250 0.11406250
24 0.33906250 0.12656250 0.03281250 0.11250000
14 0.41640625 0.13046875 0.03593750 0.10937500
17 0.49687500 0.12968750 0.03281250 0.11406250
4 0.53437500 0.13593750 0.03125000 0.10781250
5 0.57578125 0.13359375 0.02812500 0.10937500
20 0.61328125 0.12734375 0.03125000 0.10781250
18 0.65234375 0.13046875 0.03281250 0.10468750
17 0.80859375 0.12343750 0.03437500 0.10781250
8 0.84765625 0.12500000 0.02968750 0.10468750
3 0.88750000 0.12187500 0.03437500 0.11875000
4 0.92500000 0.12109375 0.03281250 0.11875000
0 0.13359375 0.25468750 0.03437500 0.11875000
13 0.17109375 0.26015625 0.02968750 0.11250000
13 0.21406250 0.25937500 0.03437500 0.10625000
13 0.29453125 0.26093750 0.03593750 0.10937500
2 0.33515625 0.26250000 0.02968750 0.11250000
19 0.45546875 0.26796875 0.03281250 0.11875000
0 0.65468750 0.25859375 0.03125000 0.11093750
12 0.73203125 0.25859375 0.03437500 0.11562500
0 0.77343750 0.26328125 0.03281250 0.10937500
19 0.81484375 0.25859375 0.03125000 0.11093750
19 0.85625000 0.25625000 0.02968750 0.11718750
3 0.12343750 0.40078125 0.03593750 0.12812500
0 0.16640625 0.40234375 0.03281250 0.10937500
3 0.20859375 0.40546875 0.03437500 0.12187500
7 0.33203125 0.40468750 0.03281250 0.11875000
2 0.41562500 0.40781250 0.03281250 0.11875000
17 0.45390625 0.40546875 0.03281250 0.12187500
0 0.49296875 0.40703125 0.03281250 0.11250000
17 0.69531250 0.41015625 0.03750000 0.11875000
4 0.73906250 0.41328125 0.03437500 0.12500000
4 0.77656250 0.41406250 0.03593750 0.12656250
19 0.90156250 0.40312500 0.03437500 0.12656250
18 0.94140625 0.40390625 0.03437500 0.12500000
14 0.11640625 0.55468750 0.03750000 0.13125000
13 0.16015625 0.55312500 0.03750000 0.12968750
2 0.20312500 0.55312500 0.03437500 0.12187500
4 0.24375000 0.55468750 0.03906250 0.13125000
13 0.28125000 0.70781250 0.03437500 0.12031250
0 0.32734375 0.70703125 0.03593750 0.11875000
0 0.36953125 0.70937500 0.03593750 0.11875000
22 0.41171875 0.70546875 0.03437500 0.12656250
22 0.45312500 0.70234375 0.03281250 0.12500000
22 0.49296875 0.69921875 0.03750000 0.12343750
22 0.53515625 0.70390625 0.03750000 0.12812500
4 0.74609375 0.70468750 0.03437500 0.12343750
22 0.78906250 0.70703125 0.03750000 0.12343750
1 0.83046875 0.70390625 0.03750000 0.12812500
14 0.86953125 0.69921875 0.03593750 0.12343750
3 0.91484375 0.70546875 0.03750000 0.12656250
24 0.95625000 0.70625000 0.03437500 0.12187500
12 0.27656250 0.86875000 0.03437500 0.12500000
4 0.31953125 0.86953125 0.03593750 0.14218750
4 0.36250000 0.87343750 0.03750000 0.13437500
19 0.40468750 0.86796875 0.03593750 0.13437500
0 0.49453125 0.86718750 0.03593750 0.12812500
19 0.53437500 0.87343750 0.03593750 0.13437500
4 0.61953125 0.87109375 0.04062500 0.14062500
11 0.70546875 0.86484375 0.03593750 0.12968750
24 0.74843750 0.86953125 0.03593750 0.13125000
3 0.83593750 0.87109375 0.03437500 0.14062500
