18 0.29218750 0.18750000 0.07343750 0.16250000
7 0.37812500 0.19062500 0.07812500 0.15781250
4 0.47656250 0.17812500 0.07187500 0.15625000
3 0.40312500 0.58593750 0.09375000 0.17031250
0 0.49687500 0.57500000 0.08281250 0.16093750
12 0.56718750 0.16406250 0.08281250 0.16562500
3 0.73593750 0.13437500 0.07343750 0.15781250
14 0.81875000 0.12500000 0.06718750 0.15781250
3 0.58906250 0.56250000 0.09062500 0.17187500
0 0.57187500 0.35468750 0.07812500 0.15312500
5 0.67031250 0.33906250 0.07812500 0.17187500
18 0.76875000 0.33125000 0.08750000 0.17968750
