18 0.13281250 0.21406250 0.07343750 0.16250000
7 0.22187500 0.19531250 0.07812500 0.16093750
4 0.31093750 0.18437500 0.07656250 0.17187500
3 0.24687500 0.60468750 0.09375000 0.16718750
0 0.34062500 0.58593750 0.08281250 0.16093750
12 0.40937500 0.15937500 0.08281250 0.16562500
3 0.59062500 0.12968750 0.07656250 0.16718750
14 0.67968750 0.12343750 0.08125000 0.16093750
3 0.44375000 0.56875000 0.09062500 0.17187500
0 0.42031250 0.36718750 0.07812500 0.15312500
5 0.51406250 0.35781250 0.07812500 0.17187500
18 0.61093750 0.33593750 0.08750000 0.17656250
21 0.76875000 0.12187500 0.07812500 0.16562500
13 0.84375000 0.11250000 0.06875000 0.14843750
11 0.65312500 0.76718750 0.09843750 0.16718750
0 0.55937500 0.77187500 0.10000000 0.17187500
18 0.61562500 0.53437500 0.09375000 0.16718750
4 0.70000000 0.32500000 0.08593750 0.17187500
16 0.78906250 0.30937500 0.08125000 0.15625000
