21 0.17031250 0.28750000 0.10312500 0.21093750
14 0.28593750 0.28906250 0.11250000 0.20156250
16 0.40312500 0.29218750 0.10781250 0.20625000
16 0.52031250 0.29062500 0.11250000 0.20625000
8 0.63281250 0.29218750 0.09531250 0.20156250
4 0.75156250 0.29375000 0.09843750 0.21562500
18 0.16250000 0.54843750 0.10000000 0.22500000
7 0.27968750 0.55312500 0.10312500 0.22500000
4 0.40781250 0.55000000 0.10468750 0.22031250
21 0.51875000 0.80781250 0.11250000 0.22968750
3 0.86875000 0.29375000 0.10468750 0.20781250
