21 0.18437500 0.28593750 0.10312500 0.21093750
14 0.30156250 0.28906250 0.11250000 0.19843750
16 0.41875000 0.30000000 0.10781250 0.20781250
16 0.53437500 0.30000000 0.11250000 0.20781250
8 0.64531250 0.29687500 0.09843750 0.20156250
4 0.76250000 0.30000000 0.09843750 0.21562500
18 0.17656250 0.55000000 0.09843750 0.22812500
7 0.29062500 0.55468750 0.10312500 0.22500000
4 0.42343750 0.55625000 0.11250000 0.22031250
21 0.52968750 0.79843750 0.11250000 0.22968750
3 0.87500000 0.30000000 0.10781250 0.21093750
