8 0.10312500 0.43437500 0.10781250 0.21875000
13 0.23593750 0.40937500 0.10468750 0.23437500
4 0.25781250 0.68125000 0.10781250 0.21250000
16 0.37500000 0.65468750 0.10937500 0.21093750
4 0.06562500 0.17812500 0.09843750 0.20781250
13 0.18906250 0.14218750 0.10312500 0.21093750
2 0.46093750 0.34687500 0.10781250 0.23281250
4 0.52343750 0.87812500 0.10312500 0.21562500
4 0.50156250 0.61250000 0.11250000 0.21875000
3 0.65000000 0.85000000 0.10937500 0.21875000
0 0.58125000 0.33281250 0.10312500 0.24218750
