8 0.17919900 0.10174400 0.02246100 0.02616300
0 0.88476600 0.12100300 0.02148400 0.02252900
1 0.90869100 0.12173000 0.02050800 0.02252900
0 0.93408200 0.12173000 0.02050800 0.02252900
15 0.17968800 0.17332800 0.02343800 0.02543600
14 0.20752000 0.17187500 0.02246100 0.02543600
18 0.26757800 0.17260200 0.02343800 0.02543600
10 0.29687500 0.17296500 0.02343800 0.02616300
14 0.32666000 0.17369200 0.02246100 0.02470900
11 0.35546900 0.17369200 0.02148400 0.02470900
25 0.41455100 0.17587200 0.02246100 0.02470900
10 0.44335900 0.17732600 0.02148400 0.02470900
14 0.47168000 0.17805200 0.02148400 0.02470900
19 0.55761700 0.18132300 0.02148400 0.02398300
17 0.58496100 0.18204900 0.02148400 0.02398300
14 0.61230500 0.18277600 0.02148400 0.02398300
15 0.64062500 0.18350300 0.02148400 0.02398300
8 0.66796900 0.18423000 0.02148400 0.02398300
13 0.69531200 0.18495600 0.02148400 0.02398300
10 0.72265600 0.18532000 0.02148400 0.02470900
4 0.74902300 0.18568300 0.02148400 0.02398300
22 0.18017600 0.20930200 0.02246100 0.02470900
12 0.23779300 0.20930200 0.02246100 0.02470900
4 0.26806600 0.20893900 0.02246100 0.02543600
19 0.29736300 0.20893900 0.02246100 0.02398300
4 0.32617200 0.20930200 0.02148400 0.02470900
11 0.35644500 0.21002900 0.02148400 0.02470900
8 0.44335900 0.21220900 0.02148400 0.02470900
12 0.50097700 0.21402600 0.02148400 0.02398300
14 0.52929700 0.21475300 0.02148400 0.02398300
17 0.55761700 0.21548000 0.02148400 0.02398300
14 0.58593800 0.21620600 0.02148400 0.02398300
25 0.61328100 0.21693300 0.02148400 0.02398300
18 0.18017600 0.24527600 0.02246100 0.02543600
15 0.20849600 0.24491300 0.02246100 0.02470900
20 0.23877000 0.24491300 0.02246100 0.02470900
18 0.26709000 0.24491300 0.02246100 0.02470900
10 0.29736300 0.24454900 0.02246100 0.02543600
0 0.32666000 0.24454900 0.02246100 0.02543600
19 0.38671900 0.24636600 0.02148400 0.02470900
18 0.41552700 0.24709300 0.02246100 0.02470900
18 0.50097700 0.24927300 0.02148400 0.02470900
6 0.55810500 0.25072700 0.02050800 0.02470900
14 0.58593800 0.25109000 0.02148400 0.02398300
17 0.61425800 0.25181700 0.02148400 0.02398300
10 0.64160200 0.25254400 0.02148400 0.02398300
8 0.66796900 0.25254400 0.02148400 0.02398300
18 0.18017600 0.28088700 0.02246100 0.02543600
19 0.20849600 0.28088700 0.02246100 0.02543600
0 0.23877000 0.28088700 0.02246100 0.02543600
17 0.26904300 0.28088700 0.02246100 0.02543600
20 0.29834000 0.28125000 0.02246100 0.02470900
10 0.35742200 0.28197700 0.02148400 0.02470900
0 0.38671900 0.28270300 0.02148400 0.02470900
8 0.44433600 0.28343000 0.02148400 0.02470900
15 0.50195300 0.28452000 0.02148400 0.02398300
4 0.53027300 0.28488400 0.02148400 0.02470900
18 0.55810500 0.28561000 0.02050800 0.02470900
18 0.23877000 0.31649700 0.02246100 0.02543600
19 0.26904300 0.31686000 0.02246100 0.02470900
0 0.29834000 0.31686000 0.02246100 0.02470900
17 0.32861300 0.31722400 0.02246100 0.02543600
20 0.35839800 0.31758700 0.02148400 0.02470900
10 0.41699200 0.31831400 0.02148400 0.02470900
0 0.44531200 0.31904100 0.02148400 0.02470900
22 0.50195300 0.32013100 0.02148400 0.02543600
10 0.55859400 0.32122100 0.02148400 0.02470900
0 0.58691400 0.32158400 0.02148400 0.02398300
11 0.61425800 0.32158400 0.02148400 0.02398300
14 0.64257800 0.32158400 0.02148400 0.02398300
0 0.69726600 0.32231100 0.02148400 0.02398300
7 0.72363300 0.32267400 0.02148400 0.02470900
0 0.23974600 0.35210800 0.02246100 0.02543600
15 0.29931600 0.35283400 0.02246100 0.02543600
4 0.32910200 0.35356100 0.02148400 0.02543600
18 0.35839800 0.35392400 0.02148400 0.02470900
1 0.44628900 0.35465100 0.02148400 0.02470900
14 0.47412100 0.35501500 0.02050800 0.02398300
18 0.50293000 0.35537800 0.02148400 0.02470900
8 0.53076200 0.35574100 0.02050800 0.02398300
10 0.55908200 0.35610500 0.02050800 0.02470900
14 0.58691400 0.35683100 0.02148400 0.02470900
12 0.61425800 0.35683100 0.02148400 0.02470900
18 0.23974600 0.38917200 0.02246100 0.02543600
19 0.27002000 0.38880800 0.02246100 0.02470900
0 0.30029300 0.38880800 0.02246100 0.02470900
17 0.32959000 0.38917200 0.02246100 0.02543600
20 0.35986300 0.38953500 0.02246100 0.02470900
10 0.41796900 0.38989800 0.02148400 0.02398300
0 0.44677700 0.39026200 0.02050800 0.02470900
22 0.50341800 0.39062500 0.02050800 0.02398300
15 0.53173800 0.39098800 0.02050800 0.02470900
17 0.55957000 0.39098800 0.02148400 0.02470900
8 0.58691400 0.39135200 0.02148400 0.02398300
15 0.61474600 0.39135200 0.02050800 0.02398300
17 0.64209000 0.39135200 0.02050800 0.02398300
9 0.69775400 0.39207800 0.02050800 0.02398300
10 0.72460900 0.39171500 0.02148400 0.02470900
20 0.75146500 0.39171500 0.02050800 0.02470900
0 0.23974600 0.42441900 0.02246100 0.02470900
15 0.30029300 0.42514500 0.02246100 0.02470900
4 0.33056600 0.42514500 0.02246100 0.02470900
18 0.35986300 0.42514500 0.02246100 0.02470900
10 0.44726600 0.42514500 0.02148400 0.02470900
20 0.47509800 0.42550900 0.02050800 0.02398300
22 0.50341800 0.42623500 0.02050800 0.02398300
17 0.55957000 0.42659900 0.02148400 0.02470900
10 0.58740200 0.42659900 0.02050800 0.02470900
14 0.61474600 0.42659900 0.02050800 0.02470900
12 0.64257800 0.42659900 0.02148400 0.02470900
15 0.18310500 0.49745600 0.02246100 0.02543600
14 0.21240200 0.49745600 0.02246100 0.02543600
20 0.27148400 0.49673000 0.02343800 0.02543600
11 0.30127000 0.49673000 0.02246100 0.02543600
8 0.33105500 0.49636600 0.02343800 0.02470900
2 0.36084000 0.49600300 0.02246100 0.02543600
4 0.39013700 0.49491300 0.02246100 0.02470900
10 0.18359400 0.53379400 0.02148400 0.02543600
20 0.21337900 0.53306700 0.02246100 0.02543600
17 0.24218800 0.53270300 0.02343800 0.02470900
8 0.27197300 0.53270300 0.02246100 0.02470900
2 0.30127000 0.53234000 0.02246100 0.02543600
0 0.33154300 0.53197700 0.02246100 0.02470900
22 0.18408200 0.56940400 0.02246100 0.02543600
14 0.21337900 0.56940400 0.02246100 0.02543600
3 0.24267600 0.56904100 0.02246100 0.02470900
8 0.27197300 0.56867700 0.02246100 0.02543600
19 0.30224600 0.56831400 0.02246100 0.02470900
2 0.36132800 0.56758700 0.02343800 0.02470900
15 0.41992200 0.56686000 0.02343800 0.02470900
11 0.44873000 0.56613400 0.02246100 0.02470900
19 0.50537100 0.56540700 0.02246100 0.02470900
2 0.18457000 0.60574100 0.02148400 0.02543600
15 0.24267600 0.60501500 0.02246100 0.02543600
11 0.27197300 0.60465100 0.02246100 0.02470900
19 0.33154300 0.60392400 0.02246100 0.02470900
0 0.36181600 0.60319800 0.02246100 0.02470900
19 0.41992200 0.60247100 0.02148400 0.02470900
8 0.44921900 0.60138100 0.02148400 0.02398300
7 0.47753900 0.60065400 0.02148400 0.02398300
14 0.50585900 0.60065400 0.02148400 0.02398300
13 0.53418000 0.59992700 0.02148400 0.02398300
10 0.58984400 0.59883700 0.02148400 0.02470900
14 0.61718800 0.59811000 0.02148400 0.02470900
15 0.18505900 0.64135200 0.02246100 0.02543600
8 0.21386700 0.64098800 0.02148400 0.02470900
23 0.24316400 0.64171500 0.02148400 0.02470900
0 0.27294900 0.64135200 0.02246100 0.02543600
19 0.30273400 0.64062500 0.02148400 0.02543600
8 0.36181600 0.63917200 0.02246100 0.02543600
18 0.41992200 0.63771800 0.02148400 0.02543600
22 0.44921900 0.63699100 0.02148400 0.02543600
8 0.47802700 0.63626500 0.02246100 0.02543600
18 0.50585900 0.63517400 0.02148400 0.02470900
19 0.53418000 0.63444800 0.02148400 0.02470900
19 0.58984400 0.63299400 0.02148400 0.02470900
15 0.24365200 0.67696200 0.02246100 0.02543600
14 0.27392600 0.67696200 0.02246100 0.02543600
12 0.30224600 0.67732600 0.02246100 0.02470900
16 0.33252000 0.67623500 0.02246100 0.02543600
0 0.36181600 0.67514500 0.02246100 0.02470900
11 0.39111300 0.67441900 0.02246100 0.02470900
18 0.42041000 0.67332800 0.02246100 0.02543600
22 0.50585900 0.67078500 0.02148400 0.02470900
3 0.53418000 0.67005800 0.02148400 0.02470900
14 0.56250000 0.66896800 0.02148400 0.02398300
6 0.58984400 0.66824100 0.02148400 0.02398300
14 0.61816400 0.66751500 0.02148400 0.02398300
13 0.64453100 0.66678800 0.02148400 0.02398300
10 0.67285200 0.66569800 0.02148400 0.02470900
20 0.69921900 0.66497100 0.02148400 0.02470900
25 0.24365200 0.71293600 0.02246100 0.02470900
0 0.27392600 0.71257300 0.02246100 0.02543600
10 0.33252000 0.71184600 0.02246100 0.02543600
20 0.36181600 0.71111900 0.02246100 0.02543600
17 0.39160200 0.71075600 0.02148400 0.02470900
8 0.42041000 0.70930200 0.02246100 0.02470900
2 0.44970700 0.70821200 0.02246100 0.02543600
4 0.47851600 0.70712200 0.02148400 0.02470900
15 0.56347700 0.70421500 0.02148400 0.02470900
4 0.59082000 0.70348800 0.02148400 0.02470900
18 0.61816400 0.70203500 0.02148400 0.02470900
0 0.24462900 0.75036300 0.02246100 0.02543600
10 0.30322300 0.74891000 0.02246100 0.02543600
20 0.33252000 0.74818300 0.02246100 0.02543600
17 0.36279300 0.74709300 0.02246100 0.02470900
8 0.39209000 0.74600300 0.02246100 0.02543600
2 0.42138700 0.74491300 0.02246100 0.02470900
0 0.44970700 0.74382300 0.02246100 0.02543600
15 0.50732400 0.74164200 0.02246100 0.02543600
20 0.53564500 0.74055200 0.02246100 0.02470900
3 0.56298800 0.73946200 0.02246100 0.02543600
4 0.59130900 0.73837200 0.02246100 0.02470900
11 0.61914100 0.73691900 0.02148400 0.02470900
10 0.24560500 0.78597400 0.02246100 0.02543600
11 0.27392600 0.78561000 0.02246100 0.02470900
13 0.33349600 0.78379400 0.02246100 0.02543600
20 0.36377000 0.78270300 0.02246100 0.02470900
11 0.39306600 0.78197700 0.02246100 0.02470900
0 0.42187500 0.77979700 0.02148400 0.02470900
22 0.47900400 0.77761600 0.02246100 0.02470900
13 0.53564500 0.77543600 0.02246100 0.02470900
14 0.56347700 0.77470900 0.02148400 0.02470900
18 0.59130900 0.77361900 0.02246100 0.02398300
18 0.18701200 0.85864800 0.02246100 0.02543600
19 0.21533200 0.85864800 0.02246100 0.02543600
0 0.24658200 0.85792200 0.02246100 0.02543600
17 0.27587900 0.85719500 0.02246100 0.02543600
20 0.30517600 0.85719500 0.02246100 0.02543600
10 0.36425800 0.85392400 0.02343800 0.02470900
0 0.39355500 0.85247100 0.02343800 0.02470900
8 0.45214800 0.84920100 0.02343800 0.02398300
15 0.50878900 0.84629400 0.02343800 0.02398300
20 0.53662100 0.84484000 0.02246100 0.02398300
3 0.56396500 0.84338700 0.02246100 0.02398300
4 0.59228500 0.84193300 0.02246100 0.02398300
11 0.62011700 0.84011600 0.02343800 0.02470900
18 0.18750000 0.89425900 0.02343800 0.02543600
12 0.21630900 0.89607600 0.02246100 0.02470900
14 0.24609400 0.89498500 0.02343800 0.02543600
19 0.27587900 0.89353200 0.02246100 0.02543600
17 0.30566400 0.89244200 0.02343800 0.02470900
4 0.33447300 0.89135200 0.02246100 0.02543600
11 0.36425800 0.88989800 0.02343800 0.02543600
8 0.39404300 0.88808100 0.02246100 0.02470900
22 0.18798800 0.93204900 0.02246100 0.02543600
14 0.24658200 0.93023300 0.02246100 0.02470900
10 0.27685500 0.92877900 0.02246100 0.02470900
13 0.30712900 0.92805200 0.02246100 0.02470900
14 0.33544900 0.92696200 0.02246100 0.02543600
