23 0.09375000 0.40937500 0.09843750 0.17656250
17 0.19375000 0.39531250 0.08750000 0.17656250
18 0.03906250 0.66562500 0.07343750 0.16718750
17 0.04218750 0.90312500 0.08125000 0.18125000
0 0.12500000 0.89375000 0.08593750 0.17968750
14 0.12812500 0.64687500 0.09375000 0.18125000
8 0.22187500 0.88281250 0.08750000 0.19375000
3 0.33281250 0.85625000 0.09062500 0.18906250
6 0.32031250 0.60625000 0.09531250 0.18125000
14 0.40781250 0.36250000 0.08750000 0.16718750
5 0.50937500 0.35312500 0.08593750 0.17500000
4 0.42968750 0.58593750 0.08750000 0.18125000
18 0.52812500 0.55625000 0.08281250 0.17187500
18 0.68593750 0.31562500 0.08750000 0.15000000
4 0.64375000 0.76250000 0.08750000 0.16250000
