0 0.28437500 0.06597222 0.03437500 0.12847222
19 0.32812500 0.06597222 0.03750000 0.13194444
14 0.45468750 0.07638889 0.03750000 0.13194444
15 0.49843750 0.07291667 0.03593750 0.12500000
14 0.79531250 0.07291667 0.03750000 0.14236111
11 0.83906250 0.06944444 0.03750000 0.13541667
3 0.87968750 0.07638889 0.03437500 0.12500000
11 0.96250000 0.07638889 0.03437500 0.12500000
14 0.37031250 0.22916667 0.04375000 0.13194444
7 0.54062500 0.23611111 0.03750000 0.12500000
8 0.58437500 0.22916667 0.03281250 0.11805556
7 0.71250000 0.23611111 0.03281250 0.13888889
11 0.79531250 0.23263889 0.03593750 0.13194444
4 0.83906250 0.23611111 0.03437500 0.13888889
1 0.87968750 0.23611111 0.03437500 0.13541667
18 0.96406250 0.23263889 0.03437500 0.12500000
17 0.10000000 0.38888889 0.03437500 0.12847222
18 0.28281250 0.38541667 0.03125000 0.11111111
13 0.41250000 0.55208333 0.03437500 0.11805556
17 0.27812500 0.70833333 0.03906250 0.13888889
15 0.36875000 0.70833333 0.03593750 0.12500000
0 0.41250000 0.70833333 0.03281250 0.12847222
15 0.45625000 0.70833333 0.03593750 0.12847222
18 0.54218750 0.70833333 0.03593750 0.12500000
18 0.62812500 0.70833333 0.03281250 0.12500000
0 0.66875000 0.70833333 0.03281250 0.11805556
24 0.71718750 0.70833333 0.03750000 0.11805556
24 0.80312500 0.70833333 0.03281250 0.12500000
3 0.89062500 0.70833333 0.03437500 0.12152778
13 0.22968750 0.88194444 0.03750000 0.12847222
14 0.27500000 0.88194444 0.04062500 0.13194444
11 0.32187500 0.88194444 0.03750000 0.13541667
3 0.36875000 0.88194444 0.03750000 0.13541667
6 0.58593750 0.88194444 0.03281250 0.13541667
19 0.76250000 0.87847222 0.03281250 0.12500000
