3 0.12343750 0.14218750 0.08750000 0.15781250
18 0.30312500 0.10781250 0.08593750 0.15625000
14 0.40312500 0.09843750 0.08593750 0.15312500
11 0.49687500 0.09687500 0.08593750 0.15312500
11 0.30000000 0.32187500 0.08750000 0.15312500
21 0.20000000 0.55781250 0.10000000 0.17656250
13 0.20781250 0.78437500 0.09531250 0.20156250
0 0.10625000 0.80000000 0.08593750 0.17031250
0 0.19375000 0.32500000 0.08593750 0.14843750
11 0.40468750 0.31562500 0.09531250 0.15000000
3 0.31718750 0.78437500 0.09531250 0.18750000
8 0.30468750 0.54531250 0.09843750 0.17500000
11 0.41406250 0.52968750 0.09531250 0.16250000
3 0.59062500 0.08906250 0.08593750 0.14375000
11 0.51718750 0.52031250 0.09531250 0.16250000
18 0.51250000 0.75312500 0.09843750 0.19375000
16 0.59687500 0.30937500 0.09375000 0.16718750
7 0.62187500 0.74531250 0.10468750 0.19843750
8 0.69218750 0.29375000 0.08593750 0.17656250
