19 0.08437500 0.21718750 0.10000000 0.17187500
4 0.16875000 0.19687500 0.09062500 0.19687500
25 0.26093750 0.16562500 0.08750000 0.20312500
5 0.55937500 0.10468750 0.08593750 0.17656250
11 0.65312500 0.10000000 0.08593750 0.16250000
19 0.74062500 0.09375000 0.07343750 0.15000000
17 0.81562500 0.08750000 0.05937500 0.15312500
14 0.08281250 0.43125000 0.07812500 0.17500000
21 0.18437500 0.40937500 0.09375000 0.17968750
13 0.28750000 0.39218750 0.08125000 0.19375000
18 0.48281250 0.36093750 0.07656250 0.18125000
7 0.57500000 0.34218750 0.08750000 0.18750000
4 0.66875000 0.32500000 0.08593750 0.18750000
18 0.04062500 0.66875000 0.08125000 0.19687500
4 0.11250000 0.65625000 0.08593750 0.18437500
16 0.20625000 0.64062500 0.09375000 0.18125000
18 0.40937500 0.58281250 0.07343750 0.17187500
7 0.49843750 0.56875000 0.08125000 0.18437500
18 0.06406250 0.87656250 0.08125000 0.17968750
14 0.14062500 0.87187500 0.08593750 0.18437500
11 0.23125000 0.86406250 0.09375000 0.17968750
3 0.32656250 0.84062500 0.09375000 0.18437500
16 0.59531250 0.54843750 0.09062500 0.16718750
4 0.61718750 0.76406250 0.08593750 0.17656250
11 0.72031250 0.74687500 0.09375000 0.17031250
