5 0.10498000 0.05559600 0.02441400 0.02543600
17 0.07421900 0.09338700 0.02343800 0.02543600
22 0.10449200 0.09229700 0.02343800 0.02616300
0 0.13427700 0.09048000 0.02441400 0.02689000
13 0.16259800 0.08902600 0.02441400 0.02689000
4 0.22558600 0.08684600 0.02539100 0.02689000
18 0.28759800 0.08430200 0.02441400 0.02761600
0 0.31884800 0.08321200 0.02441400 0.02689000
15 0.34912100 0.08175900 0.02441400 0.02689000
14 0.37988300 0.08066900 0.02539100 0.02761600
9 0.41064500 0.07921500 0.02441400 0.02761600
10 0.44287100 0.07776200 0.02441400 0.02761600
8 0.47412100 0.07630800 0.02441400 0.02761600
3 0.07226600 0.16569800 0.02343800 0.02616300
17 0.10205100 0.16460800 0.02246100 0.02543600
0 0.13232400 0.16424400 0.02246100 0.02470900
13 0.16308600 0.16388100 0.02343800 0.02543600
4 0.22558600 0.16279100 0.02343800 0.02470900
10 0.28808600 0.16061000 0.02343800 0.02616300
0 0.32177700 0.15988400 0.02246100 0.02616300
11 0.35058600 0.15915700 0.02343800 0.02616300
14 0.38085900 0.15770300 0.02343800 0.02616300
10 0.44482400 0.15479700 0.02441400 0.02616300
8 0.47705100 0.15334300 0.02441400 0.02616300
10 0.07226600 0.24418600 0.02343800 0.02616300
14 0.10253900 0.24345900 0.02343800 0.02616300
12 0.13281200 0.24236900 0.02343800 0.02689000
20 0.16406200 0.24127900 0.02343800 0.02616300
13 0.22656200 0.23946200 0.02343800 0.02689000
20 0.25878900 0.23837200 0.02343800 0.02616300
9 0.28906200 0.23800900 0.02343800 0.02689000
13 0.32031200 0.23691900 0.02343800 0.02761600
18 0.41455100 0.23364800 0.02441400 0.02689000
0 0.44677700 0.23255800 0.02441400 0.02761600
15 0.47851600 0.23255800 0.02539100 0.02761600
14 0.51074200 0.23110500 0.02539100 0.02761600
6 0.54394500 0.22965100 0.02539100 0.02761600
8 0.57568400 0.22783400 0.02441400 0.02689000
10 0.07373000 0.32049400 0.02441400 0.02761600
16 0.13330100 0.31867700 0.02441400 0.02689000
20 0.16552700 0.31758700 0.02441400 0.02761600
3 0.19775400 0.31722400 0.02441400 0.02689000
14 0.22802700 0.31649700 0.02441400 0.02689000
3 0.29248000 0.31504400 0.02441400 0.02689000
4 0.32373000 0.31468000 0.02441400 0.02761600
17 0.35498000 0.31395300 0.02441400 0.02907000
4 0.38671900 0.31322700 0.02539100 0.02907000
22 0.41845700 0.31213700 0.02441400 0.02834300
20 0.44970700 0.31141000 0.02441400 0.02834300
1 0.51318400 0.30959300 0.02441400 0.02907000
4 0.54492200 0.30814000 0.02539100 0.02761600
6 0.57861300 0.30704900 0.02441400 0.02834300
8 0.61132800 0.30595900 0.02539100 0.02761600
11 0.07226600 0.39825600 0.02539100 0.02761600
0 0.10351600 0.39752900 0.02539100 0.02761600
15 0.13281200 0.39680200 0.02539100 0.02761600
19 0.16503900 0.39643900 0.02539100 0.02834300
8 0.19824200 0.39571200 0.02539100 0.02834300
18 0.26171900 0.39425900 0.02539100 0.02834300
14 0.29345700 0.39425900 0.02441400 0.02834300
25 0.32666000 0.39353200 0.02441400 0.02834300
17 0.35693400 0.39280500 0.02441400 0.02834300
4 0.38916000 0.39207800 0.02441400 0.02834300
11 0.42041000 0.39135200 0.02441400 0.02834300
8 0.45166000 0.39062500 0.02441400 0.02834300
22 0.07177700 0.47710800 0.02441400 0.02834300
0 0.10400400 0.47674400 0.02441400 0.02907000
11 0.13427700 0.47601700 0.02441400 0.02761600
4 0.16552700 0.47565400 0.02441400 0.02834300
13 0.19873000 0.47492700 0.02441400 0.02834300
10 0.22998000 0.47420100 0.02441400 0.02834300
8 0.26318400 0.47383700 0.02441400 0.02761600
15 0.32714800 0.47238400 0.02343800 0.02761600
14 0.35839800 0.47165700 0.02343800 0.02761600
18 0.39013700 0.47129400 0.02441400 0.02834300
15 0.42187500 0.47129400 0.02539100 0.02834300
4 0.45410200 0.47020300 0.02539100 0.02761600
11 0.48535200 0.46911300 0.02539100 0.02834300
8 0.51855500 0.46766000 0.02539100 0.02834300
16 0.07275400 0.55704900 0.02636700 0.02834300
19 0.10449200 0.55595900 0.02539100 0.02761600
14 0.13574200 0.55559600 0.02539100 0.02689000
9 0.19970700 0.55450600 0.02441400 0.02761600
4 0.23291000 0.55450600 0.02441400 0.02761600
22 0.29638700 0.55268900 0.02441400 0.02834300
25 0.39209000 0.55050900 0.02441400 0.02834300
4 0.42431600 0.54978200 0.02441400 0.02834300
22 0.45556600 0.54905500 0.02441400 0.02834300
0 0.48828100 0.54905500 0.02539100 0.02834300
4 0.52099600 0.54832800 0.02636700 0.02834300
19 0.55322300 0.54760200 0.02636700 0.02834300
4 0.58642600 0.54760200 0.02636700 0.02834300
8 0.07373000 0.63735500 0.02441400 0.02761600
7 0.10546900 0.63662800 0.02539100 0.02761600
13 0.16894500 0.63481100 0.02343800 0.02834300
4 0.20117200 0.63444800 0.02343800 0.02761600
14 0.26464800 0.63408400 0.02343800 0.02834300
1 0.29687500 0.63335800 0.02343800 0.02834300
17 0.32959000 0.63263100 0.02441400 0.02834300
22 0.39404300 0.63190400 0.02441400 0.02834300
0 0.42529300 0.63081400 0.02441400 0.02761600
4 0.45849600 0.63081400 0.02441400 0.02761600
19 0.49072300 0.63008700 0.02441400 0.02761600
4 0.52294900 0.63008700 0.02441400 0.02761600
17 0.07421900 0.71838700 0.02539100 0.02979700
22 0.10644500 0.71766000 0.02539100 0.02979700
8 0.13671900 0.71766000 0.02539100 0.02979700
19 0.16894500 0.71693300 0.02539100 0.02979700
4 0.20263700 0.71657000 0.02441400 0.02907000
8 0.26709000 0.71620600 0.02441400 0.02979700
7 0.29882800 0.71584300 0.02539100 0.02907000
20 0.36279300 0.71548000 0.02441400 0.02979700
1 0.39502000 0.71511600 0.02441400 0.02907000
14 0.42724600 0.71475300 0.02636700 0.02979700
6 0.45996100 0.71439000 0.02539100 0.03052300
8 0.49414100 0.71402600 0.02539100 0.02979700
4 0.52685500 0.71402600 0.02636700 0.02979700
17 0.07470700 0.80123500 0.02441400 0.02834300
22 0.10693400 0.80050900 0.02441400 0.02834300
8 0.13720700 0.79978200 0.02441400 0.02834300
19 0.16943400 0.79978200 0.02441400 0.02834300
4 0.20166000 0.79905500 0.02441400 0.02834300
1 0.26709000 0.79978200 0.02441400 0.02979700
14 0.29834000 0.79978200 0.02441400 0.02979700
18 0.33252000 0.80014500 0.02441400 0.02907000
14 0.36377000 0.80014500 0.02441400 0.02907000
13 0.39697300 0.80014500 0.02441400 0.02907000
14 0.42919900 0.79978200 0.02441400 0.02979700
6 0.46289100 0.79941900 0.02539100 0.02907000
8 0.49707000 0.80014500 0.02539100 0.02907000
4 0.53027300 0.80050900 0.02539100 0.02979700
13 0.07617200 0.88335800 0.02539100 0.02834300
4 0.10839800 0.88335800 0.02539100 0.02834300
15 0.17138700 0.88372100 0.02441400 0.02907000
17 0.20361300 0.88408400 0.02441400 0.02834300
8 0.23632800 0.88444800 0.02539100 0.02907000
3 0.26953100 0.88444800 0.02539100 0.02907000
19 0.33447300 0.88553800 0.02441400 0.02979700
18 0.36718800 0.88553800 0.02539100 0.02979700
22 0.46582000 0.88626500 0.02539100 0.02979700
0 0.49951200 0.88662800 0.02636700 0.03052300
12 0.53369100 0.88699100 0.02636700 0.03125000
14 0.60107400 0.88699100 0.02636700 0.03125000
15 0.63525400 0.88735500 0.02636700 0.03052300
19 0.70410200 0.88808100 0.02734400 0.03052300
