18 0.49062500 0.08671875 0.03593750 0.11796875
4 0.61875000 0.07968750 0.03281250 0.11796875
12 0.74843750 0.08359375 0.03281250 0.11093750
18 0.44687500 0.24296875 0.03281250 0.11484375
13 0.66250000 0.24296875 0.03437500 0.11796875
11 0.87656250 0.41640625 0.02968750 0.12187500
11 0.83437500 0.41640625 0.03281250 0.12812500
0 0.08750000 0.39921875 0.03125000 0.11484375
18 0.04843750 0.70156250 0.03125000 0.11093750
21 0.12031250 0.70468750 0.03125000 0.11796875
8 0.19843750 0.70859375 0.03437500 0.11484375
2 0.23593750 0.70859375 0.02812500 0.10781250
0 0.52656250 0.72890625 0.03125000 0.12187500
13 0.66093750 0.73281250 0.03437500 0.12187500
18 0.75000000 0.73984375 0.03593750 0.12187500
8 0.91718750 0.90937500 0.03437500 0.13203125
11 0.27343750 0.87500000 0.02968750 0.12187500
0 0.23593750 0.87187500 0.03437500 0.12812500
13 0.15781250 0.86484375 0.03593750 0.11484375
14 0.11875000 0.85781250 0.03281250 0.11796875
19 0.04687500 0.85078125 0.03281250 0.11093750
