17 0.11875000 0.50781250 0.09531250 0.20312500
8 0.15625000 0.78906250 0.10937500 0.23281250
18 0.26406250 0.47187500 0.09843750 0.19375000
4 0.28593750 0.75781250 0.10937500 0.21562500
18 0.22656250 0.20468750 0.10000000 0.20781250
7 0.34687500 0.17500000 0.11250000 0.21250000
3 0.41406250 0.71250000 0.10312500 0.21875000
0 0.37812500 0.44531250 0.09843750 0.20781250
16 0.51250000 0.42500000 0.10312500 0.21875000
18 0.63281250 0.38437500 0.09531250 0.21875000
4 0.46562500 0.14843750 0.10468750 0.19843750
16 0.58750000 0.12343750 0.10937500 0.19843750
