6 0.16992200 0.10792200 0.01953100 0.02107600
14 0.19531200 0.10755800 0.01953100 0.02180200
22 0.21972700 0.10719500 0.01953100 0.02107600
14 0.24511700 0.10428800 0.01953100 0.02107600
17 0.27002000 0.10356100 0.02050800 0.02107600
19 0.32031200 0.10210800 0.01953100 0.02107600
22 0.39599600 0.09883700 0.02050800 0.02325600
18 0.44775400 0.09629400 0.02050800 0.02252900
19 0.47460900 0.09484000 0.02148400 0.02252900
4 0.50000000 0.09338700 0.02148400 0.02252900
10 0.52636700 0.09302300 0.02148400 0.02325600
11 0.55468800 0.09157000 0.02148400 0.02325600
14 0.58056600 0.09120600 0.02246100 0.02398300
20 0.16894500 0.13808100 0.01953100 0.02180200
6 0.19335900 0.13735500 0.01953100 0.02180200
14 0.21875000 0.13662800 0.01953100 0.02180200
3 0.24316400 0.13662800 0.01953100 0.02180200
8 0.26806600 0.13517400 0.02050800 0.02180200
11 0.29296900 0.13408400 0.01953100 0.02107600
18 0.34472700 0.13154100 0.01953100 0.02180200
4 0.36962900 0.13081400 0.02050800 0.02180200
17 0.39599600 0.12936000 0.02050800 0.02180200
4 0.42236300 0.12863400 0.02050800 0.02180200
9 0.44824200 0.12718000 0.01953100 0.02180200
10 0.47314500 0.12645300 0.02050800 0.02180200
0 0.50048800 0.12463700 0.02050800 0.02252900
19 0.14306600 0.17151200 0.02050800 0.02180200
14 0.16748000 0.16969500 0.02050800 0.02252900
10 0.21630900 0.16787800 0.02050800 0.02180200
19 0.24267600 0.16678800 0.02050800 0.02252900
14 0.26806600 0.16569800 0.02050800 0.02180200
17 0.31884800 0.16388100 0.02050800 0.02252900
0 0.34423800 0.16279100 0.02050800 0.02180200
25 0.36962900 0.16242700 0.02050800 0.02252900
1 0.39550800 0.16170100 0.02148400 0.02252900
8 0.42187500 0.16024700 0.02148400 0.02252900
11 0.44775400 0.15952000 0.02050800 0.02252900
12 0.50146500 0.15734000 0.02050800 0.02252900
16 0.55419900 0.15625000 0.02050800 0.02325600
14 0.58105500 0.15443300 0.02148400 0.02252900
16 0.11718800 0.20276200 0.01953100 0.02180200
0 0.14111300 0.20130800 0.02050800 0.02180200
10 0.19140600 0.19985500 0.01953100 0.02180200
20 0.21582000 0.19912800 0.01953100 0.02180200
13 0.26611300 0.19731100 0.02050800 0.02252900
0 0.29248000 0.19622100 0.02050800 0.02180200
1 0.34375000 0.19513100 0.01953100 0.02252900
20 0.36962900 0.19440400 0.02050800 0.02252900
5 0.39502000 0.19331400 0.02050800 0.02180200
4 0.42138700 0.19222400 0.02050800 0.02252900
19 0.44775400 0.19149700 0.02050800 0.02252900
4 0.47412100 0.19077000 0.02050800 0.02252900
15 0.11572300 0.23328500 0.02050800 0.02180200
4 0.13964800 0.23255800 0.01953100 0.02180200
19 0.16455100 0.23183100 0.02050800 0.02180200
1 0.24023400 0.22965100 0.01953100 0.02180200
11 0.29150400 0.22892400 0.02050800 0.02325600
19 0.34423800 0.22710800 0.02050800 0.02252900
20 0.36962900 0.22638100 0.02050800 0.02252900
19 0.39502000 0.22565400 0.02050800 0.02252900
13 0.44775400 0.22347400 0.02050800 0.02252900
8 0.47412100 0.22274700 0.02050800 0.02252900
15 0.52783200 0.22129400 0.02050800 0.02252900
17 0.55517600 0.21984000 0.02050800 0.02252900
8 0.58252000 0.21875000 0.02050800 0.02325600
4 0.66455100 0.21911300 0.02050800 0.02252900
0 0.11425800 0.26489800 0.01953100 0.02252900
15 0.16455100 0.26344500 0.02050800 0.02252900
14 0.18945300 0.26271800 0.01953100 0.02252900
15 0.21435500 0.26199100 0.02050800 0.02252900
0 0.24072300 0.26090100 0.02050800 0.02180200
11 0.26611300 0.26017400 0.02050800 0.02180200
14 0.29101600 0.25944800 0.01953100 0.02180200
15 0.34326200 0.25835800 0.02050800 0.02252900
4 0.36962900 0.25835800 0.02050800 0.02252900
19 0.39502000 0.25763100 0.02050800 0.02252900
4 0.42138700 0.25690400 0.02050800 0.02252900
3 0.16259800 0.32630800 0.02050800 0.02325600
14 0.18701200 0.32594500 0.02050800 0.02252900
10 0.21240200 0.32521800 0.02050800 0.02252900
19 0.23779300 0.32449100 0.02050800 0.02252900
14 0.26318400 0.32449100 0.02050800 0.02252900
17 0.28955100 0.32449100 0.02050800 0.02252900
18 0.34228500 0.32303800 0.02050800 0.02252900
12 0.36865200 0.32303800 0.02050800 0.02252900
4 0.39453100 0.32231100 0.02148400 0.02252900
8 0.44775400 0.32158400 0.02050800 0.02252900
22 0.47412100 0.32085800 0.02050800 0.02252900
0 0.50097700 0.32013100 0.02148400 0.02252900
4 0.52832000 0.31976700 0.02148400 0.02325600
19 0.55517600 0.31904100 0.02246100 0.02325600
8 0.60937500 0.31831400 0.02148400 0.02325600
7 0.63720700 0.31758700 0.02246100 0.02325600
19 0.16162100 0.35864800 0.02050800 0.02252900
0 0.18652300 0.35792200 0.01953100 0.02252900
10 0.21191400 0.35719500 0.01953100 0.02252900
14 0.26367200 0.35646800 0.01953100 0.02252900
13 0.28857400 0.35646800 0.02050800 0.02252900
8 0.31494100 0.35574100 0.02050800 0.02252900
15 0.36767600 0.35501500 0.02050800 0.02252900
14 0.39355500 0.35501500 0.02148400 0.02252900
7 0.42041000 0.35428800 0.02050800 0.02252900
14 0.44775400 0.35428800 0.02050800 0.02252900
9 0.47363300 0.35356100 0.02148400 0.02252900
8 0.50146500 0.35356100 0.02050800 0.02252900
15 0.16064500 0.39135200 0.02050800 0.02252900
4 0.21093800 0.38989800 0.01953100 0.02252900
19 0.23632800 0.38953500 0.01953100 0.02325600
10 0.28808600 0.38844500 0.01953100 0.02252900
0 0.31445300 0.38844500 0.01953100 0.02252900
18 0.34033200 0.38771800 0.02050800 0.02252900
19 0.36669900 0.38771800 0.02050800 0.02252900
14 0.39355500 0.38735500 0.01953100 0.02325600
17 0.42041000 0.38735500 0.02050800 0.02325600
10 0.44726600 0.38662800 0.02148400 0.02325600
20 0.47363300 0.38662800 0.02148400 0.02325600
25 0.52734400 0.38590100 0.02148400 0.02325600
0 0.55468800 0.38590100 0.02148400 0.02325600
3 0.60937500 0.38517400 0.02148400 0.02325600
22 0.63769500 0.38444800 0.02148400 0.02325600
14 0.66503900 0.38444800 0.02148400 0.02325600
8 0.69238300 0.38444800 0.02148400 0.02325600
7 0.71972700 0.38444800 0.02148400 0.02325600
8 0.15966800 0.42260200 0.02050800 0.02252900
13 0.18408200 0.42187500 0.02050800 0.02252900
14 0.20947300 0.42187500 0.02050800 0.02252900
6 0.23535200 0.42187500 0.01953100 0.02252900
3 0.26123000 0.42114800 0.02050800 0.02252900
0 0.28759800 0.42114800 0.02050800 0.02252900
18 0.34033200 0.42042200 0.02050800 0.02252900
4 0.36669900 0.41969500 0.02050800 0.02252900
17 0.39306600 0.42151200 0.02050800 0.02325600
4 0.41943400 0.42078500 0.02050800 0.02325600
9 0.44580100 0.42078500 0.02050800 0.02325600
0 0.47314500 0.42005800 0.02050800 0.02325600
22 0.10986300 0.45603200 0.02050800 0.02252900
15 0.15918000 0.45530500 0.01953100 0.02252900
17 0.18359400 0.45530500 0.01953100 0.02252900
0 0.20849600 0.45421500 0.02050800 0.02325600
25 0.23486300 0.45421500 0.02050800 0.02325600
3 0.26123000 0.45421500 0.02050800 0.02325600
13 0.28710900 0.45421500 0.02148400 0.02325600
8 0.31347700 0.45385200 0.02148400 0.02398300
10 0.33984400 0.45385200 0.02148400 0.02398300
15 0.39306600 0.45348800 0.02050800 0.02325600
0 0.41894500 0.45348800 0.02148400 0.02325600
15 0.44580100 0.45348800 0.02050800 0.02325600
0 0.47216800 0.45348800 0.02050800 0.02325600
22 0.52734400 0.45276200 0.02148400 0.02325600
18 0.55419900 0.45276200 0.02050800 0.02325600
18 0.63720700 0.45203500 0.02246100 0.02325600
4 0.66552700 0.45167200 0.02246100 0.02398300
12 0.69384800 0.45239800 0.02246100 0.02398300
20 0.10888700 0.48764500 0.02050800 0.02325600
6 0.13330100 0.48764500 0.02050800 0.02325600
14 0.15771500 0.48764500 0.02050800 0.02325600
23 0.18310500 0.48764500 0.02050800 0.02325600
0 0.20898400 0.48764500 0.01953100 0.02325600
11 0.23486300 0.48764500 0.02050800 0.02325600
12 0.28662100 0.48728200 0.02050800 0.02398300
14 0.31298800 0.48728200 0.02050800 0.02252900
17 0.33984400 0.48691900 0.01953100 0.02325600
14 0.36669900 0.48691900 0.02050800 0.02325600
9 0.39257800 0.48691900 0.01953100 0.02325600
4 0.41943400 0.48655500 0.02050800 0.02252900
13 0.44628900 0.48655500 0.01953100 0.02252900
12 0.50048800 0.48691900 0.02050800 0.02325600
15 0.10791000 0.51998500 0.02050800 0.02252900
4 0.13232400 0.51998500 0.02050800 0.02252900
19 0.15771500 0.51998500 0.02050800 0.02252900
3 0.23388700 0.52071200 0.02050800 0.02252900
14 0.26025400 0.52034900 0.02050800 0.02325600
11 0.28662100 0.52034900 0.02050800 0.02325600
18 0.36572300 0.52034900 0.02050800 0.02325600
4 0.41943400 0.51998500 0.02050800 0.02398300
11 0.44580100 0.51998500 0.02050800 0.02398300
18 0.49902300 0.51998500 0.02148400 0.02398300
22 0.52734400 0.51998500 0.02148400 0.02398300
14 0.55371100 0.51998500 0.02148400 0.02398300
0 0.10595700 0.55159900 0.02050800 0.02325600
15 0.15673800 0.55232600 0.02050800 0.02325600
14 0.18115200 0.55305200 0.02050800 0.02325600
19 0.20703100 0.55305200 0.02148400 0.02325600
14 0.23291000 0.55377900 0.02050800 0.02325600
12 0.25878900 0.55305200 0.02148400 0.02325600
18 0.33837900 0.55341600 0.02050800 0.02398300
4 0.36474600 0.55377900 0.02050800 0.02325600
17 0.39160200 0.55377900 0.02148400 0.02325600
4 0.41845700 0.55414200 0.02050800 0.02398300
9 0.44531200 0.55414200 0.02148400 0.02398300
8 0.47216800 0.55377900 0.02050800 0.02325600
13 0.49951200 0.55377900 0.02050800 0.02325600
20 0.52734400 0.55377900 0.02148400 0.02325600
15 0.15478500 0.61882300 0.02050800 0.02398300
14 0.17968800 0.61918600 0.02148400 0.02325600
18 0.20507800 0.61954900 0.02148400 0.02398300
19 0.23144500 0.61954900 0.02148400 0.02398300
20 0.25781200 0.61991300 0.02148400 0.02325600
15 0.28320300 0.62027600 0.02148400 0.02398300
8 0.31054700 0.62027600 0.02148400 0.02398300
11 0.33642600 0.62027600 0.02050800 0.02398300
8 0.36377000 0.62245600 0.02050800 0.02398300
22 0.41748000 0.62245600 0.02050800 0.02398300
3 0.47168000 0.62245600 0.02148400 0.02398300
4 0.49902300 0.62245600 0.02148400 0.02398300
19 0.52685500 0.62245600 0.02050800 0.02398300
18 0.55371100 0.62245600 0.02148400 0.02398300
10 0.58252000 0.62282000 0.02246100 0.02470900
8 0.61084000 0.62354700 0.02246100 0.02470900
18 0.69580100 0.62427300 0.02246100 0.02470900
0 0.72314500 0.62427300 0.02246100 0.02470900
3 0.75195300 0.62463700 0.02343800 0.02398300
15 0.15380900 0.65189000 0.02050800 0.02325600
4 0.17968800 0.65261600 0.02148400 0.02325600
19 0.20459000 0.65298000 0.02050800 0.02398300
8 0.28271500 0.65370600 0.02050800 0.02398300
18 0.33593800 0.65443300 0.02148400 0.02398300
4 0.36328100 0.65516000 0.02148400 0.02398300
17 0.39062500 0.65516000 0.02148400 0.02398300
4 0.41699200 0.65588700 0.02148400 0.02398300
9 0.44433600 0.65588700 0.02148400 0.02398300
0 0.47168000 0.65661300 0.02148400 0.02398300
15 0.15283200 0.68459300 0.02050800 0.02325600
4 0.17871100 0.68532000 0.02148400 0.02325600
19 0.20459000 0.68604700 0.02050800 0.02325600
4 0.23046900 0.68713700 0.02148400 0.02398300
13 0.28222700 0.68786300 0.02148400 0.02398300
14 0.30908200 0.68859000 0.02050800 0.02398300
22 0.33544900 0.68859000 0.02050800 0.02398300
4 0.36328100 0.69004400 0.02148400 0.02398300
13 0.38964800 0.69040700 0.02148400 0.02470900
10 0.44433600 0.69113400 0.02148400 0.02470900
8 0.47168000 0.69149700 0.02148400 0.02398300
7 0.55468800 0.69295100 0.02343800 0.02543600
0 0.58300800 0.69295100 0.02343800 0.02543600
11 0.61084000 0.69367700 0.02246100 0.02543600
0 0.63964800 0.69440400 0.02343800 0.02543600
19 0.66748000 0.69440400 0.02246100 0.02543600
22 0.15380900 0.71766000 0.02050800 0.02398300
3 0.20410200 0.71984000 0.02148400 0.02398300
0 0.22998000 0.72056700 0.02050800 0.02398300
11 0.25634800 0.72165700 0.02050800 0.02470900
8 0.28222700 0.72274700 0.02148400 0.02398300
22 0.33593800 0.72347400 0.02148400 0.02398300
15 0.38916000 0.72456400 0.02050800 0.02470900
17 0.41650400 0.72456400 0.02246100 0.02470900
8 0.44335900 0.72529100 0.02148400 0.02470900
7 0.47119100 0.72601700 0.02246100 0.02470900
14 0.49951200 0.72710800 0.02246100 0.02543600
9 0.52685500 0.72747100 0.02246100 0.02470900
4 0.55468800 0.72783400 0.02148400 0.02543600
0 0.10302700 0.74963700 0.02050800 0.02398300
18 0.15283200 0.75254400 0.02050800 0.02398300
4 0.17773400 0.75290700 0.02148400 0.02470900
17 0.20361300 0.75363400 0.02050800 0.02470900
4 0.22949200 0.75436000 0.02148400 0.02470900
9 0.25488300 0.75508700 0.02148400 0.02470900
4 0.28125000 0.75581400 0.02148400 0.02470900
6 0.33496100 0.75726700 0.02148400 0.02470900
14 0.36132800 0.75799400 0.02148400 0.02470900
22 0.38818400 0.75872100 0.02246100 0.02470900
14 0.41601600 0.75944800 0.02148400 0.02470900
17 0.44335900 0.76017400 0.02148400 0.02470900
19 0.49853500 0.76199100 0.02246100 0.02543600
9 0.12646500 0.78379400 0.02050800 0.02398300
0 0.15185500 0.78524700 0.02050800 0.02398300
3 0.17675800 0.78670100 0.02148400 0.02398300
13 0.20312500 0.78815400 0.02148400 0.02398300
8 0.22851600 0.78960800 0.02148400 0.02398300
16 0.25439500 0.78924400 0.02050800 0.02325600
0 0.28027300 0.79033400 0.02148400 0.02398300
4 0.30712900 0.79106100 0.02246100 0.02398300
1 0.41552700 0.79433100 0.02246100 0.02470900
14 0.44287100 0.79542200 0.02246100 0.02543600
11 0.47021500 0.79614800 0.02246100 0.02543600
13 0.52587900 0.79796500 0.02246100 0.02470900
14 0.55419900 0.79905500 0.02246100 0.02543600
15 0.10156200 0.81613400 0.02148400 0.02325600
14 0.12597700 0.81722400 0.02148400 0.02398300
11 0.15185500 0.81867700 0.02050800 0.02398300
20 0.17675800 0.82013100 0.02148400 0.02398300
16 0.20263700 0.82085800 0.02050800 0.02398300
8 0.22851600 0.82231100 0.02148400 0.02398300
11 0.25390600 0.82340100 0.02148400 0.02325600
14 0.30712900 0.82521800 0.02246100 0.02398300
3 0.33398400 0.82630800 0.02148400 0.02470900
8 0.36035200 0.82739800 0.02148400 0.02398300
13 0.38769500 0.82848800 0.02148400 0.02470900
7 0.44189500 0.83066900 0.02246100 0.02470900
0 0.46972700 0.83175900 0.02148400 0.02398300
11 0.49755900 0.83284900 0.02246100 0.02470900
0 0.52587900 0.83321200 0.02246100 0.02543600
19 0.55419900 0.83466600 0.02246100 0.02543600
8 0.10107400 0.84883700 0.02050800 0.02325600
18 0.15136700 0.85174400 0.02148400 0.02325600
19 0.20214800 0.85465100 0.02148400 0.02325600
4 0.22705100 0.85610500 0.02050800 0.02325600
1 0.25341800 0.85755800 0.02246100 0.02470900
3 0.33252000 0.86119200 0.02246100 0.02470900
14 0.35986300 0.86228200 0.02246100 0.02398300
22 0.38720700 0.86337200 0.02246100 0.02470900
14 0.41455100 0.86446200 0.02246100 0.02543600
11 0.44287100 0.86591600 0.02246100 0.02543600
13 0.49755900 0.86809600 0.02246100 0.02543600
14 0.52587900 0.86954900 0.02246100 0.02543600
18 0.63525400 0.08975300 0.02050800 0.02252900
13 0.66259800 0.08829900 0.02050800 0.02252900
4 0.68945300 0.08757300 0.02148400 0.02252900
9 0.71630900 0.08684600 0.02050800 0.02252900
10 0.74365200 0.08684600 0.02050800 0.02252900
14 0.77050800 0.08648300 0.02148400 0.02325600
12 0.79882800 0.08575600 0.02148400 0.02325600
12 0.60937500 0.15407000 0.02148400 0.02325600
16 0.63623000 0.21947700 0.02050800 0.02180200
12 0.69140600 0.21766000 0.02148400 0.02252900
