22 0.29345700 0.05232600 0.02246100 0.02325600
3 0.35595700 0.05087200 0.02246100 0.02325600
4 0.38769500 0.05087200 0.02343800 0.02325600
10 0.41601600 0.05050900 0.02343800 0.02398300
0 0.44726600 0.05050900 0.02343800 0.02398300
1 0.47949200 0.05014500 0.02343800 0.02325600
17 0.51171900 0.05014500 0.02343800 0.02325600
4 0.54199200 0.04978200 0.02343800 0.02398300
3 0.10205100 0.08393900 0.02441400 0.02543600
4 0.13330100 0.08430200 0.02441400 0.02470900
10 0.16455100 0.08430200 0.02441400 0.02470900
0 0.19677700 0.08357600 0.02441400 0.02470900
1 0.22851600 0.08357600 0.02343800 0.02470900
17 0.26025400 0.08357600 0.02441400 0.02470900
15 0.38769500 0.08357600 0.02343800 0.02325600
4 0.41943400 0.08321200 0.02246100 0.02398300
17 0.45068400 0.08321200 0.02246100 0.02398300
22 0.48193400 0.08284900 0.02246100 0.02325600
25 0.63720700 0.08212200 0.02246100 0.02325600
8 0.66894500 0.08248500 0.02148400 0.02398300
12 0.69970700 0.08284900 0.02246100 0.02325600
13 0.73095700 0.08321200 0.02246100 0.02398300
8 0.76220700 0.08357600 0.02246100 0.02325600
12 0.03808600 0.12391000 0.02343800 0.02543600
4 0.06933600 0.12318300 0.02343800 0.02543600
18 0.10058600 0.12282000 0.02343800 0.02470900
2 0.16406200 0.12173000 0.02343800 0.02543600
10 0.29248000 0.12027600 0.02441400 0.02543600
17 0.32470700 0.11954900 0.02441400 0.02543600
20 0.35693400 0.11954900 0.02441400 0.02543600
6 0.38818400 0.11918600 0.02441400 0.02616300
14 0.42041000 0.11918600 0.02441400 0.02616300
12 0.45166000 0.11882300 0.02441400 0.02543600
11 0.51562500 0.11882300 0.02343800 0.02543600
4 0.54589800 0.11882300 0.02343800 0.02398300
9 0.57714800 0.11809600 0.02343800 0.02398300
8 0.60888700 0.11809600 0.02246100 0.02398300
19 0.63964800 0.11809600 0.02343800 0.02398300
18 0.70263700 0.11809600 0.02246100 0.02398300
13 0.73388700 0.11809600 0.02246100 0.02398300
4 0.76416000 0.11773300 0.02246100 0.02325600
6 0.79443400 0.11773300 0.02246100 0.02325600
16 0.06835900 0.16170100 0.02343800 0.02543600
0 0.10009800 0.16097400 0.02441400 0.02543600
18 0.13183600 0.15988400 0.02343800 0.02616300
19 0.16406200 0.15915700 0.02343800 0.02616300
0 0.19628900 0.15843000 0.02343800 0.02616300
19 0.26123000 0.15770300 0.02441400 0.02616300
17 0.29345700 0.15734000 0.02441400 0.02543600
4 0.32519500 0.15734000 0.02343800 0.02543600
23 0.35742200 0.15661300 0.02343800 0.02543600
8 0.38916000 0.15661300 0.02441400 0.02543600
19 0.42089800 0.15661300 0.02343800 0.02543600
12 0.48535200 0.15588700 0.02343800 0.02543600
14 0.51660200 0.15588700 0.02343800 0.02543600
17 0.54785200 0.15552300 0.02343800 0.02470900
14 0.57910200 0.15516000 0.02343800 0.02543600
25 0.61084000 0.15516000 0.02441400 0.02543600
22 0.06835900 0.19985500 0.02343800 0.02616300
4 0.09960900 0.19876500 0.02343800 0.02543600
19 0.13183600 0.19803800 0.02343800 0.02543600
4 0.16357400 0.19731100 0.02441400 0.02543600
17 0.19628900 0.19622100 0.02343800 0.02616300
10 0.26123000 0.19549400 0.02441400 0.02616300
0 0.29443400 0.19549400 0.02441400 0.02616300
16 0.32568400 0.19549400 0.02441400 0.02616300
0 0.35791000 0.19513100 0.02441400 0.02543600
4 0.39013700 0.19476700 0.02441400 0.02616300
19 0.42187500 0.19367700 0.02343800 0.02543600
22 0.48632800 0.19295100 0.02343800 0.02543600
4 0.51806600 0.19295100 0.02441400 0.02543600
19 0.54980500 0.19295100 0.02343800 0.02543600
10 0.58105500 0.19258700 0.02343800 0.02616300
8 0.61279300 0.19222400 0.02441400 0.02543600
3 0.67627000 0.19149700 0.02441400 0.02543600
4 0.70752000 0.19113400 0.02246100 0.02470900
17 0.73828100 0.19077000 0.02343800 0.02398300
4 0.77148400 0.19077000 0.02343800 0.02398300
22 0.80127000 0.19077000 0.02246100 0.02398300
4 0.86425800 0.19004400 0.02343800 0.02398300
22 0.89453100 0.18968000 0.02343800 0.02470900
7 0.06933600 0.23873500 0.02343800 0.02689000
14 0.10058600 0.23800900 0.02343800 0.02689000
11 0.13183600 0.23728200 0.02343800 0.02689000
14 0.16455100 0.23655500 0.02441400 0.02689000
3 0.19677700 0.23546500 0.02441400 0.02616300
23 0.26269500 0.23473800 0.02539100 0.02616300
8 0.29492200 0.23401200 0.02539100 0.02616300
15 0.32666000 0.23328500 0.02441400 0.02616300
11 0.35888700 0.23255800 0.02441400 0.02616300
4 0.39111300 0.23183100 0.02441400 0.02616300
19 0.42334000 0.23255800 0.02441400 0.02616300
23 0.48828100 0.23219500 0.02343800 0.02543600
10 0.55078100 0.23110500 0.02343800 0.02616300
8 0.58300800 0.23074100 0.02343800 0.02543600
8 0.64648400 0.22965100 0.02343800 0.02616300
13 0.71093800 0.22892400 0.02343800 0.02470900
14 0.74121100 0.22819800 0.02343800 0.02470900
18 0.77294900 0.22819800 0.02441400 0.02470900
9 0.06933600 0.27798000 0.02343800 0.02689000
18 0.13330100 0.27616300 0.02441400 0.02616300
22 0.10205100 0.31722400 0.02441400 0.02689000
8 0.13476600 0.31649700 0.02343800 0.02689000
19 0.16699200 0.31540700 0.02343800 0.02616300
18 0.26416000 0.31322700 0.02441400 0.02616300
8 0.29638700 0.31286300 0.02441400 0.02689000
3 0.32861300 0.31213700 0.02441400 0.02689000
8 0.36181600 0.31177300 0.02441400 0.02616300
19 0.39453100 0.31141000 0.02539100 0.02689000
3 0.45849600 0.31032000 0.02441400 0.02616300
14 0.49072300 0.31032000 0.02441400 0.02616300
12 0.52294900 0.30959300 0.02441400 0.02616300
0 0.55517600 0.30886600 0.02441400 0.02616300
14 0.06982400 0.35792200 0.02441400 0.02689000
13 0.10205100 0.35683100 0.02441400 0.02761600
20 0.16748000 0.35501500 0.02441400 0.02689000
16 0.20019500 0.35428800 0.02343800 0.02689000
8 0.23193400 0.35356100 0.02441400 0.02689000
19 0.26416000 0.35283400 0.02441400 0.02689000
20 0.33056600 0.35210800 0.02441400 0.02689000
17 0.36230500 0.35138100 0.02539100 0.02689000
14 0.39453100 0.35138100 0.02539100 0.02689000
10 0.42675800 0.35138100 0.02539100 0.02689000
8 0.45947300 0.35065400 0.02441400 0.02689000
15 0.07031200 0.39716600 0.02343800 0.02689000
14 0.10205100 0.39643900 0.02441400 0.02689000
11 0.13525400 0.39534900 0.02441400 0.02616300
14 0.16748000 0.39498500 0.02441400 0.02689000
9 0.20068400 0.39462200 0.02441400 0.02616300
8 0.23291000 0.39389500 0.02441400 0.02616300
11 0.26611300 0.39316900 0.02441400 0.02616300
22 0.36377000 0.39171500 0.02441400 0.02616300
8 0.39599600 0.39098800 0.02441400 0.02616300
19 0.42822300 0.39026200 0.02441400 0.02616300
13 0.52539100 0.38880800 0.02539100 0.02616300
0 0.55712900 0.38844500 0.02441400 0.02689000
18 0.62255900 0.38699100 0.02441400 0.02689000
19 0.65380900 0.38699100 0.02441400 0.02689000
14 0.68603500 0.38590100 0.02441400 0.02616300
11 0.71826200 0.38517400 0.02441400 0.02616300
19 0.78173800 0.38444800 0.02441400 0.02616300
4 0.81396500 0.38372100 0.02441400 0.02616300
19 0.03857400 0.43713700 0.02441400 0.02689000
17 0.07080100 0.43641000 0.02441400 0.02689000
0 0.10400400 0.43568300 0.02441400 0.02689000
3 0.16894500 0.43459300 0.02539100 0.02616300
22 0.33252000 0.43168600 0.02441400 0.02616300
13 0.39697300 0.43059600 0.02441400 0.02689000
20 0.43017600 0.42986900 0.02441400 0.02689000
11 0.46240200 0.42914200 0.02441400 0.02689000
8 0.52783200 0.42768900 0.02441400 0.02689000
25 0.55957000 0.42732600 0.02343800 0.02761600
18 0.62353500 0.42696200 0.02441400 0.02689000
20 0.65576200 0.42623500 0.02441400 0.02689000
12 0.68798800 0.42550900 0.02441400 0.02689000
10 0.72070300 0.42405500 0.02343800 0.02689000
8 0.75293000 0.42369200 0.02343800 0.02616300
20 0.81689500 0.42296500 0.02441400 0.02616300
16 0.84912100 0.42260200 0.02441400 0.02689000
4 0.88232400 0.42223800 0.02441400 0.02616300
1 0.91406200 0.42187500 0.02343800 0.02689000
13 0.03857400 0.47710800 0.02441400 0.02689000
8 0.07080100 0.47674400 0.02441400 0.02616300
10 0.10498000 0.47601700 0.02441400 0.02616300
17 0.16992200 0.47492700 0.02539100 0.02689000
20 0.20214800 0.47420100 0.02539100 0.02689000
18 0.23486300 0.47383700 0.02441400 0.02616300
18 0.26806600 0.47311000 0.02441400 0.02616300
10 0.30029300 0.47238400 0.02441400 0.02761600
14 0.33349600 0.47165700 0.02441400 0.02761600
6 0.36572300 0.47129400 0.02441400 0.02689000
14 0.39794900 0.47056700 0.02441400 0.02689000
25 0.49658200 0.46875000 0.02441400 0.02761600
10 0.56103500 0.46766000 0.02441400 0.02689000
0 0.59326200 0.46766000 0.02441400 0.02689000
12 0.07031200 0.51707800 0.02343800 0.02689000
0 0.10400400 0.51635200 0.02441400 0.02689000
11 0.13720700 0.51562500 0.02441400 0.02689000
16 0.20263700 0.51453500 0.02441400 0.02761600
8 0.23584000 0.51417200 0.02441400 0.02689000
10 0.26904300 0.51344500 0.02441400 0.02689000
13 0.33447300 0.51271800 0.02441400 0.02689000
0 0.36669900 0.51162800 0.02441400 0.02761600
16 0.39892600 0.51126500 0.02441400 0.02689000
0 0.43212900 0.51053800 0.02441400 0.02689000
11 0.46484400 0.50981100 0.02539100 0.02689000
15 0.52978500 0.50835800 0.02441400 0.02689000
8 0.56250000 0.50763100 0.02539100 0.02689000
18 0.59423800 0.50690400 0.02441400 0.02689000
0 0.62646500 0.50654100 0.02441400 0.02616300
19 0.65869100 0.50617700 0.02441400 0.02689000
17 0.75634800 0.50399700 0.02441400 0.02689000
0 0.78955100 0.50399700 0.02441400 0.02689000
18 0.82177700 0.50327000 0.02441400 0.02689000
18 0.85449200 0.50254400 0.02539100 0.02689000
10 0.88720700 0.50218000 0.02441400 0.02616300
0 0.92089800 0.50181700 0.02539100 0.02689000
25 0.95214800 0.50109000 0.02539100 0.02689000
17 0.07031200 0.55777600 0.02539100 0.02689000
4 0.10400400 0.55668600 0.02441400 0.02761600
1 0.13720700 0.55595900 0.02441400 0.02761600
19 0.20361300 0.55486900 0.02441400 0.02689000
0 0.23681600 0.55450600 0.02441400 0.02761600
17 0.30224600 0.55341600 0.02441400 0.02689000
0 0.33447300 0.55305200 0.02441400 0.02761600
25 0.36767600 0.55232600 0.02441400 0.02761600
22 0.40087900 0.55159900 0.02441400 0.02761600
4 0.43310500 0.55087200 0.02441400 0.02761600
11 0.46533200 0.55014500 0.02441400 0.02761600
8 0.49853500 0.54941900 0.02441400 0.02761600
14 0.69335900 0.54614800 0.02539100 0.02689000
10 0.72509800 0.54542200 0.02441400 0.02689000
14 0.75830100 0.54505800 0.02441400 0.02616300
11 0.79052700 0.54433100 0.02441400 0.02616300
14 0.82373000 0.54360500 0.02441400 0.02616300
17 0.03662100 0.59883700 0.02441400 0.02761600
4 0.06884800 0.59811000 0.02441400 0.02761600
10 0.10302700 0.59738400 0.02441400 0.02761600
8 0.13671900 0.59629400 0.02539100 0.02689000
10 0.20263700 0.59520300 0.02441400 0.02761600
14 0.27002000 0.59411300 0.02441400 0.02689000
18 0.30224600 0.59338700 0.02441400 0.02689000
19 0.33496100 0.59266000 0.02343800 0.02689000
17 0.40185500 0.59120600 0.02441400 0.02689000
8 0.46728500 0.59011600 0.02441400 0.02761600
18 0.53173800 0.58902600 0.02441400 0.02689000
22 0.56494100 0.58866300 0.02441400 0.02616300
0 0.59716800 0.58793600 0.02441400 0.02616300
17 0.62988300 0.58757300 0.02539100 0.02689000
8 0.66259800 0.58684600 0.02441400 0.02689000
11 0.69482400 0.58611900 0.02441400 0.02689000
8 0.72802700 0.58611900 0.02441400 0.02689000
22 0.79345700 0.58466600 0.02441400 0.02689000
10 0.85937500 0.58393900 0.02539100 0.02689000
14 0.89160200 0.58321200 0.02539100 0.02689000
19 0.92431600 0.58321200 0.02441400 0.02689000
4 0.95752000 0.58248500 0.02441400 0.02689000
11 0.03515600 0.63808100 0.02539100 0.02761600
10 0.06835900 0.63735500 0.02539100 0.02761600
4 0.10205100 0.63662800 0.02441400 0.02761600
22 0.16943400 0.63590100 0.02441400 0.02761600
10 0.20263700 0.63517400 0.02441400 0.02761600
20 0.23681600 0.63444800 0.02441400 0.02761600
18 0.27050800 0.63408400 0.02343800 0.02689000
13 0.30322300 0.63335800 0.02441400 0.02689000
20 0.33544900 0.63335800 0.02441400 0.02689000
20 0.43505900 0.63117700 0.02441400 0.02689000
7 0.46777300 0.63045100 0.02343800 0.02689000
20 0.50000000 0.62972400 0.02343800 0.02689000
