24 0.03593750 0.10416667 0.03906250 0.13888889
18 0.11875000 0.09722222 0.04062500 0.12847222
19 0.20781250 0.10069444 0.04218750 0.12847222
0 0.25156250 0.10069444 0.03906250 0.12500000
2 0.29375000 0.10416667 0.03593750 0.12500000
10 0.33593750 0.10416667 0.03750000 0.12847222
11 0.38125000 0.10416667 0.03906250 0.12500000
4 0.42343750 0.10763889 0.03593750 0.12847222
1 0.55312500 0.11111111 0.03593750 0.12847222
2 0.80781250 0.12500000 0.03750000 0.12847222
17 0.89062500 0.12152778 0.04062500 0.12847222
8 0.93125000 0.12500000 0.03750000 0.12500000
4 0.97031250 0.12500000 0.03906250 0.12847222
7 0.59687500 0.27430556 0.03750000 0.13194444
19 0.46718750 0.27083333 0.03750000 0.13194444
13 0.42500000 0.27430556 0.04062500 0.13541667
20 0.38125000 0.27083333 0.03593750 0.12500000
22 0.29375000 0.27083333 0.03750000 0.12152778
0 0.25000000 0.26736111 0.03750000 0.13194444
11 0.20625000 0.26041667 0.03750000 0.12500000
0 0.12031250 0.26388889 0.03906250 0.13541667
24 0.15937500 0.42708333 0.03593750 0.12500000
7 0.24531250 0.43055556 0.03750000 0.12847222
4 0.29062500 0.43055556 0.03593750 0.13194444
3 0.37968750 0.43055556 0.04062500 0.13541667
2 0.59218750 0.43750000 0.03750000 0.12500000
17 0.63593750 0.43750000 0.03437500 0.12500000
0 0.67812500 0.43750000 0.03437500 0.12152778
2 0.85000000 0.44097222 0.03593750 0.12152778
17 0.89062500 0.44444444 0.03437500 0.12847222
0 0.93125000 0.44791667 0.03125000 0.13194444
1 0.93125000 0.60069444 0.03750000 0.12847222
11 0.72187500 0.60069444 0.03593750 0.12152778
14 0.67968750 0.59722222 0.03281250 0.12500000
21 0.63750000 0.60069444 0.03750000 0.12500000
0 0.38125000 0.59375000 0.03750000 0.12500000
11 0.15781250 0.59027778 0.03750000 0.12500000
20 0.02968750 0.58680556 0.03750000 0.12500000
6 0.11406250 0.75347222 0.03750000 0.13194444
11 0.15625000 0.75347222 0.03750000 0.12847222
24 0.28906250 0.75347222 0.03593750 0.12500000
0 0.46250000 0.76041667 0.03281250 0.12500000
11 0.55000000 0.75694444 0.03593750 0.11805556
9 0.72187500 0.76041667 0.03593750 0.12500000
7 0.80781250 0.75694444 0.03750000 0.13541667
3 0.93281250 0.92013889 0.03593750 0.13888889
3 0.55000000 0.92361111 0.03593750 0.12847222
0 0.50937500 0.92361111 0.03750000 0.13541667
3 0.46562500 0.92361111 0.03593750 0.13541667
4 0.11562500 0.91666667 0.03750000 0.13888889
