18 0.20625000 0.19218750 0.07343750 0.16562500
7 0.30000000 0.18281250 0.07812500 0.15781250
4 0.39375000 0.16875000 0.07187500 0.15625000
3 0.32031250 0.59218750 0.09062500 0.16718750
0 0.41875000 0.57500000 0.08281250 0.16093750
12 0.49218750 0.15937500 0.08281250 0.16562500
3 0.67343750 0.13125000 0.07343750 0.15781250
14 0.75781250 0.12343750 0.06718750 0.15781250
3 0.52031250 0.56250000 0.09062500 0.17187500
0 0.50312500 0.35625000 0.07812500 0.15312500
5 0.59062500 0.33906250 0.07812500 0.17187500
18 0.68750000 0.33125000 0.08750000 0.17968750
21 0.83593750 0.12187500 0.06718750 0.16250000
13 0.90156250 0.12187500 0.05937500 0.14843750
11 0.74687500 0.76406250 0.11406250 0.16718750
0 0.63281250 0.77343750 0.10000000 0.17187500
