6 0.09218750 0.14062500 0.09062500 0.17968750
7 0.20937500 0.12656250 0.09531250 0.18906250
18 0.31250000 0.11093750 0.10000000 0.20156250
25 0.42968750 0.09218750 0.10000000 0.18437500
17 0.69218750 0.07968750 0.06875000 0.14375000
13 0.23750000 0.60468750 0.12187500 0.22343750
4 0.37343750 0.57968750 0.10937500 0.21093750
22 0.48750000 0.53750000 0.09062500 0.18906250
18 0.59062500 0.50781250 0.09062500 0.17656250
17 0.27343750 0.87343750 0.10937500 0.22500000
6 0.50937500 0.80000000 0.10468750 0.20781250
14 0.62187500 0.76093750 0.09843750 0.20156250
13 0.72031250 0.71718750 0.08750000 0.21093750
