0 0.04062500 0.13203125 0.03125000 0.09687500
13 0.07500000 0.13515625 0.03125000 0.10781250
24 0.11093750 0.12812500 0.03125000 0.10078125
5 0.31093750 0.12187500 0.03125000 0.10390625
0 0.43281250 0.13203125 0.03125000 0.10781250
13 0.47187500 0.13203125 0.03125000 0.10781250
14 0.51250000 0.13515625 0.03281250 0.10390625
17 0.59062500 0.13515625 0.03125000 0.11484375
18 0.67031250 0.13906250 0.03281250 0.10390625
15 0.71093750 0.13906250 0.02968750 0.10781250
4 0.75000000 0.14218750 0.03281250 0.10781250
11 0.78906250 0.14218750 0.03281250 0.11093750
11 0.82968750 0.14218750 0.03437500 0.11484375
11 0.03906250 0.28125000 0.03281250 0.10781250
0 0.07343750 0.28437500 0.03125000 0.10781250
24 0.10937500 0.27812500 0.03125000 0.11093750
3 0.18906250 0.27812500 0.03437500 0.11796875
3 0.59218750 0.28437500 0.02968750 0.10781250
14 0.67031250 0.28828125 0.02968750 0.11796875
15 0.71093750 0.28828125 0.03125000 0.11093750
1 0.90937500 0.28828125 0.02968750 0.09687500
14 0.94687500 0.29140625 0.02812500 0.10781250
13 0.03281250 0.42734375 0.02968750 0.11484375
4 0.10781250 0.42734375 0.03281250 0.11484375
11 0.18593750 0.42734375 0.03437500 0.11484375
8 0.22656250 0.43046875 0.03281250 0.11796875
5 0.26718750 0.42734375 0.03281250 0.11093750
19 0.30781250 0.43046875 0.03125000 0.11093750
7 0.43125000 0.42734375 0.03437500 0.11093750
11 0.55156250 0.43750000 0.03281250 0.11796875
4 0.59062500 0.43437500 0.03437500 0.11484375
4 0.63125000 0.43437500 0.03281250 0.10781250
17 0.71093750 0.43437500 0.03593750 0.11093750
0 0.75312500 0.43437500 0.03125000 0.10781250
8 0.79218750 0.43750000 0.02968750 0.11093750
20 0.91250000 0.43750000 0.02968750 0.10390625
15 0.95000000 0.44062500 0.02968750 0.10390625
14 0.03125000 0.57656250 0.02812500 0.10781250
13 0.06718750 0.57968750 0.02812500 0.11484375
14 0.18281250 0.58359375 0.02968750 0.11093750
13 0.30781250 0.57968750 0.03125000 0.11093750
18 0.51093750 0.57968750 0.02812500 0.10781250
0 0.55000000 0.57968750 0.02812500 0.11093750
18 0.71406250 0.58671875 0.02968750 0.11093750
0 0.79375000 0.58671875 0.02656250 0.10390625
22 0.02812500 0.72890625 0.02812500 0.10781250
4 0.06562500 0.72890625 0.02812500 0.11093750
14 0.26406250 0.73593750 0.02968750 0.11093750
20 0.42968750 0.73984375 0.02968750 0.11796875
11 0.51250000 0.73593750 0.02812500 0.11093750
14 0.71562500 0.73984375 0.02968750 0.10390625
17 0.75781250 0.74296875 0.03125000 0.11093750
18 0.83906250 0.74296875 0.02812500 0.10781250
14 0.91718750 0.73984375 0.02968750 0.10781250
15 0.02812500 0.88203125 0.02968750 0.11093750
17 0.06250000 0.88515625 0.02968750 0.11796875
8 0.10156250 0.87812500 0.02812500 0.10078125
18 0.14062500 0.88906250 0.03281250 0.11484375
19 0.22343750 0.89218750 0.02968750 0.11484375
11 0.26406250 0.89218750 0.03281250 0.11484375
24 0.30625000 0.89609375 0.03281250 0.11796875
24 0.42968750 0.89609375 0.03281250 0.11484375
14 0.51093750 0.89609375 0.03125000 0.11796875
1 0.55312500 0.89218750 0.03125000 0.11093750
18 0.59531250 0.89218750 0.03281250 0.11796875
21 0.67656250 0.89609375 0.03593750 0.10781250
24 0.84062500 0.89609375 0.03125000 0.11796875
3 0.92031250 0.89609375 0.03281250 0.11484375
