18 0.05000000 0.56093750 0.09531250 0.19375000
4 0.06093750 0.85468750 0.10937500 0.21562500
7 0.11718750 0.25625000 0.11250000 0.21250000
3 0.19375000 0.80000000 0.10000000 0.21875000
0 0.16562500 0.52343750 0.09843750 0.20781250
16 0.29062500 0.49843750 0.10312500 0.21875000
18 0.42812500 0.46093750 0.09531250 0.21875000
4 0.25312500 0.21562500 0.10468750 0.20156250
16 0.38593750 0.20000000 0.10937500 0.19843750
18 0.47031250 0.74218750 0.10312500 0.22500000
4 0.54531250 0.42500000 0.09843750 0.19843750
4 0.49843750 0.16562500 0.10000000 0.20156250
7 0.58125000 0.70937500 0.10468750 0.21093750
