4 0.85351600 0.07957800 0.02343800 0.02398300
14 0.14990200 0.10828500 0.02050800 0.02180200
19 0.17529300 0.10792200 0.02050800 0.02252900
11 0.20068400 0.10755800 0.02050800 0.02180200
8 0.22607400 0.10719500 0.02050800 0.02252900
16 0.25244100 0.10719500 0.02050800 0.02252900
13 0.27783200 0.10683100 0.02050800 0.02180200
7 0.33056600 0.10683100 0.02050800 0.02180200
10 0.38232400 0.10755800 0.02050800 0.02180200
0 0.40869100 0.10792200 0.02050800 0.02252900
11 0.43505900 0.10828500 0.02050800 0.02180200
14 0.46142600 0.10864800 0.02050800 0.02252900
0 0.17138700 0.16969500 0.02050800 0.02252900
7 0.19775400 0.17005800 0.02050800 0.02180200
19 0.24902300 0.17042200 0.02148400 0.02252900
4 0.27490200 0.17042200 0.02050800 0.02252900
16 0.32763700 0.17114800 0.02050800 0.02252900
19 0.35400400 0.17114800 0.02050800 0.02252900
14 0.38037100 0.17151200 0.02050800 0.02325600
19 0.43310500 0.17223800 0.02050800 0.02325600
22 0.51123000 0.17332800 0.02050800 0.02252900
18 0.56201200 0.17332800 0.02050800 0.02252900
11 0.58837900 0.17332800 0.02050800 0.02252900
0 0.61425800 0.17369200 0.02148400 0.02325600
11 0.64160200 0.17369200 0.02148400 0.02325600
13 0.14160200 0.23364800 0.02148400 0.02252900
0 0.16748000 0.23401200 0.02050800 0.02325600
15 0.22021500 0.23473800 0.02050800 0.02325600
17 0.24658200 0.23510200 0.02050800 0.02252900
14 0.27294900 0.23546500 0.02050800 0.02325600
11 0.32519500 0.23546500 0.01953100 0.02325600
14 0.35156200 0.23582800 0.01953100 0.02252900
13 0.43115200 0.23728200 0.02050800 0.02252900
4 0.45654300 0.23764500 0.02050800 0.02325600
3 0.48339800 0.23800900 0.01953100 0.02252900
4 0.50976600 0.23800900 0.01953100 0.02398300
11 0.53466800 0.23800900 0.02050800 0.02398300
4 0.56054700 0.23837200 0.01953100 0.02325600
12 0.13867200 0.29905500 0.02148400 0.02398300
3 0.21777300 0.30014500 0.02148400 0.02470900
0 0.24414100 0.30050900 0.02148400 0.02398300
22 0.27002000 0.30050900 0.02050800 0.02398300
13 0.29589800 0.30050900 0.02148400 0.02398300
14 0.32275400 0.30123500 0.02050800 0.02398300
20 0.37597700 0.30123500 0.02148400 0.02398300
9 0.40234400 0.30196200 0.02148400 0.02398300
4 0.42871100 0.30196200 0.02148400 0.02398300
18 0.48193400 0.30268900 0.02050800 0.02398300
4 0.53271500 0.30341600 0.02050800 0.02398300
11 0.55810500 0.30341600 0.02050800 0.02398300
8 0.58447300 0.30341600 0.02050800 0.02398300
8 0.13574200 0.36373500 0.02148400 0.02398300
9 0.18847700 0.36446200 0.02148400 0.02398300
3 0.21484400 0.36518900 0.02148400 0.02398300
12 0.26757800 0.36591600 0.02148400 0.02398300
13 0.32080100 0.36664200 0.02050800 0.02398300
4 0.34814500 0.36736900 0.02050800 0.02398300
3 0.40039100 0.36773300 0.02148400 0.02470900
14 0.42627000 0.36773300 0.02050800 0.02470900
9 0.45263700 0.36773300 0.02050800 0.02470900
3 0.47998000 0.36809600 0.02050800 0.02398300
12 0.53125000 0.36882300 0.01953100 0.02398300
18 0.55712900 0.36882300 0.02050800 0.02398300
10 0.13085900 0.42914200 0.02148400 0.02398300
14 0.15771500 0.42986900 0.02246100 0.02398300
6 0.18554700 0.42986900 0.02148400 0.02398300
3 0.21142600 0.43059600 0.02246100 0.02398300
0 0.23877000 0.42950600 0.02050800 0.02325600
9 0.29150400 0.43095900 0.02050800 0.02325600
4 0.31933600 0.43132300 0.01953100 0.02398300
19 0.37158200 0.43241300 0.02050800 0.02325600
18 0.44970700 0.43314000 0.02050800 0.02325600
13 0.47705100 0.43350300 0.02050800 0.02398300
14 0.50341800 0.43386600 0.02050800 0.02325600
22 0.52880900 0.43386600 0.02050800 0.02325600
0 0.55468800 0.43459300 0.02148400 0.02470900
15 0.60839800 0.43495600 0.02148400 0.02543600
17 0.63574200 0.43568300 0.02148400 0.02543600
8 0.66210900 0.43568300 0.02148400 0.02543600
11 0.71630900 0.43641000 0.02246100 0.02543600
10 0.12793000 0.49636600 0.02148400 0.02325600
13 0.18164100 0.49564000 0.02148400 0.02325600
0 0.20800800 0.49636600 0.02148400 0.02325600
4 0.26269500 0.49709300 0.02148400 0.02325600
12 0.28906200 0.49745600 0.02148400 0.02252900
20 0.31640600 0.49745600 0.02148400 0.02252900
20 0.37011700 0.49818300 0.02148400 0.02252900
9 0.39599600 0.49891000 0.02050800 0.02252900
8 0.42285200 0.49891000 0.02148400 0.02252900
13 0.44921900 0.49963700 0.02148400 0.02252900
20 0.47607400 0.49927300 0.02050800 0.02325600
3 0.12402300 0.56213700 0.02148400 0.02398300
9 0.17773400 0.56286300 0.02148400 0.02398300
8 0.20507800 0.56286300 0.02148400 0.02398300
13 0.23193400 0.56322700 0.02246100 0.02325600
20 0.25927700 0.56359000 0.02246100 0.02398300
13 0.11914100 0.63045100 0.02148400 0.02398300
14 0.14550800 0.63045100 0.02148400 0.02398300
22 0.17334000 0.63045100 0.02246100 0.02398300
7 0.22753900 0.63045100 0.02148400 0.02398300
8 0.28320300 0.63117700 0.02148400 0.02398300
18 0.33691400 0.63190400 0.02148400 0.02398300
11 0.36377000 0.63226700 0.02050800 0.02325600
0 0.39160200 0.63263100 0.02148400 0.02398300
3 0.41845700 0.63299400 0.02050800 0.02325600
10 0.44531200 0.63335800 0.02148400 0.02398300
8 0.47168000 0.63299400 0.02148400 0.02325600
7 0.49902300 0.63335800 0.02148400 0.02398300
10 0.55224600 0.63481100 0.02246100 0.02398300
0 0.57812500 0.63553800 0.02148400 0.02398300
11 0.60498000 0.63590100 0.02246100 0.02325600
14 0.63281200 0.63662800 0.02148400 0.02325600
0 0.11230500 0.69876500 0.02148400 0.02398300
15 0.16943400 0.69949100 0.02050800 0.02398300
14 0.19726600 0.69949100 0.02148400 0.02398300
19 0.22412100 0.70021800 0.02050800 0.02398300
14 0.25195300 0.70021800 0.02148400 0.02398300
12 0.27929700 0.70058100 0.02148400 0.02470900
15 0.33398400 0.70058100 0.02148400 0.02470900
14 0.36132800 0.70094500 0.02148400 0.02398300
25 0.38867200 0.70130800 0.02148400 0.02470900
22 0.41650400 0.70167200 0.02050800 0.02398300
14 0.44287100 0.70203500 0.02050800 0.02470900
13 0.47021500 0.70276200 0.02050800 0.02470900
8 0.49658200 0.70312500 0.02050800 0.02398300
11 0.52246100 0.70385200 0.02148400 0.02543600
8 0.54980500 0.70457800 0.02148400 0.02543600
25 0.60449200 0.70566900 0.02148400 0.02616300
0 0.63232400 0.70603200 0.02246100 0.02543600
16 0.68750000 0.70712200 0.02148400 0.02470900
0 0.71435500 0.70784900 0.02246100 0.02470900
19 0.74169900 0.70821200 0.02246100 0.02543600
10 0.76855500 0.70893900 0.02148400 0.02543600
8 0.79638700 0.70930200 0.02246100 0.02470900
13 0.13769500 0.76962200 0.02148400 0.02470900
4 0.16552700 0.76962200 0.02246100 0.02470900
11 0.19287100 0.76998500 0.02246100 0.02543600
25 0.24804700 0.77034900 0.02148400 0.02470900
11 0.33007800 0.77071200 0.02148400 0.02543600
8 0.35839800 0.77180200 0.02148400 0.02470900
15 0.41308600 0.77252900 0.02148400 0.02470900
17 0.44043000 0.77252900 0.02148400 0.02470900
8 0.46777300 0.77325600 0.02148400 0.02470900
18 0.49511700 0.77398300 0.02148400 0.02470900
11 0.52050800 0.77398300 0.02148400 0.02470900
0 0.54785200 0.77470900 0.02148400 0.02470900
19 0.57519500 0.77507300 0.02148400 0.02543600
15 0.65918000 0.77725300 0.02148400 0.02543600
4 0.68701200 0.77798000 0.02246100 0.02543600
17 0.71435500 0.77870600 0.02246100 0.02543600
16 0.74169900 0.77907000 0.02246100 0.02470900
0 0.76855500 0.77979700 0.02148400 0.02470900
19 0.79638700 0.78016000 0.02246100 0.02543600
10 0.82470700 0.78052300 0.02246100 0.02470900
8 0.85302700 0.78125000 0.02246100 0.02470900
0 0.10400400 0.84011600 0.02246100 0.02470900
15 0.16064500 0.84120600 0.02246100 0.02543600
14 0.18896500 0.84157000 0.02246100 0.02616300
19 0.21630900 0.84193300 0.02246100 0.02543600
14 0.24414100 0.84193300 0.02148400 0.02543600
12 0.27246100 0.84193300 0.02148400 0.02543600
15 0.32763700 0.84266000 0.02246100 0.02543600
14 0.35498000 0.84338700 0.02246100 0.02543600
25 0.38330100 0.84375000 0.02246100 0.02616300
22 0.41064500 0.84447700 0.02246100 0.02616300
14 0.43798800 0.84447700 0.02246100 0.02616300
13 0.46630900 0.84484000 0.02246100 0.02689000
8 0.49365200 0.84556700 0.02246100 0.02689000
11 0.52002000 0.84556700 0.02246100 0.02689000
8 0.54687500 0.84665700 0.02148400 0.02616300
12 0.60302700 0.84811000 0.02246100 0.02616300
0 0.63085900 0.84847400 0.02148400 0.02543600
17 0.65869100 0.84883700 0.02246100 0.02616300
19 0.68701200 0.84956400 0.02246100 0.02616300
10 0.76904300 0.85101700 0.02246100 0.02616300
8 0.79736300 0.85174400 0.02246100 0.02616300
