18 0.05625000 0.07656250 0.03906250 0.12343750
4 0.09921875 0.07734375 0.03906250 0.14062500
20 0.18750000 0.07109375 0.03750000 0.12968750
15 0.23671875 0.07031250 0.03750000 0.12187500
8 0.41953125 0.06562500 0.03593750 0.12968750
23 0.69609375 0.06250000 0.04375000 0.12500000
19 0.04765625 0.24062500 0.03750000 0.12968750
13 0.18359375 0.24218750 0.03906250 0.13750000
20 0.23203125 0.23671875 0.04062500 0.14375000
4 0.32421875 0.23515625 0.03750000 0.12500000
19 0.37343750 0.23828125 0.03906250 0.13750000
18 0.46718750 0.23593750 0.04218750 0.13750000
3 0.56171875 0.23359375 0.03750000 0.14375000
0 0.60859375 0.23515625 0.03906250 0.14687500
3 0.65468750 0.22968750 0.03593750 0.12968750
6 0.83671875 0.22500000 0.04062500 0.14218750
14 0.88203125 0.23203125 0.04218750 0.13906250
22 0.04140625 0.42031250 0.03906250 0.13906250
0 0.08593750 0.42187500 0.03906250 0.13125000
13 0.13203125 0.41171875 0.04062500 0.13906250
19 0.17812500 0.41250000 0.04062500 0.13437500
17 0.37109375 0.40937500 0.03906250 0.15156250
4 0.41875000 0.40703125 0.03906250 0.14531250
3 0.46796875 0.40703125 0.04218750 0.15312500
4 0.51328125 0.40625000 0.03906250 0.15000000
17 0.79609375 0.39921875 0.03750000 0.14843750
20 0.03359375 0.59453125 0.03750000 0.14843750
4 0.12890625 0.58984375 0.03906250 0.13906250
19 0.17656250 0.59375000 0.04218750 0.14218750
6 0.27265625 0.58750000 0.04218750 0.14062500
14 0.31953125 0.58671875 0.03906250 0.13750000
19 0.37031250 0.58671875 0.03750000 0.14843750
1 0.51328125 0.57968750 0.03593750 0.15625000
4 0.56015625 0.58593750 0.04375000 0.14218750
6 0.84921875 0.57343750 0.04531250 0.14531250
4 0.89375000 0.57890625 0.04062500 0.15625000
