11 0.05468750 0.22343750 0.09375000 0.16093750
14 0.14843750 0.20625000 0.09062500 0.15781250
14 0.25468750 0.18281250 0.09531250 0.16562500
3 0.15937500 0.41562500 0.09531250 0.17500000
0 0.26093750 0.39843750 0.08125000 0.17031250
23 0.37343750 0.38750000 0.09843750 0.17656250
17 0.47187500 0.38125000 0.08750000 0.17656250
18 0.27500000 0.64062500 0.10000000 0.17656250
17 0.28906250 0.88281250 0.09531250 0.18125000
0 0.39687500 0.85781250 0.08593750 0.17968750
14 0.38593750 0.62500000 0.09062500 0.18125000
8 0.51250000 0.83125000 0.08750000 0.19375000
3 0.61093750 0.80468750 0.09062500 0.18906250
6 0.58281250 0.57500000 0.09531250 0.18125000
14 0.64843750 0.35312500 0.08593750 0.16718750
