14 0.14990200 0.15661300 0.01855500 0.02107600
3 0.17334000 0.15625000 0.01855500 0.02034900
13 0.19580100 0.15552300 0.01855500 0.02034900
0 0.21826200 0.15407000 0.01855500 0.02034900
3 0.26611300 0.15189000 0.01855500 0.02034900
17 0.28857400 0.15043600 0.01855500 0.02034900
20 0.31201200 0.14898300 0.01855500 0.02034900
6 0.33544900 0.14825600 0.01855500 0.02034900
14 0.35986300 0.14680200 0.01855500 0.02034900
1 0.43359400 0.14389500 0.01953100 0.02034900
18 0.48339800 0.14244200 0.01953100 0.02180200
19 0.50927700 0.14098800 0.02050800 0.02180200
17 0.53369100 0.14026200 0.02050800 0.02180200
4 0.56005900 0.13880800 0.02050800 0.02180200
4 0.58593800 0.13808100 0.01953100 0.02180200
15 0.14843800 0.18532000 0.01757800 0.02034900
14 0.17187500 0.18423000 0.01757800 0.01962200
11 0.21630900 0.18314000 0.01855500 0.02034900
8 0.23974600 0.18168600 0.01855500 0.02034900
15 0.26318400 0.18059600 0.01855500 0.01962200
14 0.28613300 0.17950600 0.01953100 0.02034900
22 0.31103500 0.17805200 0.01855500 0.02034900
14 0.33447300 0.17732600 0.01855500 0.02034900
0 0.40869100 0.17514500 0.01855500 0.02034900
11 0.43212900 0.17441900 0.01855500 0.02034900
11 0.45752000 0.17405500 0.01855500 0.02107600
4 0.48193400 0.17332800 0.01855500 0.02107600
4 0.50781200 0.17114800 0.01953100 0.02107600
15 0.19140600 0.21220900 0.01757800 0.02034900
14 0.21386700 0.21148300 0.01757800 0.02034900
3 0.23681600 0.21075600 0.01855500 0.02034900
7 0.26074200 0.20966600 0.01757800 0.01962200
14 0.28466800 0.20857600 0.01855500 0.02034900
3 0.30810500 0.20784900 0.01855500 0.02034900
8 0.33252000 0.20675900 0.01855500 0.02107600
19 0.35693400 0.20603200 0.01855500 0.02107600
10 0.40673800 0.20530500 0.01855500 0.02107600
3 0.45605500 0.20457800 0.01953100 0.02107600
22 0.48193400 0.20385200 0.01855500 0.02107600
4 0.50732400 0.20312500 0.01855500 0.02107600
17 0.53222700 0.20203500 0.01953100 0.02180200
8 0.55761700 0.20130800 0.01953100 0.02180200
15 0.60937500 0.19912800 0.01953100 0.02180200
14 0.63476600 0.19840100 0.01953100 0.02180200
16 0.66210900 0.19767400 0.01953100 0.02180200
19 0.68896500 0.19622100 0.02050800 0.02180200
0 0.71630900 0.19549400 0.02050800 0.02180200
11 0.74365200 0.19476700 0.02050800 0.02180200
14 0.79931600 0.19295100 0.02050800 0.02252900
13 0.82617200 0.19222400 0.02148400 0.02252900
22 0.21191400 0.24018900 0.01757800 0.02107600
4 0.23535200 0.23982600 0.01757800 0.02034900
2 0.28271500 0.23837200 0.01855500 0.02034900
0 0.30664100 0.23800900 0.01757800 0.02107600
17 0.33056600 0.23764500 0.01855500 0.02034900
20 0.35595700 0.23728200 0.01855500 0.02107600
18 0.40478500 0.23619200 0.01855500 0.02034900
19 0.43017600 0.23546500 0.01855500 0.02034900
0 0.45556600 0.23510200 0.01855500 0.02107600
17 0.48095700 0.23437500 0.01855500 0.02107600
14 0.50585900 0.23401200 0.01953100 0.02180200
12 0.53076200 0.23328500 0.01855500 0.02180200
20 0.55664100 0.23183100 0.01953100 0.02180200
15 0.60937500 0.23037800 0.01953100 0.02180200
14 0.63574200 0.22892400 0.01953100 0.02180200
10 0.66162100 0.22892400 0.02050800 0.02180200
11 0.68896500 0.22819800 0.02050800 0.02180200
14 0.71533200 0.22747100 0.02050800 0.02180200
13 0.74267600 0.22638100 0.02050800 0.02252900
15 0.21044900 0.26925900 0.01855500 0.02107600
8 0.23339800 0.26925900 0.01757800 0.02107600
18 0.25683600 0.26889500 0.01757800 0.02034900
12 0.30468800 0.26816900 0.01757800 0.02034900
14 0.32959000 0.26816900 0.01855500 0.02034900
3 0.37841800 0.26707800 0.01855500 0.02107600
11 0.40380900 0.26707800 0.01855500 0.02107600
6 0.47900400 0.26562500 0.01855500 0.02107600
4 0.50439500 0.26489800 0.01855500 0.02107600
17 0.52929700 0.26344500 0.01953100 0.02252900
17 0.55566400 0.26308100 0.01953100 0.02180200
9 0.60791000 0.26199100 0.02050800 0.02252900
8 0.63427700 0.26126500 0.02050800 0.02252900
19 0.66064500 0.26053800 0.02050800 0.02252900
10 0.68798800 0.25981100 0.02050800 0.02252900
14 0.71533200 0.25908400 0.02050800 0.02252900
22 0.74267600 0.25835800 0.02050800 0.02252900
0 0.77002000 0.25763100 0.02050800 0.02252900
8 0.18408200 0.29978200 0.01855500 0.02107600
25 0.20703100 0.29978200 0.01757800 0.02107600
13 0.25439500 0.29905500 0.01855500 0.02107600
14 0.27929700 0.29905500 0.01757800 0.02107600
12 0.30371100 0.29869200 0.01757800 0.02034900
4 0.32763700 0.29832800 0.01855500 0.02107600
17 0.35253900 0.29832800 0.01757800 0.02107600
0 0.37695300 0.29796500 0.01757800 0.02034900
4 0.45263700 0.29760200 0.01855500 0.02107600
18 0.47705100 0.29687500 0.01855500 0.02107600
19 0.50244100 0.29614800 0.01855500 0.02107600
14 0.52880900 0.29578500 0.01855500 0.02180200
6 0.55419900 0.29505800 0.01855500 0.02180200
14 0.58056600 0.29433100 0.01855500 0.02180200
22 0.15820300 0.33030500 0.01757800 0.02107600
16 0.18164100 0.32994200 0.01757800 0.02034900
4 0.20507800 0.32957800 0.01757800 0.02107600
17 0.22900400 0.32957800 0.01855500 0.02107600
0 0.25341800 0.33030500 0.01855500 0.02107600
22 0.30224600 0.32957800 0.01855500 0.02107600
14 0.35205100 0.32885200 0.01855500 0.02107600
3 0.37646500 0.32885200 0.01855500 0.02107600
8 0.40087900 0.32848800 0.01855500 0.02180200
13 0.42627000 0.32812500 0.01855500 0.02107600
13 0.45117200 0.32848800 0.01953100 0.02180200
0 0.47558600 0.32812500 0.01953100 0.02252900
3 0.50195300 0.32776200 0.01953100 0.02180200
2 0.52734400 0.32703500 0.01953100 0.02180200
0 0.55273400 0.32667200 0.01953100 0.02252900
19 0.57910200 0.32630800 0.01953100 0.02180200
16 0.65966800 0.32485500 0.02050800 0.02180200
0 0.68652300 0.32449100 0.01953100 0.02252900
18 0.71386700 0.32376500 0.02148400 0.02252900
14 0.74121100 0.32340100 0.02148400 0.02325600
22 0.76904300 0.32267400 0.02050800 0.02325600
20 0.13330100 0.36010200 0.01855500 0.02107600
4 0.15673800 0.36046500 0.01855500 0.02180200
7 0.18017600 0.36010200 0.01855500 0.02107600
0 0.20361300 0.36010200 0.01855500 0.02107600
11 0.22705100 0.35973800 0.01855500 0.02180200
22 0.27587900 0.35973800 0.01855500 0.02180200
0 0.32568400 0.35937500 0.01855500 0.02107600
13 0.34912100 0.36046500 0.01855500 0.02180200
6 0.37500000 0.36046500 0.01953100 0.02180200
11 0.39990200 0.36010200 0.01855500 0.02252900
8 0.42480500 0.35973800 0.01953100 0.02180200
9 0.50097700 0.35901200 0.01953100 0.02180200
8 0.52636700 0.35937500 0.01953100 0.02252900
19 0.55224600 0.35901200 0.02050800 0.02180200
10 0.57861300 0.35864800 0.02050800 0.02252900
14 0.60498000 0.35792200 0.02050800 0.02252900
22 0.63134800 0.35755800 0.02050800 0.02180200
4 0.49902300 0.39098800 0.01953100 0.02180200
15 0.12744100 0.42005800 0.01855500 0.02180200
8 0.15087900 0.42042200 0.01855500 0.02107600
18 0.17480500 0.42078500 0.01953100 0.02180200
12 0.22314500 0.42078500 0.01855500 0.02180200
14 0.24755900 0.42114800 0.01855500 0.02107600
18 0.12597700 0.45058100 0.01757800 0.02180200
0 0.14941400 0.45058100 0.01757800 0.02180200
12 0.17334000 0.45130800 0.01855500 0.02180200
14 0.19677700 0.45130800 0.01855500 0.02180200
13 0.12353500 0.48183100 0.01855500 0.02180200
8 0.14697300 0.48183100 0.01855500 0.02180200
10 0.17089800 0.48183100 0.01953100 0.02180200
20 0.19482400 0.48219500 0.01855500 0.02107600
3 0.21923800 0.48255800 0.01855500 0.02180200
0 0.24316400 0.48255800 0.01953100 0.02180200
13 0.29296900 0.48328500 0.01953100 0.02180200
4 0.31787100 0.48401200 0.01855500 0.02180200
15 0.36767600 0.48473800 0.01855500 0.02180200
14 0.39306600 0.48510200 0.01855500 0.02252900
3 0.44433600 0.48546500 0.01953100 0.02180200
4 0.46972700 0.48582800 0.01953100 0.02252900
19 0.49511700 0.48619200 0.01953100 0.02180200
13 0.12109400 0.51199100 0.01757800 0.02107600
14 0.14404300 0.51235500 0.01855500 0.02180200
22 0.19287100 0.51308100 0.01855500 0.02180200
23 0.26611300 0.51453500 0.01855500 0.02180200
8 0.29150400 0.51526200 0.01855500 0.02180200
10 0.31591800 0.51562500 0.01855500 0.02252900
4 0.36669900 0.51671500 0.01855500 0.02180200
6 0.39160200 0.51707800 0.01953100 0.02252900
14 0.41699200 0.51744200 0.01953100 0.02180200
14 0.46826200 0.51816900 0.02050800 0.02180200
15 0.49414100 0.51853200 0.01953100 0.02252900
20 0.51953100 0.51889500 0.01953100 0.02180200
18 0.54589800 0.51925900 0.01953100 0.02252900
19 0.57275400 0.51962200 0.02050800 0.02180200
8 0.59912100 0.51998500 0.02050800 0.02252900
14 0.11962900 0.54287800 0.01855500 0.02180200
13 0.14209000 0.54360500 0.01855500 0.02180200
14 0.16601600 0.54433100 0.01953100 0.02180200
15 0.21533200 0.54505800 0.01855500 0.02180200
14 0.23974600 0.54578500 0.01855500 0.02180200
1 0.26464800 0.54651200 0.01953100 0.02180200
4 0.28955100 0.54651200 0.01855500 0.02180200
9 0.31445300 0.54723800 0.01953100 0.02180200
8 0.33984400 0.54723800 0.01953100 0.02180200
19 0.36523400 0.54796500 0.01953100 0.02180200
15 0.11669900 0.57376500 0.01855500 0.02107600
17 0.14111300 0.57485500 0.01855500 0.02180200
14 0.16455100 0.57558100 0.01855500 0.02180200
11 0.18798800 0.57630800 0.01855500 0.02180200
4 0.21289100 0.57703500 0.01953100 0.02180200
19 0.23730500 0.57739800 0.01953100 0.02252900
8 0.26171900 0.57812500 0.01953100 0.02252900
19 0.28710900 0.57848800 0.01953100 0.02180200
15 0.11474600 0.60465100 0.01855500 0.02180200
17 0.13818400 0.60610500 0.01855500 0.02180200
14 0.16162100 0.60683100 0.01855500 0.02180200
15 0.18603500 0.60755800 0.01855500 0.02180200
11 0.21093800 0.60828500 0.01953100 0.02180200
22 0.26074200 0.60973800 0.01953100 0.02180200
4 0.28564500 0.61082800 0.01855500 0.02252900
19 0.31005900 0.61155500 0.01855500 0.02252900
19 0.11181600 0.63626500 0.01855500 0.02252900
18 0.15966800 0.63844500 0.01855500 0.02252900
16 0.20849600 0.64026200 0.01855500 0.02180200
8 0.23291000 0.64098800 0.01855500 0.02180200
22 0.28320300 0.64280500 0.01953100 0.02252900
4 0.30859400 0.64353200 0.01953100 0.02252900
17 0.33349600 0.64425900 0.01855500 0.02252900
18 0.35937500 0.64498500 0.01953100 0.02252900
19 0.38427700 0.64607600 0.02050800 0.02325600
15 0.43701200 0.64789200 0.02050800 0.02252900
20 0.46240200 0.64898300 0.02050800 0.02325600
19 0.48877000 0.64970900 0.02050800 0.02325600
8 0.51513700 0.65043600 0.02050800 0.02325600
13 0.15722700 0.67042200 0.01953100 0.02252900
4 0.18164100 0.67114800 0.01953100 0.02252900
19 0.20605500 0.67223800 0.01953100 0.02325600
17 0.23046900 0.67332800 0.01953100 0.02252900
20 0.25585900 0.67441900 0.01953100 0.02325600
3 0.28125000 0.67550900 0.01953100 0.02252900
13 0.30664100 0.67587200 0.01953100 0.02325600
14 0.33154300 0.67696200 0.02050800 0.02252900
15 0.38281200 0.67877900 0.01953100 0.02325600
8 0.40820300 0.68023300 0.01953100 0.02325600
18 0.43457000 0.68095900 0.01953100 0.02325600
12 0.48681600 0.68314000 0.02050800 0.02325600
20 0.51318400 0.68459300 0.02050800 0.02325600
20 0.15527300 0.70239800 0.01953100 0.02252900
22 0.17919900 0.70312500 0.01855500 0.02252900
8 0.20410200 0.70457800 0.01953100 0.02252900
3 0.22851600 0.70566900 0.01953100 0.02325600
4 0.25293000 0.70675900 0.01953100 0.02252900
19 0.27832000 0.70821200 0.01953100 0.02252900
18 0.35498000 0.71111900 0.02050800 0.02252900
22 0.38085900 0.71220900 0.01953100 0.02325600
4 0.40673800 0.71366300 0.02050800 0.02325600
19 0.43261700 0.71439000 0.01953100 0.02325600
4 0.15185500 0.73510200 0.02050800 0.02252900
12 0.17675800 0.73619200 0.01953100 0.02325600
20 0.20117200 0.73691900 0.01953100 0.02325600
13 0.14941400 0.76744200 0.01953100 0.02325600
4 0.17382800 0.76889500 0.01953100 0.02325600
13 0.22412100 0.77180200 0.02050800 0.02325600
20 0.24902300 0.77325600 0.01953100 0.02325600
9 0.27441400 0.77470900 0.01953100 0.02325600
4 0.29980500 0.77543600 0.01953100 0.02325600
13 0.32568400 0.77652600 0.02050800 0.02398300
1 0.37744100 0.77870600 0.02050800 0.02398300
8 0.40332000 0.78016000 0.02148400 0.02398300
11 0.43017600 0.78161300 0.02050800 0.02398300
4 0.45605500 0.78306700 0.02148400 0.02398300
19 0.48291000 0.78452000 0.02050800 0.02398300
13 0.09668000 0.79832800 0.01953100 0.02252900
0 0.12109400 0.80014500 0.01953100 0.02325600
12 0.17187500 0.80232600 0.01953100 0.02325600
4 0.19628900 0.80377900 0.01953100 0.02325600
3 0.22168000 0.80523300 0.01953100 0.02325600
13 0.24707000 0.80632300 0.01953100 0.02252900
4 0.29736300 0.80850300 0.02050800 0.02398300
3 0.34960900 0.81141000 0.02148400 0.02398300
4 0.37548800 0.81286300 0.02050800 0.02398300
13 0.40185500 0.81431700 0.02050800 0.02398300
6 0.45459000 0.81795100 0.02050800 0.02398300
8 0.48144500 0.81867700 0.02148400 0.02398300
14 0.09326200 0.83139500 0.02050800 0.02325600
1 0.11816400 0.83284900 0.01953100 0.02325600
4 0.16845700 0.83575600 0.02050800 0.02325600
3 0.19384800 0.83720900 0.02050800 0.02325600
4 0.21875000 0.83866300 0.01953100 0.02325600
19 0.24414100 0.84011600 0.01953100 0.02325600
12 0.29541000 0.84302300 0.02050800 0.02325600
8 0.32177700 0.84375000 0.02050800 0.02325600
17 0.34716800 0.84556700 0.02050800 0.02398300
25 0.09130900 0.86409900 0.02050800 0.02325600
0 0.11572300 0.86555200 0.02050800 0.02325600
10 0.14111300 0.86736900 0.02050800 0.02398300
11 0.16552700 0.86918600 0.02050800 0.02325600
4 0.19091800 0.87100300 0.02050800 0.02398300
4 0.21630900 0.87245600 0.02050800 0.02398300
13 0.24169900 0.87427300 0.02050800 0.02325600
13 0.26709000 0.87572700 0.02050800 0.02325600
15 0.09033200 0.89643900 0.02050800 0.02252900
0 0.11377000 0.89825600 0.02050800 0.02325600
18 0.13867200 0.90043600 0.02148400 0.02325600
18 0.16308600 0.90189000 0.02148400 0.02325600
0 0.18847700 0.90407000 0.02148400 0.02325600
9 0.21386700 0.90588700 0.02148400 0.02398300
8 0.23877000 0.90770300 0.02050800 0.02325600
17 0.26464800 0.90952000 0.02148400 0.02398300
