18 0.07343750 0.22500000 0.07343750 0.16562500
7 0.16093750 0.20312500 0.07812500 0.15781250
4 0.24375000 0.18437500 0.07656250 0.17187500
3 0.16406250 0.61250000 0.09375000 0.17031250
0 0.25625000 0.60156250 0.08281250 0.16093750
12 0.34062500 0.16718750 0.08281250 0.16562500
3 0.52187500 0.14375000 0.07656250 0.16718750
14 0.61250000 0.13750000 0.08125000 0.16093750
3 0.35781250 0.58593750 0.09062500 0.17187500
0 0.34687500 0.37187500 0.07812500 0.15312500
5 0.44687500 0.36718750 0.07812500 0.17031250
18 0.53750000 0.34218750 0.08750000 0.17968750
21 0.70000000 0.12968750 0.07812500 0.16562500
13 0.78437500 0.12812500 0.07343750 0.15781250
11 0.57343750 0.78125000 0.09531250 0.16562500
0 0.47187500 0.79687500 0.08593750 0.17656250
18 0.54531250 0.55468750 0.09375000 0.16718750
4 0.62812500 0.34062500 0.08593750 0.17187500
16 0.71875000 0.32500000 0.08281250 0.16718750
14 0.64375000 0.55000000 0.08750000 0.17031250
11 0.67968750 0.76875000 0.10468750 0.17968750
