18 0.08281250 0.73437500 0.10312500 0.20781250
7 0.20156250 0.70156250 0.11250000 0.21562500
8 0.16093750 0.42343750 0.10781250 0.21875000
13 0.28750000 0.39843750 0.10468750 0.23437500
4 0.32187500 0.66406250 0.10781250 0.21093750
16 0.43750000 0.63281250 0.10937500 0.21093750
4 0.13281250 0.15937500 0.09843750 0.20781250
13 0.26093750 0.12187500 0.10312500 0.21250000
2 0.52500000 0.34062500 0.10781250 0.23281250
4 0.58593750 0.87812500 0.10000000 0.21562500
4 0.56250000 0.61093750 0.11250000 0.21562500
18 0.46562500 0.90000000 0.09843750 0.19843750
