17 0.48095700 0.17623500 0.01660200 0.02252900
11 0.61816400 0.18495600 0.01562500 0.02252900
13 0.30810500 0.25472400 0.01660200 0.02398300
5 0.36474600 0.25472400 0.01660200 0.02398300
2 0.28418000 0.29651200 0.01757800 0.02470900
0 0.25585900 0.29723800 0.01757800 0.02470900
6 0.39941400 0.29614800 0.01757800 0.02543600
5 0.51220700 0.29760200 0.01660200 0.02398300
10 0.56884800 0.29832800 0.01660200 0.02398300
18 0.64941400 0.29978200 0.01562500 0.02398300
8 0.67627000 0.30050900 0.01660200 0.02398300
13 0.70263700 0.30123500 0.01660200 0.02398300
8 0.72949200 0.30196200 0.01562500 0.02398300
7 0.75585900 0.30268900 0.01562500 0.02398300
14 0.25537100 0.33611900 0.01855500 0.02543600
19 0.28320300 0.33466600 0.01757800 0.02543600
22 0.31396500 0.33466600 0.01855500 0.02543600
4 0.34179700 0.33466600 0.01757800 0.02543600
19 0.37109400 0.33502900 0.01757800 0.02470900
5 0.45703100 0.33611900 0.01757800 0.02543600
18 0.51269500 0.33684600 0.01757800 0.02543600
8 0.54101600 0.33648300 0.01757800 0.02470900
13 0.56835900 0.33684600 0.01757800 0.02543600
8 0.59570300 0.33720900 0.01757800 0.02470900
7 0.62304700 0.33575600 0.01757800 0.02325600
10 0.67382800 0.33720900 0.01757800 0.02325600
0 0.70166000 0.33793600 0.01660200 0.02325600
17 0.72900400 0.33866300 0.01660200 0.02325600
0 0.75537100 0.33939000 0.01660200 0.02325600
13 0.78173800 0.34011600 0.01660200 0.02325600
3 0.80712900 0.34048000 0.01660200 0.02252900
0 0.83349600 0.34157000 0.01660200 0.02325600
4 0.25781200 0.37463700 0.01757800 0.02398300
22 0.34277300 0.37354700 0.01757800 0.02470900
10 0.40039100 0.37354700 0.01757800 0.02470900
14 0.42871100 0.37354700 0.01757800 0.02470900
17 0.45703100 0.37318300 0.01757800 0.02543600
14 0.48632800 0.37354700 0.01757800 0.02470900
1 0.51367200 0.37391000 0.01757800 0.02543600
10 0.54003900 0.37427300 0.01757800 0.02470900
4 0.56835900 0.37463700 0.01757800 0.02543600
3 0.33496100 0.49164200 0.01757800 0.02543600
14 0.36377000 0.49236900 0.01855500 0.02543600
12 0.39209000 0.49236900 0.01855500 0.02543600
0 0.42138700 0.49236900 0.01855500 0.02543600
13 0.47949200 0.49164200 0.01757800 0.02543600
17 0.59082000 0.49127900 0.01757800 0.02470900
2 0.62011700 0.49127900 0.01757800 0.02470900
1 0.64648400 0.49055200 0.01757800 0.02470900
14 0.67382800 0.49055200 0.01757800 0.02470900
19 0.70117200 0.49055200 0.01757800 0.02470900
0 0.72656200 0.49091600 0.01757800 0.02398300
22 0.75439500 0.49127900 0.01660200 0.02325600
13 0.21972700 0.53524700 0.01757800 0.02398300
3 0.30322300 0.53379400 0.01855500 0.02543600
1 0.27490200 0.57412800 0.01855500 0.02470900
0 0.24755900 0.57376500 0.01855500 0.02543600
0 0.24755900 0.61627900 0.01855500 0.02470900
0 0.27392600 0.65661300 0.01855500 0.02543600
7 0.39160200 0.57303800 0.01953100 0.02543600
8 0.50781200 0.57194800 0.01953100 0.02616300
3 0.62158200 0.57049400 0.01855500 0.02616300
9 0.27539100 0.61591600 0.01757800 0.02543600
2 0.39160200 0.61373500 0.01953100 0.02689000
7 0.50976600 0.61155500 0.01953100 0.02689000
4 0.62207000 0.60973800 0.01953100 0.02616300
6 0.30322300 0.65770300 0.01855500 0.02616300
7 0.42138700 0.65370600 0.01855500 0.02689000
5 0.53857400 0.65152600 0.01855500 0.02689000
0 0.64990200 0.64934600 0.01855500 0.02689000
4 0.67871100 0.64934600 0.01757800 0.02543600
4 0.01513700 0.81322700 0.01660200 0.02034900
4 0.03759800 0.81395300 0.01660200 0.02180200
23 0.17871100 0.88953500 0.00976600 0.01308100
3 0.19335900 0.89026200 0.00976600 0.01308100
