2 0.24062500 0.11796875 0.03281250 0.11484375
17 0.31718750 0.11484375 0.03593750 0.11484375
8 0.35937500 0.11484375 0.03125000 0.10781250
4 0.39843750 0.11484375 0.03281250 0.12187500
10 0.50156250 0.10390625 0.03906250 0.13906250
15 0.56406250 0.10078125 0.03593750 0.12187500
8 0.60625000 0.10390625 0.03437500 0.12812500
19 0.65000000 0.09375000 0.03750000 0.12812500
12 0.69218750 0.09375000 0.03593750 0.12812500
0 0.73281250 0.09062500 0.03281250 0.12187500
13 0.77656250 0.09062500 0.03437500 0.11796875
4 0.27812500 0.26718750 0.03437500 0.11796875
22 0.35937500 0.25703125 0.03593750 0.12500000
0 0.40000000 0.26015625 0.03437500 0.11796875
13 0.44062500 0.25312500 0.03125000 0.11796875
19 0.48125000 0.25312500 0.03437500 0.12812500
19 0.65000000 0.25000000 0.03906250 0.12812500
17 0.69375000 0.24296875 0.03906250 0.12500000
0 0.73750000 0.24687500 0.03593750 0.12812500
3 0.77968750 0.24687500 0.03906250 0.12812500
4 0.82343750 0.25000000 0.03750000 0.12187500
17 0.03125000 0.43046875 0.03906250 0.13203125
18 0.07187500 0.43046875 0.03750000 0.12500000
8 0.11093750 0.42343750 0.03125000 0.10781250
18 0.27031250 0.41640625 0.03750000 0.12187500
20 0.35468750 0.41328125 0.03437500 0.12500000
8 0.39687500 0.41640625 0.03125000 0.10781250
3 0.43906250 0.41640625 0.03750000 0.14218750
1 0.56562500 0.41328125 0.03593750 0.12500000
3 0.69687500 0.39921875 0.03593750 0.11484375
8 0.74062500 0.39921875 0.03437500 0.12812500
18 0.78593750 0.39921875 0.03593750 0.13906250
10 0.82656250 0.40625000 0.03593750 0.12812500
14 0.87187500 0.40312500 0.03281250 0.12812500
2 0.02812500 0.57265625 0.03750000 0.12187500
4 0.06875000 0.57265625 0.03437500 0.12187500
0 0.39531250 0.56562500 0.03281250 0.12187500
17 0.48281250 0.56562500 0.03593750 0.12812500
8 0.52500000 0.56953125 0.03437500 0.12812500
4 0.56718750 0.56562500 0.03906250 0.13203125
22 0.01875000 0.72890625 0.03593750 0.13515625
3 0.09843750 0.73593750 0.03593750 0.12187500
0 0.26406250 0.73281250 0.03593750 0.12187500
13 0.30781250 0.73593750 0.03593750 0.12500000
14 0.39375000 0.73281250 0.03750000 0.13203125
17 0.43750000 0.73593750 0.03906250 0.13203125
7 0.57031250 0.72890625 0.03906250 0.13515625
0 0.61406250 0.72890625 0.03125000 0.12187500
11 0.65937500 0.72578125 0.03437500 0.12500000
5 0.70312500 0.72890625 0.03281250 0.13203125
0 0.79531250 0.72578125 0.03593750 0.12187500
17 0.17500000 0.89921875 0.04062500 0.14609375
8 0.21718750 0.90312500 0.03750000 0.13906250
10 0.25781250 0.89609375 0.03750000 0.14218750
14 0.38750000 0.89609375 0.03593750 0.13203125
13 0.43437500 0.89921875 0.03906250 0.14609375
18 0.61875000 0.89218750 0.04062500 0.14921875
