8 0.15673800 0.11518900 0.02050800 0.02252900
5 0.81689500 0.12318300 0.02050800 0.02252900
4 0.84228500 0.12318300 0.02050800 0.02252900
22 0.20947300 0.14571200 0.02050800 0.02252900
0 0.23681600 0.14571200 0.02050800 0.02252900
6 0.26416000 0.14607600 0.02050800 0.02180200
14 0.29052700 0.14607600 0.02050800 0.02180200
13 0.31738300 0.14643900 0.02148400 0.02252900
14 0.34472700 0.14643900 0.02148400 0.02252900
20 0.37207000 0.14680200 0.02148400 0.02180200
22 0.39892600 0.14716600 0.02050800 0.02252900
0 0.42529300 0.14752900 0.02050800 0.02180200
9 0.45166000 0.14716600 0.02050800 0.02252900
0 0.47949200 0.14825600 0.02148400 0.02180200
4 0.50585900 0.14898300 0.02148400 0.02180200
12 0.53173800 0.15007300 0.02050800 0.02252900
6 0.20898400 0.17696200 0.02148400 0.02252900
11 0.23584000 0.17732600 0.02050800 0.02180200
20 0.26318400 0.17768900 0.02050800 0.02252900
1 0.29052700 0.17768900 0.02050800 0.02252900
14 0.31689500 0.17768900 0.02050800 0.02252900
10 0.34423800 0.17623500 0.02050800 0.02252900
14 0.37109400 0.17732600 0.01953100 0.02180200
20 0.39843800 0.17914200 0.01953100 0.02252900
22 0.42529300 0.17914200 0.02050800 0.02252900
0 0.45166000 0.17986900 0.02050800 0.02252900
9 0.47900400 0.18059600 0.02050800 0.02252900
0 0.50488300 0.18132300 0.01953100 0.02252900
19 0.53173800 0.18168600 0.02050800 0.02180200
22 0.20752000 0.20893900 0.02050800 0.02252900
14 0.23486300 0.20930200 0.02050800 0.02325600
16 0.28955100 0.20966600 0.02050800 0.02252900
19 0.31591800 0.21039200 0.02050800 0.02252900
14 0.34326200 0.21039200 0.02050800 0.02252900
1 0.39794900 0.21111900 0.02050800 0.02252900
19 0.47900400 0.21184600 0.02050800 0.02252900
14 0.50488300 0.21257300 0.01953100 0.02252900
13 0.55810500 0.21402600 0.02050800 0.02252900
8 0.58447300 0.21475300 0.02050800 0.02252900
18 0.63720700 0.21620600 0.02050800 0.02252900
19 0.66308600 0.21693300 0.01953100 0.02252900
0 0.68896500 0.21729700 0.02050800 0.02180200
11 0.71435500 0.21766000 0.02050800 0.02252900
14 0.73974600 0.21838700 0.02050800 0.02252900
12 0.20654300 0.24127900 0.02050800 0.02325600
13 0.23437500 0.24164200 0.02148400 0.02398300
4 0.26074200 0.24200600 0.02148400 0.02325600
13 0.31591800 0.24236900 0.02050800 0.02252900
0 0.34326200 0.24273300 0.02050800 0.02325600
3 0.37060500 0.24309600 0.02050800 0.02252900
14 0.39794900 0.24309600 0.02050800 0.02252900
22 0.45166000 0.24418600 0.02050800 0.02325600
7 0.50537100 0.24527600 0.02050800 0.02252900
14 0.53173800 0.24564000 0.02050800 0.02180200
3 0.55859400 0.24636600 0.01953100 0.02180200
8 0.58447300 0.24673000 0.02050800 0.02252900
19 0.61084000 0.24709300 0.02050800 0.02180200
13 0.20556600 0.27361900 0.02050800 0.02252900
4 0.23339800 0.27398300 0.02148400 0.02325600
11 0.25976600 0.27398300 0.02148400 0.02325600
25 0.31543000 0.27470900 0.02148400 0.02325600
11 0.39794900 0.27579900 0.02050800 0.02252900
8 0.42431600 0.27652600 0.02050800 0.02252900
20 0.47851600 0.27725300 0.01953100 0.02252900
19 0.53173800 0.27870600 0.02050800 0.02252900
17 0.55810500 0.27907000 0.02050800 0.02180200
0 0.58496100 0.27943300 0.01953100 0.02252900
12 0.61132800 0.27979700 0.01953100 0.02180200
22 0.63769500 0.28016000 0.01953100 0.02252900
0 0.66357400 0.28088700 0.02050800 0.02252900
11 0.68945300 0.28125000 0.01953100 0.02180200
0 0.71484400 0.28161300 0.01953100 0.02252900
22 0.20507800 0.30704900 0.02148400 0.02252900
14 0.23242200 0.30704900 0.02148400 0.02252900
10 0.26025400 0.30741300 0.02050800 0.02325600
25 0.28710900 0.30741300 0.02148400 0.02325600
0 0.31494100 0.30741300 0.02050800 0.02325600
14 0.39794900 0.30923000 0.02050800 0.02252900
18 0.42431600 0.30959300 0.02050800 0.02325600
19 0.45068400 0.30995600 0.02050800 0.02252900
0 0.47851600 0.31032000 0.02148400 0.02325600
13 0.50537100 0.31032000 0.02050800 0.02325600
14 0.53173800 0.31104700 0.02050800 0.02325600
22 0.55859400 0.31141000 0.01953100 0.02252900
8 0.58544900 0.31177300 0.02050800 0.02325600
19 0.61181600 0.31250000 0.02050800 0.02325600
22 0.14990200 0.34011600 0.02050800 0.02325600
14 0.17627000 0.34011600 0.02050800 0.02325600
9 0.20410200 0.34011600 0.02148400 0.02325600
0 0.23193400 0.34048000 0.02050800 0.02252900
19 0.25927700 0.34048000 0.02050800 0.02252900
20 0.36962900 0.34193300 0.02050800 0.02252900
3 0.39697300 0.34229700 0.02050800 0.02325600
8 0.42431600 0.34266000 0.02050800 0.02252900
22 0.45166000 0.34302300 0.02050800 0.02325600
8 0.47851600 0.34338700 0.01953100 0.02252900
11 0.50488300 0.34375000 0.01953100 0.02180200
18 0.53222700 0.34411300 0.01953100 0.02252900
19 0.14892600 0.37354700 0.02050800 0.02325600
17 0.17627000 0.37354700 0.02050800 0.02325600
0 0.20361300 0.37354700 0.02050800 0.02325600
12 0.23144500 0.37354700 0.02148400 0.02325600
22 0.25927700 0.37354700 0.02050800 0.02325600
0 0.28710900 0.37427300 0.02148400 0.02325600
14 0.37060500 0.37572700 0.02050800 0.02325600
18 0.39697300 0.37500000 0.02050800 0.02325600
19 0.42431600 0.37572700 0.02050800 0.02325600
0 0.45166000 0.37572700 0.02050800 0.02325600
13 0.47851600 0.37609000 0.01953100 0.02252900
14 0.50488300 0.37681700 0.01953100 0.02252900
22 0.53222700 0.37681700 0.01953100 0.02252900
8 0.55859400 0.37718000 0.01953100 0.02325600
11 0.58593800 0.37754400 0.01953100 0.02252900
18 0.61230500 0.37754400 0.01953100 0.02252900
22 0.09521500 0.40806700 0.02050800 0.02398300
14 0.12109400 0.40806700 0.02148400 0.02398300
19 0.14794900 0.40661300 0.02050800 0.02398300
10 0.20263700 0.40697700 0.02050800 0.02325600
0 0.23046900 0.40697700 0.02148400 0.02325600
10 0.25830100 0.40734000 0.02050800 0.02398300
14 0.28613300 0.40770300 0.02148400 0.02325600
17 0.37011700 0.40843000 0.02148400 0.02325600
0 0.39697300 0.40879400 0.02050800 0.02252900
18 0.42382800 0.40915700 0.02148400 0.02325600
18 0.45117200 0.40915700 0.02148400 0.02325600
4 0.47851600 0.40915700 0.02148400 0.02325600
13 0.53173800 0.40952000 0.02050800 0.02252900
13 0.55859400 0.41024700 0.01953100 0.02252900
18 0.09423800 0.44149700 0.02050800 0.02252900
20 0.14794900 0.44113400 0.02050800 0.02325600
11 0.17431600 0.44113400 0.02050800 0.02325600
8 0.20214800 0.44113400 0.02148400 0.02325600
2 0.22949200 0.44113400 0.02148400 0.02325600
1 0.31347700 0.44113400 0.02148400 0.02325600
0 0.34130900 0.44149700 0.02050800 0.02252900
18 0.36962900 0.44186000 0.02050800 0.02325600
18 0.39697300 0.44186000 0.02050800 0.02325600
4 0.42431600 0.44186000 0.02050800 0.02325600
13 0.47802700 0.44258700 0.02050800 0.02325600
14 0.50537100 0.44258700 0.02050800 0.02325600
14 0.14697300 0.47565400 0.02050800 0.02398300
13 0.17334000 0.47529100 0.02050800 0.02325600
14 0.22949200 0.47492700 0.02148400 0.02398300
19 0.25683600 0.47492700 0.02148400 0.02398300
15 0.28515600 0.47492700 0.02148400 0.02398300
17 0.31298800 0.47529100 0.02050800 0.02325600
0 0.34033200 0.47529100 0.02050800 0.02325600
22 0.36914100 0.47529100 0.02148400 0.02325600
8 0.39697300 0.47529100 0.02050800 0.02325600
11 0.42431600 0.47529100 0.02050800 0.02325600
18 0.45117200 0.47529100 0.02148400 0.02325600
22 0.53173800 0.47565400 0.02050800 0.02252900
1 0.58544900 0.47565400 0.02050800 0.02252900
20 0.61181600 0.47565400 0.02050800 0.02252900
5 0.63867200 0.47638100 0.01953100 0.02252900
4 0.66406200 0.47638100 0.01953100 0.02252900
19 0.68994100 0.47674400 0.02050800 0.02325600
15 0.14502000 0.50835800 0.02050800 0.02398300
14 0.17236300 0.50872100 0.02050800 0.02470900
10 0.20019500 0.50908400 0.02148400 0.02398300
20 0.22900400 0.50908400 0.02050800 0.02398300
15 0.25634800 0.50835800 0.02050800 0.02398300
0 0.28418000 0.50835800 0.02148400 0.02398300
19 0.31298800 0.50835800 0.02050800 0.02398300
18 0.39599600 0.50872100 0.02050800 0.02325600
4 0.42431600 0.50908400 0.02050800 0.02252900
1 0.45166000 0.50908400 0.02050800 0.02252900
4 0.47900400 0.50908400 0.02050800 0.02252900
1 0.53271500 0.50908400 0.02050800 0.02252900
8 0.55908200 0.50872100 0.02050800 0.02325600
11 0.58544900 0.50908400 0.02050800 0.02252900
4 0.61181600 0.50908400 0.02050800 0.02252900
19 0.63867200 0.50908400 0.01953100 0.02252900
0 0.14453100 0.54396800 0.02148400 0.02398300
15 0.20019500 0.54324100 0.02148400 0.02398300
14 0.22851600 0.54324100 0.02148400 0.02398300
19 0.25585900 0.54324100 0.02148400 0.02398300
14 0.28418000 0.54324100 0.02148400 0.02398300
12 0.31250000 0.54251500 0.02148400 0.02398300
15 0.36865200 0.54251500 0.02050800 0.02398300
14 0.39648400 0.54251500 0.02148400 0.02398300
12 0.42431600 0.54251500 0.02050800 0.02398300
16 0.45068400 0.54215100 0.02050800 0.02325600
0 0.47900400 0.54215100 0.02050800 0.02325600
11 0.50537100 0.54215100 0.02050800 0.02325600
18 0.53222700 0.54215100 0.01953100 0.02325600
22 0.61230500 0.54215100 0.01953100 0.02325600
10 0.66552700 0.54215100 0.02050800 0.02325600
0 0.69140600 0.54215100 0.01953100 0.02325600
18 0.71826200 0.54215100 0.02050800 0.02325600
18 0.74462900 0.54215100 0.02050800 0.02325600
20 0.77050800 0.54215100 0.01953100 0.02325600
15 0.14404300 0.57776200 0.02050800 0.02470900
14 0.17138700 0.57776200 0.02050800 0.02470900
10 0.19873000 0.57812500 0.02050800 0.02398300
20 0.22656200 0.57812500 0.02148400 0.02398300
15 0.25537100 0.57776200 0.02050800 0.02325600
0 0.28320300 0.57739800 0.02148400 0.02398300
19 0.31250000 0.57739800 0.02148400 0.02398300
1 0.39648400 0.57667200 0.02148400 0.02398300
20 0.42334000 0.57630800 0.02050800 0.02325600
19 0.45166000 0.57594500 0.02050800 0.02398300
11 0.50537100 0.57558100 0.02050800 0.02325600
10 0.53271500 0.57558100 0.02050800 0.02325600
20 0.55908200 0.57485500 0.02050800 0.02325600
10 0.61279300 0.57485500 0.02050800 0.02325600
22 0.63964800 0.57485500 0.01953100 0.02325600
0 0.66601600 0.57485500 0.01953100 0.02325600
18 0.69189500 0.57485500 0.02050800 0.02325600
20 0.71875000 0.57449100 0.01953100 0.02252900
22 0.09033200 0.61228200 0.02050800 0.02398300
14 0.11669900 0.61228200 0.02050800 0.02398300
19 0.14306600 0.61228200 0.02050800 0.02398300
10 0.19824200 0.61264500 0.02148400 0.02470900
0 0.22656200 0.61228200 0.02148400 0.02398300
10 0.25488300 0.61228200 0.02148400 0.02398300
14 0.28222700 0.61191900 0.02148400 0.02470900
17 0.36718800 0.61119200 0.02148400 0.02470900
0 0.39502000 0.61082800 0.02050800 0.02398300
18 0.42334000 0.61046500 0.02050800 0.02325600
18 0.45166000 0.61010200 0.02050800 0.02398300
4 0.47900400 0.60973800 0.02050800 0.02325600
13 0.53271500 0.60937500 0.02050800 0.02398300
13 0.56005900 0.60901200 0.02050800 0.02325600
18 0.09033200 0.64752900 0.02050800 0.02325600
20 0.14306600 0.64716600 0.02050800 0.02398300
11 0.16943400 0.64716600 0.02050800 0.02398300
8 0.19775400 0.64716600 0.02050800 0.02398300
2 0.22558600 0.64716600 0.02148400 0.02398300
1 0.31103500 0.64643900 0.02050800 0.02398300
0 0.33935500 0.64643900 0.02050800 0.02398300
18 0.36718800 0.64643900 0.02148400 0.02398300
18 0.39502000 0.64571200 0.02050800 0.02398300
4 0.42334000 0.64498500 0.02050800 0.02398300
13 0.47851600 0.64353200 0.02148400 0.02398300
14 0.50537100 0.64353200 0.02050800 0.02398300
15 0.14160200 0.68204900 0.02148400 0.02398300
14 0.16845700 0.68204900 0.02050800 0.02398300
1 0.19628900 0.68277600 0.02148400 0.02398300
4 0.22460900 0.68241300 0.02148400 0.02470900
9 0.25390600 0.68241300 0.02148400 0.02470900
0 0.28222700 0.68168600 0.02148400 0.02470900
11 0.31054700 0.68168600 0.02148400 0.02470900
14 0.36669900 0.68059600 0.02050800 0.02398300
13 0.39453100 0.68023300 0.02148400 0.02470900
13 0.45068400 0.67914200 0.02050800 0.02398300
0 0.47851600 0.67877900 0.02148400 0.02470900
15 0.53320300 0.67805200 0.02148400 0.02470900
4 0.56005900 0.67768900 0.02050800 0.02398300
17 0.58691400 0.67659900 0.02148400 0.02325600
17 0.61377000 0.67623500 0.02050800 0.02398300
14 0.64111300 0.67623500 0.02050800 0.02398300
13 0.66748000 0.67587200 0.02050800 0.02325600
22 0.13964800 0.71766000 0.02148400 0.02398300
11 0.16796900 0.71766000 0.02148400 0.02398300
4 0.19628900 0.71838700 0.02148400 0.02543600
25 0.22460900 0.71875000 0.02148400 0.02470900
22 0.28125000 0.71802300 0.02148400 0.02470900
14 0.33789100 0.71657000 0.02148400 0.02470900
19 0.36621100 0.71584300 0.02148400 0.02470900
2 0.39453100 0.71548000 0.02148400 0.02398300
4 0.42236300 0.71511600 0.02050800 0.02470900
15 0.45068400 0.71439000 0.02050800 0.02470900
11 0.47851600 0.71366300 0.02148400 0.02470900
4 0.50537100 0.71293600 0.02050800 0.02470900
13 0.53271500 0.71220900 0.02050800 0.02470900
13 0.56054700 0.71184600 0.02148400 0.02398300
22 0.66845700 0.70966600 0.02050800 0.02398300
0 0.69433600 0.70930200 0.02148400 0.02325600
6 0.72070300 0.70893900 0.02148400 0.02398300
14 0.74707000 0.70821200 0.02148400 0.02398300
13 0.77343800 0.70748500 0.02148400 0.02398300
22 0.14013700 0.75218000 0.02050800 0.02470900
13 0.16748000 0.75290700 0.02050800 0.02470900
4 0.19531200 0.75363400 0.02148400 0.02470900
18 0.22363300 0.75363400 0.02148400 0.02470900
20 0.28125000 0.75290700 0.02148400 0.02470900
25 0.30957000 0.75290700 0.02148400 0.02470900
11 0.33789100 0.75218000 0.02148400 0.02470900
8 0.42187500 0.75072700 0.02148400 0.02470900
16 0.47900400 0.74854700 0.02050800 0.02470900
4 0.50634800 0.74782000 0.02050800 0.02470900
12 0.53369100 0.74745600 0.02050800 0.02398300
14 0.56103500 0.74673000 0.02050800 0.02398300
3 0.58789100 0.74600300 0.02148400 0.02398300
0 0.61523400 0.74527600 0.02148400 0.02398300
13 0.64160200 0.74527600 0.02148400 0.02398300
17 0.13964800 0.78779100 0.02148400 0.02470900
0 0.16601600 0.78888100 0.02148400 0.02543600
18 0.19433600 0.78888100 0.02148400 0.02543600
18 0.22265600 0.78888100 0.02148400 0.02543600
14 0.25195300 0.78888100 0.02148400 0.02543600
22 0.27978500 0.78851700 0.02246100 0.02470900
0 0.30908200 0.78815400 0.02246100 0.02398300
11 0.33789100 0.78742700 0.02148400 0.02398300
8 0.39453100 0.78633700 0.02148400 0.02470900
7 0.42285200 0.78706400 0.02148400 0.02470900
15 0.47900400 0.78379400 0.02050800 0.02398300
14 0.50585900 0.78306700 0.02148400 0.02398300
3 0.53418000 0.78234000 0.02148400 0.02398300
3 0.58935500 0.78088700 0.02050800 0.02398300
8 0.61572300 0.78016000 0.02050800 0.02398300
22 0.64257800 0.77907000 0.02148400 0.02470900
0 0.66943400 0.77798000 0.02050800 0.02398300
13 0.69580100 0.77761600 0.02050800 0.02325600
18 0.13818400 0.82340100 0.02246100 0.02470900
4 0.16552700 0.82376500 0.02246100 0.02543600
11 0.19384800 0.82376500 0.02246100 0.02543600
22 0.25097700 0.82594500 0.02148400 0.02543600
20 0.30810500 0.82449100 0.02246100 0.02543600
6 0.33789100 0.82340100 0.02148400 0.02470900
11 0.36572300 0.82231100 0.02246100 0.02543600
20 0.39404300 0.82158400 0.02246100 0.02543600
15 0.45068400 0.82013100 0.02246100 0.02543600
4 0.47851600 0.81904100 0.02148400 0.02470900
17 0.50683600 0.81795100 0.02148400 0.02398300
4 0.53369100 0.81649700 0.02050800 0.02398300
3 0.56103500 0.81577000 0.02050800 0.02398300
14 0.61621100 0.81431700 0.02148400 0.02398300
10 0.64306600 0.81359000 0.02050800 0.02398300
13 0.66992200 0.81286300 0.02148400 0.02398300
14 0.69677700 0.81213700 0.02050800 0.02398300
12 0.72265600 0.81104700 0.02148400 0.02470900
8 0.13720700 0.86010200 0.02246100 0.02543600
25 0.19384800 0.86082800 0.02246100 0.02543600
0 0.22216800 0.86082800 0.02246100 0.02543600
18 0.25048800 0.86046500 0.02246100 0.02470900
13 0.27880900 0.86010200 0.02246100 0.02543600
20 0.30810500 0.85973800 0.02246100 0.02470900
11 0.33740200 0.85937500 0.02246100 0.02543600
18 0.39404300 0.85683100 0.02246100 0.02470900
15 0.42236300 0.85610500 0.02246100 0.02470900
14 0.45166000 0.85465100 0.02246100 0.02470900
10 0.47851600 0.85392400 0.02148400 0.02470900
14 0.50634800 0.85319800 0.02246100 0.02470900
13 0.56250000 0.85138100 0.02148400 0.02398300
12 0.61621100 0.84920100 0.02148400 0.02398300
18 0.66992200 0.84702000 0.02148400 0.02398300
13 0.69726600 0.84593000 0.02148400 0.02325600
14 0.72363300 0.84520300 0.02148400 0.02325600
12 0.75000000 0.84411300 0.02148400 0.02398300
