4 0.16406250 0.10078125 0.03281250 0.12500000
22 0.20781250 0.10390625 0.03281250 0.12187500
19 0.33593750 0.11484375 0.03750000 0.11484375
14 0.53906250 0.12187500 0.02968750 0.11093750
6 0.90468750 0.13203125 0.02968750 0.11093750
13 0.03437500 0.25000000 0.03281250 0.11484375
4 0.07500000 0.25000000 0.03125000 0.12500000
22 0.29062500 0.26406250 0.03906250 0.12500000
7 0.45781250 0.26718750 0.02500000 0.10781250
3 0.66250000 0.27421875 0.03125000 0.09375000
17 0.03125000 0.40937500 0.03750000 0.12500000
4 0.07031250 0.40625000 0.03125000 0.12812500
19 0.11406250 0.40937500 0.03593750 0.12500000
8 0.15781250 0.40937500 0.03125000 0.12500000
13 0.20000000 0.57968750 0.04062500 0.12500000
14 0.24375000 0.57968750 0.03437500 0.12812500
11 0.28750000 0.58671875 0.03906250 0.12500000
3 0.32812500 0.57968750 0.03906250 0.12187500
8 0.53906250 0.58359375 0.03281250 0.12500000
11 0.62187500 0.57968750 0.03437500 0.12187500
12 0.74531250 0.58359375 0.03750000 0.13203125
0 0.78750000 0.58671875 0.03281250 0.11796875
10 0.83125000 0.59062500 0.03750000 0.11093750
4 0.45468750 0.73593750 0.03125000 0.12187500
0 0.58125000 0.73593750 0.03125000 0.11484375
11 0.66562500 0.73593750 0.03125000 0.12500000
0 0.06250000 0.89609375 0.03437500 0.12187500
0 0.19687500 0.89609375 0.03437500 0.13203125
18 0.32656250 0.90312500 0.03281250 0.12500000
