6 0.15000000 0.12500000 0.09062500 0.17968750
7 0.26718750 0.11250000 0.09531250 0.18906250
18 0.37812500 0.10468750 0.10000000 0.20156250
25 0.47968750 0.09375000 0.10000000 0.18750000
17 0.73750000 0.07968750 0.06875000 0.14375000
13 0.30312500 0.58593750 0.12187500 0.22343750
4 0.42500000 0.56562500 0.10937500 0.21093750
22 0.53593750 0.53437500 0.09062500 0.18906250
18 0.62968750 0.49687500 0.09062500 0.17656250
17 0.32031250 0.85156250 0.10937500 0.22500000
6 0.55937500 0.77343750 0.10468750 0.20781250
14 0.66093750 0.74687500 0.09843750 0.20156250
