21 0.17187500 0.36484375 0.03906250 0.13203125
14 0.21406250 0.36484375 0.03750000 0.13203125
11 0.26093750 0.36484375 0.04218750 0.13203125
20 0.30781250 0.36093750 0.04062500 0.13906250
12 0.35312500 0.36093750 0.03750000 0.14218750
4 0.39843750 0.36484375 0.04062500 0.14218750
8 0.58125000 0.35390625 0.04218750 0.13203125
8 0.62656250 0.35390625 0.03906250 0.13203125
15 0.17187500 0.53125000 0.04218750 0.13203125
0 0.21562500 0.53125000 0.03593750 0.13203125
6 0.26093750 0.53125000 0.04531250 0.13515625
4 0.30625000 0.53125000 0.03906250 0.13515625
18 0.35156250 0.53125000 0.04375000 0.13203125
8 0.49218750 0.52812500 0.03750000 0.12500000
0 0.97656250 0.52812500 0.03593750 0.12500000
8 0.93593750 0.52812500 0.03281250 0.12187500
1 0.89375000 0.52812500 0.03750000 0.12500000
6 0.80937500 0.52421875 0.03906250 0.12187500
3 0.76250000 0.52109375 0.03906250 0.12187500
0 0.71718750 0.52421875 0.03437500 0.12187500
2 0.30781250 0.70468750 0.03593750 0.13515625
8 0.26093750 0.70468750 0.03906250 0.12500000
8 0.21406250 0.70468750 0.03906250 0.11796875
0 0.16875000 0.70468750 0.03437500 0.11484375
