5 0.04843750 0.38906250 0.09375000 0.17968750
18 0.06250000 0.63750000 0.09531250 0.17968750
18 0.25937500 0.35312500 0.09062500 0.16718750
4 0.18593750 0.86562500 0.10312500 0.17500000
11 0.29687500 0.84687500 0.10000000 0.18906250
11 0.27187500 0.58593750 0.09062500 0.15781250
7 0.36250000 0.34062500 0.09062500 0.17500000
14 0.38593750 0.56250000 0.09531250 0.16718750
14 0.51250000 0.76250000 0.09843750 0.17500000
12 0.40468750 0.80000000 0.08750000 0.17656250
0 0.46093750 0.31718750 0.08593750 0.17187500
18 0.56093750 0.30625000 0.09062500 0.17968750
17 0.49218750 0.53750000 0.08593750 0.16250000
18 0.58750000 0.51250000 0.09375000 0.17968750
