4 0.05000000 0.57656250 0.10000000 0.23281250
11 0.33437500 0.54531250 0.11250000 0.20781250
13 0.48281250 0.85156250 0.12968750 0.25468750
0 0.32500000 0.86718750 0.12656250 0.22500000
14 0.47656250 0.53906250 0.11250000 0.21562500
18 0.47500000 0.25937500 0.10312500 0.20781250
7 0.59375000 0.26093750 0.09843750 0.19843750
14 0.60000000 0.52656250 0.11250000 0.21562500
3 0.62187500 0.82656250 0.12500000 0.24687500
10 0.72812500 0.51250000 0.11406250 0.21875000
4 0.70937500 0.25468750 0.10000000 0.19843750
