11 0.15937500 0.61250000 0.09062500 0.14375000
19 0.26093750 0.58125000 0.10312500 0.15000000
4 0.35781250 0.55781250 0.09062500 0.15312500
25 0.45937500 0.52187500 0.08125000 0.13906250
1 0.06875000 0.63906250 0.07812500 0.14843750
3 0.19375000 0.81093750 0.08750000 0.15781250
14 0.29687500 0.78750000 0.08750000 0.15312500
21 0.39375000 0.74375000 0.08281250 0.17187500
13 0.48125000 0.72500000 0.08281250 0.16718750
18 0.60000000 0.87187500 0.08593750 0.16250000
7 0.68125000 0.84687500 0.07812500 0.15625000
16 0.41875000 0.92343750 0.08125000 0.15312500
12 0.19687500 0.18281250 0.07343750 0.14843750
0 0.29218750 0.15937500 0.07656250 0.15312500
3 0.38750000 0.13281250 0.08281250 0.16093750
18 0.65156250 0.65781250 0.08593750 0.14375000
15 0.72656250 0.05937500 0.07343750 0.11718750
19 0.64843750 0.06562500 0.09062500 0.12187500
4 0.47500000 0.11718750 0.08125000 0.15625000
16 0.76250000 0.80937500 0.07187500 0.13437500
