7 0.08593750 0.37656250 0.11406250 0.20781250
14 0.21250000 0.35312500 0.11718750 0.22500000
19 0.34062500 0.32968750 0.10312500 0.21250000
17 0.46562500 0.30937500 0.09843750 0.21875000
4 0.58437500 0.30625000 0.10468750 0.21875000
1 0.09375000 0.65312500 0.10468750 0.20312500
0 0.22031250 0.63437500 0.10468750 0.20312500
2 0.35156250 0.60312500 0.10468750 0.20156250
10 0.49062500 0.58750000 0.12187500 0.19687500
21 0.24531250 0.90468750 0.10937500 0.18906250
4 0.37187500 0.89687500 0.11406250 0.20625000
17 0.63281250 0.84687500 0.12187500 0.22500000
18 0.75781250 0.83750000 0.09531250 0.22968750
18 0.72187500 0.55937500 0.10312500 0.20781250
