0 0.05000000 0.08828125 0.03593750 0.06875000
1 0.11093750 0.08828125 0.03593750 0.07109375
2 0.17031250 0.08828125 0.03437500 0.07109375
3 0.22812500 0.08593750 0.03437500 0.06875000
4 0.28906250 0.08828125 0.03125000 0.06640625
5 0.34687500 0.08828125 0.03437500 0.06640625
6 0.40781250 0.08828125 0.03437500 0.07109375
7 0.05156250 0.18828125 0.03125000 0.06171875
8 0.10937500 0.19062500 0.03125000 0.06171875
9 0.16875000 0.18828125 0.03281250 0.06640625
10 0.22812500 0.19062500 0.03281250 0.06640625
11 0.28906250 0.19062500 0.03437500 0.06171875
12 0.34687500 0.19062500 0.03281250 0.06171875
13 0.40625000 0.19062500 0.03437500 0.06875000
14 0.05000000 0.28984375 0.03125000 0.05937500
15 0.11093750 0.29218750 0.02812500 0.06640625
16 0.16875000 0.28984375 0.03125000 0.06640625
17 0.22812500 0.28984375 0.03125000 0.06406250
18 0.28906250 0.28984375 0.03125000 0.06406250
19 0.34843750 0.28984375 0.02812500 0.06406250
20 0.40781250 0.29218750 0.03281250 0.06406250
21 0.05000000 0.39140625 0.03125000 0.06406250
22 0.10937500 0.38906250 0.03125000 0.06406250
23 0.16875000 0.38906250 0.02968750 0.06640625
24 0.22968750 0.39140625 0.02968750 0.07109375
25 0.28906250 0.38906250 0.03125000 0.06875000
