19 0.10312500 0.20625000 0.10000000 0.17187500
4 0.18750000 0.17812500 0.09375000 0.19843750
25 0.28593750 0.15781250 0.08750000 0.20312500
5 0.57031250 0.08750000 0.08125000 0.16093750
11 0.66406250 0.09843750 0.07187500 0.16093750
19 0.75937500 0.08593750 0.07343750 0.15000000
17 0.83437500 0.08750000 0.05937500 0.15312500
14 0.10937500 0.42343750 0.07812500 0.17500000
21 0.21093750 0.39375000 0.09375000 0.17968750
13 0.30937500 0.38750000 0.08125000 0.19375000
18 0.50937500 0.35625000 0.07812500 0.17968750
7 0.60000000 0.34218750 0.08750000 0.18750000
4 0.69375000 0.31406250 0.08593750 0.18750000
18 0.04531250 0.66406250 0.08125000 0.19687500
4 0.12968750 0.63906250 0.08593750 0.18437500
16 0.22343750 0.62812500 0.09375000 0.18125000
18 0.43281250 0.57500000 0.07343750 0.17187500
7 0.52656250 0.56250000 0.08125000 0.18750000
18 0.07500000 0.87187500 0.08281250 0.17968750
14 0.15937500 0.86250000 0.08593750 0.18437500
11 0.25312500 0.85312500 0.09375000 0.17968750
3 0.34843750 0.82812500 0.09062500 0.18437500
16 0.61250000 0.54218750 0.09062500 0.16718750
4 0.64218750 0.75312500 0.08593750 0.17656250
11 0.73593750 0.73437500 0.09375000 0.17031250
