19 0.08593750 0.63750000 0.10000000 0.15000000
4 0.17500000 0.62031250 0.09062500 0.16250000
25 0.28281250 0.58437500 0.08125000 0.13906250
14 0.14218750 0.83125000 0.08593750 0.15312500
21 0.23906250 0.80468750 0.09375000 0.16562500
13 0.32812500 0.77031250 0.08281250 0.16718750
18 0.45781250 0.91093750 0.08593750 0.16250000
7 0.54062500 0.88281250 0.08125000 0.15625000
12 0.03750000 0.23125000 0.07343750 0.14843750
0 0.12187500 0.20156250 0.07656250 0.15625000
3 0.21093750 0.17031250 0.08281250 0.16093750
18 0.50781250 0.69375000 0.08593750 0.14375000
19 0.49062500 0.10156250 0.08593750 0.13593750
4 0.31093750 0.14531250 0.08125000 0.15625000
16 0.62656250 0.85156250 0.08125000 0.13593750
7 0.59375000 0.66406250 0.07812500 0.14843750
5 0.56250000 0.47187500 0.07343750 0.15000000
11 0.64531250 0.45156250 0.08281250 0.15312500
4 0.70000000 0.81250000 0.07812500 0.13437500
4 0.67343750 0.63906250 0.08281250 0.15000000
4 0.77656250 0.78281250 0.07656250 0.14062500
15 0.58281250 0.08593750 0.08281250 0.15312500
