6 0.95410200 0.05729200 0.02539100 0.02474000
10 0.17089800 0.13313800 0.02343800 0.02408900
19 0.22753900 0.12988300 0.02343800 0.02408900
0 0.25585900 0.12858100 0.02343800 0.02408900
22 0.28418000 0.12695300 0.02343800 0.02474000
17 0.31347700 0.12565100 0.02343800 0.02474000
8 0.34375000 0.12434900 0.02343800 0.02474000
16 0.37255900 0.12304700 0.02441400 0.02474000
4 0.40283200 0.12174500 0.02441400 0.02474000
18 0.43164100 0.12044300 0.02343800 0.02474000
10 0.46093800 0.11914100 0.02343800 0.02474000
14 0.49072300 0.11783900 0.02441400 0.02474000
12 0.52148400 0.11653600 0.02539100 0.02474000
20 0.55224600 0.11523400 0.02441400 0.02474000
18 0.61279300 0.11263000 0.02441400 0.02474000
0 0.64209000 0.11132800 0.02441400 0.02474000
3 0.67334000 0.11002600 0.02441400 0.02604200
20 0.70459000 0.10872400 0.02441400 0.02604200
15 0.11425800 0.17447900 0.02343800 0.02474000
4 0.14160200 0.17317700 0.02343800 0.02474000
17 0.17089800 0.17187500 0.02343800 0.02474000
4 0.19873000 0.17089800 0.02246100 0.02408900
15 0.22656200 0.16959600 0.02343800 0.02408900
17 0.25537100 0.16829400 0.02246100 0.02408900
6 0.31396500 0.16569000 0.02441400 0.02539100
13 0.34277300 0.16438800 0.02343800 0.02539100
20 0.37304700 0.16341100 0.02343800 0.02474000
11 0.40283200 0.16243500 0.02441400 0.02539100
16 0.46240200 0.15983100 0.02441400 0.02539100
17 0.49218800 0.15852900 0.02343800 0.02539100
4 0.52294900 0.15722700 0.02441400 0.02539100
25 0.55322300 0.15592400 0.02441400 0.02539100
14 0.61425800 0.15364600 0.02343800 0.02604200
6 0.64453100 0.15234400 0.02343800 0.02604200
17 0.67480500 0.15169300 0.02343800 0.02604200
0 0.70605500 0.15039100 0.02343800 0.02604200
3 0.73779300 0.14908900 0.02441400 0.02604200
20 0.76904300 0.14713500 0.02441400 0.02604200
0 0.11279300 0.21451800 0.02441400 0.02539100
14 0.16894500 0.21256500 0.02343800 0.02539100
13 0.19726600 0.21126300 0.02343800 0.02539100
0 0.22656200 0.21061200 0.02343800 0.02539100
25 0.28418000 0.20800800 0.02343800 0.02539100
0 0.31347700 0.20670600 0.02343800 0.02539100
12 0.37353500 0.20442700 0.02441400 0.02604200
13 0.40332000 0.20377600 0.02539100 0.02604200
14 0.43310500 0.20247400 0.02441400 0.02604200
12 0.52392600 0.19921900 0.02441400 0.02604200
16 0.55419900 0.19791700 0.02441400 0.02604200
8 0.58496100 0.19661500 0.02539100 0.02604200
19 0.61523400 0.19563800 0.02539100 0.02539100
18 0.64599600 0.19433600 0.02441400 0.02539100
8 0.11230500 0.25520800 0.02343800 0.02604200
10 0.16894500 0.25325500 0.02343800 0.02604200
20 0.19726600 0.25195300 0.02343800 0.02604200
18 0.22607400 0.25097700 0.02441400 0.02539100
0 0.25488300 0.24967400 0.02343800 0.02539100
4 0.28418000 0.24902300 0.02343800 0.02539100
19 0.31396500 0.24772100 0.02441400 0.02539100
10 0.37353500 0.24576800 0.02441400 0.02539100
0 0.40380900 0.24446600 0.02441400 0.02539100
10 0.43359400 0.24381500 0.02343800 0.02539100
22 0.49414100 0.24186200 0.02343800 0.02539100
14 0.52441400 0.24056000 0.02343800 0.02539100
11 0.55517600 0.23925800 0.02441400 0.02539100
16 0.58544900 0.23860700 0.02441400 0.02539100
8 0.61669900 0.23730500 0.02441400 0.02539100
2 0.64697300 0.23632800 0.02441400 0.02474000
0 0.67822300 0.23600300 0.02441400 0.02539100
22 0.11132800 0.29589800 0.02343800 0.02539100
3 0.13964800 0.29459600 0.02343800 0.02539100
17 0.16894500 0.29394500 0.02343800 0.02539100
20 0.19775400 0.29329400 0.02246100 0.02539100
6 0.22558600 0.29199200 0.02343800 0.02539100
13 0.28320300 0.29036500 0.02343800 0.02604200
0 0.31298800 0.28938800 0.02441400 0.02539100
22 0.34375000 0.28873700 0.02343800 0.02539100
18 0.37353500 0.28776000 0.02441400 0.02604200
19 0.40380900 0.28678400 0.02441400 0.02539100
17 0.43408200 0.28580700 0.02441400 0.02604200
4 0.46435500 0.28483100 0.02441400 0.02539100
16 0.49462900 0.28385400 0.02441400 0.02604200
20 0.52587900 0.28320300 0.02441400 0.02604200
12 0.58740200 0.28125000 0.02441400 0.02604200
14 0.61767600 0.28059900 0.02441400 0.02604200
7 0.71142600 0.27766900 0.02441400 0.02669300
14 0.74414100 0.27669300 0.02539100 0.02604200
17 0.77539100 0.27571600 0.02539100 0.02539100
14 0.80761700 0.27506500 0.02539100 0.02539100
8 0.87207000 0.27343800 0.02539100 0.02604200
12 0.11132800 0.33658900 0.02343800 0.02604200
14 0.13964800 0.33593800 0.02343800 0.02604200
11 0.22558600 0.33398400 0.02343800 0.02604200
1 0.28418000 0.33268200 0.02343800 0.02604200
8 0.31396500 0.33170600 0.02441400 0.02669300
12 0.34375000 0.33072900 0.02343800 0.02604200
10 0.46533200 0.32747400 0.02441400 0.02604200
17 0.49560500 0.32714800 0.02441400 0.02669300
14 0.52685500 0.32617200 0.02441400 0.02734400
10 0.55712900 0.32519500 0.02441400 0.02669300
14 0.58837900 0.32454400 0.02441400 0.02669300
3 0.61914100 0.32389300 0.02539100 0.02669300
8 0.65087900 0.32324200 0.02441400 0.02669300
11 0.68115200 0.32226600 0.02441400 0.02604200
14 0.11035200 0.37923200 0.02343800 0.02669300
13 0.13916000 0.37858100 0.02441400 0.02669300
18 0.19677700 0.37727900 0.02441400 0.02669300
19 0.25439500 0.37565100 0.02441400 0.02604200
14 0.28418000 0.37500000 0.02343800 0.02604200
19 0.31347700 0.37434900 0.02343800 0.02604200
14 0.34423800 0.37369800 0.02441400 0.02604200
4 0.40527300 0.37207000 0.02343800 0.02669300
8 0.49658200 0.37011700 0.02441400 0.02669300
10 0.55810500 0.36881500 0.02441400 0.02669300
14 0.58935500 0.36816400 0.02441400 0.02669300
10 0.62060500 0.36718800 0.02441400 0.02734400
14 0.65185500 0.36653600 0.02441400 0.02734400
4 0.71533200 0.36588500 0.02441400 0.02734400
15 0.11035200 0.42154900 0.02343800 0.02669300
14 0.14062500 0.42057300 0.02343800 0.02604200
0 0.19628900 0.41992200 0.02343800 0.02604200
11 0.22460900 0.41959600 0.02343800 0.02669300
11 0.25390600 0.41927100 0.02343800 0.02604200
4 0.28320300 0.41862000 0.02343800 0.02604200
4 0.31445300 0.41796900 0.02343800 0.02604200
15 0.37451200 0.41666700 0.02441400 0.02604200
17 0.40478500 0.41601600 0.02441400 0.02604200
14 0.43457000 0.41503900 0.02343800 0.02669300
7 0.46630900 0.41503900 0.02441400 0.02669300
14 0.49658200 0.41438800 0.02441400 0.02669300
3 0.52783200 0.41373700 0.02441400 0.02669300
8 0.55908200 0.41308600 0.02441400 0.02669300
11 0.59033200 0.41243500 0.02441400 0.02669300
8 0.11035200 0.46289100 0.02343800 0.02604200
12 0.16796900 0.46224000 0.02343800 0.02604200
14 0.19628900 0.46224000 0.02343800 0.02604200
16 0.22460900 0.46158900 0.02343800 0.02604200
0 0.25390600 0.46158900 0.02343800 0.02604200
11 0.28320300 0.46126300 0.02343800 0.02669300
10 0.31445300 0.46126300 0.02343800 0.02669300
20 0.34423800 0.45996100 0.02441400 0.02669300
18 0.40527300 0.45931000 0.02343800 0.02669300
11 0.43505900 0.45865900 0.02441400 0.02669300
14 0.46630900 0.45800800 0.02441400 0.02669300
22 0.49755900 0.45735700 0.02441400 0.02669300
13 0.52783200 0.45703100 0.02441400 0.02734400
14 0.55908200 0.45670600 0.02441400 0.02669300
6 0.62255900 0.45605500 0.02441400 0.02669300
0 0.65332000 0.45605500 0.02539100 0.02669300
11 0.68554700 0.45572900 0.02539100 0.02734400
10 0.71630900 0.45540400 0.02441400 0.02669300
20 0.74853500 0.45507800 0.02441400 0.02734400
18 0.10937500 0.50520800 0.02343800 0.02604200
11 0.13867200 0.50520800 0.02343800 0.02604200
14 0.16796900 0.50488300 0.02343800 0.02539100
22 0.19677700 0.50455700 0.02246100 0.02604200
13 0.22509800 0.50455700 0.02246100 0.02604200
14 0.25683600 0.50423200 0.02343800 0.02669300
6 0.31445300 0.50293000 0.02343800 0.02669300
0 0.34472700 0.50293000 0.02343800 0.02669300
11 0.37500000 0.50293000 0.02343800 0.02669300
10 0.40527300 0.50293000 0.02343800 0.02669300
20 0.43554700 0.50293000 0.02343800 0.02669300
15 0.49804700 0.50293000 0.02343800 0.02669300
17 0.52929700 0.50162800 0.02343800 0.02669300
14 0.56054700 0.50130200 0.02343800 0.02604200
6 0.59179700 0.50097700 0.02343800 0.02669300
11 0.62255900 0.50065100 0.02441400 0.02604200
14 0.65429700 0.50065100 0.02343800 0.02604200
19 0.68603500 0.50065100 0.02441400 0.02604200
8 0.71826200 0.50000000 0.02441400 0.02604200
11 0.75000000 0.50000000 0.02343800 0.02604200
0 0.10937500 0.58984400 0.02343800 0.02604200
15 0.16699200 0.59016900 0.02343800 0.02669300
14 0.19677700 0.59016900 0.02441400 0.02669300
19 0.22509800 0.59049500 0.02441400 0.02604200
14 0.25488300 0.59049500 0.02343800 0.02604200
12 0.28515600 0.59082000 0.02343800 0.02669300
10 0.34668000 0.59114600 0.02343800 0.02604200
0 0.37646500 0.59082000 0.02441400 0.02669300
10 0.40673800 0.59082000 0.02441400 0.02669300
25 0.46728500 0.59082000 0.02441400 0.02669300
0 0.49853500 0.59082000 0.02441400 0.02669300
17 0.52978500 0.59082000 0.02441400 0.02669300
16 0.59277300 0.59049500 0.02343800 0.02734400
8 0.62451200 0.59049500 0.02441400 0.02734400
19 0.65527300 0.59049500 0.02343800 0.02734400
13 0.43652300 0.63574200 0.02539100 0.02799500
0 0.46826200 0.63509100 0.02441400 0.02669300
12 0.53076200 0.63541700 0.02441400 0.02734400
4 0.56201200 0.63541700 0.02441400 0.02734400
13 0.59326200 0.63574200 0.02441400 0.02669300
10 0.11035200 0.67545600 0.02343800 0.02539100
0 0.14013700 0.67610700 0.02441400 0.02539100
10 0.16845700 0.67675800 0.02441400 0.02539100
13 0.22656200 0.67708300 0.02343800 0.02604200
14 0.25537100 0.67675800 0.02246100 0.02539100
6 0.28515600 0.67708300 0.02343800 0.02604200
0 0.31494100 0.67773400 0.02246100 0.02604200
12 0.34619100 0.67773400 0.02246100 0.02604200
8 0.37695300 0.67838500 0.02343800 0.02604200
25 0.43701200 0.67903600 0.02246100 0.02604200
0 0.46777300 0.67871100 0.02343800 0.02539100
18 0.49902300 0.67903600 0.02343800 0.02604200
19 0.53027300 0.67903600 0.02343800 0.02604200
20 0.56152300 0.67936200 0.02343800 0.02669300
16 0.59326200 0.68001300 0.02441400 0.02669300
8 0.62500000 0.68033900 0.02539100 0.02734400
19 0.65576200 0.68066400 0.02441400 0.02669300
13 0.43701200 0.72233100 0.02441400 0.02799500
0 0.46826200 0.72298200 0.02441400 0.02799500
12 0.53125000 0.72395800 0.02343800 0.02734400
4 0.56250000 0.72460900 0.02343800 0.02734400
13 0.59375000 0.72493500 0.02343800 0.02799500
20 0.14013700 0.76139300 0.02246100 0.02539100
7 0.16943400 0.76204400 0.02246100 0.02539100
14 0.19824200 0.76269500 0.02343800 0.02539100
3 0.22705100 0.76367200 0.02246100 0.02474000
8 0.25683600 0.76367200 0.02343800 0.02604200
10 0.31640600 0.76497400 0.02343800 0.02604200
0 0.34716800 0.76562500 0.02441400 0.02604200
19 0.40771500 0.76595100 0.02441400 0.02669300
3 0.50000000 0.76725300 0.02343800 0.02669300
14 0.53125000 0.76790400 0.02343800 0.02669300
12 0.56250000 0.76855500 0.02343800 0.02669300
14 0.59375000 0.76920600 0.02343800 0.02669300
6 0.43798800 0.81054700 0.02441400 0.02734400
14 0.46972700 0.81087200 0.02343800 0.02669300
22 0.50048800 0.81152300 0.02441400 0.02669300
14 0.53125000 0.81217400 0.02343800 0.02669300
17 0.56250000 0.81282600 0.02343800 0.02669300
8 0.59423800 0.81347700 0.02441400 0.02669300
19 0.62500000 0.81477900 0.02343800 0.02669300
3 0.11230500 0.84635400 0.02343800 0.02474000
0 0.14160200 0.84700500 0.02343800 0.02474000
11 0.19921900 0.84863300 0.02343800 0.02539100
8 0.22851600 0.84928400 0.02343800 0.02539100
2 0.25781200 0.84993500 0.02343800 0.02539100
14 0.28808600 0.85058600 0.02343800 0.02539100
18 0.34765600 0.85188800 0.02343800 0.02539100
22 0.37890600 0.85286500 0.02343800 0.02474000
14 0.40869100 0.85351600 0.02441400 0.02604200
20 0.50000000 0.85612000 0.02343800 0.02604200
12 0.53173800 0.85677100 0.02441400 0.02604200
14 0.56250000 0.85677100 0.02343800 0.02604200
6 0.43945300 0.89713500 0.02343800 0.02604200
14 0.46972700 0.89746100 0.02343800 0.02539100
22 0.50000000 0.89843800 0.02343800 0.02604200
14 0.53173800 0.89941400 0.02441400 0.02539100
17 0.56201200 0.90039100 0.02441400 0.02604200
8 0.59423800 0.90169300 0.02441400 0.02604200
19 0.62548800 0.90234400 0.02441400 0.02604200
