17 0.09687500 0.39375000 0.09843750 0.17187500
0 0.04843750 0.86093750 0.07187500 0.14843750
8 0.14218750 0.87812500 0.09375000 0.17968750
3 0.24062500 0.85625000 0.09375000 0.18906250
6 0.21875000 0.60625000 0.09531250 0.18125000
14 0.31562500 0.35625000 0.08750000 0.16718750
5 0.42187500 0.34375000 0.08593750 0.17656250
4 0.33750000 0.59062500 0.10000000 0.18125000
18 0.44375000 0.56562500 0.08281250 0.17187500
18 0.61093750 0.31562500 0.08593750 0.15000000
4 0.55937500 0.76562500 0.08750000 0.16250000
11 0.66718750 0.74375000 0.10000000 0.17187500
11 0.63906250 0.52343750 0.10312500 0.13906250
7 0.69843750 0.31250000 0.08125000 0.17031250
