8 0.09687500 0.17013889 0.03281250 0.12500000
4 0.29218750 0.18055556 0.02968750 0.12152778
15 0.36875000 0.18055556 0.03281250 0.11805556
11 0.44843750 0.18402778 0.03437500 0.10416667
8 0.48281250 0.18402778 0.02812500 0.10069444
23 0.84687500 0.20486111 0.02812500 0.09722222
18 0.95312500 0.21527778 0.02500000 0.09722222
21 0.21250000 0.30902778 0.03125000 0.11458333
8 0.13437500 0.30902778 0.03125000 0.10763889
0 0.32968750 0.32638889 0.02968750 0.11805556
18 0.36875000 0.32291667 0.03125000 0.10763889
14 0.84687500 0.34375000 0.02968750 0.10069444
0 0.09218750 0.45138889 0.02968750 0.11458333
17 0.17187500 0.45486111 0.03125000 0.11111111
8 0.21250000 0.46180556 0.02812500 0.11111111
11 0.33125000 0.46180556 0.03281250 0.10416667
17 0.44375000 0.46527778 0.02968750 0.10416667
11 0.52031250 0.46875000 0.03125000 0.09722222
8 0.98750000 0.48611111 0.02343750 0.09027778
7 0.09062500 0.59722222 0.02968750 0.11458333
3 0.17031250 0.60069444 0.03125000 0.11805556
18 0.36562500 0.60069444 0.03125000 0.10069444
4 0.40468750 0.60069444 0.02968750 0.10069444
0 0.44218750 0.60069444 0.02812500 0.09722222
6 0.51562500 0.60763889 0.02812500 0.10416667
17 0.55312500 0.60763889 0.02968750 0.09722222
4 0.58906250 0.60763889 0.02812500 0.10416667
1 0.70000000 0.61805556 0.03125000 0.11458333
13 0.77343750 0.61111111 0.02968750 0.10069444
0 0.80937500 0.61458333 0.02812500 0.09722222
11 0.88281250 0.61458333 0.03125000 0.10069444
2 0.84531250 0.61805556 0.02812500 0.10069444
4 0.91562500 0.61805556 0.02656250 0.10416667
15 0.09062500 0.74305556 0.03281250 0.10763889
0 0.25000000 0.74652778 0.03281250 0.10763889
18 0.32656250 0.74305556 0.03281250 0.10416667
2 0.55312500 0.74652778 0.02812500 0.10069444
11 0.77343750 0.75000000 0.03281250 0.10416667
13 0.24687500 0.89236111 0.02968750 0.10416667
0 0.28593750 0.89236111 0.03125000 0.10763889
24 0.40156250 0.88888889 0.02968750 0.10763889
0 0.62656250 0.88888889 0.03281250 0.10763889
12 0.58750000 0.88541667 0.02812500 0.09375000
14 0.95000000 0.89583333 0.02812500 0.09722222
