22 0.13378900 0.17332800 0.01757800 0.01962200
3 0.19921900 0.16933100 0.01757800 0.02034900
9 0.22070300 0.16824100 0.01757800 0.01962200
4 0.26562500 0.16533400 0.01757800 0.01962200
6 0.31103500 0.16279100 0.01855500 0.02034900
14 0.33252000 0.16133700 0.01855500 0.02034900
3 0.35498000 0.16061000 0.01855500 0.02034900
15 0.42431600 0.15588700 0.01855500 0.02107600
8 0.44726600 0.15407000 0.01953100 0.02034900
18 0.47070300 0.15261600 0.01953100 0.02034900
0 0.49414100 0.15116300 0.01953100 0.02034900
19 0.51757800 0.14970900 0.01953100 0.02034900
4 0.54150400 0.14752900 0.01855500 0.02034900
11 0.56543000 0.14680200 0.01953100 0.02034900
18 0.63964800 0.14207800 0.01953100 0.02107600
16 0.66455100 0.14062500 0.02050800 0.02107600
4 0.68896500 0.13917200 0.02050800 0.02107600
11 0.71337900 0.13735500 0.02050800 0.02180200
17 0.76513700 0.13408400 0.02050800 0.02107600
0 0.79150400 0.13190400 0.02050800 0.02107600
1 0.13378900 0.20021800 0.01757800 0.01962200
14 0.15527300 0.20021800 0.01757800 0.01962200
19 0.17675800 0.19876500 0.01757800 0.01962200
20 0.19921900 0.19731100 0.01757800 0.01962200
13 0.24218800 0.19440400 0.01757800 0.01962200
0 0.26464800 0.19367700 0.01757800 0.01962200
3 0.28759800 0.19222400 0.01660200 0.01962200
10 0.33203100 0.19004400 0.01757800 0.01962200
13 0.35449200 0.18859000 0.01757800 0.01962200
8 0.37744100 0.18750000 0.01660200 0.01889500
9 0.40136700 0.18641000 0.01757800 0.01962200
10 0.42431600 0.18459300 0.01855500 0.02034900
14 0.44726600 0.18350300 0.01757800 0.01962200
25 0.51806600 0.17877900 0.01855500 0.02034900
0 0.54199200 0.17732600 0.01953100 0.02034900
10 0.56591800 0.17587200 0.01855500 0.02034900
14 0.59082000 0.17441900 0.01953100 0.02034900
13 0.61523400 0.17260200 0.01953100 0.02107600
16 0.63964800 0.17114800 0.01953100 0.02107600
4 0.66455100 0.16969500 0.02050800 0.02107600
13 0.68945300 0.16824100 0.01953100 0.02107600
13 0.71582000 0.16606100 0.01953100 0.02107600
14 0.74023400 0.16460800 0.01953100 0.02107600
10 0.13330100 0.22819800 0.01660200 0.01889500
19 0.19824200 0.22492700 0.01757800 0.01962200
14 0.22021500 0.22347400 0.01660200 0.01962200
12 0.24218800 0.22202000 0.01757800 0.01962200
20 0.26464800 0.22129400 0.01757800 0.01962200
22 0.30957000 0.21911300 0.01757800 0.01962200
17 0.33203100 0.21838700 0.01757800 0.01962200
4 0.35449200 0.21693300 0.01757800 0.01962200
12 0.37793000 0.21620600 0.01757800 0.01962200
4 0.40087900 0.21475300 0.01855500 0.01962200
13 0.42431600 0.21366300 0.01855500 0.02034900
8 0.44775400 0.21220900 0.01855500 0.02034900
8 0.49462900 0.20930200 0.01855500 0.02034900
17 0.54248000 0.20712200 0.01855500 0.02034900
8 0.56689500 0.20603200 0.01855500 0.02107600
18 0.59082000 0.20457800 0.01953100 0.02107600
20 0.61474600 0.20312500 0.01855500 0.02107600
13 0.64062500 0.20094500 0.01953100 0.02107600
10 0.66552700 0.19949100 0.01855500 0.02107600
8 0.69043000 0.19803800 0.01953100 0.02107600
14 0.13232400 0.25545100 0.01660200 0.01962200
14 0.19726600 0.25254400 0.01757800 0.01962200
11 0.21875000 0.25109000 0.01757800 0.01962200
3 0.24121100 0.25036300 0.01757800 0.01962200
8 0.26367200 0.24891000 0.01757800 0.01962200
13 0.28613300 0.24818300 0.01757800 0.01962200
0 0.30957000 0.24673000 0.01757800 0.01962200
1 0.35498000 0.24527600 0.01855500 0.01962200
11 0.40087900 0.24382300 0.01855500 0.01962200
8 0.42382800 0.24236900 0.01757800 0.01962200
22 0.47070300 0.24055200 0.01757800 0.02034900
13 0.51855500 0.23837200 0.01757800 0.02034900
4 0.54345700 0.23655500 0.01855500 0.02107600
20 0.61669900 0.23255800 0.01855500 0.02034900
9 0.64160200 0.23074100 0.01953100 0.02107600
4 0.66601600 0.23001500 0.01953100 0.02107600
25 0.71630900 0.22710800 0.02050800 0.02107600
0 0.74267600 0.22565400 0.02050800 0.02107600
12 0.76806600 0.22383700 0.02050800 0.02180200
4 0.79394500 0.22238400 0.01953100 0.02180200
13 0.13085900 0.28234000 0.01757800 0.01962200
4 0.15234400 0.28161300 0.01757800 0.01962200
13 0.17431600 0.28088700 0.01660200 0.01962200
8 0.24023400 0.27798000 0.01757800 0.01962200
11 0.26318400 0.27725300 0.01660200 0.01962200
11 0.28515600 0.27579900 0.01757800 0.01962200
18 0.33105500 0.27434600 0.01757800 0.01962200
19 0.35400400 0.27361900 0.01855500 0.01962200
17 0.37695300 0.27289200 0.01757800 0.01962200
0 0.40087900 0.27216600 0.01855500 0.01962200
2 0.42480500 0.27143900 0.01757800 0.01962200
8 0.44775400 0.26925900 0.01855500 0.01962200
12 0.49511700 0.26744200 0.01953100 0.02034900
8 0.51953100 0.26671500 0.01953100 0.02034900
7 0.56835900 0.26417200 0.01953100 0.02107600
20 0.59277300 0.26308100 0.01953100 0.02034900
3 0.61718800 0.26199100 0.01953100 0.02107600
14 0.64160200 0.26090100 0.01953100 0.02034900
9 0.66601600 0.25944800 0.01953100 0.02034900
13 0.69189500 0.25835800 0.02050800 0.02107600
8 0.71777300 0.25726700 0.01953100 0.02180200
10 0.74365200 0.25581400 0.02050800 0.02180200
0 0.76904300 0.25436000 0.02050800 0.02180200
4 0.13037100 0.31068300 0.01660200 0.01962200
16 0.19531200 0.30777600 0.01757800 0.01962200
0 0.21777300 0.30704900 0.01757800 0.01962200
17 0.24023400 0.30559600 0.01757800 0.01962200
20 0.26269500 0.30486900 0.01757800 0.01962200
8 0.30810500 0.30450600 0.01855500 0.02034900
13 0.33056600 0.30341600 0.01855500 0.02107600
0 0.35400400 0.30232600 0.01855500 0.02034900
22 0.15039100 0.33757300 0.01757800 0.01962200
19 0.19433600 0.33611900 0.01757800 0.01962200
4 0.21582000 0.33539200 0.01757800 0.01962200
9 0.26171900 0.33357600 0.01757800 0.02034900
4 0.28418000 0.33284900 0.01757800 0.02034900
15 0.33056600 0.33139500 0.01660200 0.02034900
17 0.35351600 0.33103200 0.01757800 0.01962200
8 0.37695300 0.33103200 0.01757800 0.02107600
12 0.40039100 0.33030500 0.01757800 0.02107600
4 0.42382800 0.32921500 0.01757800 0.02034900
17 0.44775400 0.32848800 0.01855500 0.02034900
13 0.47119100 0.32739800 0.01855500 0.02107600
14 0.49462900 0.32667200 0.01855500 0.02107600
6 0.54345700 0.32485500 0.01855500 0.02034900
14 0.56787100 0.32412800 0.01855500 0.02034900
3 0.59228500 0.32303800 0.01855500 0.02107600
10 0.66699200 0.32013100 0.01953100 0.02107600
14 0.69238300 0.31867700 0.01953100 0.02107600
6 0.71875000 0.31722400 0.01953100 0.02107600
3 0.74511700 0.31577000 0.01953100 0.02107600
0 0.76953100 0.31468000 0.01953100 0.02180200
15 0.12793000 0.36591600 0.01757800 0.01962200
14 0.14941400 0.36591600 0.01757800 0.01962200
22 0.19384800 0.36446200 0.01660200 0.01962200
8 0.21679700 0.36373500 0.01757800 0.01962200
11 0.23828100 0.36264500 0.01757800 0.02034900
14 0.26123000 0.36191900 0.01855500 0.02034900
18 0.28418000 0.36191900 0.01757800 0.02034900
15 0.35449200 0.36119200 0.01757800 0.02034900
4 0.37695300 0.36046500 0.01757800 0.02034900
17 0.40087900 0.35973800 0.01855500 0.02034900
22 0.42431600 0.35864800 0.01855500 0.02107600
14 0.44775400 0.35792200 0.01855500 0.02107600
4 0.47119100 0.35719500 0.01855500 0.02107600
8 0.51953100 0.35537800 0.01757800 0.02034900
25 0.54443400 0.35465100 0.01855500 0.02034900
3 0.56787100 0.35428800 0.01855500 0.02107600
0 0.59228500 0.35356100 0.01855500 0.02107600
13 0.61718800 0.35247100 0.01953100 0.02034900
8 0.64257800 0.35138100 0.01953100 0.02107600
4 0.66796900 0.35065400 0.01953100 0.02107600
3 0.14843800 0.39389500 0.01757800 0.02034900
4 0.17089800 0.39353200 0.01757800 0.01962200
19 0.19287100 0.39280500 0.01660200 0.01962200
14 0.21484400 0.39244200 0.01757800 0.02034900
10 0.23828100 0.39171500 0.01757800 0.02034900
22 0.28418000 0.39098800 0.01757800 0.02034900
10 0.33007800 0.39026200 0.01757800 0.02034900
11 0.35351600 0.38953500 0.01757800 0.02034900
4 0.37695300 0.38917200 0.01757800 0.02107600
19 0.40039100 0.38844500 0.01757800 0.02107600
10 0.42382800 0.38808100 0.01757800 0.02034900
4 0.44824200 0.38735500 0.01757800 0.02034900
1 0.51953100 0.38590100 0.01757800 0.02034900
11 0.56787100 0.38481100 0.01855500 0.02107600
8 0.59277300 0.38372100 0.01953100 0.02180200
14 0.64257800 0.38190400 0.01953100 0.02107600
15 0.66796900 0.38117700 0.01953100 0.02107600
20 0.69433600 0.38045100 0.01953100 0.02107600
1 0.71972700 0.37936000 0.01953100 0.02180200
11 0.74511700 0.37863400 0.01953100 0.02180200
8 0.77148400 0.37718000 0.01953100 0.02180200
10 0.12646500 0.42260200 0.01660200 0.01962200
14 0.14794900 0.42223800 0.01660200 0.02034900
22 0.16992200 0.42187500 0.01757800 0.01962200
0 0.19238300 0.42187500 0.01757800 0.01962200
13 0.21484400 0.42078500 0.01757800 0.02034900
15 0.28418000 0.42005800 0.01757800 0.02034900
4 0.30712900 0.41969500 0.01855500 0.01962200
17 0.33007800 0.41933100 0.01757800 0.02034900
22 0.35400400 0.41896800 0.01855500 0.01962200
4 0.40039100 0.41787800 0.01757800 0.02034900
15 0.44775400 0.41678800 0.01855500 0.02107600
4 0.49560500 0.41569800 0.01855500 0.02034900
18 0.51953100 0.41497100 0.01757800 0.02034900
12 0.59326200 0.41315400 0.01855500 0.02107600
0 0.61767600 0.41315400 0.01855500 0.02107600
17 0.64306600 0.41242700 0.01855500 0.02107600
0 0.69433600 0.41133700 0.01953100 0.02180200
10 0.72021500 0.41061000 0.02050800 0.02180200
0 0.74609400 0.40915700 0.01953100 0.02180200
15 0.79980500 0.40770300 0.01953100 0.02180200
14 0.82568400 0.40661300 0.02050800 0.02252900
12 0.12548800 0.45167200 0.01660200 0.01962200
14 0.14697300 0.45094500 0.01660200 0.01962200
19 0.16943400 0.45058100 0.01660200 0.02034900
8 0.19189500 0.45021800 0.01660200 0.01962200
22 0.21435500 0.44985500 0.01660200 0.02034900
0 0.23730500 0.44949100 0.01757800 0.01962200
12 0.26074200 0.44912800 0.01757800 0.02034900
13 0.30664100 0.44840100 0.01757800 0.02034900
0 0.33007800 0.44840100 0.01757800 0.02034900
17 0.35351600 0.44767400 0.01757800 0.02034900
14 0.37695300 0.44767400 0.01757800 0.02034900
3 0.40039100 0.44767400 0.01757800 0.02034900
13 0.42431600 0.44694800 0.01855500 0.02034900
7 0.47168000 0.44585800 0.01757800 0.02107600
18 0.52002000 0.44513100 0.01855500 0.02107600
10 0.54443400 0.44440400 0.01855500 0.02107600
0 0.56884800 0.44440400 0.01855500 0.02107600
25 0.59326200 0.44367700 0.01855500 0.02107600
14 0.61816400 0.44331400 0.01953100 0.02180200
10 0.64306600 0.44295100 0.01855500 0.02107600
18 0.69482400 0.44149700 0.01855500 0.02107600
19 0.72070300 0.44149700 0.01953100 0.02107600
8 0.74707000 0.44040700 0.01953100 0.02180200
7 0.77294900 0.43968000 0.02050800 0.02180200
8 0.80029300 0.43895300 0.02050800 0.02180200
18 0.14599600 0.47965100 0.01660200 0.02034900
10 0.16845700 0.47965100 0.01660200 0.02034900
0 0.19091800 0.47892400 0.01660200 0.02034900
25 0.21386700 0.47892400 0.01757800 0.02034900
10 0.23681600 0.47856100 0.01660200 0.01962200
0 0.26025400 0.47856100 0.01855500 0.02107600
14 0.30664100 0.47819800 0.01757800 0.02034900
6 0.35253900 0.47783400 0.01757800 0.02107600
11 0.37695300 0.47747100 0.01757800 0.02034900
20 0.40039100 0.47710800 0.01757800 0.02107600
15 0.42382800 0.47674400 0.01757800 0.02034900
14 0.44726600 0.47638100 0.01757800 0.02107600
12 0.47119100 0.47601700 0.01855500 0.02180200
12 0.52002000 0.47492700 0.01855500 0.02107600
14 0.59375000 0.47420100 0.01757800 0.02107600
13 0.61865200 0.47347400 0.01855500 0.02107600
10 0.64404300 0.47347400 0.01855500 0.02107600
4 0.66943400 0.47311000 0.01855500 0.02180200
15 0.14502000 0.50872100 0.01660200 0.02034900
14 0.16796900 0.50835800 0.01757800 0.01962200
9 0.19043000 0.50835800 0.01757800 0.01962200
0 0.21337900 0.50835800 0.01660200 0.01962200
17 0.23681600 0.50799400 0.01660200 0.02034900
3 0.33007800 0.50726700 0.01757800 0.02034900
14 0.35351600 0.50726700 0.01757800 0.02034900
12 0.37695300 0.50690400 0.01757800 0.02107600
10 0.42382800 0.50654100 0.01757800 0.02034900
14 0.44824200 0.50617700 0.01757800 0.02107600
19 0.47168000 0.50545100 0.01757800 0.02107600
14 0.49609400 0.50545100 0.01757800 0.02107600
17 0.52050800 0.50545100 0.01757800 0.02107600
15 0.61962900 0.50399700 0.01855500 0.02107600
14 0.64453100 0.50399700 0.01953100 0.02107600
18 0.66992200 0.50363400 0.01953100 0.02180200
19 0.69580100 0.50363400 0.01855500 0.02180200
17 0.72216800 0.50327000 0.01855500 0.02107600
14 0.74853500 0.50290700 0.01855500 0.02180200
8 0.77539100 0.50254400 0.01953100 0.02252900
11 0.80127000 0.50218000 0.02050800 0.02180200
3 0.12353500 0.53779100 0.01660200 0.02034900
9 0.14404300 0.53779100 0.01660200 0.02034900
4 0.16699200 0.53779100 0.01757800 0.02034900
10 0.18945300 0.53779100 0.01757800 0.02034900
15 0.28222700 0.53706400 0.01757800 0.02034900
20 0.30566400 0.53706400 0.01757800 0.02034900
3 0.32910200 0.53670100 0.01757800 0.02107600
4 0.35253900 0.53633700 0.01757800 0.02034900
11 0.37695300 0.53633700 0.01757800 0.02034900
8 0.47168000 0.53597400 0.01757800 0.02107600
3 0.52050800 0.53597400 0.01757800 0.02107600
17 0.54541000 0.53597400 0.01855500 0.02107600
20 0.61962900 0.53524700 0.01855500 0.02107600
9 0.64502000 0.53524700 0.01855500 0.02107600
4 0.67041000 0.53488400 0.01855500 0.02180200
22 0.72265600 0.53488400 0.01953100 0.02180200
19 0.14404300 0.56686000 0.01660200 0.02034900
8 0.16650400 0.56686000 0.01660200 0.02034900
7 0.18945300 0.56686000 0.01757800 0.02034900
15 0.23535200 0.56686000 0.01757800 0.02034900
4 0.25878900 0.56686000 0.01757800 0.02034900
17 0.28222700 0.56649700 0.01757800 0.02107600
22 0.30566400 0.56649700 0.01757800 0.02107600
7 0.35253900 0.56649700 0.01757800 0.02107600
10 0.39990200 0.56649700 0.01855500 0.02107600
13 0.42382800 0.56613400 0.01757800 0.02034900
8 0.44726600 0.56649700 0.01757800 0.02107600
6 0.47168000 0.56649700 0.01757800 0.02107600
0 0.49658200 0.56649700 0.01855500 0.02107600
7 0.52050800 0.56649700 0.01757800 0.02107600
13 0.56982400 0.56649700 0.01855500 0.02107600
0 0.59472700 0.56686000 0.01953100 0.02180200
6 0.62011700 0.56613400 0.01953100 0.02180200
11 0.64599600 0.56613400 0.02050800 0.02180200
3 0.69775400 0.56613400 0.02050800 0.02180200
13 0.72412100 0.56649700 0.02050800 0.02252900
14 0.75048800 0.56649700 0.02050800 0.02252900
22 0.12060500 0.59593000 0.01660200 0.02034900
22 0.18896500 0.59665700 0.01855500 0.02034900
8 0.21191400 0.59665700 0.01757800 0.02034900
11 0.23535200 0.59665700 0.01757800 0.02034900
0 0.25878900 0.59665700 0.01757800 0.02034900
18 0.28222700 0.59665700 0.01757800 0.02034900
19 0.35253900 0.59629400 0.01757800 0.02107600
22 0.37597700 0.59629400 0.01757800 0.02107600
14 0.39941400 0.59702000 0.01757800 0.02107600
17 0.42334000 0.59702000 0.01855500 0.02107600
16 0.44775400 0.59702000 0.01855500 0.02107600
4 0.47168000 0.59665700 0.01757800 0.02180200
18 0.49609400 0.59665700 0.01757800 0.02180200
10 0.52050800 0.59665700 0.01953100 0.02180200
0 0.54541000 0.59738400 0.01855500 0.02180200
12 0.62011700 0.59738400 0.01953100 0.02180200
0 0.64648400 0.59774700 0.01953100 0.02252900
13 0.67187500 0.59811000 0.01953100 0.02180200
4 0.69824200 0.59811000 0.01953100 0.02180200
17 0.72460900 0.59811000 0.01953100 0.02180200
0 0.75048800 0.59847400 0.02050800 0.02252900
12 0.12011700 0.62536300 0.01757800 0.02107600
0 0.14257800 0.62609000 0.01757800 0.02107600
17 0.16503900 0.62609000 0.01757800 0.02107600
0 0.21093800 0.62609000 0.01757800 0.02107600
10 0.23437500 0.62609000 0.01757800 0.02107600
0 0.25732400 0.62681700 0.01855500 0.02107600
22 0.30419900 0.62681700 0.01855500 0.02107600
18 0.32812500 0.62681700 0.01757800 0.02107600
4 0.35205100 0.62718000 0.01855500 0.02180200
19 0.39892600 0.62718000 0.01855500 0.02180200
14 0.42334000 0.62754400 0.01855500 0.02107600
16 0.47119100 0.62790700 0.01855500 0.02180200
19 0.49560500 0.62790700 0.01855500 0.02180200
14 0.52099600 0.62790700 0.01855500 0.02180200
19 0.57080100 0.62863400 0.01855500 0.02180200
0 0.59570300 0.62899700 0.01953100 0.02252900
10 0.62109400 0.62899700 0.01953100 0.02252900
18 0.67285200 0.62972400 0.01953100 0.02252900
8 0.69921900 0.62972400 0.01953100 0.02252900
11 0.72558600 0.63008700 0.01953100 0.02180200
13 0.77929700 0.63045100 0.01953100 0.02252900
14 0.80517600 0.63045100 0.02050800 0.02252900
8 0.11914100 0.65552300 0.01757800 0.02034900
15 0.16503900 0.65552300 0.01757800 0.02034900
17 0.18798800 0.65625000 0.01855500 0.02034900
14 0.21044900 0.65661300 0.01855500 0.02107600
16 0.23388700 0.65661300 0.01855500 0.02107600
13 0.25732400 0.65661300 0.01855500 0.02107600
14 0.28076200 0.65661300 0.01855500 0.02107600
15 0.32763700 0.65734000 0.01855500 0.02107600
17 0.35156200 0.65734000 0.01757800 0.02107600
8 0.37548800 0.65734000 0.01855500 0.02107600
22 0.39941400 0.65770300 0.01953100 0.02180200
11 0.42334000 0.65843000 0.01855500 0.02180200
4 0.44775400 0.65843000 0.01855500 0.02180200
10 0.47119100 0.65915700 0.01855500 0.02180200
11 0.49560500 0.65915700 0.01855500 0.02180200
14 0.52002000 0.65988400 0.01855500 0.02180200
10 0.57080100 0.66061000 0.01855500 0.02180200
13 0.62207000 0.66170100 0.01953100 0.02252900
4 0.64794900 0.66170100 0.02050800 0.02252900
12 0.67382800 0.66170100 0.01953100 0.02252900
20 0.70019500 0.66242700 0.01953100 0.02252900
18 0.75341800 0.66242700 0.02050800 0.02252900
8 0.78027300 0.66315400 0.01953100 0.02252900
12 0.80712900 0.66351700 0.02050800 0.02325600
15 0.11816400 0.68459300 0.01757800 0.02180200
0 0.14013700 0.68532000 0.01855500 0.02180200
19 0.16308600 0.68568300 0.01757800 0.02107600
8 0.18603500 0.68604700 0.01855500 0.02180200
8 0.20947300 0.68641000 0.01855500 0.02107600
13 0.28027300 0.68786300 0.01757800 0.02107600
7 0.32714800 0.68822700 0.01757800 0.02180200
16 0.37451200 0.68822700 0.01855500 0.02180200
8 0.39892600 0.68895300 0.01855500 0.02180200
19 0.42285200 0.68968000 0.01953100 0.02180200
0 0.44677700 0.69004400 0.01855500 0.02252900
19 0.47119100 0.69077000 0.01855500 0.02252900
4 0.49560500 0.69113400 0.01855500 0.02180200
11 0.52050800 0.69113400 0.01953100 0.02180200
4 0.54687500 0.69149700 0.01953100 0.02252900
12 0.64843800 0.69440400 0.01953100 0.02252900
0 0.67431600 0.69367700 0.02050800 0.02252900
17 0.70068400 0.69440400 0.02050800 0.02252900
0 0.75390600 0.69585800 0.01953100 0.02252900
10 0.78076200 0.69658400 0.02050800 0.02252900
15 0.11718800 0.71475300 0.01757800 0.02107600
8 0.13964800 0.71548000 0.01757800 0.02107600
4 0.18603500 0.71657000 0.01855500 0.02180200
19 0.20849600 0.71729700 0.01855500 0.02180200
15 0.25634800 0.71766000 0.01855500 0.02107600
17 0.27978500 0.71802300 0.01855500 0.02180200
14 0.30322300 0.71802300 0.01855500 0.02180200
18 0.32666000 0.71838700 0.01855500 0.02107600
19 0.35107400 0.71875000 0.01855500 0.02180200
14 0.37451200 0.71947700 0.01855500 0.02180200
13 0.42236300 0.72093000 0.01855500 0.02180200
14 0.44677700 0.72165700 0.01855500 0.02180200
13 0.49609400 0.72274700 0.01953100 0.02252900
4 0.52148400 0.72311000 0.01953100 0.02180200
20 0.57226600 0.72456400 0.01953100 0.02180200
15 0.59765600 0.72529100 0.01953100 0.02180200
17 0.62402300 0.72601700 0.01953100 0.02180200
14 0.64941400 0.72638100 0.01953100 0.02252900
23 0.67529300 0.72710800 0.02050800 0.02252900
4 0.70214800 0.72710800 0.01953100 0.02252900
13 0.72851600 0.72783400 0.01953100 0.02252900
13 0.75537100 0.72892400 0.02050800 0.02325600
14 0.78222700 0.72965100 0.01953100 0.02325600
8 0.20849600 0.74709300 0.01855500 0.02180200
12 0.23242200 0.74782000 0.01757800 0.02180200
16 0.27880900 0.74854700 0.01855500 0.02180200
0 0.30224600 0.74927300 0.01855500 0.02180200
18 0.32568400 0.75000000 0.01855500 0.02180200
19 0.35009800 0.75072700 0.01855500 0.02180200
14 0.37353500 0.75145300 0.01855500 0.02180200
3 0.42236300 0.75218000 0.01855500 0.02180200
0 0.44677700 0.75327000 0.02050800 0.02252900
9 0.47119100 0.75399700 0.02050800 0.02252900
4 0.49609400 0.75472400 0.01953100 0.02252900
17 0.54638700 0.75617700 0.02050800 0.02252900
0 0.57226600 0.75654100 0.01953100 0.02325600
25 0.59814500 0.75726700 0.02050800 0.02325600
6 0.62402300 0.75799400 0.01953100 0.02325600
14 0.64990200 0.75872100 0.02050800 0.02325600
22 0.67627000 0.75944800 0.02050800 0.02325600
14 0.70263700 0.76017400 0.02050800 0.02325600
17 0.72949200 0.76090100 0.01953100 0.02325600
13 0.75634800 0.76162800 0.02050800 0.02325600
12 0.81005900 0.76235500 0.02050800 0.02325600
11 0.11621100 0.74527600 0.01757800 0.02107600
4 0.13916000 0.74600300 0.01855500 0.02107600
6 0.16113300 0.74600300 0.01757800 0.02107600
10 0.18505900 0.74600300 0.01855500 0.02107600
25 0.13818400 0.77579900 0.01855500 0.02107600
14 0.20800800 0.77761600 0.01757800 0.02180200
12 0.23095700 0.77798000 0.01855500 0.02107600
22 0.27783200 0.77979700 0.01855500 0.02180200
4 0.32617200 0.78125000 0.01953100 0.02180200
6 0.34960900 0.78197700 0.01953100 0.02180200
14 0.37304700 0.78270300 0.01953100 0.02180200
15 0.42236300 0.78415700 0.01855500 0.02180200
17 0.44726600 0.78452000 0.01953100 0.02252900
14 0.47216800 0.78524700 0.02050800 0.02252900
8 0.49609400 0.78633700 0.01953100 0.02180200
25 0.52197300 0.78742700 0.02050800 0.02252900
22 0.54736300 0.78815400 0.02050800 0.02252900
4 0.57324200 0.78960800 0.01953100 0.02252900
3 0.59814500 0.79033400 0.02050800 0.02252900
4 0.62451200 0.79069800 0.02050800 0.02325600
13 0.65136700 0.79178800 0.01953100 0.02252900
8 0.67627000 0.79215100 0.02050800 0.02325600
7 0.73046900 0.79360500 0.01953100 0.02325600
16 0.11474600 0.80559600 0.01855500 0.02107600
4 0.13769500 0.80632300 0.01757800 0.02107600
19 0.16064500 0.80741300 0.01855500 0.02180200
10 0.18408200 0.80814000 0.01855500 0.02180200
8 0.20654300 0.80886600 0.01855500 0.02180200
18 0.27783200 0.81032000 0.01855500 0.02180200
9 0.32519500 0.81250000 0.01953100 0.02180200
4 0.34912100 0.81359000 0.01855500 0.02252900
19 0.37353500 0.81431700 0.01855500 0.02252900
12 0.42236300 0.81577000 0.01855500 0.02252900
13 0.44677700 0.81649700 0.01855500 0.02252900
14 0.47119100 0.81795100 0.01855500 0.02252900
6 0.49609400 0.81867700 0.01953100 0.02252900
14 0.52148400 0.81940400 0.01953100 0.02252900
18 0.57275400 0.82158400 0.02050800 0.02252900
14 0.59863300 0.82231100 0.01953100 0.02252900
1 0.62451200 0.82376500 0.02050800 0.02252900
19 0.67724600 0.82558100 0.02050800 0.02325600
8 0.70361300 0.82630800 0.02050800 0.02325600
8 0.78466800 0.82848800 0.02050800 0.02325600
12 0.11474600 0.83611900 0.01855500 0.02107600
0 0.13720700 0.83684600 0.01855500 0.02107600
11 0.16015600 0.83793600 0.01953100 0.02180200
14 0.18310500 0.83866300 0.01855500 0.02180200
17 0.22900400 0.84011600 0.01855500 0.02180200
0 0.25390600 0.84084300 0.01953100 0.02180200
18 0.27685500 0.84229700 0.01855500 0.02180200
18 0.30029300 0.84302300 0.01855500 0.02180200
20 0.32470700 0.84375000 0.01855500 0.02180200
9 0.34912100 0.84447700 0.01855500 0.02180200
3 0.37353500 0.84520300 0.01855500 0.02180200
4 0.39746100 0.84702000 0.01953100 0.02252900
13 0.42187500 0.84774700 0.01953100 0.02252900
8 0.44628900 0.84847400 0.01953100 0.02252900
13 0.52246100 0.85138100 0.01953100 0.02252900
4 0.54687500 0.85283400 0.01953100 0.02252900
19 0.57275400 0.85392400 0.02050800 0.02325600
13 0.62451200 0.85610500 0.02050800 0.02325600
0 0.65136700 0.85683100 0.02148400 0.02325600
25 0.67822300 0.85828500 0.02050800 0.02325600
8 0.70410200 0.85901200 0.02148400 0.02325600
3 0.73144500 0.86046500 0.02148400 0.02325600
0 0.75830100 0.86119200 0.02050800 0.02325600
19 0.11425800 0.86591600 0.01953100 0.02107600
4 0.13623000 0.86773300 0.01855500 0.02180200
11 0.15966800 0.86882300 0.01855500 0.02107600
13 0.20654300 0.87027600 0.01855500 0.02107600
14 0.22949200 0.87136600 0.01953100 0.02180200
18 0.25293000 0.87245600 0.01953100 0.02107600
19 0.27685500 0.87318300 0.01855500 0.02107600
8 0.30029300 0.87391000 0.01855500 0.02107600
15 0.34814500 0.87681700 0.01855500 0.02107600
14 0.37255900 0.87681700 0.02050800 0.02252900
20 0.39697300 0.87827000 0.02050800 0.02252900
16 0.42187500 0.87899700 0.01953100 0.02252900
4 0.44726600 0.88045100 0.01953100 0.02252900
13 0.47119100 0.88117700 0.02050800 0.02252900
8 0.49707000 0.88263100 0.01953100 0.02252900
25 0.57324200 0.88662800 0.01953100 0.02325600
0 0.59912100 0.88735500 0.02050800 0.02325600
19 0.62548800 0.88880800 0.02050800 0.02325600
14 0.65087900 0.88953500 0.02050800 0.02325600
22 0.70556600 0.89171500 0.02050800 0.02325600
3 0.73242200 0.89389500 0.02148400 0.02325600
14 0.75878900 0.89462200 0.02148400 0.02325600
10 0.18505900 0.77652600 0.01855500 0.02107600
