14 0.03593750 0.07291667 0.02968750 0.11111111
19 0.33281250 0.07986111 0.02968750 0.10416667
8 0.62343750 0.09375000 0.02656250 0.10069444
4 0.10625000 0.21527778 0.02812500 0.10763889
15 0.18125000 0.21180556 0.03125000 0.09375000
2 0.25625000 0.20833333 0.02812500 0.09375000
19 0.51718750 0.22916667 0.02812500 0.10416667
18 0.69062500 0.23611111 0.02812500 0.10416667
14 0.06875000 0.35416667 0.03281250 0.10416667
17 0.10312500 0.48958333 0.03281250 0.10763889
11 0.33281250 0.49652778 0.03593750 0.10763889
18 0.40781250 0.49652778 0.02968750 0.09722222
14 0.14062500 0.63194444 0.03281250 0.10763889
0 0.17500000 0.62847222 0.02968750 0.10416667
4 0.02968750 0.63194444 0.02968750 0.10763889
11 0.37031250 0.63541667 0.02968750 0.10416667
12 0.02968750 0.77430556 0.02968750 0.10763889
0 0.29218750 0.76736111 0.02968750 0.09722222
18 0.44375000 0.77430556 0.02968750 0.10763889
2 0.55156250 0.76736111 0.03125000 0.10763889
8 0.14062500 0.91319444 0.02968750 0.10416667
11 0.36875000 0.91319444 0.03281250 0.11458333
6 0.65468750 0.50000000 0.02968750 0.08680556
14 0.69062500 0.63541667 0.02656250 0.10069444
3 0.58750000 0.63194444 0.02968750 0.10763889
19 0.21718750 0.63194444 0.02968750 0.10763889
