17 0.17675800 0.08789100 0.02539100 0.03046900
4 0.20849600 0.08750000 0.02441400 0.02968700
12 0.27294900 0.08671900 0.02441400 0.02968800
8 0.30517600 0.08593800 0.02441400 0.02968800
13 0.33789100 0.08515600 0.02343800 0.02968800
14 0.36962900 0.08437500 0.02441400 0.02968700
17 0.40136700 0.08281200 0.02343800 0.03125000
0 0.53369100 0.07929700 0.02441400 0.03046900
18 0.66601600 0.07578100 0.02539100 0.03125000
19 0.69970700 0.07500000 0.02636700 0.03125000
17 0.73291000 0.07460900 0.02636700 0.03203100
20 0.76660200 0.07382800 0.02539100 0.03203100
13 0.80029300 0.07304700 0.02636700 0.03203100
0 0.83398400 0.07109400 0.02734400 0.03281200
0 0.17529300 0.13593700 0.02441400 0.03125000
11 0.30517600 0.13359400 0.02441400 0.03125000
0 0.33789100 0.13281200 0.02539100 0.03125000
3 0.37011700 0.13203100 0.02539100 0.03125000
2 0.50195300 0.12812500 0.02539100 0.03125000
18 0.63476600 0.12539100 0.02539100 0.03203100
19 0.66796900 0.12460900 0.02539100 0.03203100
17 0.70117200 0.12460900 0.02539100 0.03203100
20 0.73388700 0.12382800 0.02636700 0.03203100
13 0.76709000 0.12265600 0.02636700 0.03281300
0 0.80127000 0.12187500 0.02636700 0.03281200
1 0.17431600 0.18046900 0.02441400 0.03125000
11 0.30566400 0.18085900 0.02539100 0.03046900
0 0.33837900 0.18046900 0.02441400 0.03125000
3 0.37109400 0.18007800 0.02539100 0.03203100
1 0.47021500 0.17773400 0.02441400 0.03046900
18 0.60253900 0.17539100 0.02539100 0.03203100
19 0.63574200 0.17460900 0.02539100 0.03203100
17 0.66894500 0.17382800 0.02539100 0.03203100
20 0.70214800 0.17304700 0.02539100 0.03203100
13 0.73535200 0.17226600 0.02539100 0.03203100
0 0.76855500 0.17148400 0.02539100 0.03203100
2 0.87011700 0.16992200 0.02539100 0.03203100
11 0.14209000 0.23203100 0.02441400 0.03125000
0 0.17431600 0.23125000 0.02441400 0.03125000
3 0.20654300 0.23046900 0.02441400 0.03125000
0 0.30517600 0.22812500 0.02441400 0.03125000
18 0.43750000 0.22695300 0.02539100 0.03203100
19 0.46972700 0.22695300 0.02539100 0.03203100
17 0.50293000 0.22617200 0.02539100 0.03203100
20 0.53710900 0.22578100 0.02539100 0.03125000
13 0.57031200 0.22539100 0.02539100 0.03203100
0 0.60351600 0.22460900 0.02539100 0.03203100
1 0.70312500 0.22304700 0.02539100 0.03203100
11 0.83789100 0.21992200 0.02539100 0.03203100
0 0.87207000 0.21914100 0.02539100 0.03203100
3 0.90576200 0.21835900 0.02636700 0.03203100
2 0.17480500 0.27890600 0.02539100 0.03125000
18 0.30517600 0.27695300 0.02441400 0.03203100
19 0.33886700 0.27617200 0.02539100 0.03203100
16 0.37207000 0.27578100 0.02539100 0.03125000
20 0.40478500 0.27539100 0.02441400 0.03203100
13 0.43750000 0.27539100 0.02539100 0.03203100
0 0.47070300 0.27500000 0.02539100 0.03125000
1 0.57128900 0.27304700 0.02539100 0.03203100
11 0.70459000 0.27226600 0.02636700 0.03203100
0 0.73828100 0.27109400 0.02539100 0.03281200
3 0.77246100 0.27031300 0.02539100 0.03281300
3 0.14013700 0.32812500 0.02441400 0.03125000
14 0.17382800 0.32812500 0.02539100 0.03125000
12 0.23925800 0.32695300 0.02539100 0.03203100
0 0.27148400 0.32656200 0.02539100 0.03125000
9 0.30468800 0.32539100 0.02539100 0.03203100
14 0.33886700 0.32539100 0.02539100 0.03203100
17 0.37207000 0.32539100 0.02539100 0.03203100
3 0.50488300 0.32460900 0.02539100 0.03203100
18 0.63964800 0.32148400 0.02539100 0.03203100
19 0.67285200 0.32148400 0.02539100 0.03203100
17 0.70605500 0.32070300 0.02539100 0.03203100
20 0.74023400 0.31992200 0.02539100 0.03203100
13 0.77441400 0.31914100 0.02539100 0.03203100
0 0.80810500 0.31835900 0.02636700 0.03203100
1 0.17138700 0.37460900 0.02441400 0.03203100
11 0.30371100 0.37382800 0.02539100 0.03203100
0 0.33789100 0.37382800 0.02539100 0.03203100
3 0.37011700 0.37382800 0.02539100 0.03203100
4 0.47168000 0.37265600 0.02539100 0.03125000
18 0.60644500 0.37109400 0.02539100 0.03125000
19 0.63964800 0.37031200 0.02539100 0.03125000
17 0.67285200 0.37031200 0.02539100 0.03125000
20 0.70605500 0.37031200 0.02539100 0.03125000
13 0.74023400 0.36953100 0.02539100 0.03125000
0 0.77587900 0.36914100 0.02636700 0.03203100
2 0.17089800 0.42460900 0.02539100 0.03203100
11 0.30322300 0.42382800 0.02441400 0.03203100
0 0.33691400 0.42382800 0.02539100 0.03203100
3 0.37011700 0.42343800 0.02539100 0.03281200
18 0.16992200 0.47382800 0.02539100 0.03203100
14 0.20361300 0.47421900 0.02441400 0.03281200
11 0.23632800 0.47460900 0.02539100 0.03203100
12 0.33789100 0.47343800 0.02539100 0.03281300
0 0.37109400 0.47304700 0.02539100 0.03203100
9 0.40527300 0.47226600 0.02539100 0.03203100
14 0.43847700 0.47226600 0.02539100 0.03203100
17 0.47216800 0.47187500 0.02636700 0.03281300
0 0.60791000 0.47109400 0.02636700 0.03281200
18 0.74511700 0.46953100 0.02539100 0.03281300
2 0.84814500 0.46835900 0.02636700 0.03203100
11 0.13574200 0.52500000 0.02539100 0.03281300
5 0.23632800 0.52421900 0.02539100 0.03281300
18 0.30371100 0.52382800 0.02539100 0.03359400
2 0.40429700 0.52382800 0.02539100 0.03359400
11 0.47265600 0.52265600 0.02539100 0.03281300
4 0.57421900 0.52187500 0.02539100 0.03281300
18 0.64257800 0.52109400 0.02539100 0.03281300
1 0.74658200 0.52031200 0.02636700 0.03281300
11 0.81591800 0.51953100 0.02636700 0.03281200
12 0.13476600 0.57382800 0.02539100 0.03203100
12 0.16796900 0.57421900 0.02539100 0.03281200
8 0.20214800 0.57421900 0.02539100 0.03281200
13 0.23535200 0.57421900 0.02539100 0.03281200
6 0.30273400 0.57421900 0.02539100 0.03281200
1 0.43847700 0.57421900 0.02539100 0.03281200
11 0.50683600 0.57304700 0.02539100 0.03359400
0 0.60937500 0.57148400 0.02539100 0.03359400
18 0.67871100 0.57031200 0.02539100 0.03281200
2 0.78271500 0.57031200 0.02636700 0.03281200
18 0.85351600 0.56953100 0.02539100 0.03281300
4 0.16748000 0.62500000 0.02636700 0.03281200
18 0.23388700 0.62500000 0.02636700 0.03281200
0 0.33544900 0.62460900 0.02636700 0.03359400
11 0.40380900 0.62382800 0.02636700 0.03359400
3 0.50634800 0.62382800 0.02636700 0.03359400
18 0.57568400 0.62343700 0.02636700 0.03437500
12 0.16503900 0.67460900 0.02734400 0.03359400
8 0.19824200 0.67617200 0.02734400 0.03359400
12 0.26562500 0.67578100 0.02734400 0.03281200
8 0.29931600 0.67578100 0.02636700 0.03281200
13 0.33398400 0.67578100 0.02734400 0.03281200
14 0.36816400 0.67578100 0.02734400 0.03281200
17 0.40283200 0.67578100 0.02636700 0.03281200
0 0.54199200 0.67656200 0.02734400 0.03437500
11 0.61181600 0.67578100 0.02636700 0.03437500
2 0.71777300 0.67578100 0.02734400 0.03437500
18 0.78906200 0.67578100 0.02734400 0.03437500
1 0.16064500 0.72695300 0.02636700 0.03515600
11 0.22900400 0.72734400 0.02636700 0.03437500
3 0.33203100 0.72734400 0.02734400 0.03437500
4 0.47216800 0.72812500 0.02636700 0.03437500
18 0.54248000 0.72851600 0.02636700 0.03359400
3 0.64892600 0.72929700 0.02636700 0.03359400
6 0.72070300 0.72812500 0.02734400 0.03437500
1 0.15722700 0.77734400 0.02734400 0.03437500
8 0.22656200 0.78007800 0.02734400 0.03359400
3 0.33105500 0.78007800 0.02734400 0.03359400
18 0.40136700 0.78007800 0.02734400 0.03359400
1 0.50683600 0.78125000 0.02734400 0.03437500
11 0.57763700 0.78164100 0.02636700 0.03515600
