6 0.15312500 0.17656250 0.08750000 0.17656250
15 0.03437500 0.66562500 0.06718750 0.20781250
14 0.24843750 0.15156250 0.09062500 0.17500000
13 0.35625000 0.12500000 0.09062500 0.16562500
18 0.14375000 0.66406250 0.11406250 0.22031250
4 0.27500000 0.62187500 0.10468750 0.22031250
18 0.43437500 0.88281250 0.10468750 0.23437500
4 0.46406250 0.11406250 0.08281250 0.15781250
16 0.40000000 0.59531250 0.10781250 0.20156250
23 0.56406250 0.83593750 0.12187500 0.22500000
1 0.73906250 0.51562500 0.10781250 0.21875000
