11 0.11093750 0.23593750 0.08750000 0.17500000
19 0.20312500 0.21093750 0.09375000 0.17500000
17 0.30937500 0.17812500 0.08593750 0.17968750
7 0.04531250 0.48750000 0.08750000 0.18750000
4 0.13437500 0.45625000 0.09062500 0.18125000
16 0.08125000 0.69531250 0.09375000 0.16718750
4 0.09843750 0.89843750 0.07656250 0.15312500
11 0.20000000 0.89375000 0.09375000 0.17031250
7 0.40937500 0.16093750 0.09531250 0.18437500
12 0.29062500 0.86875000 0.09531250 0.19375000
4 0.17656250 0.66093750 0.08281250 0.16093750
11 0.33593750 0.40312500 0.09531250 0.16718750
4 0.27187500 0.63750000 0.09375000 0.17187500
14 0.40000000 0.84218750 0.10468750 0.17968750
14 0.44062500 0.38281250 0.08750000 0.16718750
18 0.60781250 0.10937500 0.08281250 0.17656250
14 0.52812500 0.36093750 0.09062500 0.16718750
3 0.47031250 0.57812500 0.09843750 0.17656250
18 0.60000000 0.76875000 0.08281250 0.19375000
14 0.69531250 0.74687500 0.09531250 0.17500000
23 0.65312500 0.52500000 0.09531250 0.17500000
0 0.55468750 0.55937500 0.07812500 0.16250000
