11 0.28437500 0.55468750 0.10937500 0.13125000
19 0.38750000 0.52031250 0.11250000 0.13125000
4 0.47031250 0.50312500 0.09062500 0.15312500
25 0.56406250 0.47656250 0.08125000 0.13906250
1 0.19531250 0.59062500 0.10781250 0.16562500
3 0.31562500 0.74218750 0.08750000 0.15781250
14 0.41250000 0.71875000 0.08593750 0.15312500
21 0.50312500 0.68437500 0.08281250 0.17187500
13 0.58125000 0.65468750 0.08125000 0.15781250
18 0.70000000 0.80937500 0.08281250 0.16250000
7 0.78281250 0.78593750 0.07812500 0.15625000
16 0.52812500 0.87812500 0.08125000 0.15312500
4 0.43906250 0.90468750 0.09062500 0.15625000
12 0.14531250 0.79375000 0.07812500 0.14375000
18 0.35312500 0.92968750 0.07812500 0.14062500
12 0.31406250 0.14218750 0.07343750 0.14843750
0 0.40156250 0.12187500 0.07656250 0.15312500
3 0.48906250 0.09843750 0.08281250 0.16093750
