3 0.05937500 0.86562500 0.09375000 0.18906250
14 0.09062500 0.38125000 0.09843750 0.17500000
5 0.19687500 0.35468750 0.09375000 0.17656250
4 0.11093750 0.63437500 0.08593750 0.17656250
18 0.21562500 0.60937500 0.09531250 0.17968750
18 0.42187500 0.32500000 0.09062500 0.16718750
4 0.35312500 0.82187500 0.08750000 0.16250000
11 0.46562500 0.79375000 0.10000000 0.18906250
11 0.44375000 0.54375000 0.08593750 0.14843750
7 0.51250000 0.32500000 0.08125000 0.17031250
14 0.54062500 0.52968750 0.09062500 0.15312500
14 0.66406250 0.72500000 0.09843750 0.17500000
12 0.56406250 0.75781250 0.08593750 0.17656250
0 0.60625000 0.30937500 0.08593750 0.17187500
18 0.69375000 0.29843750 0.07812500 0.18125000
17 0.63125000 0.50312500 0.08593750 0.16250000
