14 0.14375000 0.37343750 0.11718750 0.22500000
19 0.26875000 0.35625000 0.10312500 0.21093750
17 0.39843750 0.33750000 0.09843750 0.21875000
4 0.51250000 0.33125000 0.10468750 0.21875000
0 0.14843750 0.66406250 0.10468750 0.20312500
2 0.28906250 0.62187500 0.10468750 0.20156250
10 0.42656250 0.62187500 0.12187500 0.19687500
17 0.57031250 0.87187500 0.10468750 0.21875000
18 0.70000000 0.85625000 0.10468750 0.22500000
18 0.67500000 0.57500000 0.10312500 0.20781250
21 0.12656250 0.10156250 0.10468750 0.18125000
