11 0.30468750 0.17343750 0.09062500 0.16093750
14 0.40625000 0.17031250 0.09062500 0.15781250
14 0.50000000 0.15937500 0.08593750 0.16250000
16 0.03437500 0.43906250 0.06718750 0.17031250
4 0.11718750 0.42968750 0.09062500 0.18125000
4 0.22187500 0.42500000 0.10312500 0.20156250
3 0.42656250 0.38125000 0.09531250 0.17500000
0 0.51562500 0.37187500 0.08281250 0.17031250
23 0.60781250 0.34687500 0.09062500 0.17656250
17 0.69531250 0.34218750 0.08281250 0.17656250
4 0.04375000 0.67500000 0.08750000 0.17187500
11 0.13281250 0.65781250 0.09531250 0.18437500
12 0.23281250 0.63750000 0.10312500 0.17500000
14 0.34062500 0.62187500 0.10000000 0.18906250
18 0.53437500 0.56875000 0.09062500 0.16562500
18 0.15781250 0.88906250 0.08593750 0.18906250
7 0.06406250 0.88750000 0.07812500 0.17031250
25 0.25312500 0.87812500 0.08281250 0.18125000
3 0.36406250 0.90468750 0.10312500 0.18906250
17 0.55468750 0.80156250 0.09531250 0.18125000
0 0.65312500 0.77968750 0.08593750 0.17968750
4 0.10937500 0.22031250 0.08281250 0.17968750
14 0.62812500 0.55937500 0.09375000 0.17031250
