18 0.04843750 0.63750000 0.09531250 0.17968750
18 0.22656250 0.35312500 0.09062500 0.16718750
4 0.15625000 0.86718750 0.10312500 0.17187500
11 0.26250000 0.85156250 0.10000000 0.18906250
11 0.23750000 0.58906250 0.09062500 0.15781250
7 0.33593750 0.34218750 0.08750000 0.17500000
14 0.36093750 0.56250000 0.09531250 0.16718750
14 0.48125000 0.77343750 0.09843750 0.17500000
12 0.37343750 0.80312500 0.08750000 0.17656250
0 0.44062500 0.32031250 0.08593750 0.17031250
18 0.53906250 0.30625000 0.09062500 0.17968750
17 0.46562500 0.53750000 0.08593750 0.16250000
18 0.56406250 0.51250000 0.09062500 0.17968750
