22 0.22900400 0.11373500 0.01660200 0.02398300
12 0.26074200 0.11337200 0.01562500 0.02325600
4 0.29199200 0.11228200 0.01562500 0.02398300
18 0.32421900 0.11119200 0.01562500 0.02325600
19 0.35742200 0.10973800 0.01562500 0.02325600
8 0.39111300 0.11082800 0.01660200 0.02398300
10 0.45459000 0.11046500 0.01660200 0.02325600
0 0.48779300 0.11082800 0.01660200 0.02398300
11 0.52002000 0.11082800 0.01660200 0.02398300
4 0.55224600 0.11119200 0.01660200 0.02325600
13 0.58544900 0.11119200 0.01660200 0.02325600
3 0.61767600 0.11228200 0.01660200 0.02398300
20 0.64941400 0.11300900 0.01757800 0.02398300
11 0.68115200 0.11373500 0.01660200 0.02398300
14 0.71337900 0.11482600 0.01660200 0.02325600
19 0.22753900 0.15552300 0.01562500 0.02470900
19 0.29003900 0.15298000 0.01562500 0.02398300
10 0.32226600 0.15189000 0.01562500 0.02470900
0 0.35498000 0.15189000 0.01660200 0.02470900
12 0.42138700 0.15189000 0.01660200 0.02470900
14 0.45556600 0.15116300 0.01660200 0.02470900
15 0.55322300 0.15261600 0.01660200 0.02470900
14 0.58544900 0.15334300 0.01660200 0.02470900
11 0.61669900 0.15370600 0.01660200 0.02398300
14 0.64990200 0.15443300 0.01660200 0.02398300
11 0.68212900 0.15552300 0.01660200 0.02470900
0 0.71533200 0.15661300 0.01660200 0.02398300
14 0.78076200 0.15806700 0.01660200 0.02398300
6 0.81201200 0.15879400 0.01660200 0.02398300
14 0.84423800 0.15952000 0.01660200 0.02398300
17 0.16503900 0.20276200 0.01562500 0.02470900
14 0.19531200 0.20058100 0.01562500 0.02470900
3 0.22607400 0.19912800 0.01660200 0.02470900
8 0.29003900 0.19404100 0.01757800 0.02470900
13 0.35400400 0.19404100 0.01660200 0.02470900
0 0.38720700 0.19404100 0.01660200 0.02470900
16 0.42041000 0.19404100 0.01660200 0.02470900
0 0.45361300 0.19404100 0.01660200 0.02470900
11 0.48681600 0.19404100 0.01660200 0.02470900
0 0.52002000 0.19549400 0.01660200 0.02470900
1 0.58544900 0.19731100 0.01660200 0.02543600
17 0.61865200 0.19803800 0.01660200 0.02543600
0 0.65087900 0.19731100 0.01660200 0.02398300
13 0.68408200 0.19803800 0.01660200 0.02398300
8 0.71826200 0.19876500 0.01660200 0.02398300
19 0.75048800 0.19949100 0.01660200 0.02398300
21 0.84716800 0.20094500 0.01660200 0.02398300
14 0.87744100 0.20312500 0.01660200 0.02398300
18 0.90869100 0.20421500 0.01660200 0.02470900
19 0.16308600 0.24418600 0.01562500 0.02470900
4 0.19238300 0.24273300 0.01562500 0.02470900
13 0.22363300 0.24127900 0.01562500 0.02470900
8 0.25585900 0.23982600 0.01562500 0.02470900
15 0.42041000 0.23691900 0.01660200 0.02616300
17 0.45361300 0.23728200 0.01660200 0.02543600
4 0.48681600 0.23800900 0.01660200 0.02543600
4 0.52099600 0.23873500 0.01660200 0.02543600
25 0.55419900 0.23873500 0.01660200 0.02543600
9 0.58740200 0.23946200 0.01660200 0.02543600
0 0.61962900 0.24018900 0.01660200 0.02543600
22 0.78418000 0.24345900 0.01562500 0.02470900
4 0.81689500 0.24454900 0.01660200 0.02543600
18 0.84814500 0.24527600 0.01660200 0.02543600
13 0.16015600 0.28742700 0.01562500 0.02543600
14 0.19043000 0.28597400 0.01562500 0.02543600
22 0.28710900 0.28234000 0.01562500 0.02543600
14 0.35205100 0.28088700 0.01660200 0.02543600
6 0.38574200 0.28088700 0.01757800 0.02543600
14 0.41894500 0.28088700 0.01757800 0.02543600
17 0.45361300 0.28088700 0.01660200 0.02543600
14 0.48730500 0.28161300 0.01757800 0.02543600
3 0.52099600 0.28197700 0.01660200 0.02616300
19 0.65478500 0.28452000 0.01660200 0.02543600
0 0.68701200 0.28488400 0.01660200 0.02616300
12 0.71972700 0.28561000 0.01757800 0.02616300
15 0.78564500 0.28706400 0.01660200 0.02616300
20 0.81738300 0.28779100 0.01562500 0.02470900
18 0.84912100 0.28851700 0.01660200 0.02470900
19 0.88183600 0.28960800 0.01562500 0.02543600
0 0.91406200 0.29033400 0.01562500 0.02543600
11 0.15722700 0.33175900 0.01562500 0.02543600
8 0.18750000 0.33066900 0.01562500 0.02616300
14 0.28369100 0.32703500 0.01660200 0.02616300
3 0.31689500 0.32630800 0.01660200 0.02616300
13 0.35009800 0.32630800 0.01660200 0.02616300
0 0.38378900 0.32485500 0.01757800 0.02616300
12 0.45263700 0.32630800 0.01660200 0.02616300
4 0.48681600 0.32667200 0.01660200 0.02543600
3 0.52099600 0.32703500 0.01660200 0.02616300
20 0.55419900 0.32776200 0.01660200 0.02616300
13 0.58837900 0.32776200 0.01660200 0.02616300
8 0.62207000 0.32848800 0.01757800 0.02616300
2 0.65478500 0.32848800 0.01660200 0.02616300
0 0.68701200 0.32957800 0.01660200 0.02543600
17 0.18505900 0.37500000 0.01660200 0.02616300
0 0.21484400 0.37427300 0.01562500 0.02616300
18 0.24804700 0.37318300 0.01562500 0.02543600
19 0.28173800 0.37209300 0.01660200 0.02616300
19 0.34960900 0.37209300 0.01757800 0.02616300
22 0.48681600 0.37209300 0.01660200 0.02616300
18 0.52002000 0.37318300 0.01660200 0.02689000
19 0.55371100 0.37318300 0.01757800 0.02689000
0 0.58740200 0.37282000 0.01660200 0.02616300
11 0.62060500 0.37354700 0.01660200 0.02616300
13 0.75537100 0.37645300 0.01660200 0.02616300
0 0.78759800 0.37718000 0.01660200 0.02616300
10 0.85302700 0.37827000 0.01660200 0.02689000
14 0.88623000 0.37863400 0.01660200 0.02616300
11 0.15136700 0.42078500 0.01562500 0.02616300
4 0.18164100 0.42042200 0.01562500 0.02689000
13 0.21289100 0.42005800 0.01562500 0.02616300
8 0.24609400 0.41896800 0.01757800 0.02689000
15 0.31347700 0.41824100 0.01757800 0.02689000
14 0.34765600 0.41824100 0.01757800 0.02689000
15 0.38183600 0.41896800 0.01757800 0.02689000
17 0.41699200 0.41896800 0.01757800 0.02689000
14 0.45117200 0.41896800 0.01757800 0.02689000
18 0.48535200 0.41824100 0.01757800 0.02689000
8 0.55468800 0.41933100 0.01757800 0.02761600
11 0.58789100 0.41969500 0.01757800 0.02689000
15 0.65625000 0.42042200 0.01757800 0.02689000
17 0.69043000 0.42114800 0.01757800 0.02689000
14 0.72314500 0.42151200 0.01660200 0.02616300
23 0.75732400 0.42187500 0.01660200 0.02689000
4 0.79150400 0.42223800 0.01660200 0.02616300
13 0.82324200 0.42223800 0.01757800 0.02616300
8 0.85693400 0.42296500 0.01660200 0.02616300
4 0.88916000 0.42369200 0.01660200 0.02616300
20 0.14892600 0.46766000 0.01660200 0.02689000
12 0.24414100 0.46620600 0.01562500 0.02689000
4 0.27783200 0.46548000 0.01660200 0.02689000
3 0.31201200 0.46511600 0.01660200 0.02761600
20 0.34570300 0.46511600 0.01757800 0.02761600
13 0.38037100 0.46584300 0.01660200 0.02761600
8 0.41503900 0.46584300 0.01757800 0.02761600
2 0.45117200 0.46584300 0.01757800 0.02761600
14 0.62255900 0.46693300 0.01660200 0.02689000
13 0.65625000 0.46693300 0.01757800 0.02689000
0 0.69043000 0.46693300 0.01757800 0.02689000
14 0.75830100 0.46838700 0.01660200 0.02689000
10 0.79150400 0.46984000 0.01660200 0.02689000
0 0.82470700 0.46984000 0.01660200 0.02689000
25 0.85791000 0.47020300 0.01660200 0.02616300
0 0.89111300 0.47056700 0.01660200 0.02689000
11 0.14599600 0.51380800 0.01660200 0.02761600
0 0.17627000 0.51380800 0.01660200 0.02761600
18 0.20752000 0.51344500 0.01660200 0.02689000
12 0.31054700 0.51271800 0.01757800 0.02834300
8 0.34472700 0.51235500 0.01757800 0.02761600
11 0.37890600 0.51271800 0.01757800 0.02834300
0 0.41406200 0.51308100 0.01757800 0.02761600
18 0.44970700 0.51308100 0.01660200 0.02761600
19 0.48535200 0.51344500 0.01757800 0.02834300
11 0.51953100 0.51380800 0.01757800 0.02761600
8 0.55468800 0.51417200 0.01757800 0.02834300
22 0.58984400 0.51453500 0.01757800 0.02761600
0 0.62304700 0.51308100 0.01757800 0.02761600
8 0.72607400 0.51598800 0.01660200 0.02616300
15 0.79345700 0.51598800 0.01660200 0.02616300
17 0.82714800 0.51598800 0.01757800 0.02616300
14 0.85986300 0.51671500 0.01660200 0.02616300
18 0.89306600 0.51671500 0.01660200 0.02616300
19 0.14306600 0.56141000 0.01660200 0.02834300
8 0.17334000 0.56250000 0.01660200 0.02761600
11 0.20507800 0.56213700 0.01757800 0.02834300
0 0.23877000 0.56213700 0.01660200 0.02834300
7 0.30859400 0.56213700 0.01757800 0.02834300
14 0.34277300 0.56213700 0.01757800 0.02834300
25 0.37890600 0.56177300 0.01757800 0.02761600
8 0.44921900 0.56141000 0.01757800 0.02834300
13 0.48388700 0.56141000 0.01660200 0.02834300
0 0.51904300 0.56177300 0.01660200 0.02761600
0 0.62451200 0.56250000 0.01660200 0.02761600
10 0.69482400 0.56286300 0.01660200 0.02834300
0 0.72705100 0.56322700 0.01660200 0.02761600
11 0.76123000 0.56322700 0.01660200 0.02761600
4 0.79541000 0.56322700 0.01660200 0.02616300
13 0.82959000 0.56322700 0.01660200 0.02616300
3 0.86279300 0.56322700 0.01660200 0.02616300
20 0.89648400 0.56395300 0.01562500 0.02616300
11 0.13916000 0.61010200 0.01660200 0.02834300
13 0.23681600 0.61046500 0.01660200 0.02761600
4 0.27148400 0.61046500 0.01757800 0.02761600
22 0.37793000 0.61082800 0.01757800 0.02834300
8 0.62597700 0.61155500 0.01757800 0.02834300
3 0.66015600 0.61155500 0.01757800 0.02834300
0 0.69433600 0.61191900 0.01757800 0.02907000
19 0.72900400 0.61228200 0.01660200 0.02834300
13 0.20117200 0.65988400 0.01757800 0.02907000
0 0.23339800 0.65988400 0.01757800 0.02907000
3 0.26904300 0.66061000 0.01660200 0.02907000
14 0.30419900 0.66061000 0.01660200 0.02907000
3 0.37646500 0.66133700 0.01660200 0.02907000
20 0.41162100 0.66133700 0.01660200 0.02907000
12 0.44726600 0.66133700 0.01757800 0.02907000
0 0.48339800 0.66133700 0.01757800 0.02907000
19 0.51904300 0.66133700 0.01660200 0.02907000
15 0.62646500 0.66133700 0.01660200 0.02907000
17 0.66113300 0.66133700 0.01757800 0.02907000
4 0.69628900 0.66170100 0.01757800 0.02834300
9 0.73144500 0.66170100 0.01757800 0.02834300
3 0.76611300 0.66097400 0.01660200 0.02834300
4 0.80127000 0.66024700 0.01660200 0.02834300
16 0.86865200 0.65952000 0.01660200 0.02834300
4 0.90185500 0.66097400 0.01660200 0.02834300
12 0.93505900 0.66061000 0.01660200 0.02761600
15 0.13476600 0.71002900 0.01562500 0.02907000
17 0.16650400 0.71002900 0.01660200 0.02907000
14 0.19873000 0.71075600 0.01660200 0.02907000
8 0.23242200 0.71111900 0.01757800 0.02979700
25 0.26660200 0.71148300 0.01757800 0.02907000
13 0.30273400 0.71184600 0.01757800 0.02979700
14 0.33691400 0.71184600 0.01757800 0.02979700
18 0.37402300 0.71220900 0.01757800 0.02907000
8 0.41064500 0.71220900 0.01660200 0.02907000
19 0.44628900 0.71220900 0.01757800 0.02907000
1 0.55468800 0.71220900 0.01757800 0.02907000
17 0.58984400 0.71220900 0.01757800 0.02907000
0 0.62597700 0.71220900 0.01757800 0.02907000
13 0.66162100 0.71220900 0.01855500 0.02907000
13 0.69677700 0.71220900 0.01660200 0.02907000
4 0.76855500 0.71257300 0.01562500 0.02834300
18 0.87011700 0.71111900 0.01562500 0.02834300
11 0.90380900 0.71111900 0.01660200 0.02834300
14 0.93798800 0.71039200 0.01660200 0.02834300
22 0.13232400 0.75908400 0.01660200 0.02834300
0 0.16308600 0.75981100 0.01757800 0.02834300
22 0.23046900 0.76162800 0.01757800 0.02761600
14 0.26416000 0.76344500 0.01855500 0.02834300
10 0.29931600 0.76344500 0.01855500 0.02834300
17 0.33544900 0.76344500 0.01855500 0.02834300
20 0.37255900 0.76344500 0.01855500 0.02834300
6 0.40966800 0.76344500 0.01855500 0.02834300
18 0.48291000 0.76380800 0.01855500 0.02907000
22 0.51904300 0.76344500 0.01855500 0.02834300
14 0.55517600 0.76417200 0.01855500 0.02834300
4 0.59179700 0.76344500 0.01757800 0.02834300
6 0.62744100 0.76344500 0.01855500 0.02834300
14 0.66308600 0.76308100 0.01757800 0.02907000
3 0.73437500 0.76235500 0.01757800 0.02907000
14 0.76904300 0.76199100 0.01855500 0.02834300
12 0.80371100 0.76199100 0.01757800 0.02834300
0 0.83691400 0.76199100 0.01757800 0.02834300
