17 0.22812500 0.16666667 0.03593750 0.11111111
0 0.26718750 0.15972222 0.02968750 0.11111111
6 0.30468750 0.16666667 0.03437500 0.10763889
4 0.34375000 0.16319444 0.03281250 0.11111111
18 0.42187500 0.16319444 0.03437500 0.12500000
8 0.02343750 0.45138889 0.03593750 0.11805556
0 0.06093750 0.45138889 0.02812500 0.12152778
13 0.09687500 0.45138889 0.03593750 0.13194444
24 0.17343750 0.45486111 0.03750000 0.12500000
18 0.37656250 0.44791667 0.03281250 0.12847222
4 0.41562500 0.45486111 0.03593750 0.13194444
2 0.58437500 0.44444444 0.03906250 0.12500000
13 0.66875000 0.44791667 0.03593750 0.13888889
0 0.71093750 0.45138889 0.03593750 0.13541667
7 0.75468750 0.45138889 0.03906250 0.13194444
0 0.79687500 0.45138889 0.03593750 0.12847222
13 0.83750000 0.45486111 0.03437500 0.13888889
20 0.04687500 0.59375000 0.03437500 0.12500000
12 0.08593750 0.60069444 0.03125000 0.11805556
15 0.12812500 0.60069444 0.03750000 0.13194444
18 0.16875000 0.60069444 0.03593750 0.13194444
18 0.24687500 0.59722222 0.03593750 0.12152778
20 0.28906250 0.60069444 0.03906250 0.13194444
2 0.32968750 0.60416667 0.03281250 0.11805556
10 0.37343750 0.60069444 0.03906250 0.12500000
0 0.49531250 0.59722222 0.03437500 0.12500000
13 0.53906250 0.60069444 0.03437500 0.12152778
7 0.66875000 0.60416667 0.03750000 0.13888889
4 0.71406250 0.61111111 0.03906250 0.13541667
13 0.87812500 0.62847222 0.03125000 0.13888889
17 0.23906250 0.75694444 0.03750000 0.12500000
8 0.28125000 0.75694444 0.03437500 0.12847222
8 0.36562500 0.75694444 0.03906250 0.13541667
0 0.40781250 0.75694444 0.03125000 0.13888889
13 0.45000000 0.76041667 0.03593750 0.13888889
24 0.53750000 0.76041667 0.03593750 0.12500000
7 0.76093750 0.76736111 0.03750000 0.14583333
4 0.80625000 0.76736111 0.03593750 0.13194444
