5 0.08125000 0.24843750 0.08750000 0.17968750
11 0.17500000 0.21562500 0.08750000 0.17500000
19 0.27031250 0.19062500 0.09062500 0.17500000
17 0.37031250 0.17500000 0.08750000 0.17031250
18 0.03125000 0.47500000 0.06250000 0.17656250
7 0.11093750 0.46718750 0.08750000 0.18750000
4 0.20156250 0.44218750 0.08593750 0.18437500
7 0.05000000 0.70937500 0.08750000 0.19218750
16 0.14218750 0.68593750 0.09375000 0.16718750
4 0.16093750 0.89375000 0.09062500 0.16718750
11 0.25625000 0.88125000 0.09375000 0.16718750
7 0.46718750 0.14531250 0.09375000 0.17187500
12 0.35000000 0.86093750 0.09531250 0.19375000
4 0.22656250 0.64687500 0.08281250 0.16093750
11 0.39843750 0.38437500 0.08125000 0.15625000
4 0.32812500 0.62343750 0.08125000 0.17031250
14 0.47031250 0.83125000 0.10312500 0.17968750
14 0.49062500 0.37343750 0.08750000 0.16718750
18 0.65937500 0.10468750 0.07343750 0.16250000
14 0.58593750 0.34843750 0.09062500 0.16718750
3 0.51875000 0.56562500 0.09531250 0.17656250
18 0.65468750 0.76875000 0.08281250 0.19375000
14 0.74531250 0.74062500 0.08593750 0.18750000
