17 0.50234375 0.64531250 0.09687500 0.09375000
11 0.60468750 0.49531250 0.08281250 0.08281250
19 0.76484375 0.64531250 0.08125000 0.09218750
5 0.72343750 0.38750000 0.08593750 0.07968750
16 0.36093750 0.64765625 0.09062500 0.09375000
9 0.36093750 0.50312500 0.08125000 0.08281250
13 0.85781250 0.49765625 0.08750000 0.07812500
20 0.88984375 0.64609375 0.09531250 0.09062500
4 0.60234375 0.39296875 0.08593750 0.08437500
18 0.62812500 0.64453125 0.09062500 0.09531250
2 0.36796875 0.39453125 0.08437500 0.08125000
21 0.18750000 0.80390625 0.09531250 0.09687500
3 0.47812500 0.39609375 0.07500000 0.07968750
7 0.11484375 0.50781250 0.07812500 0.08593750
6 0.83716353 0.38516005 0.10368274 0.07893837
0 0.14771255 0.39318257 0.08801471 0.08105020
1 0.26223166 0.39109909 0.09701622 0.08221528
8 0.23772756 0.50449790 0.10801804 0.09706737
10 0.48808690 0.50534151 0.09538078 0.08937647
12 0.73439810 0.49708747 0.10284176 0.08787337
14 0.08370190 0.65509484 0.10801797 0.11256975
15 0.22622567 0.64608929 0.11101850 0.10506507
22 0.31924117 0.80233994 0.11101857 0.12607814
23 0.46176494 0.79984248 0.11201865 0.12506932
24 0.60248959 0.79449608 0.11661710 0.12375463
25 0.73839754 0.79633623 0.14085062 0.13658466
