0 0.35468750 0.09027778 0.03593750 0.10763889
19 0.46406250 0.08680556 0.03281250 0.10763889
18 0.80468750 0.07986111 0.03437500 0.11111111
0 0.84218750 0.07986111 0.03750000 0.11458333
19 0.23906250 0.22569444 0.03125000 0.10069444
11 0.38906250 0.22222222 0.02812500 0.10069444
0 0.68906250 0.22222222 0.03125000 0.10763889
15 0.76406250 0.22222222 0.03593750 0.10763889
4 0.91718750 0.22222222 0.03593750 0.11111111
0 0.31562500 0.36111111 0.03125000 0.11111111
12 0.39218750 0.36805556 0.03281250 0.11111111
0 0.42812500 0.36805556 0.03281250 0.11458333
13 0.46562500 0.36458333 0.03750000 0.11111111
11 0.68750000 0.36111111 0.02812500 0.10763889
14 0.72656250 0.36111111 0.03125000 0.11111111
14 0.91562500 0.36111111 0.03593750 0.11111111
18 0.08437500 0.50694444 0.03750000 0.12152778
20 0.12031250 0.50000000 0.03281250 0.11805556
12 0.15937500 0.50347222 0.03437500 0.11111111
18 0.31562500 0.50347222 0.03281250 0.11111111
22 0.43125000 0.50000000 0.03750000 0.11111111
13 0.76406250 0.50000000 0.03281250 0.11805556
8 0.11875000 0.64583333 0.03437500 0.11111111
17 0.15625000 0.64583333 0.03281250 0.10763889
24 0.23750000 0.64583333 0.03125000 0.10416667
19 0.39062500 0.64236111 0.03437500 0.11111111
2 0.57656250 0.64236111 0.02968750 0.10069444
13 0.65000000 0.63888889 0.03125000 0.10763889
18 0.95000000 0.63888889 0.03437500 0.11111111
14 0.15625000 0.79166667 0.03125000 0.11111111
13 0.27343750 0.79166667 0.03437500 0.11805556
