5 0.11718750 0.23750000 0.08750000 0.17968750
11 0.20312500 0.21562500 0.08750000 0.17500000
19 0.30312500 0.19062500 0.09375000 0.17500000
17 0.39843750 0.16562500 0.08750000 0.17031250
18 0.05000000 0.47187500 0.08593750 0.17500000
7 0.14375000 0.46718750 0.08750000 0.18750000
4 0.23906250 0.43437500 0.08593750 0.18750000
7 0.06562500 0.70468750 0.08750000 0.19218750
16 0.15937500 0.68593750 0.09375000 0.16718750
4 0.18281250 0.88437500 0.09062500 0.16718750
11 0.27968750 0.87812500 0.09375000 0.17031250
7 0.50312500 0.14531250 0.09375000 0.17187500
12 0.36875000 0.85156250 0.09531250 0.19687500
4 0.25312500 0.64375000 0.08281250 0.16093750
11 0.42968750 0.38281250 0.08125000 0.15312500
4 0.35625000 0.61562500 0.08125000 0.17031250
14 0.48750000 0.82031250 0.10468750 0.17968750
14 0.52656250 0.35937500 0.08750000 0.16718750
18 0.68437500 0.10468750 0.07656250 0.16250000
14 0.62031250 0.34843750 0.08750000 0.16718750
3 0.54687500 0.56250000 0.09843750 0.17656250
18 0.67968750 0.75312500 0.08281250 0.19375000
