0 0.21337900 0.12354700 0.02050800 0.02761600
4 0.27246100 0.11773300 0.01953100 0.02761600
5 0.34082000 0.11300900 0.01953100 0.02834300
4 0.37548800 0.11264500 0.01855500 0.02907000
22 0.41064500 0.11228200 0.01855500 0.02834300
17 0.44482400 0.11082800 0.01855500 0.02834300
0 0.47802700 0.11191900 0.01855500 0.02761600
11 0.51318400 0.11337200 0.01855500 0.02761600
3 0.21191400 0.16896800 0.01757800 0.02689000
14 0.24218800 0.16715100 0.01757800 0.02761600
12 0.27246100 0.16533400 0.01757800 0.02689000
0 0.30566400 0.16351700 0.01757800 0.02761600
13 0.37548800 0.16024700 0.01855500 0.02834300
17 0.51318400 0.16242700 0.01855500 0.02834300
0 0.54736300 0.16351700 0.01855500 0.02761600
1 0.58252000 0.16424400 0.01855500 0.02761600
14 0.61669900 0.16569800 0.01855500 0.02761600
19 0.65185500 0.16642400 0.01855500 0.02761600
0 0.68505900 0.16751500 0.01855500 0.02834300
20 0.20996100 0.21620600 0.01757800 0.02689000
15 0.24023400 0.21475300 0.01757800 0.02689000
17 0.27246100 0.21329900 0.01757800 0.02689000
1 0.40918000 0.21111900 0.01953100 0.02979700
6 0.44482400 0.21111900 0.02050800 0.02979700
22 0.20898400 0.26380800 0.01757800 0.02761600
14 0.23925800 0.26271800 0.01757800 0.02689000
3 0.27246100 0.26162800 0.01757800 0.02761600
13 0.30566400 0.26090100 0.01757800 0.02761600
18 0.44384800 0.26090100 0.01855500 0.02907000
15 0.47900400 0.26126500 0.01855500 0.02979700
14 0.51416000 0.26199100 0.01855500 0.02979700
17 0.54834000 0.26271800 0.01855500 0.02979700
19 0.58252000 0.26344500 0.01855500 0.02979700
1 0.68359400 0.26526200 0.01757800 0.02761600
4 0.71777300 0.26598800 0.01757800 0.02761600
17 0.75195300 0.26671500 0.01757800 0.02761600
4 0.78515600 0.26744200 0.01757800 0.02761600
6 0.81835900 0.26998500 0.01757800 0.02689000
14 0.85107400 0.27071200 0.01660200 0.02689000
22 0.88232400 0.27143900 0.01660200 0.02689000
14 0.91503900 0.27216600 0.01757800 0.02689000
10 0.17919900 0.31141000 0.01855500 0.02689000
1 0.20752000 0.31032000 0.01855500 0.02761600
17 0.23877000 0.30995600 0.01855500 0.02834300
22 0.30615200 0.30923000 0.01855500 0.02834300
17 0.40869100 0.30814000 0.01855500 0.02761600
0 0.44189500 0.30995600 0.01855500 0.02834300
3 0.47705100 0.30995600 0.01855500 0.02834300
14 0.51220700 0.31068300 0.01855500 0.02834300
18 0.54638700 0.31104700 0.01855500 0.02761600
19 0.58105500 0.31141000 0.01757800 0.02689000
13 0.61621100 0.31213700 0.01757800 0.02689000
12 0.75000000 0.31359000 0.01757800 0.02689000
0 0.78222700 0.31395300 0.01757800 0.02761600
11 0.81543000 0.31540700 0.01757800 0.02616300
16 0.88134800 0.31649700 0.01660200 0.02543600
8 0.91259800 0.31686000 0.01660200 0.02616300
10 0.94287100 0.31758700 0.01660200 0.02616300
0 0.20556600 0.50000000 0.01855500 0.02616300
5 0.23877000 0.50072700 0.01855500 0.02616300
5 0.30761700 0.50145300 0.01757800 0.02616300
4 0.34179700 0.50145300 0.01757800 0.02616300
22 0.37646500 0.50218000 0.01855500 0.02616300
17 0.41015600 0.50218000 0.01757800 0.02616300
0 0.44287100 0.50290700 0.01855500 0.02616300
11 0.47753900 0.50327000 0.01757800 0.02689000
10 0.20410200 0.54760200 0.01757800 0.02689000
11 0.23681600 0.54832800 0.01660200 0.02689000
0 0.27050800 0.54905500 0.01757800 0.02689000
18 0.30566400 0.54905500 0.01757800 0.02689000
18 0.33984400 0.54941900 0.01757800 0.02761600
13 0.37500000 0.54978200 0.01757800 0.02689000
0 0.40820300 0.54978200 0.01757800 0.02689000
17 0.51074200 0.54941900 0.01757800 0.02616300
0 0.54345700 0.55014500 0.01660200 0.02616300
1 0.57714800 0.55087200 0.01757800 0.02616300
14 0.61132800 0.55123500 0.01757800 0.02689000
19 0.64550800 0.55196200 0.01757800 0.02689000
0 0.67822300 0.55123500 0.01660200 0.02543600
20 0.20459000 0.59484000 0.01660200 0.02689000
20 0.30566400 0.59629400 0.01757800 0.02689000
20 0.40820300 0.59774700 0.01757800 0.02689000
20 0.51025400 0.59774700 0.01660200 0.02689000
20 0.61084000 0.59774700 0.01660200 0.02689000
20 0.71191400 0.59847400 0.01757800 0.02689000
20 0.81103500 0.59811000 0.01660200 0.02616300
20 0.90722700 0.59738400 0.01757800 0.02616300
20 0.17187500 0.64062500 0.01757800 0.02689000
20 0.23828100 0.64135200 0.01757800 0.02689000
20 0.30566400 0.64207800 0.01757800 0.02689000
20 0.37304700 0.64280500 0.01757800 0.02689000
20 0.44238300 0.64353200 0.01757800 0.02689000
20 0.50927700 0.64244200 0.01660200 0.02761600
20 0.57666000 0.64316900 0.01660200 0.02761600
20 0.64453100 0.64389500 0.01757800 0.02761600
20 0.71093800 0.64498500 0.01757800 0.02689000
20 0.77685500 0.64425900 0.01660200 0.02689000
20 0.84228500 0.64353200 0.01660200 0.02689000
20 0.90576200 0.64280500 0.01660200 0.02689000
1 0.20263700 0.68822700 0.01855500 0.02616300
8 0.23730500 0.68895300 0.01757800 0.02616300
1 0.26855500 0.68931700 0.01757800 0.02689000
11 0.30468800 0.68931700 0.01757800 0.02689000
8 0.33886700 0.68931700 0.01757800 0.02689000
14 0.37353500 0.68931700 0.01855500 0.02689000
19 0.40722700 0.68931700 0.01757800 0.02689000
4 0.44043000 0.69004400 0.01757800 0.02689000
10 0.47363300 0.69004400 0.01757800 0.02689000
0 0.50683600 0.69077000 0.01757800 0.02689000
3 0.60937500 0.69077000 0.01757800 0.02689000
14 0.64355500 0.68968000 0.01757800 0.02616300
17 0.67627000 0.69004400 0.01660200 0.02689000
14 0.71044900 0.69040700 0.01660200 0.02616300
6 0.74365200 0.69077000 0.01660200 0.02689000
0 0.77587900 0.69113400 0.01660200 0.02616300
14 0.17285200 0.73364800 0.01757800 0.02689000
3 0.20410200 0.73437500 0.01757800 0.02689000
8 0.23730500 0.73546500 0.01757800 0.02616300
13 0.27148400 0.73546500 0.01757800 0.02616300
0 0.30468800 0.73546500 0.01757800 0.02616300
3 0.33886700 0.73546500 0.01757800 0.02616300
2 0.37207000 0.73582800 0.01757800 0.02689000
0 0.40576200 0.73619200 0.01855500 0.02616300
19 0.43994100 0.73655500 0.01855500 0.02689000
1 0.54101600 0.73691900 0.01757800 0.02616300
14 0.57519500 0.73728200 0.01757800 0.02689000
6 0.60888700 0.73728200 0.01855500 0.02689000
0 0.64111300 0.73728200 0.01855500 0.02689000
19 0.67529300 0.73655500 0.01855500 0.02689000
18 0.70849600 0.73655500 0.01855500 0.02689000
19 0.74169900 0.73655500 0.01855500 0.02689000
22 0.77490200 0.73619200 0.01660200 0.02616300
14 0.80761700 0.73582800 0.01757800 0.02689000
3 0.17285200 0.77907000 0.01757800 0.02616300
14 0.20507800 0.77979700 0.01757800 0.02616300
18 0.27246100 0.77979700 0.01757800 0.02616300
22 0.30664100 0.77979700 0.01757800 0.02616300
8 0.34033200 0.78052300 0.01660200 0.02616300
3 0.37304700 0.78052300 0.01757800 0.02616300
13 0.40722700 0.78088700 0.01757800 0.02543600
8 0.44043000 0.78125000 0.01757800 0.02616300
22 0.57519500 0.78270300 0.01757800 0.02616300
14 0.60791000 0.78234000 0.01855500 0.02689000
17 0.64111300 0.78234000 0.01855500 0.02689000
14 0.67382800 0.78234000 0.01757800 0.02689000
1 0.70703100 0.78197700 0.01757800 0.02616300
4 0.74023400 0.78197700 0.01757800 0.02616300
15 0.17382800 0.82340100 0.01757800 0.02616300
14 0.20654300 0.82340100 0.01660200 0.02616300
13 0.23974600 0.82412800 0.01660200 0.02616300
8 0.27246100 0.82376500 0.01757800 0.02543600
3 0.30664100 0.82449100 0.01757800 0.02543600
4 0.33984400 0.82376500 0.01757800 0.02543600
11 0.37304700 0.82449100 0.01757800 0.02543600
13 0.44043000 0.82521800 0.01757800 0.02543600
8 0.47314500 0.82594500 0.01855500 0.02543600
10 0.50585900 0.82594500 0.01757800 0.02543600
15 0.60693400 0.82667200 0.01855500 0.02543600
19 0.67285200 0.82667200 0.01757800 0.02543600
13 0.70507800 0.82630800 0.01757800 0.02470900
8 0.73925800 0.82594500 0.01757800 0.02543600
2 0.77148400 0.82521800 0.01757800 0.02543600
0 0.80273400 0.82521800 0.01757800 0.02543600
17 0.17431600 0.86736900 0.01855500 0.02543600
20 0.20703100 0.86700600 0.01757800 0.02616300
18 0.24023400 0.86736900 0.01757800 0.02543600
18 0.27294900 0.86664200 0.01855500 0.02543600
10 0.30664100 0.86627900 0.01757800 0.02470900
8 0.34033200 0.86700600 0.01855500 0.02470900
11 0.47168000 0.86736900 0.01757800 0.02543600
0 0.50537100 0.86809600 0.01855500 0.02543600
15 0.53759800 0.86845900 0.01855500 0.02470900
0 0.57128900 0.86918600 0.01757800 0.02470900
19 0.60449200 0.86991300 0.01757800 0.02470900
0 0.63818400 0.87027600 0.01855500 0.02398300
