21 0.09687500 0.16406250 0.10781250 0.19843750
4 0.21718750 0.15781250 0.11406250 0.20781250
4 0.47187500 0.13906250 0.11406250 0.20625000
4 0.70781250 0.12343750 0.11250000 0.19687500
14 0.09062500 0.44375000 0.11250000 0.20625000
19 0.22656250 0.43593750 0.11250000 0.20156250
17 0.35000000 0.42500000 0.11250000 0.20625000
4 0.48125000 0.41718750 0.10468750 0.21093750
0 0.10000000 0.73125000 0.10937500 0.21875000
2 0.22968750 0.71875000 0.10937500 0.22500000
10 0.36250000 0.71562500 0.10468750 0.22031250
13 0.82500000 0.12187500 0.10000000 0.19375000
18 0.62187500 0.68125000 0.10937500 0.22968750
