7 0.27968750 0.05902778 0.03437500 0.11805556
24 0.19062500 0.05555556 0.03437500 0.11111111
14 0.41406250 0.06250000 0.03281250 0.12152778
3 0.76718750 0.05902778 0.03750000 0.11458333
11 0.23750000 0.21875000 0.03593750 0.12500000
18 0.36875000 0.21875000 0.03750000 0.13194444
17 0.50312500 0.22916667 0.03750000 0.12500000
4 0.54375000 0.22569444 0.03593750 0.13541667
12 0.58906250 0.22569444 0.03750000 0.13194444
3 0.67968750 0.22569444 0.03125000 0.11805556
4 0.90000000 0.22569444 0.03750000 0.12500000
4 0.76718750 0.38888889 0.03750000 0.12500000
15 0.63437500 0.38888889 0.03750000 0.11805556
15 0.41406250 0.38888889 0.03906250 0.12500000
19 0.01718750 0.54166667 0.03437500 0.12500000
7 0.58750000 0.55555556 0.03281250 0.11111111
18 0.67500000 0.55555556 0.03593750 0.12500000
18 0.76406250 0.72569444 0.03281250 0.12152778
11 0.63125000 0.72222222 0.03281250 0.11805556
0 0.58750000 0.72222222 0.03593750 0.12152778
13 0.27656250 0.71527778 0.03750000 0.12847222
13 0.10156250 0.87847222 0.03750000 0.12152778
14 0.27656250 0.88194444 0.03593750 0.12500000
2 0.80937500 0.89236111 0.03437500 0.12500000
4 0.85312500 0.89236111 0.03593750 0.12847222
