12 0.59843750 0.10078125 0.03593750 0.12812500
12 0.27500000 0.43750000 0.03750000 0.12500000
0 0.36875000 0.44062500 0.03906250 0.12500000
21 0.41406250 0.44062500 0.04062500 0.12812500
12 0.55156250 0.44453125 0.04062500 0.12187500
2 0.64218750 0.44453125 0.03906250 0.11796875
24 0.68750000 0.44765625 0.03750000 0.12187500
8 0.91250000 0.44765625 0.03593750 0.11484375
18 0.95625000 0.45156250 0.03750000 0.12187500
0 0.09375000 0.60078125 0.03750000 0.13203125
13 0.13593750 0.60781250 0.03750000 0.12812500
18 0.41406250 0.61093750 0.03906250 0.13203125
20 0.86718750 0.62187500 0.03437500 0.13203125
0 0.95468750 0.61796875 0.03437500 0.12187500
2 0.05000000 0.77421875 0.03437500 0.12500000
11 0.09375000 0.77421875 0.03906250 0.12500000
13 0.18125000 0.78125000 0.03906250 0.13203125
8 0.36875000 0.78125000 0.03906250 0.12500000
