19 0.13593750 0.62187500 0.10000000 0.15000000
4 0.23281250 0.60156250 0.09062500 0.16250000
25 0.34687500 0.56562500 0.08125000 0.13906250
3 0.11406250 0.84531250 0.08750000 0.15781250
14 0.20000000 0.82343750 0.08593750 0.15312500
21 0.30000000 0.78906250 0.09375000 0.16562500
13 0.38750000 0.75312500 0.08281250 0.16718750
18 0.51562500 0.89375000 0.08593750 0.16250000
7 0.59687500 0.87187500 0.08125000 0.15625000
12 0.08750000 0.21718750 0.07343750 0.14843750
0 0.17187500 0.19062500 0.07656250 0.15312500
3 0.26875000 0.15625000 0.08281250 0.16093750
18 0.56250000 0.67187500 0.08593750 0.14375000
19 0.55000000 0.09062500 0.08593750 0.13593750
4 0.36406250 0.14375000 0.08125000 0.15625000
16 0.67656250 0.83125000 0.08125000 0.13593750
7 0.64218750 0.65000000 0.07812500 0.14843750
5 0.60625000 0.46093750 0.07343750 0.14843750
11 0.69687500 0.43437500 0.08281250 0.15312500
