14 0.08593750 0.21875000 0.09062500 0.15781250
14 0.18437500 0.19531250 0.09375000 0.16562500
3 0.08750000 0.43593750 0.09531250 0.17500000
0 0.18437500 0.41875000 0.08125000 0.17031250
23 0.30468750 0.39843750 0.09843750 0.17656250
17 0.41250000 0.38593750 0.08593750 0.17500000
18 0.20000000 0.66562500 0.10000000 0.17656250
17 0.23281250 0.90468750 0.09531250 0.18125000
0 0.33281250 0.89218750 0.08593750 0.17968750
14 0.31718750 0.63593750 0.09062500 0.18125000
8 0.44062500 0.86562500 0.08750000 0.19375000
3 0.55000000 0.83281250 0.09062500 0.18906250
6 0.52812500 0.59218750 0.09531250 0.18125000
14 0.60000000 0.35937500 0.08593750 0.16718750
5 0.69687500 0.35156250 0.08593750 0.17656250
4 0.62656250 0.58593750 0.08750000 0.18125000
