19 0.09062500 0.40312500 0.10312500 0.21250000
17 0.22500000 0.37812500 0.09843750 0.21875000
4 0.35625000 0.35781250 0.10468750 0.21875000
2 0.10625000 0.67031250 0.10468750 0.20156250
10 0.25000000 0.66875000 0.11250000 0.22031250
18 0.53906250 0.88750000 0.10468750 0.22500000
18 0.51250000 0.61718750 0.10312500 0.20781250
7 0.63593750 0.59062500 0.11406250 0.21562500
8 0.59843750 0.31875000 0.10781250 0.21875000
0 0.66718750 0.88281250 0.11875000 0.22500000
13 0.71718750 0.29375000 0.10781250 0.22031250
