5 0.09843750 0.38125000 0.09375000 0.17968750
18 0.11562500 0.62812500 0.09531250 0.17968750
18 0.32343750 0.34687500 0.08750000 0.16718750
4 0.24375000 0.85625000 0.10312500 0.17187500
11 0.35625000 0.82968750 0.10000000 0.18906250
11 0.33750000 0.57031250 0.09062500 0.16093750
7 0.41875000 0.33437500 0.08125000 0.17031250
14 0.45000000 0.54531250 0.09531250 0.15312500
14 0.56718750 0.75781250 0.09843750 0.17500000
12 0.46093750 0.78437500 0.08593750 0.17656250
0 0.51875000 0.31718750 0.08593750 0.17187500
18 0.61250000 0.30781250 0.07812500 0.17968750
17 0.54843750 0.52343750 0.08593750 0.16250000
18 0.64375000 0.50781250 0.09375000 0.17968750
