21 0.15937500 0.14687500 0.10781250 0.19843750
4 0.28906250 0.14062500 0.11406250 0.20625000
4 0.52500000 0.11875000 0.11406250 0.20625000
4 0.76875000 0.11562500 0.11250000 0.19687500
14 0.16406250 0.41562500 0.11250000 0.20625000
19 0.29375000 0.41406250 0.11250000 0.20156250
17 0.41875000 0.40937500 0.11250000 0.20625000
4 0.55000000 0.40000000 0.10468750 0.21093750
0 0.17031250 0.71718750 0.10937500 0.21875000
2 0.30468750 0.70781250 0.10937500 0.22812500
10 0.43281250 0.70468750 0.10468750 0.22031250
13 0.87812500 0.10781250 0.09375000 0.19375000
18 0.67500000 0.68593750 0.10937500 0.22968750
