3 0.23750000 0.17968750 0.10937500 0.19218750
16 0.36718750 0.17656250 0.11250000 0.19687500
14 0.49375000 0.17343750 0.11875000 0.21250000
20 0.61718750 0.13593750 0.11406250 0.21093750
17 0.52812500 0.42968750 0.09843750 0.19843750
16 0.16875000 0.81093750 0.13437500 0.21875000
4 0.31093750 0.78281250 0.12500000 0.22812500
25 0.44531250 0.75312500 0.11406250 0.21875000
2 0.27187500 0.46250000 0.11718750 0.21250000
0 0.40312500 0.44687500 0.10781250 0.19687500
4 0.73750000 0.12812500 0.10937500 0.21093750
4 0.64531250 0.40937500 0.10468750 0.21875000
