0 0.09140625 0.15781250 0.06875000 0.06406250
1 0.24609375 0.15781250 0.06875000 0.06718750
2 0.42500000 0.15625000 0.06640625 0.06406250
3 0.58984375 0.15781250 0.07109375 0.06718750
4 0.74375000 0.15625000 0.07109375 0.06406250
5 0.91250000 0.15625000 0.07109375 0.06562500
6 0.08750000 0.28281250 0.06640625 0.06562500
7 0.24375000 0.28281250 0.06250000 0.06406250
8 0.41875000 0.28281250 0.06250000 0.06406250
9 0.56875000 0.28125000 0.06640625 0.07031250
10 0.75000000 0.28281250 0.06640625 0.06406250
11 0.91640625 0.28281250 0.07500000 0.06562500
12 0.08515625 0.41562500 0.06250000 0.06093750
13 0.24375000 0.41406250 0.05859375 0.06718750
14 0.41875000 0.41250000 0.06015625 0.05937500
15 0.58984375 0.41093750 0.06250000 0.06093750
16 0.74375000 0.41406250 0.07265625 0.06562500
17 0.91250000 0.40937500 0.06250000 0.05781250
18 0.08750000 0.52812500 0.06250000 0.06406250
19 0.24375000 0.52812500 0.07500000 0.06406250
20 0.41875000 0.52656250 0.06640625 0.06406250
21 0.58984375 0.52656250 0.06015625 0.05781250
22 0.74375000 0.52812500 0.06250000 0.06406250
23 0.91015625 0.53125000 0.06015625 0.06250000
24 0.08750000 0.65781250 0.06250000 0.05937500
25 0.24375000 0.65625000 0.07500000 0.06093750
