17 0.09218750 0.39375000 0.09843750 0.17187500
0 0.04843750 0.86093750 0.07187500 0.14843750
8 0.14218750 0.87812500 0.09375000 0.17968750
3 0.24062500 0.85625000 0.09375000 0.18906250
6 0.21875000 0.60625000 0.09531250 0.18125000
14 0.30156250 0.35625000 0.08750000 0.16718750
5 0.40937500 0.34375000 0.08593750 0.17656250
4 0.32968750 0.58125000 0.10312500 0.16250000
18 0.43281250 0.56562500 0.08281250 0.17187500
18 0.60312500 0.31562500 0.08750000 0.15000000
4 0.55000000 0.76562500 0.08750000 0.16250000
11 0.64843750 0.74687500 0.08593750 0.17656250
11 0.62031250 0.51875000 0.08125000 0.13125000
7 0.68750000 0.31250000 0.08125000 0.17031250
