8 0.11562500 0.72890625 0.03125000 0.11484375
12 0.15781250 0.72578125 0.03593750 0.11093750
15 0.19843750 0.72578125 0.03437500 0.11093750
14 0.23593750 0.72578125 0.03125000 0.10781250
17 0.27656250 0.72187500 0.03593750 0.12500000
19 0.31718750 0.72187500 0.03437500 0.12500000
0 0.35937500 0.72187500 0.03125000 0.12812500
13 0.39687500 0.71875000 0.03593750 0.11484375
19 0.43750000 0.71875000 0.03750000 0.11796875
18 0.59687500 0.71875000 0.03593750 0.11796875
8 0.23437500 0.87187500 0.03437500 0.11093750
12 0.27656250 0.87500000 0.03125000 0.11796875
15 0.31562500 0.87187500 0.03281250 0.11484375
14 0.35468750 0.87187500 0.03750000 0.13203125
17 0.39843750 0.87187500 0.03437500 0.13203125
19 0.43906250 0.86796875 0.03593750 0.12500000
0 0.47968750 0.87187500 0.03281250 0.10781250
13 0.51875000 0.87500000 0.03281250 0.12812500
19 0.56093750 0.87500000 0.03281250 0.12812500
13 0.84687500 0.86484375 0.03437500 0.13203125
14 0.88750000 0.86484375 0.03437500 0.13203125
19 0.24062500 0.56953125 0.03125000 0.11796875
17 0.27968750 0.57265625 0.03281250 0.12500000
4 0.32187500 0.57656250 0.03281250 0.12812500
1 0.35625000 0.57265625 0.03125000 0.11796875
7 0.24062500 0.42734375 0.03281250 0.11484375
14 0.28593750 0.43046875 0.03437500 0.10781250
3 0.32187500 0.43046875 0.02968750 0.11796875
24 0.35937500 0.43046875 0.03906250 0.12812500
9 0.32500000 0.28437500 0.03281250 0.12187500
0 0.36562500 0.28125000 0.03125000 0.11484375
13 0.40468750 0.28437500 0.02968750 0.11484375
24 0.51875000 0.28437500 0.03750000 0.10781250
1 0.63437500 0.27812500 0.03593750 0.11484375
3 0.43906250 0.43046875 0.03906250 0.12187500
8 0.48125000 0.42734375 0.03593750 0.11093750
24 0.55937500 0.42031250 0.03593750 0.12187500
21 0.47812500 0.57656250 0.02812500 0.12500000
11 0.51875000 0.57265625 0.03281250 0.12187500
0 0.56093750 0.57265625 0.03125000 0.11484375
3 0.59687500 0.57656250 0.03281250 0.11796875
18 0.67656250 0.56562500 0.02968750 0.12187500
10 0.71875000 0.56953125 0.03281250 0.11484375
24 0.75937500 0.56562500 0.03437500 0.11093750
8 0.84062500 0.56953125 0.03281250 0.11484375
18 0.88281250 0.56953125 0.03593750 0.12187500
6 0.95625000 0.55937500 0.03437500 0.12187500
