0 0.06562500 0.34597156 0.05000000 0.24170616
1 0.13906250 0.34597156 0.04687500 0.23696682
2 0.21093750 0.34597156 0.04843750 0.23696682
3 0.28281250 0.34597156 0.05000000 0.23222749
4 0.35468750 0.34123223 0.04531250 0.23696682
5 0.42500000 0.34123223 0.04687500 0.23222749
6 0.49843750 0.34123223 0.04843750 0.23222749
7 0.56875000 0.34123223 0.05000000 0.23222749
8 0.64218750 0.33649289 0.05000000 0.23696682
9 0.71406250 0.33649289 0.05000000 0.22274882
10 0.78906250 0.34123223 0.05156250 0.23696682
11 0.86093750 0.34597156 0.05000000 0.24170616
12 0.92968750 0.34123223 0.05312500 0.24170616
13 0.06562500 0.77725118 0.05156250 0.23696682
14 0.13750000 0.77251185 0.05000000 0.23696682
15 0.20937500 0.77251185 0.04843750 0.22748815
16 0.28125000 0.77725118 0.04843750 0.23222749
17 0.35468750 0.77725118 0.04843750 0.22274882
18 0.42656250 0.76777251 0.04687500 0.22748815
19 0.49843750 0.77251185 0.04843750 0.22748815
20 0.57031250 0.77251185 0.05312500 0.22748815
21 0.64218750 0.77251185 0.04843750 0.23222749
22 0.71562500 0.77251185 0.05312500 0.23696682
23 0.78750000 0.77251185 0.05000000 0.22748815
24 0.85781250 0.76777251 0.05156250 0.22748815
25 0.93125000 0.77251185 0.05000000 0.24170616
