25 0.06718750 0.24687500 0.08750000 0.20312500
5 0.32187500 0.18125000 0.08593750 0.17968750
11 0.42968750 0.15937500 0.08750000 0.17187500
19 0.52500000 0.14062500 0.09062500 0.17500000
17 0.62187500 0.12187500 0.09062500 0.17031250
13 0.07656250 0.47500000 0.09062500 0.18750000
18 0.26250000 0.42656250 0.08281250 0.17500000
7 0.35625000 0.41250000 0.08750000 0.18750000
4 0.45781250 0.40156250 0.08593750 0.18437500
16 0.03593750 0.68906250 0.07187500 0.16718750
18 0.19062500 0.66875000 0.09531250 0.18906250
7 0.28437500 0.65000000 0.08750000 0.19218750
16 0.38906250 0.61562500 0.09375000 0.16718750
4 0.42500000 0.83125000 0.08593750 0.17656250
11 0.52812500 0.80937500 0.09375000 0.17031250
7 0.71093750 0.11562500 0.09062500 0.16250000
12 0.61562500 0.77812500 0.08750000 0.17656250
4 0.48125000 0.60156250 0.07656250 0.17187500
11 0.63750000 0.33593750 0.07343750 0.14843750
4 0.57500000 0.57187500 0.08125000 0.17187500
14 0.71562500 0.75625000 0.09843750 0.16250000
14 0.73125000 0.32031250 0.08750000 0.16718750
