7 0.10468750 0.30937500 0.03281250 0.12187500
17 0.26718750 0.31562500 0.03125000 0.11484375
6 0.46406250 0.32265625 0.02968750 0.10390625
19 0.65625000 0.19453125 0.02968750 0.10781250
18 0.76875000 0.20156250 0.03125000 0.09375000
2 0.87656250 0.20859375 0.02812500 0.09687500
17 0.95156250 0.21562500 0.02656250 0.09687500
0 0.88281250 0.33671875 0.03125000 0.09062500
6 0.65781250 0.33671875 0.02968750 0.10390625
4 0.26250000 0.45468750 0.02656250 0.09687500
7 0.46406250 0.46171875 0.03281250 0.10078125
12 0.62031250 0.47578125 0.02812500 0.10390625
0 0.85156250 0.47578125 0.02968750 0.09687500
11 0.88906250 0.48593750 0.02500000 0.10078125
11 0.92500000 0.48281250 0.02968750 0.11093750
8 0.62187500 0.61796875 0.02812500 0.10781250
18 0.73906250 0.62812500 0.02968750 0.11093750
14 0.85468750 0.62500000 0.02968750 0.11484375
0 0.05937500 0.75000000 0.02968750 0.10390625
24 0.54218750 0.77109375 0.02968750 0.11484375
19 0.70312500 0.77109375 0.03125000 0.11093750
0 0.82031250 0.76718750 0.03125000 0.09687500
3 0.97187500 0.77109375 0.02656250 0.10078125
24 0.09218750 0.91640625 0.03125000 0.11484375
11 0.17187500 0.92031250 0.03437500 0.11796875
0 0.21093750 0.92343750 0.02812500 0.10781250
24 0.25468750 0.92031250 0.03437500 0.12500000
7 0.33906250 0.91640625 0.02812500 0.11796875
19 0.46250000 0.92031250 0.03125000 0.11093750
11 0.70468750 0.92734375 0.02812500 0.11093750
3 0.93906250 0.92343750 0.02968750 0.11093750
