8 0.12734375 0.10625000 0.04062500 0.13906250
8 0.43125000 0.09531250 0.03750000 0.12187500
11 0.51015625 0.08671875 0.03750000 0.13281250
11 0.55546875 0.08437500 0.04218750 0.13437500
7 0.64062500 0.08281250 0.04375000 0.15312500
5 0.72578125 0.08046875 0.03750000 0.14843750
17 0.81484375 0.07265625 0.03750000 0.12031250
7 0.90156250 0.07500000 0.03437500 0.15000000
14 0.94296875 0.06562500 0.03593750 0.12968750
19 0.98281250 0.07343750 0.03437500 0.14687500
18 0.03593750 0.25937500 0.03906250 0.12812500
10 0.07890625 0.25546875 0.03906250 0.12500000
8 0.12109375 0.25468750 0.03593750 0.12968750
5 0.29453125 0.24687500 0.03593750 0.13125000
8 0.33671875 0.24453125 0.03593750 0.13281250
21 0.38046875 0.25234375 0.03750000 0.12500000
4 0.42265625 0.24609375 0.03906250 0.13593750
12 0.55703125 0.23828125 0.03593750 0.12968750
8 0.59765625 0.23984375 0.03281250 0.12812500
11 0.64296875 0.23203125 0.03593750 0.12343750
4 0.69062500 0.23203125 0.03593750 0.12812500
18 0.73125000 0.23828125 0.03437500 0.12968750
8 0.15468750 0.40937500 0.03750000 0.13281250
6 0.24531250 0.40781250 0.03750000 0.14218750
14 0.28750000 0.40937500 0.04218750 0.13281250
19 0.33437500 0.40312500 0.03750000 0.13750000
14 0.46875000 0.40078125 0.04218750 0.14531250
7 0.55859375 0.40546875 0.03750000 0.13281250
14 0.60234375 0.39296875 0.03437500 0.12812500
19 0.64609375 0.38828125 0.03437500 0.12500000
3 0.73593750 0.39140625 0.03750000 0.14218750
14 0.78437500 0.38906250 0.03125000 0.14375000
6 0.82812500 0.39062500 0.03906250 0.14062500
11 0.01796875 0.57968750 0.03593750 0.13593750
4 0.06015625 0.58437500 0.03750000 0.15625000
5 0.10625000 0.58359375 0.03906250 0.14375000
19 0.14843750 0.57890625 0.03906250 0.13281250
8 0.14453125 0.74843750 0.03906250 0.14062500
3 0.23671875 0.75234375 0.03750000 0.13593750
8 0.28437500 0.75390625 0.03750000 0.14531250
3 0.32812500 0.74609375 0.03906250 0.14531250
13 0.37421875 0.75078125 0.03906250 0.13906250
19 0.46718750 0.73906250 0.04218750 0.14375000
18 0.56328125 0.73828125 0.03750000 0.14218750
4 0.60468750 0.74218750 0.03906250 0.14843750
4 0.65312500 0.74140625 0.04375000 0.16406250
17 0.79531250 0.72812500 0.04218750 0.14375000
4 0.84218750 0.73281250 0.04218750 0.14843750
1 0.88593750 0.72890625 0.03750000 0.15000000
4 0.93671875 0.72343750 0.04062500 0.15625000
8 0.04921875 0.92968750 0.03906250 0.14062500
19 0.09531250 0.92968750 0.04218750 0.14062500
19 0.14140625 0.92812500 0.03906250 0.14375000
6 0.42187500 0.91796875 0.04218750 0.14531250
20 0.46718750 0.91718750 0.04687500 0.15468750
24 0.51718750 0.92031250 0.04375000 0.15625000
18 0.56328125 0.91796875 0.03750000 0.15000000
1 0.75781250 0.91484375 0.04687500 0.15156250
17 0.80312500 0.90937500 0.04375000 0.14062500
0 0.85078125 0.90937500 0.04687500 0.15156250
