1 0.04062500 0.22968750 0.07656250 0.17031250
11 0.11875000 0.19687500 0.09531250 0.16250000
19 0.20625000 0.16562500 0.10000000 0.17187500
4 0.30156250 0.14531250 0.09062500 0.19843750
25 0.40781250 0.13125000 0.08750000 0.20312500
5 0.69531250 0.08593750 0.08125000 0.16093750
11 0.77656250 0.08593750 0.07187500 0.16093750
19 0.85312500 0.08125000 0.07343750 0.15312500
17 0.91875000 0.07656250 0.05156250 0.13125000
3 0.12812500 0.39531250 0.07812500 0.14843750
14 0.22343750 0.38750000 0.07812500 0.17500000
21 0.33593750 0.36250000 0.09375000 0.17968750
13 0.43437500 0.35781250 0.08125000 0.19375000
18 0.61875000 0.32031250 0.07812500 0.17968750
7 0.70781250 0.31093750 0.08750000 0.18750000
4 0.80156250 0.30000000 0.08593750 0.18750000
5 0.05937500 0.64687500 0.08125000 0.16250000
18 0.15156250 0.62812500 0.08125000 0.19687500
4 0.25312500 0.61250000 0.08281250 0.18437500
16 0.35625000 0.59375000 0.09375000 0.18125000
18 0.54375000 0.54531250 0.07343750 0.17187500
7 0.63593750 0.52812500 0.08125000 0.18750000
18 0.16875000 0.85312500 0.08125000 0.17968750
14 0.26562500 0.83750000 0.08593750 0.18437500
11 0.37656250 0.82031250 0.09375000 0.17968750
3 0.47500000 0.78906250 0.09375000 0.18437500
