0 0.84960900 0.11446200 0.02148400 0.02252900
0 0.87597700 0.11555200 0.02148400 0.02180200
6 0.90039100 0.11627900 0.02148400 0.02180200
8 0.16650400 0.09556700 0.02246100 0.02398300
22 0.11377000 0.13190400 0.02246100 0.02398300
8 0.14111300 0.13117700 0.02246100 0.02398300
3 0.16845700 0.13045100 0.02246100 0.02398300
19 0.22363300 0.12899700 0.02148400 0.02398300
22 0.27978500 0.13045100 0.02246100 0.02398300
8 0.30859400 0.13117700 0.02148400 0.02398300
3 0.33691400 0.13263100 0.02148400 0.02398300
19 0.39306600 0.13408400 0.02246100 0.02398300
11 0.44873000 0.13590100 0.02246100 0.02470900
14 0.47558600 0.13699100 0.02148400 0.02398300
3 0.50293000 0.13771800 0.02148400 0.02398300
17 0.55761700 0.13953500 0.02148400 0.02325600
8 0.58398400 0.13989800 0.02148400 0.02398300
8 0.11425800 0.16678800 0.02148400 0.02398300
25 0.14062500 0.16388100 0.02148400 0.02398300
22 0.19580100 0.16460800 0.02050800 0.02398300
14 0.22363300 0.16460800 0.02148400 0.02398300
17 0.25244100 0.16497100 0.02050800 0.02470900
14 0.28027300 0.16533400 0.02148400 0.02398300
19 0.30810500 0.16533400 0.02050800 0.02398300
7 0.11328100 0.20021800 0.02148400 0.02398300
12 0.14111300 0.19949100 0.02050800 0.02398300
20 0.16796900 0.19949100 0.02148400 0.02398300
17 0.19628900 0.19949100 0.02148400 0.02398300
8 0.30810500 0.19949100 0.02050800 0.02398300
14 0.36523400 0.20167200 0.02148400 0.02398300
1 0.39306600 0.20239800 0.02246100 0.02398300
14 0.42089800 0.20312500 0.02148400 0.02398300
3 0.44824200 0.20385200 0.02148400 0.02398300
17 0.47558600 0.20457800 0.02148400 0.02398300
0 0.50293000 0.20530500 0.02148400 0.02398300
13 0.53027300 0.20675900 0.02148400 0.02398300
13 0.55761700 0.20748500 0.02148400 0.02398300
10 0.11328100 0.23437500 0.02148400 0.02398300
14 0.14062500 0.23437500 0.02148400 0.02398300
19 0.16796900 0.23437500 0.02148400 0.02398300
8 0.22363300 0.23437500 0.02148400 0.02398300
3 0.25195300 0.23437500 0.02148400 0.02398300
4 0.28076200 0.23510200 0.02050800 0.02398300
19 0.30859400 0.23510200 0.02148400 0.02398300
18 0.16796900 0.26780500 0.02148400 0.02398300
15 0.19531200 0.26853200 0.02148400 0.02398300
17 0.22363300 0.26853200 0.02148400 0.02398300
0 0.25244100 0.26925900 0.02050800 0.02398300
8 0.30859400 0.26962200 0.02148400 0.02325600
22 0.33691400 0.26998500 0.02148400 0.02398300
0 0.36523400 0.26998500 0.02148400 0.02398300
19 0.42089800 0.27143900 0.02148400 0.02398300
11 0.47558600 0.27289200 0.02148400 0.02398300
14 0.50293000 0.27361900 0.02148400 0.02398300
3 0.53027300 0.27434600 0.02148400 0.02398300
17 0.58398400 0.27507300 0.02148400 0.02398300
8 0.60986300 0.27543600 0.02050800 0.02325600
20 0.16894500 0.30305200 0.02148400 0.02325600
13 0.22460900 0.30341600 0.02148400 0.02398300
4 0.25293000 0.30377900 0.02148400 0.02325600
6 0.28125000 0.30377900 0.02148400 0.02325600
14 0.30859400 0.30414200 0.02148400 0.02398300
19 0.19628900 0.33757300 0.02148400 0.02398300
16 0.28125000 0.33829900 0.02148400 0.02398300
4 0.30957000 0.33829900 0.02148400 0.02398300
6 0.33789100 0.33902600 0.02148400 0.02398300
14 0.36523400 0.33939000 0.02148400 0.02470900
13 0.42138700 0.34011600 0.02050800 0.02470900
0 0.44873000 0.34048000 0.02050800 0.02398300
7 0.47607400 0.34120600 0.02050800 0.02398300
12 0.50341800 0.34157000 0.02050800 0.02325600
20 0.53076200 0.34193300 0.02050800 0.02398300
17 0.55761700 0.34229700 0.02148400 0.02325600
8 0.58398400 0.34266000 0.02148400 0.02398300
11 0.61084000 0.34302300 0.02050800 0.02325600
18 0.63720700 0.34338700 0.02050800 0.02398300
14 0.16894500 0.37209300 0.02148400 0.02470900
19 0.19628900 0.37173000 0.02148400 0.02398300
16 0.22460900 0.37173000 0.02148400 0.02398300
4 0.25293000 0.37245600 0.02148400 0.02398300
6 0.28125000 0.37245600 0.02148400 0.02398300
14 0.30957000 0.37318300 0.02148400 0.02398300
25 0.11621100 0.40697700 0.02148400 0.02470900
0 0.14209000 0.40697700 0.02050800 0.02470900
12 0.16992200 0.40697700 0.02148400 0.02470900
20 0.22509800 0.40661300 0.02050800 0.02398300
10 0.25293000 0.40661300 0.02148400 0.02398300
0 0.28222700 0.40734000 0.02148400 0.02398300
11 0.31054700 0.40734000 0.02148400 0.02398300
9 0.36621100 0.40806700 0.02148400 0.02398300
0 0.39404300 0.40879400 0.02050800 0.02398300
11 0.42187500 0.40879400 0.02148400 0.02398300
14 0.44921900 0.40915700 0.02148400 0.02325600
1 0.47607400 0.40915700 0.02050800 0.02325600
13 0.50341800 0.40915700 0.02050800 0.02325600
14 0.53027300 0.40915700 0.02148400 0.02325600
18 0.11572300 0.44149700 0.02050800 0.02398300
4 0.14209000 0.44149700 0.02050800 0.02398300
17 0.16943400 0.44149700 0.02050800 0.02398300
10 0.28222700 0.44149700 0.02148400 0.02398300
14 0.31054700 0.44222400 0.02148400 0.02398300
19 0.33837900 0.44222400 0.02050800 0.02398300
12 0.14257800 0.47565400 0.02148400 0.02398300
13 0.16943400 0.47565400 0.02050800 0.02398300
4 0.19775400 0.47601700 0.02050800 0.02470900
10 0.25390600 0.47492700 0.02148400 0.02398300
14 0.28222700 0.47565400 0.02148400 0.02398300
19 0.31054700 0.47601700 0.02148400 0.02325600
20 0.33837900 0.47601700 0.02050800 0.02325600
20 0.39453100 0.47601700 0.02148400 0.02325600
18 0.42187500 0.47601700 0.02148400 0.02325600
0 0.44970700 0.47601700 0.02050800 0.02325600
19 0.47607400 0.47601700 0.02050800 0.02325600
14 0.50341800 0.47601700 0.02050800 0.02325600
12 0.52978500 0.47601700 0.02050800 0.02325600
20 0.55712900 0.47601700 0.02050800 0.02325600
18 0.11572300 0.50981100 0.02050800 0.02398300
10 0.14257800 0.50981100 0.02148400 0.02398300
14 0.16992200 0.50981100 0.02148400 0.02398300
17 0.19775400 0.50981100 0.02050800 0.02398300
14 0.22558600 0.50981100 0.02148400 0.02398300
6 0.28222700 0.50981100 0.02148400 0.02398300
14 0.31103500 0.50981100 0.02050800 0.02398300
3 0.33886700 0.50981100 0.02148400 0.02398300
8 0.17041000 0.54396800 0.02050800 0.02398300
10 0.22607400 0.54396800 0.02050800 0.02398300
17 0.25390600 0.54396800 0.02148400 0.02398300
0 0.28173800 0.54396800 0.02050800 0.02398300
18 0.31103500 0.54396800 0.02050800 0.02398300
8 0.33886700 0.54396800 0.02148400 0.02398300
22 0.36669900 0.54396800 0.02050800 0.02398300
11 0.47656200 0.54287800 0.02148400 0.02325600
14 0.50390600 0.54251500 0.02148400 0.02398300
3 0.53076200 0.54215100 0.02050800 0.02325600
17 0.58398400 0.54215100 0.02148400 0.02325600
8 0.60986300 0.54215100 0.02050800 0.02325600
8 0.16992200 0.57885200 0.02148400 0.02398300
20 0.22558600 0.57812500 0.02148400 0.02398300
12 0.25439500 0.57812500 0.02050800 0.02398300
4 0.28222700 0.57812500 0.02148400 0.02398300
13 0.31054700 0.57812500 0.02148400 0.02398300
0 0.17089800 0.61300900 0.02148400 0.02398300
15 0.22607400 0.61264500 0.02050800 0.02325600
8 0.25390600 0.61300900 0.02148400 0.02398300
18 0.28222700 0.61228200 0.02148400 0.02398300
12 0.33886700 0.61155500 0.02148400 0.02398300
20 0.36621100 0.61155500 0.02148400 0.02398300
8 0.42187500 0.61046500 0.02148400 0.02325600
6 0.47656200 0.60937500 0.02148400 0.02398300
17 0.50341800 0.60901200 0.02050800 0.02325600
0 0.53027300 0.60828500 0.02148400 0.02325600
12 0.55712900 0.60828500 0.02050800 0.02325600
14 0.58349600 0.60828500 0.02050800 0.02325600
19 0.60986300 0.60719500 0.02050800 0.02252900
4 0.63525400 0.60719500 0.02050800 0.02252900
13 0.17089800 0.64643900 0.02148400 0.02398300
4 0.19824200 0.64643900 0.02148400 0.02398300
20 0.25390600 0.64607600 0.02148400 0.02470900
16 0.28222700 0.64607600 0.02148400 0.02470900
4 0.31054700 0.64571200 0.02148400 0.02398300
13 0.33886700 0.64571200 0.02148400 0.02398300
10 0.14355500 0.68023300 0.02148400 0.02325600
14 0.17138700 0.68059600 0.02050800 0.02398300
11 0.19873000 0.68132300 0.02050800 0.02398300
0 0.22656200 0.68132300 0.02148400 0.02398300
13 0.28222700 0.68132300 0.02148400 0.02398300
4 0.31103500 0.68059600 0.02050800 0.02398300
15 0.36621100 0.67914200 0.02148400 0.02398300
14 0.39453100 0.67841600 0.02148400 0.02398300
18 0.42187500 0.67768900 0.02148400 0.02398300
19 0.44921900 0.67696200 0.02148400 0.02398300
17 0.47656200 0.67659900 0.02148400 0.02325600
14 0.50390600 0.67587200 0.02148400 0.02325600
4 0.53027300 0.67514500 0.02148400 0.02325600
13 0.55664100 0.67441900 0.02148400 0.02325600
0 0.58349600 0.67369200 0.02050800 0.02325600
3 0.11767600 0.71366300 0.02050800 0.02325600
11 0.14404300 0.71402600 0.02050800 0.02398300
10 0.22656200 0.71548000 0.02148400 0.02398300
14 0.25488300 0.71511600 0.02148400 0.02325600
19 0.28320300 0.71475300 0.02148400 0.02398300
19 0.33886700 0.71402600 0.02148400 0.02398300
13 0.11865200 0.74782000 0.02050800 0.02325600
0 0.14355500 0.74927300 0.02148400 0.02325600
20 0.17187500 0.74927300 0.02148400 0.02325600
16 0.19873000 0.74927300 0.02050800 0.02325600
8 0.22656200 0.74927300 0.02148400 0.02325600
19 0.25439500 0.74927300 0.02050800 0.02325600
13 0.33886700 0.74745600 0.02148400 0.02398300
0 0.36621100 0.74673000 0.02148400 0.02398300
18 0.39453100 0.74564000 0.02148400 0.02325600
6 0.45019500 0.74418600 0.02148400 0.02325600
17 0.47656200 0.74309600 0.02148400 0.02398300
0 0.50390600 0.74309600 0.02148400 0.02398300
12 0.53027300 0.74200600 0.02148400 0.02325600
14 0.55810500 0.74091600 0.02050800 0.02398300
19 0.58398400 0.74018900 0.02148400 0.02398300
4 0.61035200 0.73946200 0.02148400 0.02398300
13 0.11865200 0.78234000 0.02050800 0.02252900
4 0.14404300 0.78234000 0.02050800 0.02252900
7 0.19921900 0.78379400 0.02148400 0.02398300
14 0.22607400 0.78343000 0.02050800 0.02325600
19 0.25488300 0.78270300 0.02148400 0.02325600
19 0.31103500 0.78197700 0.02050800 0.02325600
0 0.17089800 0.81867700 0.02148400 0.02398300
19 0.22753900 0.81758700 0.02148400 0.02325600
4 0.25488300 0.81686000 0.02148400 0.02325600
15 0.28320300 0.81613400 0.02148400 0.02325600
4 0.31152300 0.81540700 0.02148400 0.02325600
17 0.33886700 0.81504400 0.02148400 0.02398300
1 0.42187500 0.81177300 0.02148400 0.02325600
4 0.44921900 0.81104700 0.02148400 0.02325600
25 0.47656200 0.81032000 0.02148400 0.02325600
6 0.53125000 0.80814000 0.02148400 0.02325600
17 0.55761700 0.80704900 0.02148400 0.02252900
0 0.58398400 0.80595900 0.02148400 0.02325600
12 0.61084000 0.80523300 0.02050800 0.02325600
14 0.63671900 0.80450600 0.02148400 0.02325600
19 0.66308600 0.80377900 0.02148400 0.02325600
15 0.17187500 0.85174400 0.02148400 0.02325600
17 0.19921900 0.85101700 0.02148400 0.02325600
14 0.22753900 0.85101700 0.02148400 0.02325600
15 0.25537100 0.85101700 0.02050800 0.02325600
0 0.28320300 0.85101700 0.02148400 0.02325600
3 0.31152300 0.85029100 0.02148400 0.02325600
4 0.33984400 0.84883700 0.02148400 0.02325600
3 0.17236300 0.88481100 0.02050800 0.02398300
0 0.19921900 0.88481100 0.02148400 0.02398300
11 0.22705100 0.88444800 0.02050800 0.02325600
4 0.25585900 0.88517400 0.02148400 0.02325600
10 0.28369100 0.88408400 0.02050800 0.02252900
14 0.31152300 0.88299400 0.02148400 0.02325600
1 0.36718800 0.88081400 0.02148400 0.02325600
4 0.39502000 0.87936000 0.02246100 0.02325600
25 0.42285200 0.87827000 0.02148400 0.02252900
6 0.47705100 0.87572700 0.02050800 0.02325600
17 0.50390600 0.87500000 0.02148400 0.02325600
0 0.53125000 0.87354700 0.02148400 0.02325600
12 0.55761700 0.87282000 0.02148400 0.02325600
14 0.58398400 0.87209300 0.02148400 0.02325600
19 0.61035200 0.87136600 0.02148400 0.02325600
13 0.17285200 0.91860500 0.02148400 0.02325600
4 0.19921900 0.91787800 0.02148400 0.02325600
20 0.25585900 0.91860500 0.02148400 0.02325600
3 0.31250000 0.91642400 0.02148400 0.02325600
4 0.34033200 0.91497100 0.02246100 0.02325600
