18 0.10312500 0.22343750 0.07343750 0.16250000
7 0.19062500 0.20000000 0.07812500 0.16093750
4 0.27968750 0.18437500 0.07656250 0.17187500
3 0.20000000 0.61250000 0.09375000 0.17031250
0 0.30000000 0.60312500 0.08281250 0.16093750
12 0.37187500 0.16562500 0.08281250 0.16250000
3 0.55312500 0.14218750 0.07656250 0.16718750
14 0.64218750 0.13281250 0.08125000 0.16093750
3 0.40000000 0.58437500 0.09062500 0.17187500
0 0.39218750 0.37187500 0.07812500 0.15312500
5 0.48593750 0.36093750 0.07812500 0.17187500
18 0.57343750 0.34218750 0.08750000 0.17968750
21 0.74062500 0.12968750 0.07812500 0.16562500
13 0.81562500 0.12812500 0.07343750 0.16093750
11 0.61718750 0.77656250 0.08750000 0.17031250
0 0.51718750 0.78750000 0.08593750 0.17656250
18 0.58750000 0.54375000 0.09375000 0.16718750
4 0.66562500 0.34062500 0.08593750 0.17187500
16 0.75468750 0.33281250 0.08281250 0.16718750
