4 0.08750000 0.65000000 0.09531250 0.14843750
25 0.18437500 0.63125000 0.07812500 0.13906250
14 0.09062500 0.86718750 0.07656250 0.15625000
7 0.45625000 0.92500000 0.07343750 0.14375000
3 0.11093750 0.20781250 0.08125000 0.16093750
18 0.42031250 0.73750000 0.08593750 0.15000000
19 0.39843750 0.10156250 0.08593750 0.15312500
4 0.20312500 0.17656250 0.08125000 0.15625000
16 0.54375000 0.88906250 0.08125000 0.13593750
7 0.50937500 0.70156250 0.07812500 0.14843750
5 0.47187500 0.50625000 0.07343750 0.14843750
11 0.56406250 0.48125000 0.08281250 0.15312500
4 0.62812500 0.84843750 0.07812500 0.13437500
4 0.59531250 0.66406250 0.08593750 0.15000000
4 0.71250000 0.81562500 0.07343750 0.14062500
15 0.48750000 0.08437500 0.08281250 0.15312500
21 0.17500000 0.84062500 0.08593750 0.15312500
13 0.25000000 0.81093750 0.08750000 0.15000000
