0 0.83984400 0.09920100 0.01953100 0.01962200
3 0.86474600 0.09920100 0.01855500 0.01962200
6 0.89111300 0.10138100 0.01855500 0.01962200
6 0.20654300 0.10828500 0.02246100 0.02325600
17 0.23388700 0.10901200 0.02246100 0.02325600
8 0.26025400 0.10864800 0.02246100 0.02398300
10 0.31494100 0.10973800 0.02246100 0.02325600
14 0.34228500 0.11010200 0.02246100 0.02398300
14 0.47607400 0.11482600 0.02246100 0.02325600
1 0.50195300 0.11591600 0.02148400 0.02252900
8 0.52929700 0.11736900 0.02148400 0.02252900
9 0.55664100 0.11882300 0.02148400 0.02252900
4 0.58203100 0.12027600 0.02148400 0.02252900
13 0.60839800 0.12136600 0.02148400 0.02325600
0 0.63427700 0.12245600 0.02050800 0.02252900
13 0.17968800 0.14026200 0.02148400 0.02325600
14 0.20556600 0.14062500 0.02246100 0.02252900
14 0.25976600 0.14098800 0.02148400 0.02325600
18 0.28662100 0.14171500 0.02246100 0.02325600
19 0.31347700 0.14244200 0.02148400 0.02325600
0 0.34130900 0.14244200 0.02246100 0.02325600
13 0.36914100 0.14316900 0.02148400 0.02325600
20 0.39550800 0.14389500 0.02148400 0.02325600
18 0.42285200 0.14534900 0.02148400 0.02325600
3 0.50244100 0.14934600 0.02246100 0.02398300
14 0.52832000 0.15007300 0.02148400 0.02398300
12 0.55468800 0.15152600 0.02148400 0.02398300
0 0.58105500 0.15261600 0.02148400 0.02325600
8 0.15136700 0.17441900 0.02148400 0.02325600
3 0.17773400 0.17405500 0.02148400 0.02398300
4 0.20410200 0.17405500 0.02148400 0.02398300
12 0.23144500 0.17405500 0.02148400 0.02398300
14 0.34082000 0.17587200 0.02148400 0.02325600
19 0.36816400 0.17659900 0.02148400 0.02325600
22 0.39453100 0.17732600 0.02148400 0.02325600
4 0.42089800 0.17768900 0.02148400 0.02252900
19 0.44824200 0.17805200 0.02148400 0.02325600
8 0.47412100 0.18023300 0.02050800 0.02325600
11 0.50097700 0.18095900 0.02148400 0.02325600
4 0.55468800 0.18386600 0.02148400 0.02325600
19 0.63281200 0.18677300 0.02148400 0.02325600
8 0.65869100 0.18786300 0.02050800 0.02252900
12 0.68408200 0.18895300 0.02050800 0.02325600
20 0.71044900 0.19004400 0.02050800 0.02252900
17 0.73584000 0.19077000 0.02050800 0.02252900
19 0.15136700 0.20748500 0.02148400 0.02398300
19 0.22998000 0.20712200 0.02050800 0.02325600
4 0.25732400 0.20639500 0.02246100 0.02325600
17 0.28418000 0.20712200 0.02148400 0.02325600
15 0.31103500 0.20748500 0.02246100 0.02398300
4 0.33935500 0.20821200 0.02246100 0.02398300
11 0.36621100 0.20893900 0.02148400 0.02398300
8 0.39355500 0.20966600 0.02148400 0.02398300
22 0.42089800 0.21039200 0.02148400 0.02398300
0 0.44726600 0.21148300 0.02148400 0.02325600
16 0.50048800 0.21366300 0.02050800 0.02325600
4 0.52734400 0.21511600 0.02148400 0.02325600
17 0.55371100 0.21584300 0.02148400 0.02325600
4 0.57959000 0.21729700 0.02050800 0.02325600
18 0.60595700 0.21802300 0.02050800 0.02325600
16 0.63232400 0.21911300 0.02050800 0.02252900
20 0.65771500 0.22020300 0.02050800 0.02325600
17 0.68408200 0.22093000 0.02050800 0.02325600
22 0.20214800 0.23946200 0.02148400 0.02252900
15 0.22900400 0.23873500 0.02246100 0.02398300
4 0.25585900 0.23909900 0.02148400 0.02325600
17 0.28271500 0.23982600 0.02246100 0.02325600
4 0.31054700 0.23982600 0.02148400 0.02325600
3 0.33740200 0.24055200 0.02246100 0.02325600
22 0.44628900 0.24418600 0.02148400 0.02325600
14 0.47265600 0.24527600 0.02148400 0.02398300
18 0.49951200 0.24636600 0.02050800 0.02325600
10 0.52587900 0.24745600 0.02050800 0.02252900
11 0.55224600 0.24854700 0.02050800 0.02325600
8 0.57861300 0.24927300 0.02050800 0.02325600
10 0.60449200 0.25036300 0.02148400 0.02252900
13 0.63085900 0.25145300 0.02148400 0.02325600
20 0.65771500 0.25218000 0.02050800 0.02325600
11 0.68310500 0.25327000 0.02050800 0.02252900
3 0.65722700 0.28452000 0.01953100 0.02252900
14 0.68212900 0.28524700 0.02050800 0.02252900
13 0.70849600 0.28597400 0.02050800 0.02252900
10 0.75976600 0.28742700 0.01953100 0.02252900
8 0.78515600 0.28815400 0.01953100 0.02252900
7 0.81005900 0.28888100 0.02050800 0.02252900
14 0.83642600 0.29033400 0.02050800 0.02252900
19 0.86132800 0.29142400 0.02148400 0.02325600
8 0.17382800 0.30450600 0.02148400 0.02325600
10 0.22656200 0.30523300 0.02148400 0.02325600
13 0.25293000 0.30450600 0.02148400 0.02325600
8 0.28027300 0.30523300 0.02148400 0.02325600
9 0.30761700 0.30632300 0.02148400 0.02252900
10 0.33496100 0.30704900 0.02148400 0.02252900
8 0.36230500 0.30777600 0.02148400 0.02252900
3 0.41748000 0.30959300 0.02050800 0.02325600
22 0.44433600 0.31032000 0.02148400 0.02325600
8 0.47119100 0.31104700 0.02050800 0.02325600
13 0.49853500 0.31177300 0.02050800 0.02325600
20 0.52441400 0.31250000 0.02148400 0.02325600
11 0.55078100 0.31322700 0.02148400 0.02325600
8 0.57714800 0.31468000 0.02148400 0.02325600
18 0.60400400 0.31540700 0.02050800 0.02325600
22 0.68212900 0.31795100 0.02050800 0.02252900
15 0.73388700 0.31904100 0.02050800 0.02180200
14 0.75830100 0.31976700 0.02050800 0.02180200
7 0.78466800 0.32049400 0.02050800 0.02180200
14 0.81005900 0.32122100 0.02050800 0.02180200
3 0.83447300 0.32194800 0.02050800 0.02180200
4 0.52294900 0.34593000 0.02050800 0.02325600
1 0.12158200 0.37282000 0.02050800 0.02325600
4 0.14599600 0.37245600 0.02050800 0.02252900
18 0.17041000 0.37136600 0.02050800 0.02325600
15 0.19726600 0.37209300 0.02148400 0.02325600
17 0.22363300 0.37209300 0.02148400 0.02325600
8 0.25097700 0.37245600 0.02148400 0.02398300
25 0.27929700 0.37282000 0.02148400 0.02325600
14 0.30566400 0.37245600 0.02148400 0.02398300
17 0.33300800 0.37318300 0.02148400 0.02398300
13 0.36084000 0.37391000 0.02246100 0.02398300
4 0.41503900 0.37536300 0.02148400 0.02398300
10 0.46972700 0.37681700 0.02148400 0.02398300
0 0.49658200 0.37790700 0.02050800 0.02325600
11 0.52294900 0.37863400 0.02050800 0.02325600
4 0.54931600 0.37936000 0.02050800 0.02325600
10 0.57568400 0.38008700 0.02050800 0.02325600
8 0.60107400 0.38081400 0.02050800 0.02325600
22 0.12060500 0.40552300 0.02050800 0.02325600
7 0.14502000 0.40552300 0.02050800 0.02325600
14 0.17041000 0.40552300 0.02050800 0.02325600
3 0.19677700 0.40552300 0.02050800 0.02325600
19 0.25000000 0.40552300 0.01953100 0.02325600
22 0.30517600 0.40661300 0.02050800 0.02398300
25 0.35986300 0.40806700 0.02050800 0.02398300
0 0.38769500 0.40843000 0.02148400 0.02325600
11 0.41406200 0.40915700 0.02148400 0.02325600
1 0.46875000 0.41024700 0.02148400 0.02398300
8 0.49511700 0.41061000 0.02148400 0.02325600
1 0.52197300 0.41170100 0.02050800 0.02252900
11 0.54834000 0.41242700 0.02050800 0.02252900
8 0.57470700 0.41315400 0.02050800 0.02252900
14 0.60058600 0.41315400 0.01953100 0.02252900
19 0.62646500 0.41388100 0.02050800 0.02252900
4 0.65283200 0.41460800 0.02050800 0.02252900
10 0.67919900 0.41460800 0.02050800 0.02252900
8 0.70556600 0.41533400 0.02050800 0.02252900
18 0.16894500 0.43895300 0.02148400 0.02325600
22 0.19482400 0.43895300 0.02050800 0.02325600
4 0.22216800 0.43931700 0.02050800 0.02398300
19 0.24902300 0.43931700 0.02148400 0.02398300
19 0.30371100 0.44004400 0.02148400 0.02398300
11 0.35888700 0.44113400 0.02050800 0.02325600
0 0.38623000 0.44149700 0.02050800 0.02398300
12 0.41406200 0.44186000 0.02148400 0.02325600
15 0.44043000 0.44295100 0.02148400 0.02398300
13 0.52099600 0.44404100 0.02050800 0.02325600
0 0.54834000 0.44476700 0.02050800 0.02325600
3 0.57324200 0.44513100 0.01953100 0.02252900
18 0.62646500 0.44658400 0.02050800 0.02252900
19 0.65234400 0.44694800 0.01953100 0.02325600
14 0.67871100 0.44767400 0.01953100 0.02325600
11 0.70507800 0.44803800 0.01953100 0.02252900
14 0.73046900 0.44876500 0.01953100 0.02252900
12 0.75585900 0.44876500 0.01953100 0.02252900
1 0.16748000 0.47202000 0.02050800 0.02398300
11 0.19384800 0.47238400 0.02050800 0.02325600
4 0.22070300 0.47238400 0.02148400 0.02325600
23 0.24804700 0.47274700 0.02148400 0.02398300
20 0.27539100 0.47311000 0.02148400 0.02325600
19 0.30224600 0.47347400 0.02050800 0.02398300
15 0.35791000 0.47420100 0.02050800 0.02398300
14 0.38525400 0.47529100 0.02050800 0.02325600
11 0.41259800 0.47565400 0.02050800 0.02398300
10 0.43994100 0.47601700 0.02050800 0.02325600
8 0.46630900 0.47674400 0.02050800 0.02325600
25 0.52002000 0.47747100 0.02050800 0.02325600
0 0.54687500 0.47747100 0.02148400 0.02325600
18 0.60009800 0.47892400 0.02050800 0.02325600
19 0.62646500 0.47892400 0.02050800 0.02325600
4 0.65234400 0.47965100 0.01953100 0.02325600
10 0.67822300 0.48001500 0.02050800 0.02252900
11 0.70410200 0.48001500 0.01953100 0.02252900
14 0.73046900 0.48074100 0.01953100 0.02252900
12 0.75585900 0.48074100 0.01953100 0.02252900
22 0.11669900 0.50508700 0.02050800 0.02325600
15 0.16650400 0.50545100 0.02050800 0.02398300
4 0.19287100 0.50581400 0.02050800 0.02325600
17 0.21923800 0.50617700 0.02050800 0.02398300
4 0.24707000 0.50654100 0.02148400 0.02325600
15 0.27392600 0.50690400 0.02050800 0.02398300
11 0.30127000 0.50726700 0.02050800 0.02325600
4 0.32910200 0.50799400 0.02148400 0.02325600
19 0.35644500 0.50799400 0.02148400 0.02325600
0 0.38476600 0.50799400 0.02148400 0.02325600
7 0.41162100 0.50872100 0.02050800 0.02325600
19 0.46582000 0.50872100 0.02148400 0.02325600
4 0.49267600 0.50944800 0.02050800 0.02325600
12 0.51904300 0.51017400 0.02050800 0.02325600
13 0.54638700 0.51090100 0.02050800 0.02325600
14 0.57275400 0.51090100 0.02050800 0.02325600
10 0.65136700 0.51162800 0.01953100 0.02325600
14 0.67822300 0.51235500 0.02050800 0.02325600
9 0.70361300 0.51235500 0.02050800 0.02325600
8 0.72998000 0.51235500 0.02050800 0.02325600
17 0.11572300 0.53815400 0.02050800 0.02398300
0 0.13964800 0.53851700 0.01953100 0.02325600
25 0.16503900 0.53960800 0.02148400 0.02398300
12 0.19091800 0.53960800 0.02050800 0.02398300
4 0.21826200 0.53997100 0.02050800 0.02325600
18 0.24560500 0.54033400 0.02050800 0.02398300
19 0.27246100 0.54069800 0.02148400 0.02325600
8 0.29980500 0.54106100 0.02148400 0.02398300
22 0.32812500 0.54142400 0.02148400 0.02325600
8 0.38378900 0.54215100 0.02148400 0.02325600
18 0.41064500 0.54215100 0.02050800 0.02325600
22 0.49169900 0.54287800 0.02050800 0.02325600
3 0.51806600 0.54324100 0.02050800 0.02398300
14 0.54541000 0.54360500 0.02050800 0.02325600
11 0.57177700 0.54396800 0.02050800 0.02398300
18 0.65087900 0.54505800 0.02050800 0.02325600
19 0.67675800 0.54578500 0.01953100 0.02325600
4 0.70361300 0.54578500 0.02050800 0.02325600
13 0.72900400 0.54651200 0.02050800 0.02325600
18 0.11425800 0.57194800 0.01953100 0.02325600
11 0.13818400 0.57231100 0.02050800 0.02398300
14 0.16357400 0.57267400 0.02050800 0.02325600
22 0.18994100 0.57303800 0.02050800 0.02398300
13 0.21679700 0.57376500 0.02148400 0.02398300
14 0.24414100 0.57376500 0.02148400 0.02398300
25 0.29882800 0.57521800 0.02148400 0.02398300
17 0.32714800 0.57521800 0.02148400 0.02398300
8 0.35449200 0.57594500 0.02148400 0.02398300
19 0.38232400 0.57594500 0.02050800 0.02398300
4 0.40966800 0.57594500 0.02050800 0.02398300
11 0.43750000 0.57630800 0.02148400 0.02325600
8 0.46435500 0.57630800 0.02050800 0.02325600
8 0.51806600 0.57667200 0.02050800 0.02398300
25 0.54443400 0.57667200 0.02050800 0.02252900
11 0.59716800 0.57703500 0.02050800 0.02325600
14 0.62451200 0.57739800 0.02050800 0.02252900
9 0.64990200 0.57776200 0.02050800 0.02325600
8 0.67627000 0.57776200 0.02050800 0.02325600
10 0.11377000 0.60501500 0.02050800 0.02252900
13 0.13623000 0.60537800 0.02050800 0.02325600
8 0.16162100 0.60610500 0.02050800 0.02325600
9 0.18896500 0.60683100 0.02050800 0.02325600
10 0.21533200 0.60755800 0.02050800 0.02325600
8 0.24267600 0.60901200 0.02050800 0.02325600
18 0.29785200 0.60937500 0.02148400 0.02398300
12 0.32519500 0.60937500 0.02148400 0.02398300
14 0.35351600 0.60937500 0.02148400 0.02398300
19 0.38183600 0.60937500 0.02148400 0.02398300
17 0.40918000 0.60937500 0.02148400 0.02398300
19 0.46337900 0.60973800 0.02246100 0.02325600
18 0.51757800 0.61010200 0.02148400 0.02398300
22 0.57128900 0.61010200 0.02148400 0.02398300
8 0.65039100 0.61046500 0.02148400 0.02325600
13 0.67675800 0.61119200 0.02148400 0.02325600
22 0.26855500 0.64280500 0.02148400 0.02398300
3 0.29589800 0.64316900 0.02148400 0.02470900
17 0.32470700 0.64353200 0.02246100 0.02398300
20 0.35253900 0.64353200 0.02148400 0.02398300
6 0.37988300 0.64389500 0.02148400 0.02470900
25 0.26757800 0.67768900 0.02148400 0.02398300
0 0.29443400 0.67805200 0.02246100 0.02470900
3 0.32275400 0.67805200 0.02246100 0.02470900
0 0.35107400 0.67841600 0.02246100 0.02398300
16 0.37841800 0.67877900 0.02246100 0.02470900
13 0.40576200 0.67805200 0.02246100 0.02470900
8 0.43359400 0.67805200 0.02148400 0.02470900
10 0.46191400 0.67768900 0.02148400 0.02398300
13 0.26562500 0.71184600 0.02148400 0.02398300
4 0.29394500 0.71257300 0.02148400 0.02398300
20 0.32177700 0.71257300 0.02246100 0.02398300
3 0.35009800 0.71293600 0.02246100 0.02470900
0 0.37793000 0.71329900 0.02148400 0.02398300
16 0.40576200 0.71293600 0.02246100 0.02470900
13 0.43359400 0.71257300 0.02148400 0.02398300
8 0.45996100 0.71257300 0.02148400 0.02398300
10 0.48730500 0.71184600 0.02148400 0.02398300
15 0.26513700 0.74709300 0.02246100 0.02470900
14 0.29394500 0.74782000 0.02148400 0.02470900
1 0.32080100 0.74745600 0.02246100 0.02398300
11 0.34863300 0.74745600 0.02148400 0.02398300
4 0.37695300 0.74745600 0.02148400 0.02398300
3 0.40429700 0.74709300 0.02148400 0.02470900
13 0.43261700 0.74673000 0.02148400 0.02398300
4 0.45996100 0.74673000 0.02148400 0.02398300
11 0.48730500 0.74673000 0.02148400 0.02398300
8 0.26367200 0.78197700 0.02148400 0.02470900
18 0.31933600 0.78270300 0.02148400 0.02470900
19 0.34716800 0.78234000 0.02246100 0.02398300
0 0.37548800 0.78197700 0.02246100 0.02470900
11 0.40380900 0.78197700 0.02246100 0.02470900
4 0.48681600 0.78052300 0.02246100 0.02470900
15 0.51367200 0.78016000 0.02148400 0.02398300
19 0.54101600 0.77979700 0.02148400 0.02470900
0 0.56787100 0.77943300 0.02246100 0.02398300
19 0.59423800 0.77907000 0.02246100 0.02470900
4 0.15332000 0.81286300 0.02148400 0.02398300
18 0.18017600 0.81540700 0.02246100 0.02470900
19 0.20654300 0.81540700 0.02246100 0.02470900
22 0.31884800 0.81686000 0.02246100 0.02470900
14 0.34668000 0.81686000 0.02148400 0.02470900
18 0.37500000 0.81649700 0.02148400 0.02398300
4 0.40283200 0.81649700 0.02246100 0.02398300
12 0.43017600 0.81613400 0.02246100 0.02470900
18 0.10253900 0.84302300 0.02148400 0.02470900
14 0.12597700 0.84520300 0.02148400 0.02470900
17 0.15136700 0.84702000 0.02148400 0.02398300
14 0.17773400 0.84920100 0.02148400 0.02398300
10 0.20507800 0.85138100 0.02148400 0.02398300
22 0.26220700 0.85138100 0.02246100 0.02398300
14 0.29052700 0.85138100 0.02246100 0.02398300
18 0.31787100 0.85138100 0.02246100 0.02398300
4 0.34716800 0.85138100 0.02246100 0.02398300
12 0.37451200 0.85065400 0.02246100 0.02398300
8 0.18212900 0.07667200 0.01855500 0.01962200
