19 0.05781250 0.14609375 0.02812500 0.11093750
0 0.49843750 0.30937500 0.03593750 0.10390625
1 0.53593750 0.30937500 0.03281250 0.10078125
6 0.65000000 0.31250000 0.02968750 0.10781250
8 0.68750000 0.31250000 0.02968750 0.10781250
4 0.76406250 0.31562500 0.03125000 0.10390625
18 0.72500000 0.46562500 0.02812500 0.10390625
24 0.80156250 0.46562500 0.02812500 0.10390625
7 0.17500000 0.60078125 0.03125000 0.10781250
16 0.29375000 0.60078125 0.03125000 0.11093750
19 0.41406250 0.60078125 0.03125000 0.10781250
11 0.49531250 0.60078125 0.02812500 0.10781250
11 0.53281250 0.60390625 0.02812500 0.10390625
8 0.57187500 0.60390625 0.02812500 0.10390625
19 0.68750000 0.60781250 0.02968750 0.10390625
13 0.80000000 0.60781250 0.03125000 0.10390625
13 0.02656250 0.73593750 0.02812500 0.11093750
19 0.29375000 0.75000000 0.03125000 0.11093750
0 0.25156250 0.75000000 0.03281250 0.11484375
0 0.45312500 0.74687500 0.03281250 0.10390625
8 0.68593750 0.75312500 0.02656250 0.10390625
20 0.80000000 0.75312500 0.03281250 0.10390625
18 0.29375000 0.89609375 0.02968750 0.10390625
14 0.49062500 0.89609375 0.02968750 0.10781250
20 0.76250000 0.89921875 0.02812500 0.10781250
18 0.79843750 0.89921875 0.02812500 0.10078125
