19 0.11718750 0.62187500 0.10312500 0.15000000
4 0.21562500 0.60156250 0.09062500 0.16250000
25 0.32968750 0.57343750 0.08125000 0.13906250
3 0.08750000 0.84843750 0.08750000 0.15781250
14 0.17968750 0.82968750 0.08750000 0.15312500
21 0.27500000 0.79375000 0.09375000 0.16562500
13 0.36093750 0.75625000 0.08281250 0.16718750
18 0.49375000 0.90468750 0.08593750 0.16250000
7 0.57656250 0.87187500 0.08125000 0.15625000
12 0.06562500 0.22187500 0.07343750 0.14843750
0 0.15312500 0.19062500 0.07656250 0.15312500
3 0.24843750 0.14531250 0.08281250 0.16093750
18 0.53437500 0.67968750 0.08593750 0.14062500
19 0.53281250 0.08437500 0.08593750 0.13593750
4 0.34531250 0.12187500 0.08125000 0.15625000
16 0.65781250 0.83125000 0.08125000 0.13593750
7 0.62187500 0.65625000 0.07812500 0.14843750
5 0.59062500 0.46093750 0.07343750 0.14843750
11 0.68281250 0.43437500 0.08281250 0.15312500
