19 0.07500000 0.20468750 0.09375000 0.17500000
17 0.17500000 0.16562500 0.08593750 0.17968750
11 0.07812500 0.90156250 0.08750000 0.17031250
7 0.27187500 0.15000000 0.09531250 0.18437500
12 0.16406250 0.90156250 0.09531250 0.19687500
4 0.04218750 0.69062500 0.08281250 0.16093750
11 0.19531250 0.40156250 0.09531250 0.16718750
4 0.12812500 0.67500000 0.09375000 0.17187500
14 0.26250000 0.89375000 0.10468750 0.17968750
14 0.30312500 0.39375000 0.09375000 0.17031250
18 0.48125000 0.11718750 0.09062500 0.16562500
14 0.40312500 0.37500000 0.09062500 0.16718750
3 0.33593750 0.60156250 0.09843750 0.17656250
18 0.46718750 0.82031250 0.09062500 0.20312500
14 0.56875000 0.78906250 0.09531250 0.17500000
23 0.53750000 0.54531250 0.09843750 0.17500000
0 0.44062500 0.58125000 0.07812500 0.16250000
7 0.57812500 0.10156250 0.08593750 0.17500000
4 0.67968750 0.10000000 0.10000000 0.18437500
17 0.62656250 0.54375000 0.08593750 0.17656250
