10 0.29199200 0.07739800 0.02734400 0.03125000
8 0.36132800 0.07521800 0.02734400 0.03125000
16 0.46679700 0.07303800 0.02734400 0.03125000
20 0.50097700 0.07231100 0.02734400 0.03125000
10 0.53662100 0.07158400 0.02636700 0.03125000
14 0.57080100 0.07122100 0.02636700 0.03052300
22 0.60449200 0.07122100 0.02734400 0.03052300
18 0.63867200 0.07049400 0.02734400 0.03052300
10 0.67382800 0.07013100 0.02734400 0.02979700
8 0.70996100 0.06976700 0.02734400 0.03052300
16 0.29101600 0.16424400 0.02734400 0.03052300
20 0.32714800 0.16351700 0.02734400 0.03052300
3 0.36279300 0.16279100 0.02636700 0.03052300
14 0.39648400 0.16242700 0.02734400 0.02979700
3 0.46777300 0.16061000 0.02734400 0.02907000
4 0.50390600 0.15952000 0.02734400 0.02979700
17 0.53808600 0.15879400 0.02734400 0.02979700
4 0.57226600 0.15770300 0.02734400 0.02907000
22 0.60644500 0.15806700 0.02734400 0.03125000
14 0.64013700 0.15806700 0.02832000 0.03125000
18 0.12500000 0.34157000 0.02734400 0.03197700
14 0.16015600 0.34120600 0.02734400 0.03125000
3 0.19433600 0.34048000 0.02734400 0.03125000
4 0.22802700 0.34048000 0.02636700 0.03125000
17 0.26269500 0.33975300 0.02734400 0.03125000
9 0.29589800 0.33939000 0.02734400 0.03052300
0 0.33105500 0.33902600 0.02734400 0.03125000
13 0.36572300 0.33902600 0.02636700 0.03125000
8 0.40087900 0.33866300 0.02636700 0.03052300
4 0.43554700 0.33829900 0.02734400 0.03125000
16 0.12695300 0.42805200 0.02734400 0.03052300
20 0.16113300 0.42732600 0.02734400 0.03052300
3 0.19531200 0.42732600 0.02734400 0.03052300
14 0.22949200 0.42696200 0.02734400 0.02979700
3 0.29931600 0.42659900 0.02636700 0.03052300
4 0.33398400 0.42623500 0.02734400 0.02979700
17 0.36718800 0.42587200 0.02734400 0.03052300
4 0.40234400 0.42587200 0.02734400 0.03052300
22 0.43652300 0.42514500 0.02734400 0.03052300
14 0.47070300 0.42514500 0.02734400 0.03052300
10 0.12890600 0.51453500 0.02734400 0.03052300
17 0.16308600 0.51417200 0.02734400 0.02979700
0 0.19824200 0.51344500 0.02734400 0.02979700
3 0.23242200 0.51308100 0.02734400 0.02907000
4 0.26611300 0.51271800 0.02636700 0.02979700
13 0.30029300 0.51271800 0.02636700 0.02979700
14 0.33544900 0.51271800 0.02636700 0.02979700
4 0.37011700 0.51126500 0.02734400 0.02979700
18 0.43798800 0.51126500 0.02636700 0.02979700
14 0.47216800 0.51126500 0.02636700 0.02979700
11 0.50585900 0.51090100 0.02734400 0.03052300
13 0.54101600 0.51090100 0.02734400 0.03052300
2 0.57568400 0.51017400 0.02636700 0.03052300
4 0.60693400 0.51017400 0.02636700 0.03052300
12 0.12890600 0.59992700 0.02734400 0.03125000
14 0.16406200 0.59956400 0.02734400 0.03052300
3 0.23339800 0.59920100 0.02734400 0.03125000
14 0.26660200 0.59920100 0.02734400 0.03125000
3 0.30175800 0.59920100 0.02734400 0.03125000
17 0.37060500 0.59738400 0.02636700 0.03052300
14 0.30371100 0.81504400 0.02734400 0.03125000
14 0.33886700 0.81540700 0.02734400 0.03052300
14 0.37207000 0.81504400 0.02734400 0.03125000
12 0.47656200 0.81431700 0.02734400 0.03125000
8 0.51171900 0.81431700 0.02734400 0.03125000
15 0.54492200 0.81431700 0.02734400 0.03125000
14 0.57910200 0.81431700 0.02734400 0.03125000
17 0.64648400 0.81395300 0.02734400 0.03197700
4 0.68066400 0.81395300 0.02734400 0.03197700
15 0.71582000 0.81359000 0.02734400 0.03125000
17 0.75097700 0.81359000 0.02734400 0.03125000
14 0.78613300 0.81359000 0.02734400 0.03125000
1 0.51220700 0.90079900 0.02636700 0.02979700
9 0.54687500 0.90043600 0.02734400 0.02907000
0 0.57959000 0.90043600 0.02636700 0.02907000
4 0.61279300 0.90007300 0.02636700 0.02979700
