16 0.38906250 0.23750000 0.11875000 0.20781250
3 0.23906250 0.54531250 0.12187500 0.24375000
4 0.07968750 0.59218750 0.12968750 0.24375000
0 0.22343750 0.90781250 0.09062500 0.18437500
0 0.53437500 0.50312500 0.10468750 0.20312500
19 0.51875000 0.22343750 0.10937500 0.19375000
3 0.56562500 0.84062500 0.12500000 0.25000000
17 0.63281250 0.21718750 0.10468750 0.20156250
11 0.66875000 0.48125000 0.11718750 0.20156250
4 0.70156250 0.81562500 0.10781250 0.24687500
13 0.82500000 0.78125000 0.11718750 0.25937500
11 0.79062500 0.46718750 0.11875000 0.19687500
18 0.74531250 0.20781250 0.10000000 0.20781250
23 0.83906250 0.20156250 0.09531250 0.17656250
