2 0.82373000 0.03597400 0.02246100 0.02252900
19 0.39306600 0.07340100 0.02050800 0.02325600
4 0.41992200 0.07340100 0.02148400 0.02325600
11 0.44580100 0.07194800 0.02050800 0.02325600
4 0.47314500 0.07194800 0.02050800 0.02325600
5 0.49951200 0.07158400 0.02050800 0.02252900
14 0.52587900 0.07122100 0.02050800 0.02325600
13 0.55224600 0.07122100 0.02050800 0.02325600
20 0.09765600 0.14244200 0.02148400 0.02325600
12 0.15039100 0.14098800 0.02148400 0.02325600
4 0.17675800 0.14026200 0.02148400 0.02325600
13 0.20312500 0.13953500 0.02148400 0.02325600
25 0.28369100 0.13844500 0.02050800 0.02252900
0 0.31054700 0.13844500 0.02148400 0.02252900
25 0.33789100 0.13844500 0.02148400 0.02252900
22 0.36474600 0.13771800 0.02050800 0.02252900
14 0.39209000 0.13808100 0.02050800 0.02180200
13 0.41943400 0.13771800 0.02050800 0.02252900
8 0.44726600 0.13662800 0.02148400 0.02325600
11 0.47314500 0.13626500 0.02246100 0.02398300
19 0.52636700 0.13590100 0.02148400 0.02325600
4 0.55371100 0.13517400 0.02148400 0.02325600
11 0.58154300 0.13481100 0.02246100 0.02398300
4 0.60839800 0.13408400 0.02148400 0.02398300
5 0.63671900 0.13372100 0.02148400 0.02325600
14 0.66406200 0.13372100 0.02148400 0.02325600
13 0.69140600 0.13299400 0.02148400 0.02325600
10 0.12011700 0.20603200 0.02148400 0.02398300
19 0.14648400 0.20566900 0.02148400 0.02325600
14 0.17382800 0.20530500 0.02148400 0.02398300
6 0.22753900 0.20530500 0.02148400 0.02398300
14 0.25488300 0.20457800 0.02148400 0.02398300
22 0.28173800 0.20421500 0.02050800 0.02325600
14 0.30957000 0.20385200 0.02148400 0.02398300
17 0.33642600 0.20530500 0.02050800 0.02398300
8 0.36328100 0.20494200 0.02148400 0.02470900
19 0.39062500 0.20494200 0.02148400 0.02470900
18 0.11718800 0.27216600 0.02148400 0.02398300
11 0.14404300 0.27180200 0.02050800 0.02325600
14 0.17138700 0.27180200 0.02050800 0.02325600
13 0.19921900 0.27143900 0.02148400 0.02398300
14 0.11425800 0.33902600 0.02148400 0.02398300
19 0.14160200 0.33902600 0.02148400 0.02398300
10 0.16894500 0.33902600 0.02148400 0.02398300
20 0.19628900 0.33902600 0.02148400 0.02398300
3 0.22460900 0.33866300 0.02148400 0.02325600
0 0.25097700 0.33829900 0.02148400 0.02398300
14 0.11132800 0.40625000 0.02148400 0.02470900
19 0.13867200 0.40697700 0.02148400 0.02470900
22 0.19433600 0.40697700 0.02148400 0.02470900
4 0.22168000 0.40770300 0.02148400 0.02470900
17 0.24902300 0.40770300 0.02148400 0.02470900
1 0.27636700 0.40734000 0.02148400 0.02543600
11 0.30419900 0.40734000 0.02246100 0.02543600
3 0.36035200 0.40661300 0.02148400 0.02543600
0 0.38867200 0.40625000 0.02148400 0.02616300
16 0.10742200 0.47529100 0.02148400 0.02325600
19 0.13574200 0.47565400 0.02148400 0.02398300
14 0.16308600 0.47529100 0.02148400 0.02470900
22 0.21972700 0.47529100 0.02148400 0.02470900
0 0.24804700 0.47492700 0.02148400 0.02398300
12 0.27587900 0.47529100 0.02050800 0.02325600
13 0.33203100 0.47456400 0.02148400 0.02325600
0 0.36035200 0.47456400 0.02148400 0.02325600
3 0.38818400 0.47456400 0.02050800 0.02325600
14 0.41601600 0.47456400 0.02148400 0.02325600
14 0.13183600 0.54542200 0.02148400 0.02398300
10 0.15966800 0.54542200 0.02246100 0.02398300
14 0.18750000 0.54542200 0.02148400 0.02398300
11 0.21630900 0.54542200 0.02246100 0.02398300
0 0.24511700 0.54505800 0.02148400 0.02325600
3 0.27343800 0.54469500 0.02148400 0.02398300
0 0.30175800 0.54469500 0.02148400 0.02398300
3 0.10058600 0.61627900 0.02148400 0.02470900
11 0.12841800 0.61627900 0.02246100 0.02470900
10 0.21337900 0.61627900 0.02246100 0.02470900
14 0.24121100 0.61591600 0.02148400 0.02543600
6 0.26953100 0.61591600 0.02148400 0.02543600
14 0.29882800 0.61555200 0.02148400 0.02470900
3 0.09765600 0.68895300 0.02148400 0.02470900
11 0.12597700 0.68895300 0.02148400 0.02470900
18 0.21044900 0.68931700 0.02246100 0.02543600
13 0.26806600 0.68931700 0.02246100 0.02543600
0 0.29687500 0.68931700 0.02148400 0.02543600
12 0.35498000 0.68931700 0.02246100 0.02543600
14 0.38330100 0.68968000 0.02246100 0.02616300
4 0.41210900 0.68968000 0.02148400 0.02616300
6 0.44091800 0.68968000 0.02246100 0.02616300
14 0.46972700 0.68968000 0.02148400 0.02616300
0 0.09521500 0.76308100 0.02246100 0.02761600
12 0.15136700 0.76344500 0.02343800 0.02689000
13 0.17919900 0.76380800 0.02246100 0.02761600
14 0.20800800 0.76417200 0.02343800 0.02689000
6 0.23632800 0.76453500 0.02343800 0.02761600
14 0.26611300 0.76453500 0.02246100 0.02761600
11 0.32373000 0.76526200 0.02246100 0.02616300
8 0.35302700 0.76526200 0.02246100 0.02616300
15 0.41064500 0.76562500 0.02246100 0.02543600
17 0.44091800 0.76562500 0.02246100 0.02543600
8 0.46923800 0.76562500 0.02246100 0.02543600
18 0.49707000 0.76598800 0.02343800 0.02616300
11 0.52587900 0.76598800 0.02246100 0.02616300
0 0.55517600 0.76635200 0.02441400 0.02689000
19 0.58447300 0.76635200 0.02441400 0.02689000
3 0.09228500 0.83757300 0.02246100 0.02543600
0 0.12060500 0.83866300 0.02246100 0.02761600
15 0.17724600 0.83829900 0.02246100 0.02689000
20 0.20556600 0.83902600 0.02246100 0.02689000
3 0.23486300 0.83975300 0.02246100 0.02689000
14 0.26416000 0.84048000 0.02246100 0.02689000
22 0.29345700 0.84120600 0.02246100 0.02689000
19 0.38085900 0.84157000 0.02343800 0.02761600
0 0.40918000 0.84157000 0.02343800 0.02761600
10 0.43945300 0.84120600 0.02343800 0.02834300
15 0.49707000 0.84229700 0.02343800 0.02761600
19 0.55615200 0.84302300 0.02441400 0.02761600
