16 0.19062500 0.29687500 0.13437500 0.22812500
18 0.31562500 0.25468750 0.12187500 0.24375000
4 0.43593750 0.22968750 0.11718750 0.23906250
3 0.55468750 0.18437500 0.11250000 0.25937500
18 0.78906250 0.11562500 0.11250000 0.20781250
14 0.90156250 0.09843750 0.10000000 0.19375000
3 0.10156250 0.60312500 0.11718750 0.22500000
18 0.36406250 0.52968750 0.13125000 0.24687500
7 0.49218750 0.50781250 0.11250000 0.23906250
11 0.13750000 0.89375000 0.12968750 0.21093750
8 0.26250000 0.85468750 0.11875000 0.21875000
