18 0.24218750 0.82500000 0.08593750 0.15000000
19 0.20625000 0.17968750 0.08593750 0.15312500
4 0.04218750 0.26875000 0.08125000 0.15625000
7 0.33437500 0.79375000 0.07812500 0.14843750
4 0.46718750 0.93281250 0.07812500 0.13437500
4 0.42968750 0.75468750 0.08281250 0.15000000
4 0.55937500 0.90312500 0.07343750 0.14062500
15 0.30468750 0.14843750 0.08281250 0.15312500
11 0.60781250 0.68281250 0.08593750 0.14375000
5 0.27812500 0.58125000 0.07812500 0.15312500
11 0.38750000 0.55937500 0.09375000 0.13593750
19 0.48281250 0.53125000 0.08750000 0.13437500
14 0.69062500 0.65468750 0.08281250 0.15000000
17 0.56562500 0.48906250 0.08125000 0.16718750
3 0.72187500 0.83593750 0.07812500 0.15781250
18 0.81406250 0.93437500 0.07343750 0.13125000
