3 0.05468750 0.15468750 0.08125000 0.16250000
0 0.14531250 0.13437500 0.07812500 0.15000000
3 0.23281250 0.11562500 0.08593750 0.15781250
18 0.42500000 0.10156250 0.08750000 0.15625000
14 0.51406250 0.09687500 0.08593750 0.15312500
11 0.61718750 0.09687500 0.08125000 0.14531250
11 0.43750000 0.31718750 0.08750000 0.15312500
21 0.33125000 0.55000000 0.09062500 0.17968750
13 0.32812500 0.78125000 0.09531250 0.20156250
0 0.22343750 0.78906250 0.08593750 0.17031250
0 0.32031250 0.31562500 0.08281250 0.15000000
8 0.12500000 0.56406250 0.09062500 0.17968750
11 0.53437500 0.31093750 0.09531250 0.14843750
3 0.44062500 0.76093750 0.08593750 0.18125000
8 0.43125000 0.54218750 0.08125000 0.16718750
11 0.53437500 0.52812500 0.09531250 0.16250000
3 0.70156250 0.09531250 0.07343750 0.14843750
11 0.63281250 0.51718750 0.09531250 0.16250000
18 0.64375000 0.74375000 0.09531250 0.17968750
16 0.72187500 0.30000000 0.09062500 0.16718750
