18 0.14375000 0.44843750 0.08281250 0.17500000
18 0.07500000 0.68125000 0.09531250 0.18906250
7 0.16562500 0.67812500 0.08750000 0.19218750
16 0.26250000 0.65468750 0.09375000 0.16718750
4 0.28593750 0.87187500 0.08281250 0.17031250
11 0.38750000 0.85625000 0.09375000 0.17031250
12 0.49375000 0.81406250 0.08750000 0.17656250
4 0.36406250 0.61250000 0.08281250 0.16093750
11 0.53906250 0.36093750 0.07343750 0.15000000
4 0.46562500 0.58593750 0.08125000 0.17031250
14 0.59218750 0.78906250 0.09843750 0.16562500
14 0.62500000 0.33906250 0.08750000 0.16718750
18 0.78437500 0.09687500 0.07343750 0.16250000
14 0.72187500 0.32031250 0.08750000 0.16718750
