14 0.08593750 0.39375000 0.11718750 0.22500000
19 0.21562500 0.37656250 0.10312500 0.21250000
17 0.35156250 0.35468750 0.09843750 0.21875000
4 0.47187500 0.34375000 0.10312500 0.21875000
0 0.09687500 0.67812500 0.10468750 0.20312500
2 0.22968750 0.63437500 0.10468750 0.20156250
10 0.37343750 0.64375000 0.12187500 0.19687500
17 0.53125000 0.88750000 0.10468750 0.21875000
18 0.65937500 0.86562500 0.10468750 0.22500000
18 0.62656250 0.59531250 0.10312500 0.20625000
21 0.06718750 0.11250000 0.10468750 0.18125000
