19 0.12656250 0.62187500 0.10312500 0.15000000
4 0.22500000 0.60156250 0.09062500 0.16250000
25 0.34062500 0.56562500 0.08125000 0.13906250
3 0.09687500 0.84687500 0.08750000 0.15781250
14 0.18593750 0.82968750 0.08593750 0.15312500
21 0.28906250 0.79375000 0.09062500 0.16562500
13 0.37500000 0.75625000 0.08281250 0.16718750
18 0.51093750 0.89375000 0.08593750 0.16250000
7 0.58750000 0.87187500 0.08125000 0.15625000
12 0.07500000 0.21718750 0.07343750 0.14843750
0 0.16562500 0.18437500 0.07656250 0.15312500
3 0.25625000 0.14531250 0.08125000 0.16093750
18 0.55625000 0.67187500 0.08593750 0.14375000
19 0.53906250 0.08437500 0.08593750 0.13593750
4 0.35937500 0.12187500 0.08125000 0.15625000
16 0.67187500 0.83125000 0.08125000 0.13593750
7 0.63593750 0.65000000 0.07812500 0.14843750
5 0.60625000 0.46093750 0.07343750 0.14843750
11 0.69687500 0.43437500 0.08281250 0.15312500
