0 0.19021328 0.60047297 0.07111422 0.16684898
19 0.05626999 0.67748019 0.07525680 0.19985207
17 0.12047992 0.63622632 0.07801851 0.19068454
13 0.25822056 0.56105260 0.07732808 0.18335053
18 0.32519221 0.52071549 0.07456637 0.19068454
5 0.39492557 0.48679564 0.07594723 0.18518402
14 0.45948071 0.44554178 0.07525680 0.19068455
17 0.52541671 0.40612141 0.08008980 0.19618506
12 0.59307879 0.37128481 0.07732808 0.18151702
8 0.65418178 0.32819744 0.07939937 0.19068454
13 0.72184385 0.29611110 0.08354195 0.17785000
6 0.78674421 0.26677501 0.07939937 0.18518403
8 0.08664888 0.86266422 0.08354195 0.21452012
12 0.15569181 0.81957685 0.07387594 0.18335052
0 0.21852088 0.77832298 0.06559079 0.17785000
6 0.29239682 0.73798586 0.07801851 0.18151702
8 0.36247539 0.69489849 0.07732808 0.18335052
13 0.43117311 0.66464565 0.08354195 0.18518403
0 0.49572825 0.62155828 0.07318551 0.19068454
19 0.56787812 0.57938766 0.07801851 0.19068455
8 0.62932633 0.53446678 0.07801851 0.18518403
14 0.69836926 0.50879771 0.07663765 0.19251805
13 0.76292440 0.46571033 0.07594723 0.17968352
8 0.89548683 0.39970414 0.08285152 0.22735465
13 0.95486375 0.35753352 0.07870894 0.20168558
11 0.74578781 0.86071392 0.07527305 0.18825085
21 0.86271681 0.78890689 0.07673466 0.19213231
24 0.63068582 0.92599032 0.07308063 0.14801937
