8 0.08125000 0.43437500 0.10781250 0.21875000
13 0.19531250 0.42812500 0.10468750 0.23437500
4 0.23437500 0.68125000 0.10781250 0.21250000
16 0.35625000 0.67031250 0.10937500 0.21093750
4 0.05156250 0.18750000 0.09843750 0.20781250
13 0.16875000 0.15312500 0.10312500 0.21250000
2 0.44375000 0.36250000 0.10781250 0.23281250
4 0.51093750 0.88906250 0.10312500 0.21562500
4 0.48125000 0.63281250 0.11250000 0.21562500
3 0.62812500 0.86406250 0.10781250 0.21875000
0 0.55937500 0.34531250 0.10312500 0.24218750
