24 0.07968750 0.10390625 0.03593750 0.11484375
0 0.16562500 0.10078125 0.03437500 0.11484375
11 0.21250000 0.10390625 0.03750000 0.12500000
6 0.34531250 0.10390625 0.03593750 0.12812500
5 0.57187500 0.10781250 0.03750000 0.12812500
4 0.84531250 0.10781250 0.03750000 0.13515625
11 0.30468750 0.27421875 0.04375000 0.12812500
0 0.75312500 0.27421875 0.03437500 0.12187500
24 0.79843750 0.27421875 0.03593750 0.12187500
1 0.93906250 0.27421875 0.03906250 0.11484375
5 0.03437500 0.43750000 0.03750000 0.11484375
14 0.07812500 0.43750000 0.03437500 0.11796875
6 0.12187500 0.43750000 0.03593750 0.12187500
2 0.38906250 0.44062500 0.03750000 0.11484375
0 0.43281250 0.44453125 0.03281250 0.11484375
12 0.47968750 0.44453125 0.03750000 0.11484375
4 0.52187500 0.44453125 0.03906250 0.11796875
4 0.61406250 0.44453125 0.03906250 0.11796875
12 0.70625000 0.44765625 0.03593750 0.11796875
14 0.75156250 0.44765625 0.03750000 0.11484375
17 0.79843750 0.44765625 0.03750000 0.11796875
13 0.84375000 0.44765625 0.03750000 0.12187500
5 0.12343750 0.60390625 0.03593750 0.12187500
8 0.33906250 0.56562500 0.03593750 0.12187500
17 0.91250000 0.57656250 0.03125000 0.11796875
4 0.95625000 0.57656250 0.03437500 0.11484375
14 0.20312500 0.72578125 0.03281250 0.12500000
14 0.24843750 0.72890625 0.03281250 0.12187500
18 0.38281250 0.73281250 0.03437500 0.11796875
13 0.77968750 0.73984375 0.03593750 0.11796875
14 0.82500000 0.73984375 0.03593750 0.12187500
17 0.86718750 0.73984375 0.03437500 0.11796875
18 0.24843750 0.89609375 0.03750000 0.11796875
12 0.64531250 0.90625000 0.03593750 0.11484375
