4 0.06093750 0.57656250 0.10000000 0.23281250
11 0.35625000 0.54531250 0.11250000 0.20781250
13 0.51875000 0.85156250 0.12968750 0.25468750
0 0.36250000 0.86406250 0.12500000 0.22500000
14 0.49218750 0.53906250 0.11250000 0.21562500
18 0.48437500 0.26250000 0.10468750 0.20781250
7 0.59375000 0.26093750 0.09843750 0.19843750
14 0.61562500 0.52656250 0.11250000 0.21562500
3 0.65312500 0.82187500 0.12187500 0.24687500
10 0.74375000 0.51250000 0.11406250 0.21875000
4 0.71562500 0.25468750 0.10312500 0.19843750
