4 0.01718750 0.11796875 0.03437500 0.12500000
19 0.06093750 0.11484375 0.03593750 0.12812500
4 0.50937500 0.09687500 0.03125000 0.12500000
0 0.86093750 0.08671875 0.03125000 0.12500000
13 0.90000000 0.08671875 0.03593750 0.12500000
4 0.94375000 0.25000000 0.03437500 0.13281250
13 0.55781250 0.26015625 0.03593750 0.12812500
22 0.46718750 0.26406250 0.03750000 0.12500000
10 0.10625000 0.28125000 0.03437500 0.13593750
2 0.06250000 0.28125000 0.03281250 0.12500000
0 0.01875000 0.45156250 0.03281250 0.12187500
8 0.06250000 0.45156250 0.03593750 0.12187500
17 0.10468750 0.44765625 0.03750000 0.11406250
18 0.15000000 0.44765625 0.03593750 0.11875000
18 0.37812500 0.43437500 0.03437500 0.11718750
16 0.42343750 0.43437500 0.03593750 0.11718750
20 0.46875000 0.43437500 0.03593750 0.12187500
8 0.51406250 0.43046875 0.03281250 0.12500000
3 0.82343750 0.42031250 0.03125000 0.12500000
8 0.86562500 0.41640625 0.03281250 0.13593750
4 0.69375000 0.59375000 0.03125000 0.11562500
17 0.60625000 0.59375000 0.03593750 0.12187500
2 0.10937500 0.62187500 0.03593750 0.12500000
17 0.02187500 0.62187500 0.03750000 0.12500000
4 0.06562500 0.78828125 0.03750000 0.12500000
0 0.38281250 0.77812500 0.03125000 0.12500000
14 0.51718750 0.76718750 0.03281250 0.12187500
0 0.73750000 0.75312500 0.03281250 0.11718750
11 0.78437500 0.75000000 0.03593750 0.12187500
13 0.56562500 0.93046875 0.03750000 0.12500000
15 0.02500000 0.94765625 0.03281250 0.10468750
