1 0.44628900 0.14934600 0.02929700 0.04433100
0 0.49951200 0.14934600 0.02832000 0.04433100
13 0.65869100 0.14970900 0.02832000 0.04360500
22 0.71044900 0.15007300 0.02832000 0.04433100
0 0.76074200 0.15007300 0.02734400 0.04287800
17 0.81494100 0.15007300 0.02636700 0.04287800
3 0.12207000 0.22492700 0.02929700 0.04433100
14 0.17773400 0.22492700 0.02929700 0.04433100
12 0.23339800 0.22565400 0.02929700 0.04433100
0 0.28710900 0.22565400 0.02929700 0.04433100
13 0.39697300 0.22601700 0.02832000 0.04360500
17 0.60595700 0.22674400 0.02832000 0.04360500
0 0.65576200 0.22601700 0.02636700 0.04360500
1 0.70703100 0.22529100 0.02734400 0.04215100
14 0.75878900 0.22529100 0.02734400 0.04215100
19 0.81054700 0.22492700 0.02734400 0.04287800
0 0.86230500 0.22492700 0.02734400 0.04287800
0 0.12793000 0.30232600 0.02929700 0.04360500
3 0.18457000 0.30232600 0.02929700 0.04360500
2 0.23974600 0.30196200 0.02832000 0.04287800
5 0.29443400 0.30196200 0.02832000 0.04287800
8 0.50390600 0.30196200 0.02734400 0.04287800
0 0.70605500 0.29941900 0.02734400 0.04215100
4 0.75781200 0.29869200 0.02734400 0.04215100
8 0.81005900 0.29796500 0.02832000 0.04215100
0 0.08154300 0.37718000 0.02832000 0.04069800
3 0.13720700 0.37718000 0.02832000 0.04069800
4 0.24658200 0.37609000 0.02832000 0.04142400
2 0.30029300 0.37572700 0.02832000 0.04069800
7 0.40380900 0.37463700 0.02832000 0.04142400
5 0.45361300 0.37427300 0.02832000 0.04069800
4 0.55322300 0.37354700 0.02832000 0.04069800
7 0.40576200 0.44331400 0.02636700 0.04069800
8 0.09277300 0.44912800 0.02734400 0.04069800
0 0.45312500 0.44331400 0.02539100 0.03924400
