1 0.10468750 0.09722222 0.03593750 0.13888889
11 0.14375000 0.09722222 0.04062500 0.13888889
0 0.18437500 0.10069444 0.04062500 0.13888889
13 0.22500000 0.09722222 0.04062500 0.13194444
10 0.26875000 0.09722222 0.04375000 0.12500000
4 0.31250000 0.09722222 0.04375000 0.12847222
19 0.35156250 0.11111111 0.03437500 0.10763889
18 0.39375000 0.11111111 0.02968750 0.11458333
13 0.51406250 0.13194444 0.03281250 0.10416667
22 0.63281250 0.14236111 0.03593750 0.12847222
13 0.71093750 0.13888889 0.03593750 0.11805556
4 0.74687500 0.14236111 0.03437500 0.12500000
3 0.86875000 0.14583333 0.03125000 0.11458333
14 0.26718750 0.25694444 0.03750000 0.12152778
7 0.30781250 0.25694444 0.03906250 0.12152778
8 0.43437500 0.26388889 0.03125000 0.11111111
5 0.47187500 0.26736111 0.03906250 0.12152778
23 0.55312500 0.27777778 0.03750000 0.12152778
8 0.63281250 0.28819444 0.03437500 0.12847222
18 0.66875000 0.29166667 0.03750000 0.11805556
13 0.70781250 0.29166667 0.03593750 0.12152778
19 0.78750000 0.29513889 0.03593750 0.12500000
11 0.86875000 0.29861111 0.03593750 0.13194444
11 0.90937500 0.29861111 0.04375000 0.12847222
7 0.26562500 0.40972222 0.03906250 0.12500000
20 0.30468750 0.40972222 0.03593750 0.12500000
8 0.55000000 0.42708333 0.03750000 0.11111111
18 0.70781250 0.44097222 0.03593750 0.11805556
19 0.25781250 0.56250000 0.03750000 0.11805556
4 0.34687500 0.56250000 0.03750000 0.12500000
19 0.62656250 0.57638889 0.03750000 0.11458333
24 0.70781250 0.58333333 0.03750000 0.12152778
18 0.78593750 0.58333333 0.03281250 0.11111111
15 0.86718750 0.59027778 0.03281250 0.11111111
14 0.94687500 0.59375000 0.03125000 0.11111111
7 0.25625000 0.71527778 0.03750000 0.14236111
20 0.30000000 0.71527778 0.04375000 0.13888889
7 0.34218750 0.71875000 0.04218750 0.13541667
19 0.51093750 0.72222222 0.03750000 0.13194444
17 0.54843750 0.71875000 0.03750000 0.12500000
4 0.58750000 0.72222222 0.03593750 0.12500000
1 0.62656250 0.72222222 0.03906250 0.12847222
8 0.98437500 0.74305556 0.03125000 0.12152778
9 0.12343750 0.87847222 0.03906250 0.13888889
14 0.16406250 0.87500000 0.03906250 0.13194444
7 0.20937500 0.88194444 0.03593750 0.13541667
13 0.25468750 0.88194444 0.04375000 0.13888889
18 0.30000000 0.87847222 0.04062500 0.14236111
14 0.33906250 0.88194444 0.03750000 0.13888889
13 0.38593750 0.87847222 0.04375000 0.14236111
8 0.59062500 0.88194444 0.03750000 0.13888889
12 0.66718750 0.88194444 0.03906250 0.12847222
19 0.86562500 0.88888889 0.03750000 0.11805556
