20 0.16406250 0.09687500 0.03437500 0.12500000
19 0.25156250 0.09375000 0.03593750 0.11796875
4 0.82812500 0.09062500 0.03437500 0.12187500
19 0.87187500 0.09062500 0.03750000 0.12500000
10 0.91562500 0.26406250 0.03437500 0.12187500
2 0.87187500 0.26015625 0.03437500 0.12812500
24 0.34375000 0.26406250 0.03593750 0.12500000
12 0.20937500 0.26015625 0.03593750 0.12187500
14 0.16562500 0.26406250 0.03750000 0.11484375
18 0.16562500 0.43046875 0.03281250 0.12187500
4 0.20937500 0.43046875 0.03750000 0.12500000
21 0.25312500 0.43046875 0.03750000 0.12187500
2 0.38906250 0.42343750 0.03125000 0.11484375
3 0.47812500 0.42734375 0.03281250 0.12500000
5 0.78750000 0.42734375 0.03437500 0.12500000
0 0.82968750 0.42343750 0.03125000 0.12812500
8 0.87187500 0.42734375 0.03437500 0.12187500
17 0.91562500 0.42343750 0.03437500 0.12187500
18 0.95937500 0.42343750 0.03281250 0.12500000
2 0.92031250 0.58671875 0.03437500 0.13203125
17 0.83437500 0.59062500 0.03437500 0.12187500
0 0.56562500 0.59062500 0.03125000 0.12187500
4 0.43593750 0.59687500 0.03593750 0.12187500
6 0.34687500 0.59687500 0.03750000 0.12812500
22 0.08281250 0.60078125 0.03281250 0.12500000
3 0.08281250 0.76406250 0.03437500 0.12812500
17 0.12187500 0.76406250 0.03437500 0.13515625
14 0.16562500 0.76718750 0.03281250 0.12812500
15 0.21250000 0.76406250 0.03750000 0.12500000
15 0.25468750 0.76718750 0.03281250 0.12187500
18 0.39062500 0.76406250 0.03750000 0.11796875
20 0.43437500 0.76406250 0.03281250 0.12500000
4 0.87812500 0.75000000 0.03593750 0.12500000
15 0.83750000 0.92031250 0.03593750 0.12500000
0 0.30156250 0.93046875 0.03125000 0.12187500
11 0.16875000 0.93437500 0.03437500 0.12187500
8 0.12500000 0.93437500 0.03750000 0.12812500
