3 0.29531250 0.08281250 0.08281250 0.16250000
0 0.39375000 0.07812500 0.08125000 0.14843750
3 0.50000000 0.08437500 0.08750000 0.15781250
18 0.67500000 0.08281250 0.08125000 0.15625000
14 0.76250000 0.08593750 0.07343750 0.15625000
11 0.84062500 0.09062500 0.07343750 0.13906250
11 0.68593750 0.28750000 0.08125000 0.14843750
21 0.59687500 0.50156250 0.08593750 0.15625000
13 0.60625000 0.72812500 0.08750000 0.17500000
0 0.50781250 0.73125000 0.08593750 0.17031250
0 0.59531250 0.28593750 0.08593750 0.15000000
8 0.41406250 0.51562500 0.08750000 0.17968750
11 0.78437500 0.28750000 0.09531250 0.14843750
3 0.70781250 0.71718750 0.08593750 0.17968750
8 0.69062500 0.49687500 0.08125000 0.16718750
