18 0.10781250 0.15000000 0.10000000 0.20156250
25 0.21875000 0.12031250 0.10000000 0.18437500
17 0.55000000 0.09531250 0.08750000 0.16250000
4 0.12187500 0.67968750 0.10937500 0.21093750
22 0.25312500 0.62656250 0.11406250 0.23437500
18 0.39218750 0.60781250 0.10468750 0.20156250
14 0.41562500 0.87500000 0.10781250 0.19687500
13 0.52656250 0.81718750 0.09531250 0.20625000
18 0.60312500 0.55000000 0.09531250 0.18437500
0 0.63750000 0.09375000 0.08125000 0.15312500
4 0.64375000 0.78437500 0.09375000 0.19375000
