20 0.68125000 0.25625000 0.05625000 0.14843750
0 0.61718750 0.26562500 0.05625000 0.14531250
4 0.74218750 0.25781250 0.05156250 0.15312500
7 0.55312500 0.26562500 0.05000000 0.14062500
14 0.62187500 0.44531250 0.05625000 0.14062500
2 0.55937500 0.44531250 0.05000000 0.14062500
19 0.68437500 0.44531250 0.05625000 0.14531250
16 0.74531250 0.44062500 0.05156250 0.14531250
17 0.80468750 0.43437500 0.05156250 0.15000000
17 0.87187500 0.60156250 0.05468750 0.14062500
16 0.75468750 0.62187500 0.06250000 0.14531250
9 0.81562500 0.61093750 0.05468750 0.14843750
8 0.68593750 0.62656250 0.05156250 0.15781250
1 0.62500000 0.63437500 0.05625000 0.14062500
21 0.88125000 0.78437500 0.05156250 0.15312500
4 0.93593750 0.77968750 0.05000000 0.15312500
7 0.75781250 0.80312500 0.05468750 0.15000000
2 0.69531250 0.81093750 0.05156250 0.13906250
19 0.63281250 0.82656250 0.05468750 0.14062500
12 0.57031250 0.82968750 0.05468750 0.14062500
