19 0.06250000 0.07638889 0.02812500 0.09722222
18 0.17343750 0.07986111 0.02968750 0.09722222
2 0.28593750 0.08333333 0.02812500 0.09722222
17 0.36093750 0.08333333 0.02812500 0.10416667
6 0.43593750 0.09027778 0.02812500 0.10763889
4 0.47343750 0.09027778 0.02656250 0.10416667
8 0.13281250 0.21875000 0.02968750 0.11111111
2 0.20781250 0.22222222 0.02968750 0.10763889
19 0.28437500 0.22222222 0.03125000 0.10763889
23 0.47343750 0.23263889 0.03125000 0.10763889
2 0.62187500 0.23958333 0.02968750 0.11458333
17 0.65937500 0.23611111 0.02656250 0.10416667
3 0.84843750 0.24305556 0.02968750 0.10416667
12 0.24375000 0.36111111 0.03125000 0.10069444
15 0.28125000 0.36111111 0.02968750 0.10069444
24 0.39687500 0.36805556 0.02968750 0.10069444
24 0.05156250 0.49652778 0.02812500 0.10416667
4 0.08906250 0.49652778 0.02812500 0.10763889
3 0.31875000 0.50694444 0.02812500 0.10763889
8 0.47031250 0.51388889 0.02812500 0.10416667
18 0.50937500 0.51041667 0.02812500 0.10416667
10 0.54687500 0.51388889 0.02812500 0.10416667
14 0.58437500 0.51041667 0.02968750 0.10416667
0 0.77656250 0.51736111 0.03437500 0.10416667
0 0.08750000 0.78819444 0.03593750 0.11458333
6 0.23906250 0.79513889 0.03281250 0.11458333
4 0.27812500 0.79513889 0.03125000 0.11458333
14 0.35312500 0.79166667 0.03281250 0.11111111
13 0.39375000 0.79513889 0.03281250 0.11458333
14 0.62187500 0.80208333 0.03281250 0.10763889
