3 0.01562500 0.28472222 0.02968750 0.12500000
19 0.13906250 0.27083333 0.03906250 0.12500000
19 0.22343750 0.27430556 0.03437500 0.12152778
5 0.52656250 0.26041667 0.03281250 0.12152778
17 0.61406250 0.25694444 0.03437500 0.12152778
24 0.65625000 0.25694444 0.03593750 0.12500000
1 0.70000000 0.25347222 0.03437500 0.12500000
19 0.83437500 0.25000000 0.03750000 0.12847222
11 0.66250000 0.42013889 0.03750000 0.12500000
4 0.52968750 0.42361111 0.03593750 0.12152778
13 0.18281250 0.43402778 0.03750000 0.11805556
3 0.09687500 0.44444444 0.03750000 0.12500000
8 0.05625000 0.60069444 0.03281250 0.12152778
19 0.09843750 0.60416667 0.03750000 0.12500000
17 0.01875000 0.76736111 0.03750000 0.12152778
9 0.02656250 0.91666667 0.03750000 0.12847222
4 0.06562500 0.92013889 0.03750000 0.12500000
18 0.27500000 0.91666667 0.03593750 0.13888889
0 0.31875000 0.92361111 0.03750000 0.13888889
12 0.35937500 0.91666667 0.03750000 0.13194444
4 0.40000000 0.91666667 0.04062500 0.13194444
25 0.53125000 0.90972222 0.03437500 0.12847222
