18 0.15000000 0.85468750 0.08593750 0.15000000
19 0.10468750 0.20781250 0.08750000 0.15312500
7 0.22500000 0.84062500 0.08281250 0.14531250
4 0.32031250 0.80468750 0.08281250 0.15000000
15 0.19843750 0.18125000 0.08281250 0.15312500
11 0.50781250 0.71718750 0.08593750 0.14375000
5 0.16406250 0.63125000 0.07812500 0.15312500
11 0.26250000 0.60000000 0.09375000 0.13593750
19 0.37187500 0.56562500 0.09062500 0.14531250
14 0.59062500 0.69062500 0.08281250 0.15000000
17 0.46250000 0.52343750 0.08125000 0.16718750
3 0.62500000 0.86250000 0.07812500 0.15781250
23 0.77812500 0.79375000 0.06718750 0.14062500
14 0.67656250 0.65625000 0.08750000 0.14375000
0 0.70468750 0.84687500 0.07343750 0.13125000
7 0.55156250 0.50781250 0.07656250 0.15625000
