19 0.72031250 0.10763889 0.02812500 0.10416667
19 0.38750000 0.24305556 0.03281250 0.11111111
6 0.63906250 0.25694444 0.03125000 0.12500000
1 0.88281250 0.26388889 0.03281250 0.10416667
18 0.09687500 0.40277778 0.03281250 0.11805556
18 0.13593750 0.40277778 0.03281250 0.11805556
24 0.17812500 0.40277778 0.03281250 0.12500000
18 0.34375000 0.40277778 0.03437500 0.12152778
4 0.51093750 0.40972222 0.03281250 0.12847222
11 0.63906250 0.56597222 0.02968750 0.10763889
4 0.92812500 0.57638889 0.03125000 0.11805556
0 0.09531250 0.71527778 0.03593750 0.11458333
11 0.13437500 0.71527778 0.03593750 0.11458333
11 0.17500000 0.71875000 0.03750000 0.11805556
3 0.51093750 0.71875000 0.03281250 0.11458333
8 0.55312500 0.72222222 0.03437500 0.11458333
18 0.59843750 0.72569444 0.03281250 0.11805556
14 0.68281250 0.72916667 0.03437500 0.13194444
14 0.89218750 0.72916667 0.02968750 0.10763889
11 0.96875000 0.72916667 0.02968750 0.11111111
0 0.38281250 0.88888889 0.03906250 0.11805556
19 0.46718750 0.88541667 0.03281250 0.11458333
2 0.72812500 0.89583333 0.03437500 0.12847222
18 0.85625000 0.89583333 0.03281250 0.11805556
