0 0.85986300 0.05668600 0.02246100 0.02325600
2 0.88671900 0.05704900 0.02343800 0.02398300
4 0.91406200 0.05777600 0.02343800 0.02398300
8 0.29052700 0.07994200 0.02441400 0.02616300
3 0.31884800 0.08066900 0.02441400 0.02616300
8 0.34814500 0.08066900 0.02441400 0.02616300
18 0.26074200 0.11373500 0.02343800 0.02543600
19 0.29003900 0.11446200 0.02343800 0.02543600
14 0.31933600 0.11518900 0.02343800 0.02543600
11 0.34863300 0.11591600 0.02343800 0.02543600
17 0.40820300 0.11664200 0.02343800 0.02543600
17 0.26074200 0.14898300 0.02343800 0.02470900
0 0.29003900 0.14970900 0.02343800 0.02470900
25 0.31933600 0.15007300 0.02343800 0.02543600
22 0.34863300 0.15043600 0.02343800 0.02470900
14 0.37841800 0.15079900 0.02246100 0.02543600
3 0.40722700 0.15116300 0.02343800 0.02470900
8 0.43652300 0.15152600 0.02343800 0.02543600
18 0.26123000 0.18495600 0.02246100 0.02543600
0 0.29101600 0.18532000 0.02343800 0.02616300
12 0.32031200 0.18568300 0.02343800 0.02543600
14 0.34960900 0.18604700 0.02343800 0.02470900
22 0.37841800 0.18641000 0.02246100 0.02543600
0 0.40722700 0.18641000 0.02343800 0.02543600
17 0.43701200 0.18641000 0.02246100 0.02543600
19 0.14648400 0.22420100 0.02343800 0.02543600
20 0.23144500 0.22274700 0.02343800 0.02543600
13 0.29003900 0.22202000 0.02343800 0.02543600
0 0.31933600 0.22129400 0.02343800 0.02543600
18 0.34912100 0.22165700 0.02246100 0.02470900
13 0.40820300 0.22238400 0.02343800 0.02470900
4 0.43701200 0.22274700 0.02246100 0.02543600
12 0.49560500 0.22347400 0.02246100 0.02543600
0 0.52490200 0.22383700 0.02246100 0.02470900
18 0.55273400 0.22420100 0.02148400 0.02543600
19 0.58105500 0.22456400 0.02148400 0.02470900
4 0.60986300 0.22492700 0.02246100 0.02543600
17 0.63867200 0.22529100 0.02148400 0.02470900
19 0.14697300 0.25981100 0.02246100 0.02543600
20 0.23291000 0.25799400 0.02246100 0.02470900
13 0.29052700 0.25690400 0.02246100 0.02543600
0 0.31982400 0.25726700 0.02246100 0.02470900
18 0.34912100 0.25763100 0.02246100 0.02543600
11 0.40869100 0.25799400 0.02246100 0.02470900
14 0.43750000 0.25835800 0.02343800 0.02543600
12 0.46630900 0.25872100 0.02246100 0.02470900
0 0.49560500 0.25872100 0.02246100 0.02470900
18 0.52490200 0.25908400 0.02246100 0.02543600
19 0.55224600 0.25944800 0.02246100 0.02470900
4 0.58154300 0.26017400 0.02246100 0.02470900
17 0.60986300 0.26090100 0.02246100 0.02470900
6 0.32031200 0.32885200 0.02343800 0.02543600
3 0.34960900 0.32885200 0.02343800 0.02543600
4 0.37890600 0.32957800 0.02343800 0.02543600
19 0.43847700 0.32957800 0.02343800 0.02543600
20 0.46679700 0.32957800 0.02343800 0.02543600
19 0.49658200 0.32994200 0.02246100 0.02470900
15 0.55419900 0.33066900 0.02246100 0.02470900
4 0.58252000 0.33066900 0.02246100 0.02470900
19 0.61084000 0.33103200 0.02246100 0.02543600
6 0.34960900 0.36446200 0.02343800 0.02543600
3 0.37939500 0.36482600 0.02246100 0.02470900
4 0.40869100 0.36518900 0.02246100 0.02543600
18 0.46826200 0.36591600 0.02246100 0.02543600
4 0.49658200 0.36591600 0.02246100 0.02543600
17 0.52587900 0.36627900 0.02246100 0.02470900
4 0.55419900 0.36627900 0.02246100 0.02470900
9 0.58252000 0.36700600 0.02246100 0.02470900
0 0.61132800 0.36700600 0.02148400 0.02470900
3 0.09472700 0.40516000 0.02148400 0.02543600
17 0.12060500 0.40443300 0.02050800 0.02543600
20 0.14697300 0.40370600 0.02050800 0.02543600
6 0.17382800 0.40334300 0.02148400 0.02470900
13 0.23193400 0.40116300 0.02246100 0.02616300
0 0.26123000 0.40079900 0.02246100 0.02543600
3 0.32080100 0.40116300 0.02246100 0.02470900
17 0.35058600 0.40116300 0.02343800 0.02470900
20 0.37988300 0.40116300 0.02148400 0.02470900
6 0.40918000 0.40152600 0.02148400 0.02543600
0 0.43847700 0.40152600 0.02148400 0.02543600
19 0.49707000 0.40189000 0.02148400 0.02470900
0 0.52636700 0.40189000 0.02148400 0.02470900
10 0.55419900 0.40189000 0.02246100 0.02470900
15 0.61181600 0.40225300 0.02246100 0.02543600
14 0.64013700 0.40225300 0.02246100 0.02543600
7 0.66894500 0.40189000 0.02148400 0.02470900
14 0.69677700 0.40152600 0.02246100 0.02398300
9 0.72412100 0.40152600 0.02246100 0.02398300
8 0.75244100 0.40152600 0.02246100 0.02398300
10 0.09521500 0.44077000 0.02050800 0.02543600
14 0.12011700 0.44004400 0.02148400 0.02543600
12 0.14746100 0.43968000 0.02148400 0.02470900
0 0.17480500 0.43931700 0.02148400 0.02543600
17 0.20361300 0.43859000 0.02050800 0.02543600
14 0.23291000 0.43859000 0.02246100 0.02543600
22 0.26171900 0.43859000 0.02148400 0.02543600
1 0.35107400 0.43750000 0.02246100 0.02616300
17 0.38037100 0.43713700 0.02246100 0.02543600
0 0.40966800 0.43713700 0.02246100 0.02543600
19 0.43945300 0.43713700 0.02148400 0.02543600
6 0.09570300 0.47638100 0.02148400 0.02543600
3 0.12011700 0.47638100 0.02148400 0.02543600
4 0.14746100 0.47565400 0.02148400 0.02543600
19 0.20312500 0.47492700 0.02148400 0.02543600
20 0.23242200 0.47456400 0.02148400 0.02470900
19 0.26220700 0.47420100 0.02246100 0.02543600
15 0.32177700 0.47383700 0.02246100 0.02616300
4 0.35107400 0.47347400 0.02246100 0.02543600
19 0.38085900 0.47311000 0.02148400 0.02470900
6 0.46923800 0.47311000 0.02246100 0.02470900
3 0.49804700 0.47311000 0.02148400 0.02470900
4 0.52685500 0.47311000 0.02246100 0.02470900
18 0.58447300 0.47238400 0.02246100 0.02470900
4 0.61328100 0.47238400 0.02148400 0.02470900
17 0.64111300 0.47238400 0.02246100 0.02470900
4 0.67041000 0.47202000 0.02246100 0.02398300
9 0.69824200 0.47202000 0.02148400 0.02398300
0 0.72558600 0.47202000 0.02148400 0.02398300
13 0.09521500 0.51162800 0.02050800 0.02470900
4 0.12011700 0.51162800 0.02148400 0.02470900
12 0.17480500 0.51126500 0.02148400 0.02543600
14 0.20312500 0.51126500 0.02148400 0.02543600
6 0.23242200 0.51090100 0.02148400 0.02470900
20 0.26171900 0.51090100 0.02148400 0.02470900
18 0.32177700 0.50981100 0.02246100 0.02543600
10 0.35156200 0.50981100 0.02148400 0.02543600
0 0.38085900 0.51017400 0.02148400 0.02470900
25 0.41015600 0.50908400 0.02148400 0.02543600
0 0.43896500 0.50944800 0.02246100 0.02470900
19 0.46923800 0.50908400 0.02246100 0.02543600
19 0.14746100 0.54760200 0.02148400 0.02543600
14 0.17480500 0.54760200 0.02148400 0.02543600
11 0.20312500 0.54760200 0.02148400 0.02543600
10 0.26220700 0.54687500 0.02246100 0.02543600
14 0.29199200 0.54651200 0.02148400 0.02616300
1 0.35107400 0.54614800 0.02246100 0.02543600
0 0.38134800 0.54578500 0.02246100 0.02470900
1 0.41064500 0.54578500 0.02246100 0.02470900
20 0.44043000 0.54542200 0.02148400 0.02543600
10 0.49951200 0.54542200 0.02246100 0.02543600
0 0.52783200 0.54433100 0.02246100 0.02470900
8 0.58544900 0.54360500 0.02246100 0.02470900
12 0.64306600 0.54324100 0.02246100 0.02543600
0 0.67138700 0.54287800 0.02246100 0.02470900
19 0.69970700 0.54251500 0.02246100 0.02543600
8 0.14697300 0.58393900 0.02246100 0.02543600
7 0.17431600 0.58393900 0.02246100 0.02543600
20 0.23242200 0.58393900 0.02148400 0.02543600
12 0.26269500 0.58393900 0.02148400 0.02543600
4 0.29199200 0.58393900 0.02148400 0.02543600
19 0.35205100 0.58284900 0.02246100 0.02616300
17 0.41113300 0.58175900 0.02343800 0.02543600
0 0.44091800 0.58139500 0.02246100 0.02616300
25 0.47021500 0.58103200 0.02246100 0.02543600
11 0.49951200 0.58030500 0.02246100 0.02543600
8 0.52880900 0.57994200 0.02246100 0.02470900
16 0.55712900 0.58030500 0.02246100 0.02543600
0 0.58642600 0.57957800 0.02246100 0.02543600
19 0.61474600 0.57957800 0.02246100 0.02543600
13 0.09472700 0.61954900 0.02148400 0.02543600
4 0.12011700 0.62064000 0.02148400 0.02616300
12 0.17431600 0.62064000 0.02246100 0.02616300
14 0.20312500 0.62064000 0.02148400 0.02616300
6 0.23242200 0.62064000 0.02148400 0.02616300
20 0.26171900 0.62064000 0.02148400 0.02616300
22 0.38134800 0.61954900 0.02246100 0.02543600
0 0.41162100 0.61882300 0.02246100 0.02543600
12 0.44091800 0.61809600 0.02246100 0.02543600
18 0.49951200 0.61664200 0.02246100 0.02543600
10 0.52880900 0.61664200 0.02246100 0.02543600
0 0.55810500 0.61591600 0.02246100 0.02543600
25 0.58691400 0.61591600 0.02343800 0.02543600
0 0.61572300 0.61518900 0.02246100 0.02543600
19 0.64404300 0.61518900 0.02246100 0.02543600
10 0.09472700 0.65625000 0.02148400 0.02616300
19 0.11962900 0.65661300 0.02246100 0.02543600
14 0.14648400 0.65697700 0.02148400 0.02616300
8 0.20312500 0.65770300 0.02148400 0.02616300
25 0.23242200 0.65915700 0.02343800 0.02616300
13 0.29248000 0.65806700 0.02246100 0.02543600
8 0.32177700 0.65734000 0.02246100 0.02543600
7 0.35205100 0.65661300 0.02246100 0.02543600
12 0.41162100 0.65516000 0.02246100 0.02543600
14 0.44091800 0.65443300 0.02246100 0.02543600
11 0.47021500 0.65407000 0.02246100 0.02616300
14 0.50000000 0.65334300 0.02343800 0.02616300
9 0.52929700 0.65298000 0.02343800 0.02543600
4 0.55908200 0.65261600 0.02246100 0.02616300
15 0.09472700 0.69186000 0.02148400 0.02616300
4 0.12011700 0.69295100 0.02148400 0.02543600
19 0.14697300 0.69404100 0.02050800 0.02616300
4 0.17480500 0.69513100 0.02148400 0.02543600
18 0.23291000 0.69549400 0.02246100 0.02616300
10 0.26269500 0.69549400 0.02343800 0.02616300
14 0.29296900 0.69476700 0.02343800 0.02616300
17 0.32324200 0.69476700 0.02343800 0.02616300
14 0.35302700 0.69404100 0.02441400 0.02616300
1 0.41210900 0.69258700 0.02343800 0.02616300
20 0.44238300 0.69186000 0.02343800 0.02616300
3 0.47216800 0.69113400 0.02441400 0.02616300
4 0.50195300 0.69040700 0.02343800 0.02616300
19 0.53027300 0.68968000 0.02343800 0.02616300
15 0.58935500 0.68859000 0.02246100 0.02543600
19 0.64648400 0.68713700 0.02343800 0.02543600
8 0.09423800 0.72856100 0.02246100 0.02543600
18 0.14697300 0.73146800 0.02246100 0.02543600
4 0.17480500 0.73292200 0.02343800 0.02543600
17 0.20410200 0.73219500 0.02343800 0.02543600
4 0.23242200 0.73219500 0.02343800 0.02543600
9 0.26269500 0.73183100 0.02343800 0.02616300
4 0.29199200 0.73146800 0.02343800 0.02543600
19 0.09423800 0.76489800 0.02246100 0.02543600
14 0.11962900 0.76635200 0.02246100 0.02543600
9 0.14697300 0.76707800 0.02246100 0.02543600
4 0.17480500 0.76853200 0.02148400 0.02543600
15 0.14599600 0.84193300 0.02441400 0.02689000
4 0.17431600 0.84266000 0.02441400 0.02689000
19 0.20312500 0.84411300 0.02343800 0.02689000
1 0.29296900 0.84411300 0.02343800 0.02689000
17 0.32324200 0.84484000 0.02343800 0.02689000
14 0.35351600 0.84375000 0.02343800 0.02616300
18 0.38330100 0.84302300 0.02441400 0.02616300
8 0.41357400 0.84193300 0.02441400 0.02689000
11 0.44335900 0.84084300 0.02343800 0.02616300
18 0.50341800 0.83866300 0.02246100 0.02616300
13 0.53271500 0.83793600 0.02246100 0.02616300
4 0.56250000 0.83648300 0.02343800 0.02616300
9 0.59179700 0.83575600 0.02343800 0.02616300
13 0.62109400 0.83430200 0.02343800 0.02616300
10 0.73632800 0.83030500 0.02343800 0.02689000
14 0.76513700 0.82957800 0.02441400 0.02689000
12 0.79394500 0.82848800 0.02343800 0.02616300
8 0.14550800 0.88081400 0.02343800 0.02616300
15 0.20312500 0.88117700 0.02343800 0.02689000
14 0.23291000 0.88154100 0.02441400 0.02616300
15 0.26220700 0.88154100 0.02441400 0.02616300
0 0.29296900 0.88190400 0.02343800 0.02689000
11 0.32324200 0.88226700 0.02343800 0.02616300
22 0.38427700 0.88008700 0.02441400 0.02616300
14 0.44384800 0.87754400 0.02441400 0.02689000
10 0.47363300 0.87645300 0.02343800 0.02616300
14 0.50341800 0.87536300 0.02441400 0.02689000
10 0.56298800 0.87354700 0.02441400 0.02616300
14 0.59277300 0.87282000 0.02343800 0.02616300
8 0.14697300 0.05123500 0.02246100 0.02398300
