19 0.32343750 0.06597222 0.03750000 0.12500000
11 0.41562500 0.06944444 0.03593750 0.12152778
11 0.46093750 0.06944444 0.03125000 0.12500000
11 0.63906250 0.07638889 0.03593750 0.12152778
0 0.89843750 0.09375000 0.03437500 0.11458333
24 0.93906250 0.09722222 0.03281250 0.11805556
6 0.05312500 0.22916667 0.03750000 0.13194444
4 0.09687500 0.22916667 0.03593750 0.13194444
19 0.13906250 0.22569444 0.03593750 0.12500000
19 0.18593750 0.22569444 0.03750000 0.12847222
10 0.36875000 0.23611111 0.03750000 0.12152778
3 0.46093750 0.23958333 0.03750000 0.12152778
1 0.59375000 0.24305556 0.04062500 0.11458333
0 0.63750000 0.24305556 0.03593750 0.11805556
20 0.68125000 0.25000000 0.03437500 0.11805556
11 0.72812500 0.24652778 0.03906250 0.11805556
10 0.77031250 0.25000000 0.03437500 0.12152778
24 0.81406250 0.25347222 0.03750000 0.12847222
0 0.90000000 0.26041667 0.03437500 0.12152778
13 0.94218750 0.26041667 0.03593750 0.12152778
14 0.05000000 0.39236111 0.03281250 0.12500000
11 0.09531250 0.39236111 0.03906250 0.12500000
3 0.13750000 0.39236111 0.03750000 0.12500000
12 0.23125000 0.39930556 0.03906250 0.12500000
13 0.32187500 0.40277778 0.03906250 0.12152778
0 0.41250000 0.40625000 0.03437500 0.12152778
6 0.54687500 0.41319444 0.03125000 0.12152778
15 0.18281250 0.57291667 0.03750000 0.12847222
13 0.27343750 0.57291667 0.03750000 0.12847222
22 0.36875000 0.57638889 0.03593750 0.12500000
0 0.41250000 0.57638889 0.03281250 0.11805556
19 0.08906250 0.74305556 0.03281250 0.12847222
14 0.13437500 0.74305556 0.03593750 0.12152778
15 0.31875000 0.74652778 0.03593750 0.12500000
11 0.36875000 0.75000000 0.03906250 0.12500000
0 0.41093750 0.75000000 0.03593750 0.12500000
19 0.45625000 0.75000000 0.03437500 0.12152778
19 0.50000000 0.75000000 0.03437500 0.11805556
17 0.59062500 0.75347222 0.03593750 0.12152778
14 0.63593750 0.75347222 0.03437500 0.12500000
7 0.76875000 0.75347222 0.03281250 0.11805556
12 0.81250000 0.75694444 0.03593750 0.11458333
14 0.90000000 0.75694444 0.03437500 0.12152778
22 0.18125000 0.92013889 0.03437500 0.11805556
13 0.45468750 0.92361111 0.03593750 0.11805556
10 0.50156250 0.92013889 0.03750000 0.11805556
13 0.67812500 0.92361111 0.03593750 0.11805556
10 0.81562500 0.92708333 0.04062500 0.11805556
