17 0.12187500 0.10416667 0.04062500 0.13194444
14 0.24687500 0.09722222 0.03593750 0.11111111
3 0.46562500 0.09722222 0.03125000 0.11805556
8 0.50937500 0.09722222 0.03125000 0.11805556
14 0.64062500 0.09722222 0.03750000 0.12847222
3 0.77343750 0.09375000 0.03750000 0.12847222
7 0.86250000 0.10069444 0.03281250 0.12500000
20 0.24687500 0.26388889 0.03750000 0.12500000
4 0.11875000 0.26041667 0.03750000 0.12500000
11 0.20000000 0.42361111 0.03750000 0.12500000
13 0.46562500 0.42361111 0.03437500 0.12500000
2 0.78437500 0.59722222 0.03750000 0.13888889
8 0.64531250 0.59375000 0.03437500 0.12847222
3 0.60000000 0.59027778 0.03750000 0.13888889
13 0.50937500 0.59027778 0.03750000 0.12500000
17 0.24062500 0.58680556 0.03750000 0.12847222
20 0.19531250 0.59027778 0.03593750 0.12500000
11 0.15312500 0.58680556 0.03906250 0.12847222
13 0.02656250 0.58333333 0.03437500 0.12500000
7 0.19218750 0.75694444 0.03750000 0.13194444
20 0.37343750 0.76041667 0.03750000 0.12847222
17 0.73750000 0.76388889 0.03437500 0.12500000
8 0.78437500 0.76388889 0.03906250 0.13194444
3 0.82656250 0.76736111 0.03281250 0.12500000
0 0.91875000 0.93750000 0.02968750 0.12500000
13 0.41875000 0.93055556 0.03750000 0.13194444
0 0.37187500 0.93402778 0.03750000 0.13194444
12 0.23750000 0.93055556 0.03750000 0.13888889
12 0.02187500 0.92361111 0.03593750 0.12500000
