7 0.24375000 0.09375000 0.03281250 0.11484375
14 0.28593750 0.08671875 0.02968750 0.11093750
11 0.32812500 0.08359375 0.02812500 0.10781250
4 0.37031250 0.08671875 0.02968750 0.11484375
18 0.41406250 0.08359375 0.03281250 0.10781250
12 0.58281250 0.08671875 0.03281250 0.10390625
24 0.62343750 0.08671875 0.02968750 0.10390625
20 0.74843750 0.10078125 0.03125000 0.11093750
22 0.78750000 0.10078125 0.03125000 0.11093750
4 0.82500000 0.10078125 0.03125000 0.11093750
10 0.41250000 0.40312500 0.02812500 0.11796875
8 0.50000000 0.40312500 0.02968750 0.12187500
8 0.67031250 0.40312500 0.02812500 0.11484375
6 0.75468750 0.40312500 0.02968750 0.10781250
14 0.79531250 0.40625000 0.03125000 0.11093750
6 0.11875000 0.56562500 0.02812500 0.10390625
14 0.36875000 0.56250000 0.02812500 0.10781250
15 0.45625000 0.55937500 0.02812500 0.10781250
8 0.49843750 0.56250000 0.02968750 0.10390625
13 0.83750000 0.56562500 0.02656250 0.10078125
7 0.07343750 0.72187500 0.02812500 0.10781250
14 0.11250000 0.72187500 0.02968750 0.11796875
11 0.15468750 0.72890625 0.02968750 0.11093750
4 0.19531250 0.72578125 0.02968750 0.11796875
18 0.23750000 0.72578125 0.03281250 0.10781250
22 0.62812500 0.72578125 0.03281250 0.11796875
0 0.11093750 0.88515625 0.02812500 0.11093750
2 0.19218750 0.88203125 0.02812500 0.10781250
4 0.27656250 0.89218750 0.03125000 0.11093750
18 0.36406250 0.89609375 0.03437500 0.12187500
