17 0.08593750 0.39687500 0.09843750 0.17187500
0 0.03593750 0.86093750 0.07187500 0.14843750
8 0.12187500 0.87500000 0.09375000 0.17968750
3 0.21562500 0.85625000 0.09375000 0.18906250
6 0.19843750 0.61250000 0.09531250 0.17968750
14 0.28906250 0.35625000 0.08593750 0.16718750
5 0.39531250 0.34375000 0.08593750 0.17656250
4 0.31562500 0.58593750 0.10312500 0.16250000
18 0.42500000 0.56562500 0.09062500 0.16250000
18 0.59531250 0.31562500 0.08593750 0.15000000
4 0.53906250 0.76562500 0.08750000 0.16250000
11 0.63750000 0.74687500 0.08750000 0.17656250
11 0.61406250 0.52500000 0.08750000 0.14843750
7 0.67968750 0.31406250 0.08125000 0.17031250
