0 0.09218750 0.35859375 0.08125000 0.11875000
1 0.19687500 0.36015625 0.07968750 0.11406250
2 0.30000000 0.36015625 0.07968750 0.11562500
3 0.40312500 0.36015625 0.08125000 0.11718750
4 0.50468750 0.36015625 0.07656250 0.11718750
5 0.60156250 0.36015625 0.07968750 0.11718750
6 0.70312500 0.36015625 0.08281250 0.12343750
7 0.80312500 0.36328125 0.07812500 0.12343750
8 0.90781250 0.36484375 0.07656250 0.12343750
9 0.09843750 0.61562500 0.08437500 0.13203125
10 0.19531250 0.62031250 0.07968750 0.12890625
11 0.29843750 0.62187500 0.08281250 0.12890625
12 0.40000000 0.62031250 0.08125000 0.13046875
13 0.50156250 0.62187500 0.07500000 0.13046875
14 0.60156250 0.62187500 0.07812500 0.12734375
15 0.70000000 0.62031250 0.07968750 0.12734375
16 0.80468750 0.61718750 0.07656250 0.12031250
17 0.90625000 0.61562500 0.07656250 0.11875000
18 0.09531250 0.87109375 0.07968750 0.12031250
19 0.19843750 0.86953125 0.07500000 0.12343750
20 0.29687500 0.87421875 0.07968750 0.12578125
21 0.39843750 0.87109375 0.07656250 0.12031250
23 0.50000000 0.87109375 0.07812500 0.12187500
24 0.60156250 0.87109375 0.07500000 0.11718750
25 0.70000000 0.87265625 0.07968750 0.12031250
22 0.90781250 0.87109375 0.08125000 0.12187500
