19 0.47656250 0.31562500 0.05468750 0.14375000
15 0.53750000 0.31562500 0.05468750 0.14375000
18 0.64531250 0.30468750 0.05156250 0.13593750
13 0.89843750 0.77968750 0.05625000 0.13906250
13 0.82500000 0.44687500 0.05625000 0.13906250
13 0.60000000 0.63593750 0.05625000 0.13906250
13 0.52343750 0.14375000 0.05468750 0.12656250
24 0.71250000 0.46718750 0.05468750 0.14531250
24 0.71093750 0.30156250 0.05468750 0.14531250
24 0.84062500 0.78750000 0.05468750 0.14531250
11 0.72187500 0.63281250 0.05937500 0.13906250
20 0.61250000 0.81875000 0.05937500 0.14062500
0 0.55312500 0.82500000 0.05156250 0.13906250
7 0.49375000 0.83906250 0.05625000 0.13906250
7 0.89062500 0.60312500 0.05625000 0.13906250
12 0.78593750 0.79531250 0.05000000 0.14062500
9 0.49062500 0.65468750 0.05625000 0.14375000
8 0.67500000 0.81562500 0.05156250 0.13593750
8 0.77812500 0.62812500 0.04687500 0.13437500
17 0.65312500 0.47031250 0.06250000 0.14375000
10 0.95937500 0.77812500 0.05156250 0.13125000
