18 0.15000000 0.13437500 0.08750000 0.15625000
14 0.23750000 0.11875000 0.08281250 0.15312500
11 0.32656250 0.10781250 0.08593750 0.15312500
11 0.13281250 0.34218750 0.08750000 0.15000000
21 0.05000000 0.57500000 0.09843750 0.17656250
13 0.05000000 0.79218750 0.08750000 0.17500000
0 0.05468750 0.34843750 0.08593750 0.15000000
11 0.22343750 0.33593750 0.09531250 0.16250000
3 0.13906250 0.79531250 0.09531250 0.18750000
8 0.14375000 0.55937500 0.09843750 0.17500000
11 0.23125000 0.54687500 0.09531250 0.16250000
3 0.42968750 0.09218750 0.08281250 0.14375000
11 0.34062500 0.53125000 0.09531250 0.16250000
18 0.33593750 0.76718750 0.09843750 0.19375000
16 0.42500000 0.30468750 0.09375000 0.16718750
7 0.44843750 0.75312500 0.10468750 0.19843750
8 0.52968750 0.29843750 0.08593750 0.17656250
4 0.55312500 0.72656250 0.10468750 0.18437500
6 0.61718750 0.28437500 0.09062500 0.18125000
7 0.71250000 0.28437500 0.08593750 0.17656250
4 0.70156250 0.07500000 0.07343750 0.14843750
11 0.78437500 0.07812500 0.06875000 0.14062500
