17 0.08750000 0.52812500 0.09531250 0.20312500
8 0.12187500 0.80781250 0.10937500 0.23281250
18 0.22500000 0.47812500 0.09843750 0.19687500
4 0.25000000 0.77187500 0.10937500 0.21562500
18 0.19843750 0.20625000 0.10000000 0.20781250
7 0.31718750 0.17656250 0.11250000 0.21250000
3 0.37968750 0.72968750 0.10312500 0.21875000
0 0.34843750 0.45781250 0.09843750 0.20781250
16 0.47812500 0.42343750 0.10312500 0.21875000
18 0.60468750 0.38437500 0.09531250 0.21875000
4 0.44062500 0.15000000 0.10468750 0.19843750
16 0.56718750 0.12500000 0.10937500 0.19843750
