19 0.68437500 0.39062500 0.05625000 0.14531250
13 0.74687500 0.38125000 0.05625000 0.13906250
20 0.75000000 0.58125000 0.05000000 0.15000000
0 0.68906250 0.58125000 0.05468750 0.13593750
17 0.80937500 0.17968750 0.06250000 0.15000000
9 0.61718750 0.38906250 0.05156250 0.13906250
6 0.81406250 0.37500000 0.05625000 0.13906250
4 0.81406250 0.57031250 0.04687500 0.13593750
7 0.62187500 0.58906250 0.05156250 0.13906250
14 0.69062500 0.77812500 0.05468750 0.13125000
2 0.62187500 0.77187500 0.04687500 0.13125000
19 0.75312500 0.77343750 0.05625000 0.13593750
16 0.81562500 0.76875000 0.05000000 0.13906250
17 0.88125000 0.76093750 0.04687500 0.15000000
4 0.94062500 0.75312500 0.04687500 0.14062500
