3 0.19062500 0.10937500 0.08281250 0.16250000
0 0.28437500 0.10312500 0.08125000 0.15000000
3 0.38750000 0.09687500 0.08750000 0.15781250
18 0.57968750 0.09687500 0.08125000 0.15625000
14 0.67031250 0.09375000 0.07343750 0.15625000
11 0.75781250 0.09687500 0.07343750 0.13906250
11 0.58437500 0.30312500 0.08125000 0.14843750
21 0.49218750 0.53906250 0.09062500 0.17968750
13 0.50000000 0.75937500 0.09531250 0.20156250
0 0.39375000 0.77031250 0.08593750 0.17031250
0 0.49218750 0.30468750 0.08593750 0.14843750
8 0.28750000 0.54687500 0.08750000 0.17968750
11 0.68593750 0.30000000 0.09531250 0.15000000
3 0.60312500 0.74687500 0.08593750 0.18125000
8 0.59062500 0.52343750 0.08125000 0.16718750
11 0.69062500 0.51250000 0.09375000 0.16250000
3 0.83593750 0.10781250 0.07343750 0.14843750
