4 0.08593750 0.49843750 0.10468750 0.20156250
2 0.05937500 0.21562500 0.10312500 0.18125000
10 0.19531250 0.20781250 0.11250000 0.18906250
16 0.10312500 0.77968750 0.10781250 0.22500000
16 0.24375000 0.76093750 0.11250000 0.21562500
17 0.34062500 0.45000000 0.09531250 0.20312500
8 0.36718750 0.73125000 0.10937500 0.23281250
18 0.47187500 0.42656250 0.09843750 0.19375000
4 0.49843750 0.70156250 0.10937500 0.21562500
18 0.44531250 0.15312500 0.10000000 0.20625000
7 0.56562500 0.14062500 0.11250000 0.21250000
