11 0.14375000 0.61718750 0.09062500 0.14375000
19 0.23750000 0.58750000 0.10312500 0.15000000
4 0.33125000 0.55937500 0.09062500 0.15312500
25 0.44375000 0.53593750 0.08125000 0.13906250
1 0.05781250 0.65156250 0.07812500 0.14843750
3 0.18437500 0.81093750 0.08750000 0.15781250
14 0.27656250 0.79687500 0.08593750 0.15312500
21 0.37812500 0.75156250 0.08281250 0.17187500
13 0.46406250 0.72656250 0.08281250 0.16718750
18 0.58437500 0.88281250 0.08593750 0.16250000
7 0.66718750 0.85156250 0.07812500 0.15625000
12 0.18593750 0.18281250 0.07343750 0.14843750
0 0.27187500 0.16562500 0.07656250 0.15312500
3 0.37031250 0.13281250 0.08281250 0.16093750
18 0.62656250 0.65937500 0.08593750 0.14062500
15 0.71250000 0.06562500 0.07343750 0.11718750
19 0.62812500 0.07500000 0.09062500 0.11875000
4 0.46093750 0.11875000 0.08125000 0.15625000
16 0.74375000 0.82187500 0.07343750 0.13437500
7 0.71250000 0.63750000 0.07812500 0.14062500
