19 0.69375000 0.40156250 0.05625000 0.14531250
13 0.75781250 0.40312500 0.05625000 0.13906250
11 0.87343750 0.39375000 0.05156250 0.14062500
20 0.75937500 0.59531250 0.05156250 0.12656250
0 0.69687500 0.59062500 0.05156250 0.12187500
17 0.81562500 0.21093750 0.06250000 0.15000000
9 0.62968750 0.40312500 0.05156250 0.13906250
6 0.81562500 0.38593750 0.05468750 0.13437500
4 0.81875000 0.57968750 0.04687500 0.13437500
7 0.63750000 0.59687500 0.05156250 0.13906250
14 0.70000000 0.77812500 0.05468750 0.13125000
2 0.63750000 0.77656250 0.04687500 0.13125000
19 0.76406250 0.77031250 0.05625000 0.13593750
16 0.82343750 0.77187500 0.05000000 0.13906250
17 0.88281250 0.75781250 0.04687500 0.15000000
4 0.93906250 0.75156250 0.04687500 0.14062500
17 0.94531250 0.92812500 0.05000000 0.13125000
3 0.88437500 0.92812500 0.05468750 0.13906250
16 0.82656250 0.93593750 0.05156250 0.12656250
8 0.76875000 0.93437500 0.05468750 0.13125000
