4 0.04218750 0.26875000 0.08281250 0.16250000
25 0.12500000 0.22343750 0.08750000 0.20312500
5 0.39843750 0.15468750 0.08593750 0.17656250
11 0.50156250 0.14531250 0.08750000 0.17187500
19 0.59687500 0.12031250 0.09375000 0.17500000
17 0.68750000 0.10625000 0.08750000 0.17031250
21 0.05781250 0.45781250 0.07812500 0.18906250
13 0.14218750 0.45000000 0.09062500 0.18750000
18 0.34062500 0.39843750 0.08281250 0.17500000
7 0.43593750 0.38906250 0.08750000 0.18750000
4 0.52812500 0.37656250 0.08593750 0.18750000
16 0.08593750 0.67812500 0.09375000 0.17968750
18 0.26718750 0.64375000 0.09062500 0.17656250
7 0.36250000 0.62500000 0.08593750 0.18750000
14 0.04375000 0.88281250 0.06406250 0.18437500
11 0.11562500 0.88125000 0.08125000 0.16250000
3 0.19531250 0.88437500 0.09375000 0.18437500
16 0.45937500 0.59531250 0.09375000 0.16718750
4 0.48281250 0.81093750 0.08593750 0.17656250
11 0.58281250 0.78906250 0.09375000 0.17031250
7 0.77968750 0.10156250 0.09062500 0.16250000
12 0.67968750 0.76250000 0.08750000 0.17656250
4 0.54843750 0.57031250 0.07656250 0.17187500
11 0.71406250 0.31718750 0.09375000 0.16093750
4 0.63750000 0.55312500 0.08125000 0.17187500
