8 0.24843750 0.19531250 0.03593750 0.12031250
22 0.33828125 0.19296875 0.03750000 0.13906250
19 0.42812500 0.19531250 0.03750000 0.13437500
0 0.52343750 0.18828125 0.03750000 0.12500000
13 0.56562500 0.19375000 0.03906250 0.12968750
14 0.60937500 0.19765625 0.03593750 0.12656250
17 0.70234375 0.19531250 0.03906250 0.12343750
12 0.79296875 0.19531250 0.03281250 0.13437500
8 0.83750000 0.19375000 0.03593750 0.12968750
11 0.88359375 0.19531250 0.03906250 0.13437500
4 0.92421875 0.19765625 0.03593750 0.13750000
22 0.11484375 0.36718750 0.03593750 0.12812500
17 0.15625000 0.36796875 0.03125000 0.12343750
6 0.24375000 0.35937500 0.03906250 0.13281250
19 0.33515625 0.35703125 0.03750000 0.13281250
20 0.38203125 0.36093750 0.04062500 0.14218750
17 0.42812500 0.36250000 0.03750000 0.13437500
13 0.47421875 0.36250000 0.03906250 0.14062500
18 0.61406250 0.35859375 0.03750000 0.12656250
3 0.93281250 0.36328125 0.03750000 0.13593750
15 0.15078125 0.53359375 0.03750000 0.13281250
0 0.19531250 0.53281250 0.03750000 0.13125000
3 0.47187500 0.52656250 0.03906250 0.13906250
8 0.23671875 0.71015625 0.04062500 0.13593750
8 0.56640625 0.70468750 0.03593750 0.13593750
6 0.75937500 0.71406250 0.04218750 0.14843750
14 0.80937500 0.71484375 0.03593750 0.14531250
4 0.09843750 0.88359375 0.03593750 0.13750000
21 0.13671875 0.88359375 0.03906250 0.14375000
18 0.27656250 0.88671875 0.03906250 0.14531250
0 0.32265625 0.88281250 0.03750000 0.14218750
22 0.37500000 0.88984375 0.04218750 0.14531250
0 0.47343750 0.89687500 0.04218750 0.16562500
7 0.56875000 0.89531250 0.04375000 0.16093750
0 0.61562500 0.89531250 0.03750000 0.15000000
22 0.66640625 0.88828125 0.04218750 0.16406250
10 0.71328125 0.88906250 0.04843750 0.15937500
9 0.80937500 0.89375000 0.04531250 0.16875000
22 0.90781250 0.89453125 0.03906250 0.15937500
0 0.95000000 0.89296875 0.03750000 0.15156250
