10 0.09218750 0.22187500 0.11250000 0.18906250
16 0.15312500 0.78750000 0.11250000 0.21562500
17 0.24687500 0.47812500 0.09531250 0.20312500
8 0.28437500 0.75156250 0.10937500 0.22968750
18 0.37812500 0.44375000 0.09843750 0.19687500
4 0.41093750 0.71562500 0.10937500 0.21562500
18 0.34687500 0.17968750 0.10000000 0.20625000
7 0.47500000 0.15312500 0.11250000 0.21250000
3 0.53437500 0.67500000 0.10000000 0.21875000
0 0.49687500 0.41562500 0.09843750 0.20781250
16 0.61718750 0.40468750 0.10000000 0.21875000
