3 0.15000000 0.22031250 0.10937500 0.19218750
16 0.27500000 0.21250000 0.11250000 0.19687500
14 0.40312500 0.19218750 0.11875000 0.21562500
20 0.52500000 0.15937500 0.10468750 0.20156250
17 0.43437500 0.45781250 0.10468750 0.21250000
16 0.07500000 0.85625000 0.13437500 0.21875000
4 0.20937500 0.81875000 0.12500000 0.22812500
25 0.34687500 0.78906250 0.11406250 0.21875000
2 0.17343750 0.49687500 0.11718750 0.21250000
0 0.29843750 0.47031250 0.10781250 0.19687500
4 0.64531250 0.13750000 0.10937500 0.21093750
4 0.55468750 0.42968750 0.10468750 0.21562500
