3 0.17343750 0.10937500 0.08281250 0.16250000
0 0.26562500 0.10156250 0.08125000 0.15000000
3 0.36562500 0.09687500 0.08593750 0.15781250
18 0.55468750 0.09687500 0.08125000 0.15625000
14 0.65000000 0.09375000 0.07343750 0.15625000
11 0.73906250 0.09062500 0.08125000 0.14531250
11 0.55937500 0.30312500 0.08125000 0.14843750
21 0.46250000 0.53437500 0.08750000 0.17968750
13 0.47500000 0.75937500 0.09375000 0.20156250
0 0.35625000 0.77031250 0.08593750 0.17031250
0 0.46093750 0.30468750 0.08593750 0.14843750
8 0.25937500 0.54687500 0.09062500 0.17968750
11 0.66406250 0.30000000 0.09531250 0.15000000
3 0.57500000 0.74687500 0.08593750 0.18125000
8 0.55937500 0.51406250 0.08125000 0.16718750
11 0.66875000 0.51250000 0.09375000 0.16250000
3 0.81718750 0.11250000 0.07343750 0.14843750
