11 0.19433600 0.16447400 0.01562500 0.01535100
8 0.22265600 0.16392500 0.01562500 0.01535100
19 0.25000000 0.16365100 0.01562500 0.01589900
4 0.27929700 0.16310300 0.01562500 0.01589900
17 0.30664100 0.16255500 0.01562500 0.01589900
0 0.33593800 0.16145800 0.01562500 0.01589900
19 0.36328100 0.16145800 0.01562500 0.01589900
20 0.39355500 0.16036200 0.01562500 0.01589900
17 0.42187500 0.16008800 0.01562500 0.01644700
13 0.44921900 0.15953900 0.01562500 0.01644700
0 0.47851600 0.15871700 0.01562500 0.01589900
22 0.56787100 0.15789500 0.01660200 0.01644700
8 0.59570300 0.15734600 0.01562500 0.01644700
10 0.62402300 0.15679800 0.01562500 0.01644700
19 0.65283200 0.15734600 0.01464800 0.01644700
14 0.68017600 0.15789500 0.01464800 0.01644700
17 0.70800800 0.15844300 0.01562500 0.01644700
8 0.73486300 0.15899100 0.01464800 0.01644700
13 0.76367200 0.15899100 0.01562500 0.01644700
0 0.78955100 0.15953900 0.01464800 0.01644700
18 0.25048800 0.18887100 0.01464800 0.01589900
14 0.27929700 0.18832200 0.01562500 0.01589900
6 0.30761700 0.18777400 0.01562500 0.01589900
11 0.33496100 0.18722600 0.01562500 0.01589900
0 0.36328100 0.18612900 0.01562500 0.01589900
18 0.39257800 0.18558100 0.01562500 0.01589900
4 0.42138700 0.18558100 0.01660200 0.01589900
13 0.45019500 0.18503300 0.01562500 0.01589900
11 0.50781200 0.18393600 0.01562500 0.01589900
8 0.53808600 0.18338800 0.01562500 0.01589900
19 0.59570300 0.18311400 0.01562500 0.01644700
18 0.67919900 0.18311400 0.01660200 0.01644700
19 0.73584000 0.18475900 0.01660200 0.01644700
4 0.76269500 0.18585500 0.01562500 0.01644700
12 0.78906200 0.18667800 0.01562500 0.01699600
16 0.08203100 0.21847600 0.01562500 0.01589900
19 0.11035200 0.21792800 0.01562500 0.01589900
14 0.13867200 0.21737900 0.01562500 0.01589900
11 0.19335900 0.24095400 0.01562500 0.01589900
4 0.22265600 0.24040600 0.01562500 0.01589900
22 0.25195300 0.23985700 0.01562500 0.01589900
13 0.30761700 0.23930900 0.01562500 0.01589900
8 0.33593800 0.23876100 0.01562500 0.01589900
10 0.36425800 0.23821300 0.01562500 0.01589900
14 0.39257800 0.23793900 0.01562500 0.01644700
11 0.42187500 0.23739000 0.01562500 0.01644700
0 0.45117200 0.23711600 0.01562500 0.01699600
4 0.48046900 0.23684200 0.01562500 0.01644700
22 0.50976600 0.23629400 0.01562500 0.01644700
8 0.53808600 0.23602000 0.01562500 0.01699600
16 0.56738300 0.23574600 0.01562500 0.01644700
19 0.62500000 0.23574600 0.01562500 0.01644700
14 0.65332000 0.23602000 0.01562500 0.01699600
11 0.68164100 0.23629400 0.01562500 0.01644700
18 0.70996100 0.23684200 0.01562500 0.01644700
19 0.73730500 0.23739000 0.01562500 0.01644700
14 0.76513700 0.23821300 0.01464800 0.01699600
22 0.86474600 0.24424300 0.01464800 0.01699600
11 0.08105500 0.26836600 0.01562500 0.01589900
4 0.13769500 0.26781800 0.01562500 0.01589900
19 0.16601600 0.26727000 0.01562500 0.01589900
18 0.19433600 0.26672100 0.01562500 0.01589900
0 0.28027300 0.26562500 0.01562500 0.01589900
22 0.30859400 0.26535100 0.01562500 0.01644700
19 0.33691400 0.26480300 0.01562500 0.01644700
14 0.36523400 0.26425400 0.01562500 0.01644700
17 0.39355500 0.26370600 0.01562500 0.01644700
14 0.42187500 0.26343200 0.01562500 0.01699600
12 0.45214800 0.26315800 0.01562500 0.01644700
0 0.53906200 0.26261000 0.01562500 0.01644700
11 0.56738300 0.26233600 0.01562500 0.01699600
13 0.62548800 0.26233600 0.01660200 0.01699600
20 0.65332000 0.26233600 0.01562500 0.01699600
10 0.70947300 0.26261000 0.01660200 0.01754400
8 0.73681600 0.26398000 0.01660200 0.01699600
13 0.76464800 0.26452900 0.01562500 0.01699600
7 0.81640600 0.26672100 0.01562500 0.01699600
18 0.08007800 0.29468200 0.01562500 0.01699600
10 0.10839800 0.29440800 0.01562500 0.01644700
0 0.13671900 0.29386000 0.01562500 0.01644700
25 0.16601600 0.29386000 0.01562500 0.01644700
14 0.19335900 0.29331100 0.01562500 0.01644700
10 0.22265600 0.29303700 0.01562500 0.01699600
11 0.19384800 0.31962700 0.01660200 0.01644700
4 0.22265600 0.31935300 0.01562500 0.01699600
13 0.25146500 0.31880500 0.01660200 0.01699600
8 0.28173800 0.31880500 0.01660200 0.01699600
22 0.31005900 0.31825700 0.01660200 0.01699600
8 0.33837900 0.31825700 0.01660200 0.01699600
2 0.36669900 0.31770800 0.01660200 0.01699600
0 0.39550800 0.31770800 0.01562500 0.01699600
6 0.48291000 0.31716000 0.01660200 0.01699600
4 0.51123000 0.31661200 0.01660200 0.01699600
17 0.54003900 0.31633800 0.01757800 0.01754400
14 0.56835900 0.31606400 0.01757800 0.01699600
8 0.59765600 0.31606400 0.01757800 0.01699600
13 0.62695300 0.31578900 0.01757800 0.01754400
17 0.71093800 0.31661200 0.01562500 0.01699600
20 0.73779300 0.31688600 0.01660200 0.01754400
18 0.76464800 0.31743400 0.01562500 0.01754400
18 0.78955100 0.31770800 0.01660200 0.01699600
10 0.81445300 0.31853100 0.01562500 0.01754400
14 0.83886700 0.31990100 0.01562500 0.01699600
13 0.07959000 0.34703900 0.01660200 0.01644700
0 0.10791000 0.34649100 0.01660200 0.01644700
17 0.13720700 0.34594300 0.01660200 0.01644700
14 0.16650400 0.34566900 0.01660200 0.01699600
3 0.19482400 0.34539500 0.01660200 0.01644700
13 0.22412100 0.34512100 0.01660200 0.01699600
14 0.25244100 0.34512100 0.01660200 0.01699600
18 0.33837900 0.34457200 0.01660200 0.01699600
10 0.36718800 0.34457200 0.01562500 0.01699600
0 0.39599600 0.34429800 0.01660200 0.01644700
25 0.42578100 0.34402400 0.01562500 0.01699600
10 0.45459000 0.34375000 0.01660200 0.01644700
8 0.48339800 0.34347600 0.01562500 0.01699600
14 0.19531200 0.37225900 0.01757800 0.01754400
3 0.22412100 0.37198500 0.01660200 0.01699600
14 0.25341800 0.37143600 0.01660200 0.01699600
4 0.28271500 0.37143600 0.01660200 0.01699600
22 0.31103500 0.37116200 0.01660200 0.01644700
18 0.33935500 0.37088800 0.01660200 0.01699600
10 0.36767600 0.37088800 0.01660200 0.01699600
8 0.39794900 0.37061400 0.01660200 0.01644700
13 0.48388700 0.37034000 0.01660200 0.01699600
0 0.51318400 0.37034000 0.01660200 0.01699600
15 0.54101600 0.37006600 0.01562500 0.01644700
8 0.57031200 0.36979200 0.01562500 0.01699600
18 0.59814500 0.36951800 0.01660200 0.01644700
0 0.62597700 0.36951800 0.01562500 0.01644700
11 0.65380900 0.36869500 0.01464800 0.01699600
18 0.71044900 0.36951800 0.01464800 0.01644700
10 0.73681600 0.37006600 0.01464800 0.01644700
0 0.76318400 0.37006600 0.01464800 0.01644700
25 0.78955100 0.37061400 0.01464800 0.01644700
10 0.81396500 0.37116200 0.01464800 0.01644700
20 0.83740200 0.37116200 0.01464800 0.01644700
12 0.10937500 0.39967100 0.01562500 0.01644700
14 0.13818400 0.39884900 0.01660200 0.01699600
17 0.16650400 0.39884900 0.01660200 0.01699600
14 0.19580100 0.39857500 0.01660200 0.01754400
25 0.22460900 0.39830000 0.01757800 0.01699600
10 0.25341800 0.39830000 0.01660200 0.01699600
14 0.28271500 0.39830000 0.01660200 0.01699600
17 0.19677700 0.42489000 0.01660200 0.01644700
1 0.25439500 0.42461600 0.01660200 0.01699600
0 0.28271500 0.42434200 0.01660200 0.01644700
10 0.31201200 0.42434200 0.01660200 0.01644700
8 0.37060500 0.42406800 0.01660200 0.01699600
4 0.42822300 0.42379400 0.01660200 0.01644700
6 0.45654300 0.42379400 0.01660200 0.01644700
14 0.48388700 0.42379400 0.01660200 0.01644700
9 0.54248000 0.42324600 0.01660200 0.01644700
4 0.57080100 0.42297100 0.01660200 0.01699600
13 0.59912100 0.42297100 0.01660200 0.01699600
0 0.62695300 0.42269700 0.01757800 0.01644700
6 0.71044900 0.42242300 0.01660200 0.01699600
4 0.73730500 0.42242300 0.01562500 0.01699600
17 0.76367200 0.42242300 0.01562500 0.01699600
14 0.78906200 0.42242300 0.01562500 0.01699600
8 0.81347700 0.42242300 0.01562500 0.01699600
18 0.08105500 0.45257700 0.01757800 0.01699600
10 0.10937500 0.45202900 0.01757800 0.01699600
0 0.13818400 0.45202900 0.01660200 0.01699600
25 0.16796900 0.45202900 0.01757800 0.01699600
10 0.19628900 0.45148000 0.01757800 0.01699600
8 0.22558600 0.45148000 0.01757800 0.01699600
14 0.28418000 0.45093200 0.01757800 0.01699600
25 0.34228500 0.45038400 0.01855500 0.01699600
14 0.37109400 0.45038400 0.01757800 0.01699600
11 0.39990200 0.44983600 0.01855500 0.01699600
14 0.42773400 0.44983600 0.01757800 0.01699600
19 0.45703100 0.44983600 0.01757800 0.01699600
14 0.48535200 0.44983600 0.01757800 0.01699600
17 0.57128900 0.44928700 0.01757800 0.01699600
1 0.62695300 0.44901300 0.01757800 0.01754400
10 0.65527300 0.44873900 0.01757800 0.01699600
4 0.68310500 0.44873900 0.01660200 0.01699600
15 0.19677700 0.47779600 0.01855500 0.01699600
17 0.22656200 0.47779600 0.01757800 0.01699600
14 0.25537100 0.47752200 0.01855500 0.01754400
8 0.28466800 0.47724800 0.01855500 0.01699600
25 0.31445300 0.47697400 0.01757800 0.01754400
22 0.34326200 0.47697400 0.01855500 0.01754400
4 0.37158200 0.47697400 0.01855500 0.01754400
3 0.40087900 0.47670000 0.01855500 0.01809200
4 0.42919900 0.47642500 0.01855500 0.01754400
13 0.45752000 0.47642500 0.01855500 0.01754400
8 0.48681600 0.47587700 0.01855500 0.01754400
4 0.51513700 0.47587700 0.01855500 0.01754400
6 0.57177700 0.47560300 0.01660200 0.01699600
0 0.59960900 0.47532900 0.01757800 0.01754400
17 0.62793000 0.47532900 0.01757800 0.01754400
8 0.68261700 0.47505500 0.01757800 0.01699600
13 0.71044900 0.47450700 0.01660200 0.01699600
0 0.73730500 0.47450700 0.01757800 0.01699600
11 0.81152300 0.47450700 0.01562500 0.01699600
6 0.08105500 0.50548200 0.01757800 0.01754400
20 0.11035200 0.50520800 0.01757800 0.01699600
10 0.16796900 0.50520800 0.01757800 0.01699600
0 0.19726600 0.50520800 0.01757800 0.01699600
15 0.25634800 0.50493400 0.01660200 0.01754400
20 0.28515600 0.50328900 0.01757800 0.01754400
19 0.31543000 0.50356400 0.01757800 0.01699600
4 0.34423800 0.50328900 0.01855500 0.01754400
4 0.40185500 0.50328900 0.01855500 0.01754400
18 0.42968800 0.50328900 0.01757800 0.01754400
19 0.45800800 0.50274100 0.01757800 0.01754400
22 0.48730500 0.50246700 0.01757800 0.01699600
4 0.51562500 0.50191900 0.01757800 0.01699600
13 0.54345700 0.50191900 0.01855500 0.01699600
13 0.57128900 0.50191900 0.01757800 0.01699600
8 0.59960900 0.50137100 0.01757800 0.01699600
2 0.62744100 0.50137100 0.01660200 0.01699600
0 0.65625000 0.50137100 0.01757800 0.01699600
19 0.78808600 0.50027400 0.01562500 0.01699600
14 0.81250000 0.49972600 0.01562500 0.01699600
18 0.08056600 0.53207200 0.01660200 0.01699600
10 0.10986300 0.53207200 0.01660200 0.01699600
0 0.13916000 0.53152400 0.01660200 0.01699600
25 0.16943400 0.53152400 0.01660200 0.01699600
10 0.19775400 0.53125000 0.01660200 0.01754400
0 0.22753900 0.53125000 0.01757800 0.01644700
14 0.28613300 0.53070200 0.01757800 0.01644700
9 0.34472700 0.53015400 0.01757800 0.01644700
8 0.37402300 0.52987900 0.01757800 0.01699600
22 0.40234400 0.52960500 0.01757800 0.01644700
14 0.43066400 0.52933100 0.01757800 0.01699600
19 0.45898400 0.52878300 0.01757800 0.01699600
13 0.48730500 0.52878300 0.01757800 0.01699600
7 0.54394500 0.52850900 0.01757800 0.01754400
10 0.25585900 0.55674300 0.01757800 0.01699600
14 0.28613300 0.55701800 0.01757800 0.01754400
12 0.31543000 0.55674300 0.01757800 0.01699600
20 0.34472700 0.55619500 0.01757800 0.01699600
8 0.40234400 0.55564700 0.01757800 0.01699600
25 0.43164100 0.55509900 0.01757800 0.01699600
18 0.48828100 0.55455000 0.01757800 0.01699600
10 0.51660200 0.55455000 0.01757800 0.01699600
0 0.54443400 0.55455000 0.01660200 0.01699600
25 0.57324200 0.55455000 0.01757800 0.01699600
14 0.60107400 0.55400200 0.01660200 0.01699600
16 0.62890600 0.55372800 0.01757800 0.01644700
13 0.65625000 0.55318000 0.01562500 0.01644700
7 0.71093800 0.55208300 0.01562500 0.01644700
6 0.76318400 0.55153500 0.01660200 0.01644700
4 0.78710900 0.55098700 0.01562500 0.01644700
17 0.81054700 0.55043900 0.01562500 0.01644700
14 0.83398400 0.54961600 0.01367200 0.01589900
4 0.85644500 0.54906800 0.01367200 0.01589900
22 0.87548800 0.54852000 0.01464800 0.01589900
15 0.08007800 0.58634900 0.01757800 0.01699600
17 0.11035200 0.58607500 0.01757800 0.01754400
8 0.13964800 0.58580000 0.01757800 0.01699600
13 0.16894500 0.58525200 0.01757800 0.01699600
0 0.19824200 0.58525200 0.01757800 0.01699600
3 0.22802700 0.58470400 0.01660200 0.01699600
11 0.25683600 0.58415600 0.01757800 0.01699600
4 0.28613300 0.58415600 0.01757800 0.01699600
9 0.31591800 0.58305900 0.01855500 0.01699600
0 0.34472700 0.58305900 0.01757800 0.01699600
19 0.37353500 0.58251100 0.01855500 0.01699600
19 0.46093800 0.58141400 0.01757800 0.01699600
8 0.48877000 0.58141400 0.01660200 0.01699600
18 0.54541000 0.58086600 0.01660200 0.01699600
11 0.57373000 0.58031800 0.01660200 0.01699600
14 0.60205100 0.57977000 0.01660200 0.01699600
22 0.62988300 0.57977000 0.01757800 0.01699600
0 0.65771500 0.57922100 0.01660200 0.01699600
18 0.16894500 0.63952900 0.01757800 0.01699600
11 0.19824200 0.63898000 0.01757800 0.01699600
20 0.22900400 0.63870600 0.01855500 0.01754400
0 0.28759800 0.63761000 0.01855500 0.01754400
19 0.34521500 0.63706100 0.01855500 0.01754400
4 0.37353500 0.63706100 0.01855500 0.01754400
22 0.43212900 0.63569100 0.01855500 0.01809200
19 0.51806600 0.63432000 0.01855500 0.01754400
17 0.54638700 0.63377200 0.01855500 0.01754400
20 0.57519500 0.63322400 0.01757800 0.01754400
18 0.60400400 0.63295000 0.01855500 0.01809200
18 0.71240200 0.63103100 0.01855500 0.01754400
11 0.73828100 0.62938600 0.01562500 0.01644700
20 0.76269500 0.62828900 0.01562500 0.01644700
0 0.81005900 0.62637100 0.01464800 0.01589900
19 0.85205100 0.62362900 0.01464800 0.01589900
4 0.87402300 0.62253300 0.01367200 0.01589900
8 0.08154300 0.66721500 0.01855500 0.01754400
18 0.13964800 0.66666700 0.01757800 0.01754400
12 0.16894500 0.66611800 0.01757800 0.01754400
14 0.19921900 0.66611800 0.01757800 0.01754400
19 0.22851600 0.66557000 0.01757800 0.01754400
17 0.25878900 0.66529600 0.01757800 0.01809200
8 0.28808600 0.66502200 0.01757800 0.01754400
19 0.31689500 0.66447400 0.01855500 0.01754400
4 0.34570300 0.66392500 0.01757800 0.01754400
13 0.40429700 0.66310300 0.01757800 0.01809200
0 0.43310500 0.66228100 0.01855500 0.01754400
12 0.49072300 0.66145800 0.01855500 0.01809200
4 0.51904300 0.66091000 0.01855500 0.01809200
13 0.54736300 0.66063600 0.01855500 0.01754400
22 0.65966800 0.65816900 0.01855500 0.01809200
14 0.68603500 0.65734600 0.01660200 0.01754400
19 0.71240200 0.65734600 0.01464800 0.01535100
18 0.81054700 0.65104200 0.01367200 0.01589900
4 0.83203100 0.64967100 0.01367200 0.01535100
16 0.08203100 0.69462700 0.01757800 0.01754400
0 0.11035200 0.69407900 0.01757800 0.01754400
18 0.14013700 0.69407900 0.01855500 0.01754400
15 0.19824200 0.69353100 0.01757800 0.01754400
14 0.22851600 0.69298200 0.01757800 0.01754400
10 0.25732400 0.69270800 0.01855500 0.01809200
0 0.28710900 0.69243400 0.01757800 0.01754400
9 0.31689500 0.69188600 0.01855500 0.01754400
20 0.34619100 0.69161200 0.01855500 0.01809200
22 0.40478500 0.69078900 0.01855500 0.01754400
0 0.43359400 0.69051500 0.01757800 0.01809200
12 0.46240200 0.68941900 0.01855500 0.01809200
14 0.52002000 0.68804800 0.01855500 0.01754400
3 0.54834000 0.68750000 0.01855500 0.01754400
13 0.57666000 0.68667800 0.01855500 0.01809200
20 0.60595700 0.68612900 0.01855500 0.01809200
19 0.68701200 0.68366200 0.01660200 0.01644700
20 0.71337900 0.68256600 0.01660200 0.01644700
10 0.73877000 0.68119500 0.01660200 0.01699600
20 0.76416000 0.68009900 0.01660200 0.01699600
