25 0.09062500 0.16406250 0.10000000 0.18437500
17 0.42812500 0.11250000 0.09531250 0.17968750
22 0.11093750 0.68906250 0.11718750 0.22812500
18 0.25312500 0.65312500 0.11406250 0.22031250
13 0.41250000 0.88437500 0.10468750 0.22968750
18 0.49062500 0.56406250 0.09531250 0.18437500
0 0.52343750 0.09062500 0.08125000 0.15312500
4 0.52812500 0.83125000 0.10312500 0.19375000
8 0.62187500 0.09687500 0.07343750 0.15781250
7 0.59062500 0.55000000 0.09062500 0.18125000
3 0.70312500 0.09062500 0.08125000 0.16250000
