18 0.24062500 0.19062500 0.07343750 0.16562500
7 0.33437500 0.18281250 0.07812500 0.15781250
4 0.42968750 0.16875000 0.07187500 0.15625000
3 0.36718750 0.58593750 0.09062500 0.17031250
0 0.46093750 0.57500000 0.08281250 0.16093750
12 0.52031250 0.15937500 0.08281250 0.16562500
3 0.69843750 0.13125000 0.07343750 0.15781250
14 0.78281250 0.12656250 0.06718750 0.15781250
3 0.55625000 0.56250000 0.09062500 0.17187500
0 0.53437500 0.34843750 0.07812500 0.15312500
5 0.62343750 0.33906250 0.07812500 0.17187500
18 0.72187500 0.33125000 0.08750000 0.17968750
21 0.85625000 0.12031250 0.06875000 0.15625000
13 0.92500000 0.12343750 0.05937500 0.14843750
