20 0.63281250 0.22031250 0.05625000 0.14843750
0 0.57187500 0.22343750 0.05625000 0.14531250
4 0.69531250 0.20937500 0.05468750 0.15312500
7 0.50312500 0.22343750 0.05156250 0.14062500
14 0.57500000 0.41562500 0.05625000 0.14062500
2 0.51093750 0.41875000 0.05937500 0.14531250
19 0.64218750 0.40937500 0.05625000 0.14531250
16 0.70156250 0.40156250 0.05156250 0.14531250
17 0.76406250 0.39218750 0.05156250 0.15000000
17 0.83437500 0.57656250 0.05625000 0.15312500
16 0.70937500 0.59062500 0.06250000 0.14531250
9 0.77187500 0.57500000 0.05468750 0.15000000
8 0.64531250 0.59687500 0.05625000 0.16250000
1 0.58125000 0.62187500 0.05468750 0.15312500
21 0.84375000 0.76562500 0.05937500 0.15312500
4 0.90625000 0.75781250 0.05156250 0.15625000
7 0.71562500 0.78437500 0.05468750 0.15000000
2 0.65000000 0.79375000 0.05156250 0.13906250
19 0.58593750 0.81406250 0.05468750 0.14375000
12 0.52187500 0.82031250 0.05625000 0.15312500
