19 0.04843750 0.19444444 0.03281250 0.09722222
18 0.15625000 0.19444444 0.03281250 0.10416667
2 0.26875000 0.19097222 0.02812500 0.10069444
17 0.34375000 0.19097222 0.03125000 0.10416667
6 0.41875000 0.19444444 0.02968750 0.10763889
19 0.07812500 0.33333333 0.03281250 0.11111111
3 0.15312500 0.32986111 0.02968750 0.11458333
1 0.22812500 0.32638889 0.02968750 0.09722222
18 0.41875000 0.31944444 0.03281250 0.10763889
3 0.45468750 0.31597222 0.03593750 0.11111111
3 0.56875000 0.31597222 0.03125000 0.11111111
18 0.64218750 0.31250000 0.02968750 0.11111111
14 0.76093750 0.44444444 0.03125000 0.11111111
11 0.41718750 0.45486111 0.03437500 0.10763889
3 0.30312500 0.45833333 0.03437500 0.11111111
17 0.18437500 0.45833333 0.03437500 0.11111111
22 0.03750000 0.46875000 0.03281250 0.11111111
19 0.14218750 0.60763889 0.03593750 0.11111111
15 0.22187500 0.60763889 0.03750000 0.11111111
0 0.25937500 0.60763889 0.02968750 0.11805556
2 0.30000000 0.60416667 0.03125000 0.11111111
4 0.37812500 0.60069444 0.02656250 0.11805556
4 0.60937500 0.59027778 0.03281250 0.10763889
11 0.69062500 0.59027778 0.03281250 0.11458333
17 0.90937500 0.58680556 0.03125000 0.11111111
17 0.91406250 0.72916667 0.03125000 0.10069444
19 0.77187500 0.73263889 0.03437500 0.11111111
4 0.69218750 0.73263889 0.03125000 0.11111111
6 0.65156250 0.73611111 0.03281250 0.11111111
4 0.45625000 0.73611111 0.03125000 0.11111111
22 0.41875000 0.74305556 0.03593750 0.11458333
4 0.17968750 0.75000000 0.03125000 0.11111111
13 0.02343750 0.75694444 0.03750000 0.11458333
10 0.02031250 0.90625000 0.03750000 0.12500000
4 0.05781250 0.90277778 0.03593750 0.12500000
0 0.13437500 0.90625000 0.03125000 0.11805556
3 0.17500000 0.90625000 0.03125000 0.12152778
17 0.21562500 0.90277778 0.03437500 0.11805556
5 0.29687500 0.89930556 0.03750000 0.12152778
19 0.33593750 0.89930556 0.03281250 0.11111111
3 0.53750000 0.89236111 0.03750000 0.12500000
9 0.61718750 0.88541667 0.03437500 0.12500000
22 0.77500000 0.88194444 0.03281250 0.12500000
