11 0.18896500 0.11700600 0.01855500 0.02616300
12 0.24804700 0.11191900 0.01757800 0.02616300
13 0.31103500 0.10574100 0.01855500 0.02543600
20 0.34277300 0.10247100 0.01757800 0.02616300
9 0.37646500 0.10428800 0.01855500 0.02689000
13 0.40966800 0.10247100 0.01855500 0.02616300
14 0.44335900 0.10392400 0.01757800 0.02616300
7 0.51220700 0.10683100 0.01855500 0.02616300
19 0.57812500 0.10937500 0.01757800 0.02543600
15 0.67431600 0.11446200 0.01855500 0.02543600
17 0.70556600 0.11664200 0.01855500 0.02543600
4 0.73681600 0.11809600 0.01855500 0.02543600
3 0.76757800 0.12064000 0.01757800 0.02470900
4 0.79687500 0.12282000 0.01757800 0.02470900
11 0.82666000 0.12536300 0.01660200 0.02398300
13 0.88574200 0.12972400 0.01757800 0.02398300
14 0.91552700 0.13190400 0.01660200 0.02398300
22 0.19043000 0.15806700 0.01757800 0.02398300
13 0.21777300 0.15625000 0.01757800 0.02470900
8 0.24804700 0.15407000 0.01757800 0.02470900
12 0.27832000 0.15189000 0.01757800 0.02470900
0 0.31054700 0.14934600 0.01757800 0.02398300
19 0.34326200 0.14970900 0.01855500 0.02616300
4 0.37646500 0.14934600 0.01855500 0.02543600
11 0.40966800 0.14716600 0.01855500 0.02543600
13 0.47753900 0.14934600 0.01757800 0.02543600
12 0.54443400 0.15152600 0.01855500 0.02543600
14 0.34277300 0.24127900 0.01757800 0.02761600
3 0.37597700 0.24091600 0.01757800 0.02689000
8 0.40918000 0.24127900 0.01757800 0.02761600
13 0.44238300 0.24055200 0.01757800 0.02761600
13 0.47558600 0.24127900 0.01757800 0.02761600
0 0.50976600 0.24236900 0.01757800 0.02689000
3 0.54394500 0.24309600 0.01757800 0.02689000
2 0.57812500 0.24418600 0.01757800 0.02761600
0 0.60986300 0.24491300 0.01855500 0.02761600
19 0.64306600 0.24636600 0.01660200 0.02616300
14 0.67529300 0.24782000 0.01660200 0.02616300
4 0.70752000 0.24927300 0.01660200 0.02616300
12 0.76953100 0.25218000 0.01757800 0.02616300
0 0.80029300 0.25363400 0.01660200 0.02616300
3 0.34179700 0.28851700 0.01757800 0.02761600
14 0.37500000 0.28779100 0.01757800 0.02761600
12 0.40820300 0.28742700 0.01757800 0.02834300
0 0.44238300 0.28706400 0.01757800 0.02761600
13 0.51074200 0.28851700 0.01757800 0.02761600
17 0.64306600 0.29178800 0.01660200 0.02689000
0 0.67529300 0.29287800 0.01660200 0.02616300
1 0.70654300 0.29433100 0.01660200 0.02616300
14 0.73877000 0.29505800 0.01660200 0.02616300
19 0.77002000 0.29651200 0.01660200 0.02616300
0 0.80029300 0.29723800 0.01660200 0.02616300
19 0.21337900 0.33793600 0.01660200 0.02616300
12 0.24316400 0.33648300 0.01562500 0.02616300
14 0.27490200 0.33575600 0.01660200 0.02616300
19 0.30761700 0.33466600 0.01757800 0.02689000
17 0.34179700 0.33430200 0.01757800 0.02761600
4 0.44238300 0.33393900 0.01757800 0.02689000
12 0.47558600 0.33393900 0.01757800 0.02689000
20 0.50976600 0.33357600 0.01757800 0.02761600
22 0.57861300 0.33575600 0.01660200 0.02761600
18 0.61132800 0.33648300 0.01757800 0.02761600
11 0.64355500 0.33720900 0.01757800 0.02761600
4 0.67627000 0.33757300 0.01660200 0.02689000
3 0.70898400 0.33829900 0.01757800 0.02689000
8 0.77148400 0.34157000 0.01562500 0.02616300
3 0.83349600 0.34447700 0.01660200 0.02616300
20 0.86377000 0.34520300 0.01660200 0.02616300
12 0.18359400 0.38444800 0.01562500 0.02761600
0 0.21191400 0.38408400 0.01562500 0.02689000
25 0.40869100 0.38154100 0.01660200 0.02761600
0 0.44189500 0.38154100 0.01660200 0.02761600
16 0.47558600 0.38117700 0.01757800 0.02689000
0 0.50927700 0.38117700 0.01660200 0.02689000
12 0.54345700 0.38081400 0.01660200 0.02761600
9 0.61132800 0.38081400 0.01757800 0.02761600
8 0.64404300 0.38335800 0.01660200 0.02689000
22 0.67724600 0.38444800 0.01660200 0.02616300
20 0.70947300 0.38517400 0.01660200 0.02616300
19 0.74121100 0.38626500 0.01562500 0.02689000
19 0.80419900 0.38808100 0.01660200 0.02616300
0 0.83349600 0.38917200 0.01660200 0.02689000
10 0.86377000 0.39026200 0.01660200 0.02616300
8 0.89453100 0.38953500 0.01562500 0.02616300
4 0.92529300 0.39026200 0.01464800 0.02616300
11 0.18164100 0.43059600 0.01562500 0.02689000
3 0.24267600 0.42805200 0.01660200 0.02761600
8 0.27392600 0.42805200 0.01660200 0.02761600
7 0.54394500 0.42841600 0.01757800 0.02689000
14 0.57763700 0.42914200 0.01660200 0.02689000
19 0.61084000 0.42950600 0.01660200 0.02616300
4 0.64404300 0.42950600 0.01660200 0.02616300
1 0.70898400 0.43095900 0.01562500 0.02616300
10 0.80371100 0.43350300 0.01562500 0.02543600
20 0.83447300 0.43386600 0.01660200 0.02616300
15 0.89550800 0.43532000 0.01562500 0.02616300
8 0.92529300 0.43604700 0.01660200 0.02616300
10 0.17968800 0.47529100 0.01562500 0.02761600
20 0.20996100 0.47456400 0.01757800 0.02761600
15 0.24072300 0.47456400 0.01660200 0.02761600
8 0.27294900 0.47456400 0.01660200 0.02761600
19 0.30566400 0.47492700 0.01757800 0.02834300
12 0.40673800 0.47492700 0.01660200 0.02834300
0 0.44091800 0.47529100 0.01660200 0.02761600
18 0.47460900 0.47529100 0.01757800 0.02761600
11 0.50830100 0.47529100 0.01660200 0.02761600
0 0.54296900 0.47601700 0.01757800 0.02761600
15 0.70947300 0.47783400 0.01660200 0.02689000
17 0.74169900 0.47819800 0.01660200 0.02616300
14 0.77392600 0.47892400 0.01660200 0.02616300
6 0.80517600 0.47892400 0.01660200 0.02616300
14 0.83642600 0.47965100 0.01660200 0.02616300
22 0.86718800 0.48001500 0.01562500 0.02689000
14 0.89697300 0.48037800 0.01660200 0.02616300
17 0.17968800 0.52216600 0.01562500 0.02689000
8 0.20849600 0.52216600 0.01660200 0.02689000
11 0.23925800 0.52216600 0.01562500 0.02689000
10 0.30273400 0.52252900 0.01562500 0.02761600
17 0.33691400 0.52252900 0.01562500 0.02761600
4 0.37207000 0.52216600 0.01562500 0.02689000
18 0.40527300 0.52216600 0.01757800 0.02834300
19 0.43945300 0.52216600 0.01757800 0.02834300
13 0.54394500 0.52252900 0.01757800 0.02761600
8 0.64404300 0.52361900 0.01660200 0.02689000
13 0.67724600 0.52398300 0.01660200 0.02761600
12 0.83691400 0.52507300 0.01562500 0.02543600
13 0.86816400 0.52543600 0.01562500 0.02616300
4 0.89843800 0.52543600 0.01562500 0.02616300
10 0.17773400 0.56867700 0.01562500 0.02834300
0 0.20654300 0.56904100 0.01660200 0.02761600
9 0.23779300 0.56904100 0.01660200 0.02761600
4 0.27002000 0.56976700 0.01660200 0.02761600
19 0.30273400 0.56976700 0.01562500 0.02761600
18 0.33593800 0.56976700 0.01757800 0.02761600
13 0.43896500 0.56976700 0.01660200 0.02761600
4 0.47412100 0.57013100 0.01660200 0.02834300
19 0.50927700 0.57049400 0.01660200 0.02761600
13 0.57714800 0.57122100 0.01757800 0.02761600
8 0.61084000 0.57158400 0.01660200 0.02834300
16 0.64404300 0.57158400 0.01660200 0.02834300
4 0.67822300 0.57122100 0.01660200 0.02761600
6 0.71044900 0.57122100 0.01660200 0.02761600
14 0.74316400 0.57122100 0.01562500 0.02616300
5 0.80664100 0.57122100 0.01562500 0.02616300
10 0.83691400 0.57122100 0.01562500 0.02616300
20 0.86767600 0.57122100 0.01464800 0.02616300
18 0.89941400 0.57158400 0.01562500 0.02689000
13 0.17627000 0.61482600 0.01660200 0.02761600
4 0.20605500 0.61555200 0.01757800 0.02761600
4 0.23681600 0.61627900 0.01660200 0.02761600
25 0.40429700 0.61809600 0.01757800 0.02834300
0 0.43750000 0.61809600 0.01757800 0.02834300
12 0.47265600 0.61809600 0.01757800 0.02834300
4 0.50781200 0.61809600 0.01757800 0.02834300
19 0.54248000 0.61809600 0.01660200 0.02834300
8 0.57568400 0.61845900 0.01660200 0.02761600
11 0.60986300 0.61918600 0.01660200 0.02761600
15 0.67724600 0.61882300 0.01660200 0.02689000
14 0.70996100 0.62027600 0.01562500 0.02689000
11 0.74267600 0.61954900 0.01660200 0.02689000
10 0.77539100 0.61773300 0.01562500 0.02616300
14 0.80859400 0.61809600 0.01562500 0.02689000
22 0.83886700 0.61736900 0.01562500 0.02689000
13 0.87011700 0.61664200 0.01562500 0.02689000
8 0.90039100 0.61627900 0.01562500 0.02616300
10 0.92968800 0.61664200 0.01562500 0.02543600
12 0.20459000 0.66279100 0.01660200 0.02761600
14 0.23535200 0.66460800 0.01757800 0.02834300
15 0.33349600 0.66606100 0.01660200 0.02834300
14 0.36816400 0.66642400 0.01757800 0.02907000
15 0.40234400 0.66678800 0.01757800 0.02834300
20 0.43750000 0.66678800 0.01757800 0.02834300
19 0.47168000 0.66715100 0.01757800 0.02907000
16 0.50683600 0.66751500 0.01757800 0.02834300
8 0.54150400 0.66787800 0.01660200 0.02761600
10 0.57568400 0.66751500 0.01660200 0.02834300
7 0.64502000 0.66642400 0.01660200 0.02761600
20 0.67822300 0.66642400 0.01660200 0.02761600
3 0.71093800 0.66569800 0.01562500 0.02616300
14 0.74414100 0.66533400 0.01562500 0.02689000
9 0.77636700 0.66533400 0.01562500 0.02689000
13 0.80859400 0.66497100 0.01562500 0.02616300
8 0.83984400 0.66460800 0.01562500 0.02689000
10 0.87109400 0.66460800 0.01562500 0.02689000
17 0.17285200 0.70930200 0.01757800 0.02907000
0 0.20117200 0.71111900 0.01757800 0.02834300
18 0.23291000 0.71257300 0.01855500 0.02834300
10 0.29834000 0.71439000 0.01855500 0.02761600
0 0.33252000 0.71475300 0.01855500 0.02834300
25 0.36718800 0.71511600 0.01757800 0.02907000
0 0.40136700 0.71548000 0.01757800 0.02834300
11 0.43603500 0.71620600 0.01855500 0.02834300
16 0.54101600 0.71620600 0.01757800 0.02834300
19 0.57568400 0.71620600 0.01855500 0.02834300
14 0.61035200 0.71620600 0.01757800 0.02834300
14 0.67871100 0.71548000 0.01757800 0.02834300
13 0.71093800 0.71511600 0.01757800 0.02761600
4 0.77783200 0.71439000 0.01660200 0.02761600
3 0.81005900 0.71293600 0.01660200 0.02761600
4 0.84179700 0.71220900 0.01562500 0.02761600
19 0.87304700 0.71148300 0.01562500 0.02761600
15 0.17089800 0.75690400 0.01757800 0.02834300
14 0.20019500 0.75835800 0.01757800 0.02834300
3 0.23242200 0.75981100 0.01757800 0.02834300
6 0.29882800 0.76271800 0.01757800 0.02834300
14 0.33252000 0.76453500 0.01855500 0.02907000
17 0.36669900 0.76453500 0.01855500 0.02907000
14 0.40185500 0.76453500 0.01855500 0.02907000
3 0.43652300 0.76489800 0.01757800 0.02834300
19 0.54199200 0.76489800 0.01757800 0.02834300
8 0.57617200 0.76489800 0.01757800 0.02834300
7 0.61035200 0.76562500 0.01757800 0.02834300
22 0.64502000 0.76489800 0.01660200 0.02834300
8 0.67919900 0.76308100 0.01660200 0.02761600
13 0.71240200 0.76235500 0.01660200 0.02761600
13 0.87451200 0.75908400 0.01660200 0.02689000
4 0.90527300 0.75763100 0.01562500 0.02689000
18 0.93505900 0.75726700 0.01660200 0.02616300
19 0.17041000 0.80486900 0.01855500 0.02834300
14 0.20068400 0.80595900 0.01855500 0.02907000
8 0.23144500 0.80850300 0.01953100 0.02979700
19 0.26367200 0.81068300 0.01953100 0.02979700
12 0.33105500 0.81286300 0.01953100 0.02979700
13 0.36572300 0.81322700 0.01855500 0.02907000
4 0.40087900 0.81359000 0.01855500 0.02979700
20 0.47216800 0.81322700 0.01855500 0.02907000
9 0.50781200 0.81359000 0.01953100 0.02979700
4 0.54248000 0.81431700 0.01855500 0.02979700
11 0.61035200 0.81395300 0.01757800 0.02907000
20 0.64550800 0.81322700 0.01757800 0.02907000
16 0.67968800 0.81250000 0.01757800 0.02907000
4 0.74755900 0.81032000 0.01660200 0.02761600
15 0.87548800 0.80632300 0.01660200 0.02834300
4 0.90625000 0.80486900 0.01562500 0.02689000
17 0.16894500 0.85247100 0.01953100 0.02907000
4 0.19873000 0.85465100 0.01855500 0.03052300
1 0.23193400 0.85646800 0.01855500 0.03125000
8 0.26269500 0.85901200 0.01953100 0.03052300
11 0.29541000 0.86046500 0.01855500 0.03052300
8 0.40234400 0.86446200 0.01953100 0.03125000
22 0.43603500 0.86555200 0.01855500 0.03052300
0 0.47021500 0.86518900 0.01855500 0.02979700
13 0.50634800 0.86482600 0.01660200 0.02907000
0 0.64502000 0.86264500 0.01660200 0.02907000
11 0.67871100 0.86191900 0.01757800 0.02907000
4 0.71240200 0.86119200 0.01660200 0.02907000
10 0.74560500 0.86046500 0.01660200 0.02907000
18 0.77929700 0.85901200 0.01562500 0.02761600
0 0.81152300 0.85755800 0.01562500 0.02761600
13 0.84668000 0.85683100 0.01562500 0.02761600
3 0.87793000 0.85465100 0.01562500 0.02761600
17 0.90820300 0.85356100 0.01562500 0.02834300
18 0.16650400 0.90079900 0.02050800 0.02979700
15 0.19775400 0.90298000 0.02050800 0.02979700
17 0.22900400 0.90661300 0.02050800 0.02979700
0 0.26123000 0.90843000 0.02050800 0.03052300
8 0.33056600 0.91315400 0.02050800 0.02834300
22 0.36523400 0.91351700 0.01953100 0.02907000
0 0.39941400 0.91424400 0.01953100 0.02907000
4 0.43652300 0.91351700 0.01953100 0.02907000
19 0.46972700 0.91497100 0.01953100 0.02907000
22 0.64599600 0.91170100 0.01855500 0.02834300
0 0.67919900 0.91097400 0.01855500 0.02834300
18 0.71289100 0.90988400 0.01757800 0.02761600
8 0.74658200 0.90952000 0.01660200 0.02689000
11 0.77978500 0.90806700 0.01660200 0.02689000
8 0.81250000 0.90588700 0.01757800 0.02689000
12 0.90918000 0.90079900 0.01757800 0.02689000
14 0.93945300 0.89934600 0.01757800 0.02689000
