7 0.44062500 0.35625000 0.08593750 0.16250000
3 0.33906250 0.08281250 0.08125000 0.16250000
0 0.44062500 0.08125000 0.08125000 0.15000000
3 0.53750000 0.08437500 0.08593750 0.15781250
18 0.70937500 0.07968750 0.08125000 0.15625000
14 0.79218750 0.08593750 0.07656250 0.15625000
11 0.86250000 0.09843750 0.05937500 0.12968750
7 0.22343750 0.58281250 0.08750000 0.17968750
11 0.72343750 0.28750000 0.08125000 0.14843750
21 0.63281250 0.50156250 0.08593750 0.15625000
13 0.63906250 0.72812500 0.08750000 0.17500000
0 0.54375000 0.72812500 0.08593750 0.16718750
