0 0.13125000 0.14765625 0.07812500 0.11250000
1 0.21796875 0.14921875 0.07500000 0.11093750
2 0.31406250 0.14687500 0.07343750 0.11093750
3 0.40625000 0.14609375 0.07187500 0.11562500
4 0.50000000 0.14609375 0.07187500 0.10937500
5 0.59453125 0.14687500 0.06718750 0.11093750
6 0.68750000 0.14609375 0.07187500 0.11250000
7 0.77968750 0.14531250 0.07656250 0.11406250
8 0.87265625 0.14453125 0.07187500 0.11562500
9 0.12500000 0.37109375 0.07968750 0.11250000
10 0.22031250 0.37187500 0.07968750 0.11093750
11 0.31796875 0.37109375 0.08281250 0.11250000
12 0.40859375 0.37031250 0.07500000 0.10781250
13 0.49921875 0.37031250 0.07656250 0.10781250
14 0.59296875 0.36796875 0.07656250 0.11406250
15 0.68906250 0.36796875 0.07187500 0.10781250
16 0.78125000 0.36718750 0.07656250 0.10625000
17 0.87890625 0.36718750 0.07656250 0.10937500
18 0.12734375 0.59296875 0.07500000 0.10468750
19 0.23359375 0.59218750 0.07968750 0.10937500
20 0.33984375 0.59375000 0.07187500 0.10937500
21 0.44531250 0.59140625 0.07812500 0.10468750
22 0.55312500 0.59218750 0.07812500 0.10937500
23 0.65937500 0.59218750 0.07031250 0.10625000
24 0.76562500 0.59218750 0.07500000 0.10937500
25 0.87421875 0.59375000 0.07500000 0.10937500
