8 0.23125000 0.13194444 0.03281250 0.15972222
1 0.43437500 0.12500000 0.03437500 0.15625000
18 0.60312500 0.11111111 0.03281250 0.12500000
17 0.60625000 0.27083333 0.04687500 0.13194444
3 0.52187500 0.26736111 0.04375000 0.12500000
17 0.23281250 0.28472222 0.04218750 0.13194444
14 0.19062500 0.28472222 0.04062500 0.12847222
3 0.15000000 0.28125000 0.03750000 0.13541667
24 0.07343750 0.28819444 0.04375000 0.15277778
18 0.03593750 0.44444444 0.03281250 0.12500000
5 0.03593750 0.59375000 0.04218750 0.12847222
3 0.11093750 0.59027778 0.03906250 0.13888889
0 0.15000000 0.59375000 0.03750000 0.13541667
22 0.19062500 0.59027778 0.03906250 0.13194444
13 0.22968750 0.59375000 0.03906250 0.12847222
3 0.39531250 0.59375000 0.04062500 0.13541667
0 0.43593750 0.59375000 0.03750000 0.13541667
13 0.47656250 0.59027778 0.04375000 0.13888889
7 0.69218750 0.58680556 0.04375000 0.13194444
21 0.77968750 0.58680556 0.04531250 0.14236111
4 0.82656250 0.58680556 0.04375000 0.13888889
24 0.87343750 0.59027778 0.04843750 0.14236111
14 0.87187500 0.75347222 0.03750000 0.13194444
19 0.82968750 0.75694444 0.04375000 0.13888889
3 0.65000000 0.75000000 0.04218750 0.12847222
12 0.56250000 0.74652778 0.04375000 0.13194444
20 0.52031250 0.75000000 0.04062500 0.13541667
19 0.47968750 0.75000000 0.04375000 0.12847222
3 0.35468750 0.74652778 0.04375000 0.13194444
14 0.07500000 0.74652778 0.03750000 0.13888889
12 0.03906250 0.75347222 0.03437500 0.14930556
13 0.31406250 0.90277778 0.04062500 0.13888889
14 0.35468750 0.89930556 0.03750000 0.13194444
17 0.43750000 0.90277778 0.03750000 0.12847222
18 0.52187500 0.89930556 0.03750000 0.12152778
14 0.56250000 0.89930556 0.04062500 0.12152778
13 0.60625000 0.90277778 0.04531250 0.12847222
24 0.74062500 0.91319444 0.04843750 0.13541667
24 0.87656250 0.91666667 0.04375000 0.13541667
