7 0.09687500 0.06250000 0.03437500 0.11111111
12 0.13906250 0.06250000 0.03281250 0.10763889
0 0.35468750 0.05902778 0.03593750 0.10763889
15 0.43750000 0.06250000 0.03437500 0.10763889
4 0.52187500 0.06250000 0.03281250 0.10416667
2 0.56250000 0.05902778 0.03125000 0.10763889
0 0.77500000 0.05555556 0.03750000 0.10763889
18 0.94062500 0.06250000 0.03125000 0.11111111
15 0.85781250 0.21527778 0.03125000 0.10763889
15 0.98125000 0.21527778 0.02968750 0.10763889
18 0.09531250 0.37847222 0.03281250 0.11805556
8 0.18281250 0.37500000 0.03125000 0.11111111
0 0.43750000 0.37500000 0.03125000 0.10416667
7 0.60468750 0.37500000 0.03125000 0.10763889
11 0.77656250 0.37500000 0.03593750 0.11805556
3 0.85937500 0.37152778 0.03281250 0.11111111
3 0.98281250 0.36805556 0.03125000 0.11111111
7 0.09531250 0.53472222 0.03281250 0.10763889
22 0.31093750 0.53472222 0.03437500 0.11458333
0 0.35312500 0.53125000 0.03281250 0.11111111
19 0.39531250 0.53472222 0.03125000 0.11458333
1 0.52031250 0.53472222 0.03281250 0.11458333
13 0.64687500 0.53125000 0.03125000 0.11111111
4 0.68750000 0.53472222 0.03125000 0.11111111
6 0.81875000 0.53125000 0.03125000 0.10763889
23 0.09531250 0.70138889 0.03437500 0.11805556
24 0.26875000 0.85416667 0.03593750 0.11458333
3 0.35468750 0.85416667 0.03437500 0.12152778
4 0.39531250 0.85416667 0.03281250 0.11805556
2 0.43750000 0.85416667 0.03125000 0.11805556
8 0.47968750 0.85069444 0.03281250 0.11805556
3 0.52187500 0.85069444 0.03437500 0.11458333
19 0.64843750 0.85069444 0.03125000 0.11458333
18 0.86093750 0.85069444 0.03125000 0.11111111
14 0.94531250 0.84722222 0.03281250 0.11458333
