1 0.81738300 0.05305200 0.01953100 0.02180200
0 0.84375000 0.05305200 0.01953100 0.02180200
19 0.07470700 0.07921500 0.02050800 0.02180200
14 0.10058600 0.07885200 0.01953100 0.02107600
11 0.12646500 0.07812500 0.02050800 0.02107600
10 0.18017600 0.07667200 0.02050800 0.02107600
14 0.20654300 0.07776200 0.02050800 0.02180200
8 0.26025400 0.07739800 0.02050800 0.02252900
18 0.31396500 0.07848800 0.02050800 0.02180200
11 0.34033200 0.07885200 0.02050800 0.02252900
13 0.42236300 0.07994200 0.02050800 0.02180200
14 0.44775400 0.08030500 0.02050800 0.02252900
10 0.49951200 0.08103200 0.02050800 0.02252900
0 0.52587900 0.08030500 0.02050800 0.02252900
10 0.55127000 0.08103200 0.02050800 0.02252900
25 0.60791000 0.08103200 0.02050800 0.02252900
20 0.63427700 0.08139500 0.02050800 0.02325600
1 0.66064500 0.08139500 0.02050800 0.02325600
18 0.68896500 0.14716600 0.02050800 0.02252900
19 0.71533200 0.14716600 0.02050800 0.02252900
20 0.74169900 0.14716600 0.02050800 0.02252900
16 0.76806600 0.14716600 0.02050800 0.02252900
0 0.79541000 0.14716600 0.02050800 0.02252900
19 0.82177700 0.14716600 0.02050800 0.02252900
19 0.06640600 0.20821200 0.02148400 0.02398300
14 0.09375000 0.20748500 0.02148400 0.02398300
11 0.12011700 0.20748500 0.02148400 0.02398300
10 0.17480500 0.20821200 0.02148400 0.02398300
14 0.20214800 0.20821200 0.02148400 0.02398300
8 0.25683600 0.20893900 0.02148400 0.02398300
22 0.31347700 0.20893900 0.02148400 0.02252900
8 0.34082000 0.20966600 0.02148400 0.02398300
3 0.36767600 0.21002900 0.02246100 0.02325600
13 0.39453100 0.21039200 0.02148400 0.02398300
14 0.42187500 0.21148300 0.02148400 0.02325600
10 0.47460900 0.21220900 0.02148400 0.02325600
0 0.50146500 0.21184600 0.02246100 0.02398300
10 0.52783200 0.21220900 0.02246100 0.02470900
20 0.58300800 0.21329900 0.02148400 0.02398300
8 0.63671900 0.21402600 0.02148400 0.02398300
3 0.68750000 0.27870600 0.02148400 0.02543600
17 0.71337900 0.28016000 0.02246100 0.02543600
14 0.74023400 0.27943300 0.02148400 0.02543600
9 0.76806600 0.27907000 0.02246100 0.02616300
0 0.79541000 0.27870600 0.02246100 0.02543600
19 0.82324200 0.27834300 0.02148400 0.02616300
0 0.06298800 0.34084300 0.02246100 0.02616300
11 0.11669900 0.34229700 0.02246100 0.02616300
8 0.14453100 0.34302300 0.02148400 0.02616300
7 0.17236300 0.34338700 0.02246100 0.02543600
8 0.20068400 0.34375000 0.02246100 0.02616300
4 0.22802700 0.34338700 0.02246100 0.02689000
14 0.28222700 0.34375000 0.02148400 0.02616300
1 0.30957000 0.34520300 0.02148400 0.02761600
4 0.33691400 0.34447700 0.02148400 0.02616300
25 0.36425800 0.34484000 0.02148400 0.02543600
13 0.44580100 0.34484000 0.02246100 0.02543600
15 0.06005900 0.40879400 0.02246100 0.02398300
14 0.08740200 0.40915700 0.02246100 0.02470900
3 0.11572300 0.40952000 0.02246100 0.02398300
7 0.14404300 0.41024700 0.02246100 0.02398300
22 0.17138700 0.41097400 0.02246100 0.02398300
0 0.19921900 0.40988400 0.02148400 0.02470900
19 0.22656200 0.40988400 0.02148400 0.02470900
8 0.25488300 0.40988400 0.02148400 0.02470900
11 0.28222700 0.41061000 0.02148400 0.02470900
8 0.30957000 0.41133700 0.02148400 0.02470900
16 0.36425800 0.41206400 0.02148400 0.02470900
4 0.39160200 0.41279100 0.02148400 0.02470900
12 0.41845700 0.41279100 0.02246100 0.02470900
14 0.44580100 0.41351700 0.02050800 0.02470900
3 0.47119100 0.41351700 0.02050800 0.02470900
0 0.49804700 0.41388100 0.02148400 0.02543600
13 0.52490200 0.41424400 0.02050800 0.02470900
8 0.05761700 0.47783400 0.02148400 0.02398300
18 0.11328100 0.47783400 0.02148400 0.02398300
10 0.14062500 0.47856100 0.02148400 0.02398300
14 0.16894500 0.47856100 0.02148400 0.02398300
17 0.19726600 0.47856100 0.02148400 0.02398300
4 0.22558600 0.47856100 0.02148400 0.02398300
4 0.25244100 0.47892400 0.02050800 0.02325600
18 0.30908200 0.47928800 0.02050800 0.02398300
14 0.33593800 0.47892400 0.02148400 0.02325600
22 0.39160200 0.47892400 0.02148400 0.02325600
18 0.41796900 0.47892400 0.02148400 0.02325600
4 0.44482400 0.47928800 0.02050800 0.02252900
7 0.47168000 0.47928800 0.02148400 0.02252900
13 0.52441400 0.47965100 0.02148400 0.02325600
14 0.55127000 0.48001500 0.02050800 0.02252900
6 0.57861300 0.48001500 0.02050800 0.02252900
13 0.05468800 0.54832800 0.02148400 0.02398300
0 0.08300800 0.54905500 0.02148400 0.02398300
20 0.11132800 0.54905500 0.02148400 0.02398300
19 0.14013700 0.54905500 0.02246100 0.02398300
10 0.19580100 0.54905500 0.02246100 0.02398300
8 0.05273400 0.61845900 0.02148400 0.02470900
0 0.10839800 0.61736900 0.02148400 0.02398300
10 0.13769500 0.61845900 0.02148400 0.02470900
20 0.16503900 0.61809600 0.02148400 0.02398300
11 0.19335900 0.61845900 0.02148400 0.02470900
0 0.22168000 0.61736900 0.02148400 0.02398300
20 0.04931600 0.68750000 0.02246100 0.02470900
22 0.07714800 0.68750000 0.02148400 0.02470900
8 0.10644500 0.68750000 0.02148400 0.02470900
11 0.13476600 0.68750000 0.02148400 0.02470900
13 0.19043000 0.68713700 0.02148400 0.02398300
20 0.21875000 0.68677300 0.02148400 0.02470900
11 0.24707000 0.68677300 0.02148400 0.02470900
0 0.27539100 0.68641000 0.02148400 0.02398300
19 0.04638700 0.75981100 0.02246100 0.02543600
14 0.07421900 0.75981100 0.02148400 0.02543600
11 0.10302700 0.75981100 0.02246100 0.02543600
10 0.15918000 0.75944800 0.02148400 0.02470900
14 0.18847700 0.75944800 0.02148400 0.02470900
7 0.24658200 0.75981100 0.02246100 0.02543600
22 0.27343800 0.75908400 0.02148400 0.02543600
14 0.30127000 0.75908400 0.02246100 0.02543600
18 0.33007800 0.75908400 0.02148400 0.02543600
19 0.35791000 0.75908400 0.02246100 0.02543600
8 0.38671900 0.75908400 0.02148400 0.02543600
10 0.41455100 0.75908400 0.02246100 0.02543600
14 0.44140600 0.75872100 0.02148400 0.02470900
12 0.46875000 0.75835800 0.02148400 0.02543600
12 0.52343800 0.75799400 0.02148400 0.02616300
0 0.55127000 0.75835800 0.02246100 0.02689000
7 0.57910200 0.75872100 0.02148400 0.02616300
13 0.60742200 0.75908400 0.02148400 0.02689000
20 0.63525400 0.75944800 0.02246100 0.02616300
11 0.66308600 0.75908400 0.02343800 0.02689000
0 0.69189500 0.75908400 0.02246100 0.02689000
0 0.04443400 0.83212200 0.02246100 0.02616300
25 0.10009800 0.83212200 0.02246100 0.02616300
0 0.12890600 0.83321200 0.02343800 0.02689000
13 0.18505900 0.83248500 0.02246100 0.02689000
4 0.21435500 0.83248500 0.02246100 0.02689000
10 0.30029300 0.83321200 0.02246100 0.02689000
0 0.32959000 0.83248500 0.02246100 0.02689000
17 0.35693400 0.83248500 0.02246100 0.02689000
0 0.38525400 0.83175900 0.02246100 0.02689000
10 0.41357400 0.83175900 0.02246100 0.02543600
0 0.44189500 0.83175900 0.02246100 0.02689000
19 0.46826200 0.83248500 0.02246100 0.02689000
8 0.49658200 0.83248500 0.02246100 0.02689000
2 0.52392600 0.83284900 0.02246100 0.02761600
0 0.55322300 0.83284900 0.02441400 0.02616300
