23 0.11250000 0.40937500 0.09843750 0.17656250
17 0.21093750 0.39531250 0.08750000 0.17656250
18 0.03906250 0.66562500 0.07343750 0.16718750
17 0.06406250 0.90312500 0.09531250 0.18125000
0 0.14531250 0.89375000 0.08593750 0.17968750
14 0.12812500 0.64687500 0.09375000 0.18125000
8 0.24687500 0.88281250 0.08750000 0.19375000
3 0.36093750 0.84375000 0.09375000 0.18906250
6 0.34687500 0.60625000 0.09531250 0.18125000
14 0.42500000 0.36250000 0.08750000 0.16718750
5 0.52656250 0.35312500 0.08593750 0.17500000
4 0.45156250 0.58593750 0.09062500 0.18125000
18 0.55000000 0.55625000 0.08281250 0.17187500
18 0.71093750 0.30781250 0.08750000 0.14843750
4 0.66875000 0.76250000 0.08750000 0.16250000
