11 0.07812500 0.10755800 0.02148400 0.02325600
4 0.10449200 0.10683100 0.02148400 0.02325600
19 0.13134800 0.10610500 0.02050800 0.02325600
13 0.15820300 0.10465100 0.02148400 0.02325600
3 0.26562500 0.10101700 0.02148400 0.02325600
4 0.29296900 0.09956400 0.02148400 0.02325600
19 0.34668000 0.09738400 0.02148400 0.02325600
4 0.37402300 0.09593000 0.02148400 0.02325600
11 0.40136700 0.09520300 0.02148400 0.02325600
13 0.45703100 0.09266000 0.02148400 0.02398300
14 0.48535200 0.09193300 0.02148400 0.02398300
18 0.51269500 0.09048000 0.02148400 0.02398300
19 0.54150400 0.08975300 0.02246100 0.02398300
12 0.62646500 0.08684600 0.02246100 0.02398300
0 0.65527300 0.08575600 0.02343800 0.02470900
17 0.68457000 0.08430200 0.02343800 0.02470900
0 0.74267600 0.08284900 0.02246100 0.02470900
10 0.77197300 0.08103200 0.02246100 0.02398300
0 0.80029300 0.08066900 0.02246100 0.02470900
17 0.07861300 0.14026200 0.02050800 0.02325600
20 0.10400400 0.13953500 0.02050800 0.02325600
10 0.13134800 0.13880800 0.02050800 0.02325600
14 0.15869100 0.13808100 0.02050800 0.02325600
22 0.18505900 0.13735500 0.02050800 0.02325600
14 0.21191400 0.13553800 0.01953100 0.02252900
3 0.23779300 0.13481100 0.02050800 0.02252900
8 0.26513700 0.13372100 0.02050800 0.02325600
19 0.29248000 0.13263100 0.02050800 0.02252900
4 0.31933600 0.13190400 0.01953100 0.02252900
11 0.34668000 0.13117700 0.01953100 0.02252900
8 0.42968800 0.12863400 0.02148400 0.02470900
17 0.48535200 0.12645300 0.02148400 0.02470900
4 0.51367200 0.12500000 0.02148400 0.02470900
3 0.54199200 0.12391000 0.02148400 0.02398300
0 0.57031200 0.12282000 0.02148400 0.02470900
10 0.59863300 0.12173000 0.02148400 0.02398300
19 0.62695300 0.12064000 0.02148400 0.02470900
14 0.65527300 0.11991300 0.02148400 0.02470900
17 0.68457000 0.11991300 0.02148400 0.02470900
0 0.71386700 0.11918600 0.02148400 0.02470900
11 0.07763700 0.17369200 0.02050800 0.02325600
4 0.10449200 0.17223800 0.01953100 0.02325600
13 0.13037100 0.17151200 0.02050800 0.02325600
8 0.15771500 0.17078500 0.02050800 0.02325600
13 0.18408200 0.17005800 0.02050800 0.02325600
6 0.21044900 0.16860500 0.02050800 0.02325600
17 0.23730500 0.16787800 0.01953100 0.02325600
0 0.26416000 0.16715100 0.02050800 0.02325600
3 0.29199200 0.16642400 0.01953100 0.02325600
18 0.31933600 0.16569800 0.01953100 0.02325600
10 0.34716800 0.16569800 0.02050800 0.02325600
14 0.37402300 0.16497100 0.02148400 0.02325600
6 0.40185500 0.16424400 0.02050800 0.02325600
14 0.42968800 0.16315400 0.02148400 0.02398300
14 0.48632800 0.16097400 0.02148400 0.02398300
19 0.51367200 0.16024700 0.02148400 0.02398300
3 0.54199200 0.15915700 0.02148400 0.02325600
4 0.57031200 0.15806700 0.02148400 0.02398300
11 0.59863300 0.15734000 0.02148400 0.02398300
0 0.62744100 0.15625000 0.02246100 0.02470900
3 0.68505900 0.15443300 0.02246100 0.02398300
4 0.71435500 0.15334300 0.02246100 0.02470900
19 0.74267600 0.15225300 0.02246100 0.02398300
18 0.77197300 0.15116300 0.02246100 0.02470900
10 0.80224600 0.15007300 0.02246100 0.02398300
14 0.83154300 0.14898300 0.02246100 0.02470900
11 0.07714800 0.20603200 0.01953100 0.02252900
8 0.10302700 0.20530500 0.02050800 0.02252900
19 0.12939500 0.20457800 0.02050800 0.02252900
4 0.15673800 0.20385200 0.02050800 0.02252900
17 0.18359400 0.20312500 0.01953100 0.02252900
0 0.20996100 0.20203500 0.02148400 0.02325600
19 0.23779300 0.20130800 0.02050800 0.02325600
20 0.26416000 0.20094500 0.02050800 0.02252900
17 0.29248000 0.20021800 0.02050800 0.02252900
14 0.37451200 0.19803800 0.02050800 0.02252900
6 0.40234400 0.19731100 0.02148400 0.02398300
8 0.43017600 0.19694800 0.02050800 0.02325600
25 0.45800800 0.19622100 0.02148400 0.02325600
0 0.51464800 0.19476700 0.02148400 0.02325600
13 0.59912100 0.19186000 0.02246100 0.02325600
4 0.62841800 0.19113400 0.02246100 0.02325600
3 0.65673800 0.19040700 0.02246100 0.02325600
0 0.68554700 0.18931700 0.02148400 0.02398300
17 0.71435500 0.18859000 0.02246100 0.02398300
14 0.74462900 0.18786300 0.02246100 0.02398300
12 0.77294900 0.18641000 0.02246100 0.02398300
12 0.07617200 0.23909900 0.01953100 0.02325600
0 0.10156200 0.23800900 0.01953100 0.02252900
10 0.12841800 0.23728200 0.02050800 0.02252900
18 0.15576200 0.23619200 0.02050800 0.02325600
8 0.18261700 0.23582800 0.01953100 0.02252900
12 0.20947300 0.23546500 0.02050800 0.02325600
6 0.26367200 0.23401200 0.01953100 0.02325600
14 0.29150400 0.23328500 0.02050800 0.02325600
17 0.31884800 0.23255800 0.02050800 0.02325600
10 0.37402300 0.23183100 0.02148400 0.02325600
8 0.40234400 0.23110500 0.02148400 0.02325600
13 0.48632800 0.22928800 0.02148400 0.02398300
0 0.51464800 0.22856100 0.02148400 0.02398300
25 0.54296900 0.22783400 0.02148400 0.02398300
22 0.57128900 0.22674400 0.02148400 0.02325600
0 0.59960900 0.22601700 0.02148400 0.02325600
11 0.62793000 0.22529100 0.02148400 0.02325600
4 0.68554700 0.22420100 0.02148400 0.02398300
6 0.71484400 0.22347400 0.02148400 0.02398300
14 0.74414100 0.22274700 0.02148400 0.02398300
14 0.10205100 0.27180200 0.02050800 0.02325600
18 0.12841800 0.27107600 0.02050800 0.02325600
13 0.15478500 0.26998500 0.02050800 0.02252900
14 0.18212900 0.26962200 0.02050800 0.02325600
22 0.20849600 0.26889500 0.02050800 0.02325600
14 0.23584000 0.26816900 0.02050800 0.02325600
15 0.26318400 0.26744200 0.02050800 0.02325600
14 0.29150400 0.26671500 0.02050800 0.02325600
11 0.31835900 0.26635200 0.02148400 0.02398300
14 0.34570300 0.26635200 0.02148400 0.02398300
9 0.37451200 0.26562500 0.02050800 0.02398300
13 0.40234400 0.26562500 0.02148400 0.02398300
8 0.42968800 0.26489800 0.02148400 0.02398300
10 0.45800800 0.26417200 0.02148400 0.02398300
14 0.48632800 0.26344500 0.02148400 0.02398300
12 0.51416000 0.26271800 0.02050800 0.02398300
3 0.57128900 0.26126500 0.02148400 0.02398300
4 0.59960900 0.26053800 0.02148400 0.02398300
19 0.62841800 0.25944800 0.02246100 0.02470900
18 0.65722700 0.25908400 0.02148400 0.02398300
10 0.68652300 0.25835800 0.02148400 0.02398300
14 0.71582000 0.25799400 0.02148400 0.02470900
11 0.07470700 0.30595900 0.02050800 0.02325600
8 0.10107400 0.30523300 0.02050800 0.02325600
19 0.12744100 0.30450600 0.02050800 0.02325600
4 0.15429700 0.30377900 0.01953100 0.02325600
17 0.18115200 0.30305200 0.02050800 0.02325600
0 0.20849600 0.30305200 0.02050800 0.02325600
19 0.23584000 0.30232600 0.02050800 0.02325600
20 0.26318400 0.30159900 0.02050800 0.02325600
17 0.29052700 0.30159900 0.02050800 0.02325600
20 0.37402300 0.30014500 0.02148400 0.02470900
13 0.43017600 0.29941900 0.02050800 0.02470900
0 0.45752000 0.29869200 0.02050800 0.02470900
18 0.48584000 0.29869200 0.02050800 0.02470900
8 0.57128900 0.29651200 0.02148400 0.02470900
8 0.62890600 0.29578500 0.02148400 0.02470900
12 0.65722700 0.29505800 0.02148400 0.02470900
4 0.68652300 0.29433100 0.02148400 0.02470900
13 0.71533200 0.29360500 0.02246100 0.02470900
13 0.74511700 0.29287800 0.02148400 0.02470900
14 0.77392600 0.29215100 0.02246100 0.02470900
12 0.07421900 0.34011600 0.01953100 0.02325600
0 0.10009800 0.33939000 0.02050800 0.02325600
17 0.12744100 0.33866300 0.02050800 0.02325600
0 0.18017600 0.33757300 0.02050800 0.02398300
10 0.20752000 0.33720900 0.02050800 0.02325600
20 0.23584000 0.33684600 0.02050800 0.02398300
15 0.29052700 0.33611900 0.02050800 0.02398300
14 0.31835900 0.33575600 0.02148400 0.02325600
17 0.34619100 0.33539200 0.02050800 0.02398300
20 0.37451200 0.33466600 0.02050800 0.02398300
16 0.40185500 0.33466600 0.02050800 0.02398300
8 0.43017600 0.33430200 0.02050800 0.02470900
11 0.45752000 0.33393900 0.02050800 0.02398300
22 0.51416000 0.33357600 0.02246100 0.02470900
0 0.59863300 0.33139500 0.02148400 0.02470900
8 0.62793000 0.33066900 0.02148400 0.02470900
2 0.65771500 0.33030500 0.02246100 0.02543600
3 0.68603500 0.32957800 0.02246100 0.02543600
6 0.74560500 0.32848800 0.02246100 0.02470900
14 0.77490200 0.32776200 0.02246100 0.02470900
3 0.80468800 0.32703500 0.02148400 0.02470900
20 0.83447300 0.32667200 0.02246100 0.02543600
22 0.07421900 0.37318300 0.01953100 0.02398300
18 0.12646500 0.37245600 0.02050800 0.02398300
19 0.15380900 0.37209300 0.02050800 0.02325600
20 0.18017600 0.37173000 0.02050800 0.02398300
15 0.20752000 0.37173000 0.02050800 0.02398300
11 0.23486300 0.37136600 0.02050800 0.02325600
4 0.26220700 0.37027600 0.02050800 0.02398300
13 0.29101600 0.37027600 0.02148400 0.02398300
8 0.31835900 0.37027600 0.02148400 0.02398300
4 0.34619100 0.37027600 0.02050800 0.02398300
18 0.40234400 0.36954900 0.02148400 0.02398300
3 0.45800800 0.36882300 0.02148400 0.02398300
14 0.48632800 0.36845900 0.02148400 0.02470900
10 0.51464800 0.36809600 0.02148400 0.02398300
11 0.54199200 0.36809600 0.02148400 0.02398300
0 0.57226600 0.36736900 0.02148400 0.02398300
3 0.59960900 0.36664200 0.02148400 0.02398300
14 0.62890600 0.36664200 0.02148400 0.02398300
12 0.65722700 0.36591600 0.02148400 0.02398300
14 0.74511700 0.36409900 0.02148400 0.02470900
1 0.07324200 0.40697700 0.01953100 0.02325600
14 0.09912100 0.40697700 0.02050800 0.02325600
11 0.12597700 0.40625000 0.01953100 0.02325600
14 0.20752000 0.40552300 0.02050800 0.02325600
11 0.29052700 0.40516000 0.02050800 0.02398300
8 0.31884800 0.40479700 0.02050800 0.02325600
19 0.34619100 0.40443300 0.02050800 0.02398300
4 0.37402300 0.40443300 0.02148400 0.02398300
17 0.40234400 0.40407000 0.02148400 0.02325600
0 0.43017600 0.40370600 0.02050800 0.02398300
19 0.45800800 0.40370600 0.02148400 0.02398300
20 0.48584000 0.40370600 0.02050800 0.02398300
17 0.51367200 0.40298000 0.02148400 0.02398300
4 0.54296900 0.40225300 0.02148400 0.02398300
3 0.59960900 0.40152600 0.02148400 0.02398300
11 0.62890600 0.40079900 0.02148400 0.02398300
12 0.71630900 0.40007300 0.02246100 0.02398300
0 0.74609400 0.39934600 0.02148400 0.02398300
11 0.77587900 0.39898300 0.02246100 0.02470900
4 0.80517600 0.39861900 0.02246100 0.02398300
13 0.83447300 0.39825600 0.02246100 0.02470900
10 0.07226600 0.44113400 0.01953100 0.02325600
8 0.09863300 0.44077000 0.01953100 0.02398300
7 0.12548800 0.44040700 0.02050800 0.02325600
13 0.20752000 0.43931700 0.02050800 0.02398300
0 0.23486300 0.43895300 0.02050800 0.02325600
15 0.29101600 0.43931700 0.02148400 0.02398300
4 0.31884800 0.43931700 0.02050800 0.02398300
17 0.34619100 0.43859000 0.02050800 0.02398300
22 0.37402300 0.43859000 0.02148400 0.02398300
14 0.40234400 0.43859000 0.02148400 0.02398300
12 0.43017600 0.43859000 0.02050800 0.02398300
22 0.48584000 0.43786300 0.02050800 0.02398300
18 0.51416000 0.43786300 0.02050800 0.02398300
4 0.54296900 0.43750000 0.02148400 0.02470900
18 0.57128900 0.43713700 0.02148400 0.02398300
14 0.59960900 0.43641000 0.02148400 0.02398300
25 0.65771500 0.43568300 0.02050800 0.02398300
13 0.68701200 0.43532000 0.02246100 0.02470900
14 0.71679700 0.43532000 0.02148400 0.02470900
12 0.74658200 0.43459300 0.02246100 0.02470900
18 0.07226600 0.47565400 0.01953100 0.02398300
4 0.12548800 0.47492700 0.02050800 0.02398300
25 0.15234400 0.47492700 0.01953100 0.02398300
3 0.17968800 0.47456400 0.01953100 0.02325600
4 0.20703100 0.47420100 0.01953100 0.02398300
18 0.26269500 0.47383700 0.01953100 0.02325600
14 0.29052700 0.47347400 0.02050800 0.02398300
22 0.31787100 0.47347400 0.02050800 0.02398300
4 0.34668000 0.47347400 0.02148400 0.02398300
19 0.37451200 0.47347400 0.02050800 0.02398300
18 0.40234400 0.47347400 0.02148400 0.02398300
10 0.43017600 0.47274700 0.02050800 0.02398300
8 0.45849600 0.47274700 0.02050800 0.02398300
7 0.48584000 0.47274700 0.02050800 0.02398300
15 0.54296900 0.47202000 0.02148400 0.02398300
8 0.57177700 0.47129400 0.02246100 0.02398300
18 0.60009800 0.47129400 0.02246100 0.02398300
0 0.62890600 0.47129400 0.02148400 0.02398300
19 0.65820300 0.47129400 0.02148400 0.02398300
4 0.68750000 0.47129400 0.02148400 0.02398300
11 0.71728500 0.47129400 0.02246100 0.02398300
4 0.74755900 0.47020300 0.02246100 0.02470900
0 0.09814500 0.50944800 0.02050800 0.02325600
22 0.12451200 0.50944800 0.02050800 0.02325600
19 0.15185500 0.50908400 0.02050800 0.02398300
14 0.17919900 0.50872100 0.02050800 0.02325600
17 0.20654300 0.50872100 0.02050800 0.02325600
22 0.26220700 0.50835800 0.02050800 0.02398300
4 0.29101600 0.50835800 0.02148400 0.02398300
18 0.31835900 0.50835800 0.02148400 0.02398300
4 0.34619100 0.50835800 0.02050800 0.02398300
11 0.37451200 0.50835800 0.02050800 0.02398300
7 0.43066400 0.50835800 0.02148400 0.02398300
8 0.48632800 0.50763100 0.02148400 0.02398300
25 0.54296900 0.50763100 0.02148400 0.02398300
0 0.57128900 0.50763100 0.02148400 0.02398300
1 0.60009800 0.50690400 0.02246100 0.02398300
0 0.62988300 0.50690400 0.02148400 0.02398300
22 0.65918000 0.50690400 0.02148400 0.02398300
13 0.68847700 0.50654100 0.02148400 0.02470900
7 0.74755900 0.50617700 0.02246100 0.02543600
18 0.80810500 0.50617700 0.02246100 0.02543600
19 0.83789100 0.50617700 0.02343800 0.02543600
8 0.86767600 0.50617700 0.02246100 0.02543600
7 0.07080100 0.54396800 0.02050800 0.02398300
14 0.09716800 0.54396800 0.02050800 0.02398300
22 0.12402300 0.54396800 0.02148400 0.02398300
3 0.17919900 0.54360500 0.02050800 0.02325600
11 0.20654300 0.54360500 0.02050800 0.02325600
17 0.29052700 0.54324100 0.02050800 0.02398300
4 0.31835900 0.54251500 0.02148400 0.02398300
1 0.34619100 0.54287800 0.02050800 0.02325600
19 0.40283200 0.54251500 0.02050800 0.02398300
25 0.45849600 0.54251500 0.02050800 0.02398300
0 0.48681600 0.54251500 0.02050800 0.02398300
6 0.51513700 0.54251500 0.02050800 0.02398300
0 0.54345700 0.54251500 0.02050800 0.02398300
3 0.57226600 0.54215100 0.02148400 0.02470900
14 0.60058600 0.54215100 0.02148400 0.02470900
10 0.62988300 0.54287800 0.02148400 0.02470900
15 0.68896500 0.54215100 0.02246100 0.02470900
4 0.71923800 0.54215100 0.02246100 0.02470900
18 0.74853500 0.54251500 0.02246100 0.02543600
4 0.77880900 0.54251500 0.02246100 0.02543600
13 0.80908200 0.54251500 0.02246100 0.02543600
14 0.83935500 0.54251500 0.02246100 0.02543600
10 0.86865200 0.54251500 0.02246100 0.02543600
18 0.07031200 0.57812500 0.01953100 0.02398300
19 0.09668000 0.57812500 0.01953100 0.02398300
8 0.12353500 0.57812500 0.02050800 0.02398300
7 0.15136700 0.57812500 0.01953100 0.02398300
14 0.17871100 0.57812500 0.01953100 0.02398300
19 0.20654300 0.57812500 0.02050800 0.02398300
22 0.23388700 0.57812500 0.02050800 0.02398300
14 0.26220700 0.57812500 0.02050800 0.02398300
17 0.28955100 0.57812500 0.02050800 0.02398300
13 0.31738300 0.57812500 0.02148400 0.02398300
7 0.37451200 0.57776200 0.02050800 0.02470900
18 0.43017600 0.57776200 0.02050800 0.02470900
10 0.45800800 0.57776200 0.02148400 0.02470900
0 0.48632800 0.57776200 0.02148400 0.02470900
25 0.51562500 0.57776200 0.02148400 0.02470900
14 0.54296900 0.57776200 0.02148400 0.02470900
10 0.57226600 0.57812500 0.02148400 0.02398300
8 0.63037100 0.57776200 0.02246100 0.02470900
15 0.68896500 0.57812500 0.02246100 0.02398300
14 0.71972700 0.57848800 0.02148400 0.02470900
22 0.74902300 0.57848800 0.02148400 0.02470900
4 0.77880900 0.57848800 0.02246100 0.02470900
18 0.06982400 0.61300900 0.02050800 0.02398300
19 0.09668000 0.61228200 0.02148400 0.02398300
4 0.12353500 0.61300900 0.02050800 0.02398300
12 0.20605500 0.61300900 0.02148400 0.02398300
0 0.23388700 0.61337200 0.02050800 0.02470900
17 0.26220700 0.61337200 0.02050800 0.02470900
0 0.31738300 0.61264500 0.02148400 0.02470900
10 0.34570300 0.61337200 0.02148400 0.02470900
22 0.40234400 0.61264500 0.02148400 0.02470900
18 0.43066400 0.61264500 0.02148400 0.02470900
4 0.45800800 0.61300900 0.02148400 0.02398300
6 0.48730500 0.61337200 0.02148400 0.02470900
3 0.51513700 0.61337200 0.02050800 0.02470900
0 0.54345700 0.61337200 0.02050800 0.02470900
22 0.60205100 0.61409900 0.02246100 0.02470900
8 0.63134800 0.61409900 0.02246100 0.02470900
3 0.66064500 0.61446200 0.02246100 0.02543600
4 0.68994100 0.61446200 0.02246100 0.02543600
11 0.71923800 0.61446200 0.02246100 0.02543600
18 0.77978500 0.61482600 0.02246100 0.02470900
4 0.81005900 0.61518900 0.02246100 0.02543600
17 0.84033200 0.61518900 0.02246100 0.02543600
4 0.06982400 0.64643900 0.02050800 0.02398300
25 0.09619100 0.64716600 0.02050800 0.02398300
13 0.12353500 0.64716600 0.02050800 0.02398300
4 0.17822300 0.64789200 0.02050800 0.02398300
22 0.23388700 0.64825600 0.02050800 0.02325600
14 0.26220700 0.64861900 0.02050800 0.02398300
18 0.29003900 0.64789200 0.02148400 0.02398300
15 0.31738300 0.64789200 0.02148400 0.02398300
8 0.34570300 0.64825600 0.02148400 0.02470900
19 0.37353500 0.64825600 0.02246100 0.02470900
0 0.40234400 0.64825600 0.02148400 0.02470900
19 0.43066400 0.64825600 0.02148400 0.02470900
4 0.45898400 0.64825600 0.02148400 0.02470900
11 0.48632800 0.64861900 0.02148400 0.02398300
13 0.54492200 0.64970900 0.02148400 0.02470900
4 0.60253900 0.64970900 0.02148400 0.02470900
8 0.66162100 0.65043600 0.02246100 0.02470900
3 0.69140600 0.65079900 0.02343800 0.02543600
4 0.72119100 0.65079900 0.02246100 0.02543600
13 0.78076200 0.65152600 0.02246100 0.02543600
4 0.84033200 0.65152600 0.02246100 0.02543600
8 0.89990200 0.65225300 0.02246100 0.02543600
18 0.09619100 0.68132300 0.02050800 0.02398300
19 0.12353500 0.68204900 0.02050800 0.02398300
4 0.15185500 0.68204900 0.02050800 0.02398300
19 0.17822300 0.68277600 0.02050800 0.02398300
8 0.20556600 0.68277600 0.02050800 0.02398300
16 0.23388700 0.68314000 0.02050800 0.02470900
4 0.26171900 0.68314000 0.02148400 0.02470900
18 0.28906200 0.68314000 0.02148400 0.02470900
10 0.31738300 0.68386600 0.02148400 0.02470900
8 0.34521500 0.68386600 0.02050800 0.02470900
4 0.37304700 0.68423000 0.02148400 0.02543600
25 0.43017600 0.68459300 0.02246100 0.02470900
0 0.45800800 0.68495600 0.02148400 0.02543600
3 0.48681600 0.68495600 0.02246100 0.02543600
0 0.51562500 0.68495600 0.02148400 0.02543600
16 0.54492200 0.68495600 0.02148400 0.02543600
8 0.57373000 0.68568300 0.02246100 0.02543600
18 0.63232400 0.68713700 0.02246100 0.02543600
19 0.66259800 0.68713700 0.02246100 0.02543600
14 0.69189500 0.68713700 0.02246100 0.02543600
23 0.75244100 0.68786300 0.02246100 0.02543600
8 0.78173800 0.68786300 0.02246100 0.02543600
4 0.81103500 0.68786300 0.02246100 0.02543600
15 0.06982400 0.71620600 0.02050800 0.02398300
4 0.09619100 0.71693300 0.02050800 0.02398300
17 0.12353500 0.71729700 0.02050800 0.02470900
4 0.15087900 0.71766000 0.02050800 0.02398300
3 0.17822300 0.71802300 0.02050800 0.02470900
3 0.23388700 0.71838700 0.02050800 0.02398300
4 0.26171900 0.71875000 0.02148400 0.02470900
19 0.28955100 0.71911300 0.02050800 0.02398300
18 0.31689500 0.71911300 0.02050800 0.02398300
10 0.34423800 0.71947700 0.02050800 0.02470900
8 0.37353500 0.71984000 0.02050800 0.02543600
12 0.40136700 0.72020300 0.02148400 0.02470900
15 0.45849600 0.72093000 0.02246100 0.02470900
8 0.48730500 0.72129400 0.02148400 0.02543600
18 0.51660200 0.72165700 0.02148400 0.02470900
0 0.54541000 0.72238400 0.02246100 0.02470900
19 0.57470700 0.72274700 0.02246100 0.02543600
4 0.60400400 0.72311000 0.02246100 0.02470900
11 0.63330100 0.72383700 0.02246100 0.02470900
4 0.66259800 0.72420100 0.02246100 0.02543600
12 0.69287100 0.72420100 0.02246100 0.02543600
22 0.78173800 0.72492700 0.02246100 0.02543600
18 0.06884800 0.75109000 0.02050800 0.02398300
19 0.09521500 0.75181700 0.02050800 0.02398300
0 0.12304700 0.75218000 0.02148400 0.02470900
19 0.15087900 0.75254400 0.02050800 0.02398300
4 0.20556600 0.75363400 0.02050800 0.02470900
10 0.26123000 0.75436000 0.02050800 0.02470900
14 0.28857400 0.75472400 0.02050800 0.02543600
19 0.31640600 0.75508700 0.02148400 0.02470900
14 0.34521500 0.75508700 0.02050800 0.02470900
17 0.37304700 0.75581400 0.02148400 0.02470900
0 0.40185500 0.75617700 0.02246100 0.02543600
15 0.48779300 0.75726700 0.02246100 0.02470900
17 0.51709000 0.75763100 0.02246100 0.02543600
8 0.54541000 0.75835800 0.02246100 0.02543600
12 0.57470700 0.75908400 0.02246100 0.02543600
4 0.60400400 0.75981100 0.02246100 0.02543600
16 0.63427700 0.76053800 0.02246100 0.02543600
0 0.66357400 0.76053800 0.02246100 0.02543600
19 0.69335900 0.76090100 0.02343800 0.02616300
4 0.72314500 0.76126500 0.02246100 0.02543600
11 0.75293000 0.76235500 0.02343800 0.02616300
13 0.81347700 0.76235500 0.02343800 0.02616300
12 0.87304700 0.76199100 0.02343800 0.02689000
14 0.06884800 0.78633700 0.02050800 0.02470900
1 0.09521500 0.78670100 0.02050800 0.02398300
17 0.12304700 0.78742700 0.02148400 0.02398300
0 0.14990200 0.78779100 0.02050800 0.02470900
25 0.17773400 0.78815400 0.02148400 0.02398300
14 0.20507800 0.78851700 0.02148400 0.02470900
12 0.23291000 0.78851700 0.02050800 0.02470900
13 0.28906200 0.78997100 0.02148400 0.02470900
0 0.31640600 0.79033400 0.02148400 0.02543600
25 0.34570300 0.79069800 0.02148400 0.02470900
22 0.40234400 0.79142400 0.02148400 0.02470900
0 0.43066400 0.79215100 0.02148400 0.02470900
4 0.45898400 0.79251500 0.02148400 0.02543600
19 0.48828100 0.79324100 0.02148400 0.02543600
18 0.51709000 0.79396800 0.02246100 0.02543600
10 0.63427700 0.79614800 0.02246100 0.02543600
13 0.66455100 0.79687500 0.02246100 0.02543600
8 0.69287100 0.79760200 0.02246100 0.02543600
6 0.72314500 0.79796500 0.02246100 0.02470900
0 0.75341800 0.79869200 0.02246100 0.02470900
3 0.81445300 0.79832800 0.02343800 0.02543600
11 0.84375000 0.79832800 0.02343800 0.02543600
3 0.06787100 0.82122100 0.02050800 0.02470900
4 0.09472700 0.82194800 0.02148400 0.02470900
19 0.12255900 0.82231100 0.02050800 0.02398300
4 0.15039100 0.82303800 0.02148400 0.02398300
3 0.23339800 0.82449100 0.02148400 0.02543600
14 0.26171900 0.82485500 0.02148400 0.02470900
11 0.28808600 0.82558100 0.02148400 0.02470900
9 0.31640600 0.82630800 0.02148400 0.02470900
13 0.34472700 0.82667200 0.02148400 0.02543600
0 0.37304700 0.82703500 0.02148400 0.02470900
1 0.43164100 0.82848800 0.02148400 0.02470900
19 0.48779300 0.82921500 0.02246100 0.02616300
15 0.57568400 0.83139500 0.02246100 0.02616300
17 0.60498000 0.83212200 0.02246100 0.02616300
14 0.63427700 0.83284900 0.02246100 0.02616300
8 0.66455100 0.83357600 0.02246100 0.02616300
25 0.69482400 0.83430200 0.02246100 0.02616300
22 0.72363300 0.83502900 0.02343800 0.02616300
4 0.75390600 0.83502900 0.02343800 0.02616300
3 0.78418000 0.83539200 0.02343800 0.02543600
4 0.81445300 0.83575600 0.02343800 0.02616300
13 0.84472700 0.83575600 0.02343800 0.02616300
8 0.87402300 0.83575600 0.02343800 0.02616300
4 0.06738300 0.85646800 0.02148400 0.02543600
12 0.09472700 0.85828500 0.02148400 0.02470900
22 0.15039100 0.85792200 0.02148400 0.02543600
18 0.20459000 0.85937500 0.02050800 0.02543600
14 0.23242200 0.86010200 0.02148400 0.02543600
10 0.25976600 0.86082800 0.02148400 0.02543600
14 0.28857400 0.86155500 0.02050800 0.02543600
6 0.31640600 0.86264500 0.02148400 0.02470900
14 0.34521500 0.86300900 0.02246100 0.02543600
8 0.40234400 0.86446200 0.02148400 0.02543600
18 0.43115200 0.86446200 0.02246100 0.02543600
10 0.45898400 0.86518900 0.02148400 0.02543600
20 0.48828100 0.86591600 0.02148400 0.02543600
18 0.51709000 0.86664200 0.02246100 0.02543600
18 0.54638700 0.86773300 0.02246100 0.02616300
19 0.57568400 0.86845900 0.02246100 0.02470900
22 0.60498000 0.86882300 0.02246100 0.02543600
0 0.63525400 0.86954900 0.02246100 0.02543600
14 0.72460900 0.87173000 0.02343800 0.02543600
13 0.75439500 0.87245600 0.02246100 0.02543600
15 0.06738300 0.89171500 0.02148400 0.02470900
8 0.09472700 0.89244200 0.02148400 0.02470900
4 0.15039100 0.89316900 0.02148400 0.02470900
19 0.17773400 0.89389500 0.02148400 0.02470900
15 0.28906200 0.89680200 0.02148400 0.02470900
14 0.31738300 0.89752900 0.02148400 0.02470900
13 0.37353500 0.89934600 0.02246100 0.02543600
0 0.40283200 0.89934600 0.02246100 0.02543600
18 0.43115200 0.90079900 0.02246100 0.02543600
19 0.45947300 0.90152600 0.02246100 0.02543600
14 0.48877000 0.90225300 0.02246100 0.02543600
23 0.54736300 0.90407000 0.02246100 0.02616300
4 0.57568400 0.90479700 0.02246100 0.02616300
12 0.60595700 0.90552300 0.02246100 0.02616300
20 0.63525400 0.90661300 0.02246100 0.02543600
22 0.69482400 0.90806700 0.02246100 0.02543600
14 0.72460900 0.90879400 0.02148400 0.02543600
18 0.75488300 0.90879400 0.02343800 0.02543600
15 0.78418000 0.90879400 0.02343800 0.02543600
8 0.81445300 0.90915700 0.02343800 0.02616300
19 0.84472700 0.90952000 0.02343800 0.02543600
22 0.06787100 0.92587200 0.02246100 0.02470900
0 0.09472700 0.92696200 0.02148400 0.02398300
4 0.12207000 0.92768900 0.02148400 0.02398300
19 0.14941400 0.92877900 0.02148400 0.02470900
13 0.23339800 0.93095900 0.02148400 0.02470900
14 0.26123000 0.93168600 0.02246100 0.02470900
6 0.28808600 0.93277600 0.02148400 0.02398300
14 0.31689500 0.93386600 0.02246100 0.02470900
16 0.37451200 0.93532000 0.02246100 0.02470900
8 0.40234400 0.93604700 0.02148400 0.02470900
19 0.43066400 0.93641000 0.02343800 0.02543600
0 0.45898400 0.93713700 0.02343800 0.02543600
19 0.48877000 0.93859000 0.02246100 0.02543600
4 0.51757800 0.93931700 0.02343800 0.02543600
11 0.54687500 0.94113400 0.02343800 0.02616300
19 0.63525400 0.94295100 0.02246100 0.02543600
14 0.66552700 0.94367700 0.02246100 0.02543600
11 0.69482400 0.94440400 0.02246100 0.02543600
10 0.75439500 0.94585800 0.02246100 0.02543600
14 0.78369100 0.94622100 0.02246100 0.02470900
