1 0.18750000 0.23821300 0.01562500 0.01809200
0 0.21679700 0.23793900 0.01562500 0.01754400
14 0.27929700 0.23629400 0.01562500 0.01754400
10 0.31005900 0.23629400 0.01660200 0.01754400
19 0.34179700 0.23629400 0.01562500 0.01754400
1 0.40332000 0.23629400 0.01562500 0.01754400
17 0.43408200 0.23656800 0.01660200 0.01809200
3 0.52734400 0.23711600 0.01562500 0.01809200
14 0.55761700 0.23739000 0.01562500 0.01754400
12 0.58837900 0.23821300 0.01660200 0.01699600
0 0.61914100 0.23739000 0.01562500 0.01754400
13 0.68164100 0.23629400 0.01562500 0.01754400
17 0.80566400 0.23602000 0.01562500 0.01699600
0 0.83593800 0.23602000 0.01562500 0.01699600
1 0.15722700 0.26973700 0.01562500 0.01864000
14 0.18750000 0.26891400 0.01562500 0.01809200
19 0.21777300 0.26891400 0.01562500 0.01809200
0 0.24804700 0.26754400 0.01562500 0.01864000
12 0.31054700 0.26809200 0.01562500 0.01864000
14 0.34179700 0.26809200 0.01562500 0.01864000
12 0.37304700 0.26809200 0.01562500 0.01864000
4 0.40380900 0.26836600 0.01464800 0.01809200
17 0.43457000 0.26864000 0.01562500 0.01864000
1 0.49609400 0.26891400 0.01562500 0.01809200
0 0.52734400 0.26891400 0.01562500 0.01809200
3 0.65136700 0.26836600 0.01562500 0.01809200
4 0.68261700 0.26809200 0.01562500 0.01754400
8 0.77587900 0.26727000 0.01660200 0.01809200
4 0.86914100 0.26699600 0.01562500 0.01754400
3 0.18701200 0.30098700 0.01660200 0.01864000
1 0.21728500 0.30071300 0.01660200 0.01809200
5 0.31152300 0.30043900 0.01562500 0.01864000
6 0.40429700 0.30098700 0.01562500 0.01864000
4 0.49707000 0.30126100 0.01562500 0.01809200
6 0.58984400 0.30098700 0.01562500 0.01864000
6 0.65136700 0.30043900 0.01562500 0.01864000
1 0.74511700 0.29906800 0.01562500 0.01809200
1 0.83886700 0.29824600 0.01562500 0.01864000
0 0.18652300 0.33278500 0.01562500 0.01864000
7 0.21777300 0.33278500 0.01562500 0.01864000
1 0.31103500 0.33278500 0.01660200 0.01864000
8 0.40429700 0.33333300 0.01562500 0.01864000
8 0.49707000 0.33388200 0.01562500 0.01864000
14 0.52832000 0.33388200 0.01562500 0.01864000
2 0.58984400 0.33388200 0.01562500 0.01864000
1 0.65136700 0.33278500 0.01562500 0.01864000
6 0.68261700 0.33223700 0.01562500 0.01864000
8 0.77734400 0.33114000 0.01562500 0.01864000
2 0.87109400 0.33031800 0.01562500 0.01809200
7 0.18750000 0.36485700 0.01562500 0.01918900
7 0.31201200 0.36540600 0.01660200 0.01918900
5 0.40478500 0.36622800 0.01660200 0.01864000
3 0.43554700 0.36622800 0.01562500 0.01864000
8 0.52734400 0.36622800 0.01562500 0.01864000
6 0.62011700 0.36540600 0.01562500 0.01809200
0 0.71435500 0.36403500 0.01660200 0.01864000
14 0.74560500 0.36348700 0.01660200 0.01864000
18 0.77685500 0.36293900 0.01660200 0.01864000
19 0.80908200 0.36239000 0.01660200 0.01864000
1 0.87207000 0.36184200 0.01562500 0.01864000
5 0.18701200 0.39720400 0.01660200 0.01918900
3 0.21875000 0.39720400 0.01562500 0.01809200
14 0.25000000 0.39747800 0.01562500 0.01864000
0 0.31201200 0.39802600 0.01660200 0.01864000
14 0.37500000 0.39857500 0.01562500 0.01864000
18 0.40527300 0.39857500 0.01562500 0.01864000
19 0.43554700 0.39857500 0.01562500 0.01864000
0 0.46582000 0.39884900 0.01562500 0.01809200
19 0.49609400 0.39857500 0.01562500 0.01864000
0 0.52734400 0.39830000 0.01562500 0.01809200
10 0.55859400 0.39830000 0.01562500 0.01809200
1 0.62011700 0.39775200 0.01562500 0.01809200
5 0.68359400 0.39665600 0.01562500 0.01809200
3 0.71435500 0.39610700 0.01660200 0.01809200
0 0.81005900 0.39501100 0.01660200 0.01809200
5 0.18750000 0.42982500 0.01562500 0.01864000
2 0.21875000 0.42982500 0.01562500 0.01864000
4 0.31347700 0.43037300 0.01562500 0.01864000
5 0.34375000 0.43092100 0.01562500 0.01864000
5 0.43554700 0.43092100 0.01562500 0.01864000
7 0.52832000 0.43037300 0.01562500 0.01864000
1 0.62011700 0.43009900 0.01562500 0.01809200
3 0.65136700 0.42955000 0.01562500 0.01809200
5 0.74707000 0.42818000 0.01562500 0.01864000
3 0.84277300 0.42680900 0.01562500 0.01809200
7 0.18798800 0.46189700 0.01660200 0.01809200
14 0.21972700 0.46244500 0.01562500 0.01809200
3 0.28320300 0.46244500 0.01562500 0.01809200
7 0.37597700 0.46299300 0.01562500 0.01809200
3 0.46679700 0.46299300 0.01562500 0.01809200
3 0.55859400 0.46244500 0.01562500 0.01809200
13 0.62109400 0.46189700 0.01562500 0.01809200
14 0.65185500 0.46162300 0.01660200 0.01864000
12 0.68408200 0.46107500 0.01660200 0.01864000
4 0.71582000 0.46080000 0.01562500 0.01809200
17 0.74755900 0.46052600 0.01660200 0.01864000
1 0.81054700 0.46025200 0.01562500 0.01809200
1 0.84228500 0.45997800 0.01660200 0.01864000
6 0.18798800 0.49451800 0.01660200 0.01864000
1 0.21875000 0.49451800 0.01562500 0.01864000
3 0.31445300 0.49424300 0.01562500 0.01809200
0 0.40527300 0.49451800 0.01562500 0.01864000
7 0.43603500 0.49451800 0.01464800 0.01864000
8 0.52783200 0.49424300 0.01464800 0.01809200
5 0.55859400 0.49396900 0.01562500 0.01864000
2 0.65185500 0.49342100 0.01660200 0.01754400
2 0.74755900 0.49287300 0.01660200 0.01864000
1 0.77880900 0.49259900 0.01660200 0.01809200
12 0.87548800 0.49177600 0.01660200 0.01864000
1 0.15576200 0.52686400 0.01464800 0.01864000
2 0.21972700 0.52659000 0.01562500 0.01809200
1 0.25097700 0.52659000 0.01562500 0.01809200
1 0.34472700 0.52659000 0.01562500 0.01809200
0 0.37500000 0.52659000 0.01562500 0.01809200
4 0.46679700 0.52604200 0.01562500 0.01809200
0 0.49707000 0.52604200 0.01562500 0.01809200
0 0.58984400 0.52604200 0.01562500 0.01809200
6 0.62109400 0.52576800 0.01562500 0.01754400
2 0.71630900 0.52549300 0.01660200 0.01918900
2 0.81298800 0.52521900 0.01660200 0.01864000
4 0.18847700 0.55921100 0.01562500 0.01864000
3 0.22021500 0.55893600 0.01660200 0.01809200
0 0.31396500 0.55811400 0.01660200 0.01864000
7 0.34472700 0.55838800 0.01562500 0.01809200
2 0.43652300 0.55811400 0.01562500 0.01864000
8 0.52832000 0.55811400 0.01562500 0.01864000
7 0.55957000 0.55811400 0.01562500 0.01864000
0 0.65234400 0.55784000 0.01562500 0.01809200
3 0.68505900 0.55756600 0.01660200 0.01864000
6 0.78173800 0.55811400 0.01660200 0.01864000
6 0.87890600 0.55811400 0.01757800 0.01864000
7 0.18798800 0.59210500 0.01660200 0.01864000
3 0.22021500 0.59155700 0.01660200 0.01864000
0 0.31250000 0.59018600 0.01562500 0.01918900
1 0.34375000 0.59046100 0.01562500 0.01864000
6 0.43652300 0.59018600 0.01562500 0.01809200
8 0.52880900 0.59046100 0.01660200 0.01864000
8 0.56005900 0.59046100 0.01660200 0.01864000
8 0.65429700 0.59073500 0.01562500 0.01918900
2 0.75097700 0.59073500 0.01562500 0.01918900
1 0.78271500 0.59128300 0.01660200 0.01918900
1 0.88134800 0.59073500 0.01660200 0.01918900
0 0.25097700 0.62362900 0.01562500 0.01918900
0 0.28222700 0.62335500 0.01562500 0.01864000
2 0.37548800 0.62225900 0.01660200 0.01864000
1 0.40527300 0.62280700 0.01562500 0.01864000
1 0.49804700 0.62280700 0.01562500 0.01864000
0 0.59130900 0.62280700 0.01660200 0.01864000
1 0.62255900 0.62335500 0.01660200 0.01864000
1 0.71923800 0.62390400 0.01660200 0.01864000
0 0.81689500 0.62417800 0.01660200 0.01918900
5 0.85009800 0.62472600 0.01660200 0.01918900
0 0.18652300 0.65734600 0.01562500 0.01864000
0 0.21875000 0.65679800 0.01562500 0.01864000
0 0.31347700 0.65597600 0.01562500 0.01918900
5 0.34375000 0.65570200 0.01562500 0.01864000
1 0.43554700 0.65542800 0.01562500 0.01918900
6 0.46777300 0.65597600 0.01562500 0.01918900
8 0.56152300 0.65625000 0.01562500 0.01973700
5 0.59375000 0.65652400 0.01562500 0.01918900
7 0.68945300 0.65734600 0.01562500 0.01973700
6 0.78662100 0.65816900 0.01660200 0.01918900
4 0.81933600 0.65816900 0.01562500 0.01918900
14 0.15527300 0.69024100 0.01562500 0.01864000
8 0.21875000 0.68969300 0.01562500 0.01864000
5 0.25048800 0.68914500 0.01660200 0.01864000
7 0.34375000 0.68859600 0.01562500 0.01864000
0 0.43603500 0.68887100 0.01660200 0.01918900
5 0.46777300 0.68887100 0.01562500 0.01918900
0 0.56152300 0.68996700 0.01562500 0.01918900
5 0.59375000 0.69024100 0.01562500 0.01973700
7 0.69091800 0.69133800 0.01660200 0.01973700
0 0.78857400 0.69243400 0.01660200 0.01973700
1 0.82031200 0.69243400 0.01562500 0.01973700
4 0.18798800 0.72203900 0.01660200 0.01864000
4 0.28173800 0.72149100 0.01660200 0.01864000
0 0.37402300 0.72149100 0.01562500 0.01864000
4 0.40576200 0.72203900 0.01660200 0.01864000
0 0.49853500 0.72313600 0.01660200 0.01973700
1 0.52978500 0.72341000 0.01660200 0.01918900
0 0.62548800 0.72423200 0.01660200 0.01973700
4 0.65966800 0.72505500 0.01660200 0.01918900
1 0.75634800 0.72587700 0.01660200 0.01864000
6 0.78955100 0.72587700 0.01660200 0.01864000
