0 0.09523347 0.34338723 0.11094539 0.11053626
1 0.16673874 0.28902513 0.10645627 0.10328798
2 0.23343423 0.23874020 0.10773887 0.10056987
3 0.29660256 0.19026733 0.10324975 0.09422763
4 0.35496112 0.14677765 0.09811933 0.08697935
5 0.41043381 0.10147591 0.09876064 0.08154314
6 0.18341261 0.44712823 0.12184754 0.12231471
7 0.25587983 0.38551785 0.10902148 0.11506643
8 0.32321663 0.32753162 0.11030409 0.10600608
9 0.38349909 0.27724668 0.10902148 0.09966384
10 0.44442286 0.22696174 0.10517366 0.09332159
11 0.49733034 0.17984793 0.10324976 0.09150952
12 0.28281455 0.55675845 0.12441275 0.13137506
13 0.35335786 0.49016488 0.12056493 0.12503282
14 0.41973270 0.42810149 0.11864102 0.11687850
15 0.48322168 0.36875621 0.11094539 0.11053626
16 0.54158024 0.31530015 0.10709757 0.10328798
17 0.59320512 0.26410917 0.10773888 0.09875781
18 0.39203639 0.67702434 0.12505002 0.14185272
25 0.45958166 0.60416363 0.12687557 0.13540487
19 0.52393221 0.53388205 0.12231170 0.12379874
20 0.58600084 0.46811397 0.11866061 0.11864046
21 0.64487475 0.40879375 0.11409674 0.11090304
22 0.69580443 0.35053036 0.11224013 0.10492065
23 0.50887820 0.81253890 0.13333790 0.16334238
24 0.57723497 0.72848315 0.13671354 0.15261186
25 0.64221610 0.65098495 0.12996226 0.14068905
