11 0.05937500 0.22031250 0.08750000 0.17500000
19 0.15781250 0.17968750 0.09375000 0.17500000
17 0.25781250 0.14375000 0.08593750 0.17968750
4 0.08125000 0.43125000 0.09062500 0.18125000
4 0.05000000 0.88750000 0.07812500 0.15312500
11 0.12812500 0.88281250 0.09375000 0.17031250
7 0.36250000 0.13750000 0.09531250 0.18437500
12 0.22187500 0.86875000 0.09531250 0.19375000
4 0.09218750 0.64843750 0.08281250 0.16093750
11 0.27812500 0.37812500 0.09531250 0.16718750
4 0.19531250 0.63593750 0.09375000 0.17187500
14 0.33125000 0.85156250 0.10468750 0.17968750
14 0.39843750 0.36718750 0.08750000 0.16718750
18 0.57500000 0.09687500 0.08281250 0.17656250
14 0.49687500 0.35000000 0.09062500 0.16718750
3 0.40312500 0.57343750 0.09843750 0.17656250
18 0.53750000 0.78906250 0.08281250 0.19375000
14 0.63750000 0.75468750 0.09531250 0.17500000
23 0.60156250 0.52343750 0.09531250 0.17500000
0 0.49687500 0.55312500 0.07812500 0.16250000
7 0.66406250 0.10000000 0.08281250 0.17500000
