18 0.11718750 0.87812500 0.11718750 0.24218750
7 0.22968750 0.86718750 0.11875000 0.23437500
7 0.05000000 0.17343750 0.09375000 0.17500000
4 0.14843750 0.15312500 0.08281250 0.17656250
21 0.34218750 0.10312500 0.09375000 0.17500000
4 0.35937500 0.84218750 0.11406250 0.22968750
0 0.43281250 0.09062500 0.07343750 0.16718750
17 0.52968750 0.08750000 0.08750000 0.16250000
2 0.34843750 0.52812500 0.10312500 0.18437500
7 0.47031250 0.52812500 0.09062500 0.18906250
0 0.57500000 0.50937500 0.09531250 0.19843750
6 0.71093750 0.07656250 0.07343750 0.15000000
15 0.67656250 0.48750000 0.10468750 0.20312500
16 0.71718750 0.75000000 0.10000000 0.21562500
