12 0.08359375 0.11015625 0.03906250 0.11875000
24 0.12734375 0.11562500 0.03906250 0.11875000
14 0.25703125 0.11640625 0.04062500 0.12031250
11 0.30468750 0.12031250 0.04218750 0.12812500
4 0.34921875 0.11562500 0.03906250 0.12968750
11 0.43828125 0.11093750 0.04062500 0.12968750
8 0.48359375 0.11250000 0.03750000 0.12343750
5 0.52812500 0.11328125 0.03906250 0.12968750
4 0.57500000 0.10937500 0.03906250 0.13437500
10 0.17656250 0.27109375 0.03750000 0.12968750
8 0.25234375 0.27187500 0.03906250 0.13125000
11 0.34375000 0.27500000 0.03906250 0.13281250
11 0.38906250 0.27343750 0.04218750 0.13906250
4 0.77109375 0.25937500 0.04218750 0.13281250
22 0.38203125 0.43828125 0.04375000 0.13593750
0 0.43203125 0.43984375 0.03750000 0.12812500
24 0.47421875 0.43828125 0.04062500 0.12500000
14 0.37265625 0.62187500 0.03906250 0.14687500
13 0.42031250 0.61796875 0.04062500 0.13593750
11 0.47109375 0.61640625 0.03906250 0.13593750
24 0.52031250 0.61875000 0.04531250 0.15312500
14 0.67500000 0.61640625 0.04375000 0.14687500
14 0.83515625 0.62890625 0.04531250 0.16250000
6 0.94453125 0.62890625 0.05312500 0.16718750
