18 0.12187500 0.34531250 0.09062500 0.16718750
4 0.07500000 0.85625000 0.08750000 0.16718750
11 0.17500000 0.84843750 0.10000000 0.18906250
11 0.14375000 0.59218750 0.09062500 0.15781250
7 0.22968750 0.32656250 0.10468750 0.17968750
14 0.25000000 0.56250000 0.09531250 0.16718750
14 0.40468750 0.77500000 0.09843750 0.17500000
12 0.28437500 0.80937500 0.08750000 0.17656250
0 0.33593750 0.30312500 0.08593750 0.17187500
18 0.45000000 0.29218750 0.09062500 0.17968750
17 0.37656250 0.52812500 0.08593750 0.16250000
18 0.48437500 0.51562500 0.09375000 0.17968750
