5 0.12060500 0.09811000 0.02050800 0.02180200
15 0.12060500 0.13008700 0.02050800 0.02325600
17 0.14648400 0.12936000 0.01953100 0.02325600
8 0.17187500 0.12936000 0.02148400 0.02470900
11 0.22412100 0.12827000 0.02050800 0.02398300
8 0.25048800 0.12754400 0.02050800 0.02398300
19 0.27783200 0.12681700 0.02050800 0.02398300
4 0.30468800 0.12645300 0.02148400 0.02470900
15 0.35693400 0.12500000 0.02050800 0.02325600
14 0.38427700 0.12427300 0.02050800 0.02325600
9 0.40966800 0.12354700 0.02050800 0.02325600
0 0.43603500 0.12282000 0.02050800 0.02325600
11 0.46289100 0.12209300 0.02148400 0.02325600
20 0.48974600 0.12136600 0.02050800 0.02325600
18 0.54443400 0.11918600 0.02050800 0.02325600
19 0.57080100 0.11845900 0.02050800 0.02325600
0 0.59716800 0.11773300 0.02050800 0.02325600
10 0.64941400 0.11664200 0.02148400 0.02398300
13 0.67675800 0.11518900 0.02148400 0.02543600
8 0.70410200 0.11373500 0.02148400 0.02543600
9 0.73193400 0.11228200 0.02246100 0.02543600
10 0.75927700 0.11082800 0.02246100 0.02543600
8 0.78662100 0.10937500 0.02246100 0.02543600
0 0.09521500 0.19513100 0.02050800 0.02252900
15 0.14746100 0.19440400 0.01953100 0.02252900
14 0.17285200 0.19367700 0.01953100 0.02252900
19 0.19873000 0.19367700 0.02050800 0.02398300
14 0.22607400 0.19331400 0.02050800 0.02325600
12 0.25244100 0.19258700 0.02050800 0.02325600
15 0.30664100 0.19258700 0.01953100 0.02325600
14 0.33300800 0.19149700 0.01953100 0.02252900
25 0.35937500 0.19040700 0.01953100 0.02325600
22 0.38525400 0.18968000 0.02050800 0.02325600
14 0.41162100 0.18895300 0.02050800 0.02325600
13 0.43798800 0.18822700 0.02050800 0.02325600
8 0.46582000 0.18786300 0.01953100 0.02398300
11 0.49267600 0.18713700 0.02050800 0.02398300
12 0.54638700 0.18641000 0.02050800 0.02398300
4 0.57324200 0.18532000 0.02148400 0.02470900
3 0.59960900 0.18459300 0.02148400 0.02470900
22 0.62500000 0.18314000 0.02148400 0.02470900
4 0.65234400 0.18168600 0.02148400 0.02470900
3 0.67968800 0.18059600 0.02148400 0.02543600
3 0.09619100 0.26126500 0.02246100 0.02543600
0 0.12304700 0.26090100 0.02148400 0.02470900
10 0.17382800 0.26090100 0.02148400 0.02470900
0 0.20117200 0.26017400 0.02148400 0.02470900
10 0.22753900 0.25944800 0.02148400 0.02470900
13 0.28076200 0.25872100 0.02050800 0.02470900
0 0.30664100 0.25799400 0.02148400 0.02470900
16 0.33398400 0.25726700 0.02148400 0.02470900
0 0.36084000 0.25690400 0.02050800 0.02398300
11 0.38623000 0.25617700 0.02050800 0.02398300
10 0.43994100 0.25508700 0.02050800 0.02470900
0 0.46728500 0.25436000 0.02050800 0.02470900
10 0.49462900 0.25363400 0.02050800 0.02470900
13 0.54882800 0.25218000 0.02148400 0.02470900
0 0.57568400 0.25145300 0.02050800 0.02470900
16 0.60253900 0.25036300 0.02148400 0.02398300
0 0.62890600 0.24927300 0.02148400 0.02470900
11 0.65527300 0.24782000 0.02148400 0.02470900
17 0.71337900 0.31359000 0.02246100 0.02398300
4 0.74121100 0.31250000 0.02148400 0.02325600
22 0.77002000 0.31141000 0.02246100 0.02398300
4 0.79736300 0.30995600 0.02246100 0.02398300
19 0.82519500 0.30923000 0.02148400 0.02398300
15 0.12451200 0.39389500 0.02050800 0.02325600
14 0.15087900 0.39353200 0.02050800 0.02398300
6 0.17675800 0.39280500 0.02148400 0.02398300
14 0.20361300 0.39244200 0.02050800 0.02325600
3 0.23046900 0.39207800 0.02148400 0.02252900
8 0.25830100 0.39171500 0.02050800 0.02325600
19 0.28564500 0.39135200 0.02050800 0.02252900
4 0.31201200 0.39098800 0.02050800 0.02325600
12 0.36621100 0.39026200 0.02148400 0.02325600
4 0.39306600 0.38953500 0.02050800 0.02325600
3 0.41894500 0.38917200 0.02148400 0.02398300
22 0.44531200 0.38844500 0.02148400 0.02398300
4 0.47265600 0.38844500 0.02148400 0.02398300
3 0.49902300 0.38771800 0.02148400 0.02398300
13 0.58105500 0.38517400 0.02148400 0.02325600
4 0.60742200 0.38444800 0.02148400 0.02325600
17 0.66064500 0.38263100 0.02246100 0.02398300
4 0.68847700 0.38190400 0.02148400 0.02398300
22 0.71630900 0.38117700 0.02246100 0.02398300
8 0.74462900 0.38008700 0.02246100 0.02470900
19 0.77246100 0.37899700 0.02148400 0.02398300
4 0.80078100 0.37827000 0.02148400 0.02398300
14 0.09765600 0.46184600 0.02148400 0.02398300
1 0.12548800 0.46148300 0.02050800 0.02325600
18 0.20507800 0.46002900 0.02148400 0.02325600
13 0.23242200 0.45930200 0.02148400 0.02325600
8 0.25976600 0.45857600 0.02148400 0.02325600
19 0.28710900 0.45857600 0.02148400 0.02325600
4 0.31445300 0.45784900 0.02148400 0.02325600
16 0.36816400 0.45712200 0.02148400 0.02325600
4 0.39453100 0.45639500 0.02148400 0.02325600
6 0.42089800 0.45639500 0.02148400 0.02325600
14 0.44775400 0.45566900 0.02050800 0.02325600
22 0.50146500 0.45494200 0.02050800 0.02325600
7 0.58300800 0.45276200 0.02148400 0.02325600
14 0.61035200 0.45203500 0.02148400 0.02325600
19 0.63671900 0.45130800 0.02148400 0.02325600
8 0.66357400 0.45058100 0.02050800 0.02325600
19 0.69140600 0.44985500 0.02148400 0.02325600
4 0.71875000 0.44912800 0.02148400 0.02325600
13 0.09814500 0.52907000 0.02050800 0.02325600
14 0.12597700 0.52870600 0.02148400 0.02398300
14 0.17871100 0.52798000 0.02148400 0.02398300
13 0.20556600 0.52761600 0.02050800 0.02325600
19 0.26123000 0.52616300 0.02050800 0.02325600
14 0.28857400 0.52543600 0.02050800 0.02325600
11 0.31543000 0.52470900 0.02148400 0.02325600
10 0.37011700 0.52361900 0.02148400 0.02398300
14 0.39648400 0.52325600 0.02148400 0.02325600
12 0.47753900 0.52216600 0.02148400 0.02398300
20 0.50439500 0.52180200 0.02246100 0.02325600
3 0.58593800 0.52034900 0.02148400 0.02325600
0 0.61181600 0.51998500 0.02246100 0.02398300
12 0.69433600 0.51780500 0.02148400 0.02398300
20 0.72216800 0.51780500 0.02246100 0.02398300
0 0.09912100 0.59738400 0.02050800 0.02325600
10 0.15234400 0.59629400 0.02148400 0.02398300
16 0.20654300 0.59556700 0.02050800 0.02398300
4 0.23388700 0.59484000 0.02050800 0.02398300
12 0.26220700 0.59447700 0.02050800 0.02325600
20 0.28906200 0.59375000 0.02148400 0.02325600
15 0.34423800 0.59229700 0.02050800 0.02325600
14 0.37158200 0.59157000 0.02050800 0.02325600
16 0.39746100 0.59120600 0.02148400 0.02252900
4 0.42480500 0.59084300 0.02148400 0.02325600
12 0.45214800 0.59048000 0.02148400 0.02252900
20 0.47949200 0.59011600 0.02148400 0.02325600
13 0.09960900 0.66678800 0.02148400 0.02543600
4 0.12744100 0.66569800 0.02050800 0.02470900
15 0.18017600 0.66497100 0.02050800 0.02470900
14 0.20752000 0.66424400 0.02050800 0.02470900
12 0.26318400 0.66351700 0.02050800 0.02470900
20 0.29052700 0.66351700 0.02050800 0.02470900
15 0.12646500 0.73655500 0.02050800 0.02543600
14 0.15429700 0.73655500 0.02148400 0.02543600
22 0.18115200 0.73582800 0.02050800 0.02543600
4 0.20800800 0.73510200 0.02148400 0.02543600
18 0.23535200 0.73510200 0.02148400 0.02543600
19 0.29101600 0.73401200 0.02148400 0.02470900
4 0.31933600 0.73364800 0.02148400 0.02543600
15 0.37402300 0.73219500 0.02148400 0.02543600
14 0.40136700 0.73183100 0.02148400 0.02470900
9 0.42871100 0.73146800 0.02148400 0.02543600
0 0.45556600 0.73110500 0.02246100 0.02616300
11 0.48339800 0.73110500 0.02148400 0.02616300
20 0.51074200 0.73037800 0.02148400 0.02616300
18 0.56689500 0.73001500 0.02246100 0.02689000
19 0.59521500 0.72928800 0.02246100 0.02689000
0 0.62255900 0.72928800 0.02246100 0.02689000
19 0.67724600 0.72928800 0.02246100 0.02689000
17 0.70556600 0.72856100 0.02246100 0.02689000
20 0.73388700 0.72856100 0.02246100 0.02689000
1 0.76220700 0.72856100 0.02246100 0.02689000
10 0.79199200 0.72856100 0.02343800 0.02689000
20 0.82177700 0.72783400 0.02246100 0.02689000
0 0.09912100 0.80923000 0.02246100 0.02543600
15 0.15527300 0.80777600 0.02148400 0.02543600
14 0.18164100 0.80704900 0.02148400 0.02543600
19 0.20800800 0.80704900 0.02148400 0.02543600
14 0.23632800 0.80632300 0.02148400 0.02543600
12 0.26464800 0.80559600 0.02148400 0.02543600
15 0.32031200 0.80486900 0.02148400 0.02543600
14 0.34765600 0.80414200 0.02148400 0.02543600
25 0.37548800 0.80377900 0.02050800 0.02616300
22 0.40283200 0.80305200 0.02050800 0.02616300
14 0.43017600 0.80268900 0.02050800 0.02543600
13 0.45800800 0.80268900 0.02148400 0.02543600
8 0.48584000 0.80268900 0.02050800 0.02543600
11 0.51318400 0.80232600 0.02246100 0.02616300
8 0.54199200 0.80232600 0.02148400 0.02616300
2 0.59765600 0.80159900 0.02148400 0.02616300
0 0.62597700 0.80159900 0.02148400 0.02616300
15 0.65283200 0.80159900 0.02246100 0.02616300
11 0.68164100 0.80087200 0.02148400 0.02616300
8 0.70996100 0.80087200 0.02148400 0.02616300
15 0.12744100 0.87972400 0.02246100 0.02689000
17 0.15576200 0.87899700 0.02246100 0.02689000
8 0.18212900 0.87863400 0.02246100 0.02616300
11 0.23779300 0.87754400 0.02246100 0.02689000
8 0.26611300 0.87718000 0.02246100 0.02616300
19 0.29443400 0.87718000 0.02246100 0.02616300
4 0.32177700 0.87718000 0.02246100 0.02616300
15 0.37695300 0.87645300 0.02148400 0.02616300
14 0.40478500 0.87645300 0.02246100 0.02616300
9 0.43212900 0.87572700 0.02246100 0.02616300
0 0.45996100 0.87500000 0.02148400 0.02616300
11 0.48730500 0.87500000 0.02148400 0.02616300
20 0.51660200 0.87536300 0.02148400 0.02543600
18 0.57421900 0.87572700 0.02148400 0.02616300
19 0.60205100 0.87572700 0.02246100 0.02616300
0 0.62890600 0.87536300 0.02148400 0.02689000
10 0.68457000 0.87536300 0.02343800 0.02689000
0 0.71386700 0.87536300 0.02343800 0.02689000
15 0.74316400 0.87536300 0.02343800 0.02689000
11 0.77148400 0.87536300 0.02343800 0.02689000
8 0.80175800 0.87536300 0.02343800 0.02689000
