16 0.19375000 0.28750000 0.13125000 0.22812500
18 0.32031250 0.25468750 0.12187500 0.24375000
4 0.44843750 0.21250000 0.11718750 0.23750000
3 0.56875000 0.17500000 0.11250000 0.25937500
18 0.79687500 0.11406250 0.11250000 0.20781250
14 0.90937500 0.09843750 0.10000000 0.19375000
3 0.10156250 0.60312500 0.11718750 0.22500000
18 0.36406250 0.52968750 0.13125000 0.24687500
7 0.49218750 0.48906250 0.11250000 0.23906250
11 0.15781250 0.89375000 0.12968750 0.21093750
8 0.30468750 0.85000000 0.13437500 0.26875000
