15 0.21582000 0.07373000 0.02343800 0.03613300
8 0.24609400 0.07421900 0.02343800 0.03515600
17 0.27490200 0.07470700 0.02441400 0.03613300
14 0.30371100 0.07568400 0.02343800 0.03613300
6 0.33300800 0.07568400 0.02343800 0.03418000
4 0.39306600 0.07714800 0.02441400 0.03515600
0 0.42236300 0.07812500 0.02441400 0.03515600
17 0.45117200 0.07812500 0.02343800 0.03515600
11 0.47998000 0.07861300 0.02441400 0.03613300
14 0.50781200 0.07910200 0.02343800 0.03515600
19 0.53710900 0.08007800 0.02343800 0.03515600
10 0.56591800 0.08056600 0.02441400 0.03613300
0 0.59619100 0.08154300 0.02441400 0.03613300
19 0.21679700 0.12841800 0.02343800 0.03613300
17 0.24609400 0.12939500 0.02343800 0.03613300
8 0.27539100 0.12988300 0.02343800 0.03515600
2 0.39209000 0.13232400 0.02246100 0.03613300
0 0.42089800 0.13134800 0.02343800 0.03418000
15 0.47949200 0.13330100 0.02343800 0.03418000
11 0.50830100 0.13378900 0.02246100 0.03515600
18 0.56591800 0.13574200 0.02246100 0.03515600
14 0.62500000 0.13769500 0.02343800 0.03515600
3 0.65429700 0.13671900 0.02343800 0.03515600
8 0.68359400 0.13769500 0.02343800 0.03515600
13 0.71289100 0.13769500 0.02343800 0.03515600
18 0.12890600 0.18261700 0.02343800 0.03515600
19 0.15820300 0.18115200 0.02343800 0.03613300
0 0.18798800 0.18261700 0.02441400 0.03710900
10 0.21679700 0.18310500 0.02343800 0.03613300
0 0.24609400 0.18359400 0.02343800 0.03710900
13 0.27539100 0.18408200 0.02343800 0.03613300
25 0.36230500 0.18554700 0.02343800 0.03710900
1 0.39160200 0.18652300 0.02343800 0.03515600
8 0.42089800 0.18701200 0.02343800 0.03613300
3 0.45019500 0.18701200 0.02343800 0.03613300
3 0.53710900 0.18945300 0.02343800 0.03515600
14 0.56543000 0.18994100 0.02343800 0.03613300
1 0.62402300 0.19091800 0.02343800 0.03613300
4 0.65332000 0.19091800 0.02343800 0.03613300
11 0.68261700 0.19140600 0.02343800 0.03515600
0 0.71191400 0.19189500 0.02343800 0.03613300
3 0.15820300 0.23535200 0.02343800 0.03515600
14 0.18750000 0.23632800 0.02343800 0.03515600
1 0.21582000 0.23730500 0.02343800 0.03515600
0 0.24511700 0.23828100 0.02343800 0.03515600
22 0.27539100 0.23828100 0.02343800 0.03515600
8 0.30273400 0.23925800 0.02343800 0.03515600
19 0.33203100 0.23925800 0.02343800 0.03515600
17 0.42041000 0.24169900 0.02246100 0.03613300
0 0.44824200 0.24218800 0.02343800 0.03515600
25 0.47753900 0.24267600 0.02343800 0.03613300
0 0.50683600 0.24316400 0.02343800 0.03515600
7 0.53515600 0.24365200 0.02343800 0.03613300
11 0.56445300 0.24365200 0.02343800 0.03613300
8 0.59375000 0.24414100 0.02343800 0.03515600
19 0.62304700 0.24560500 0.02343800 0.03613300
4 0.65234400 0.24609400 0.02343800 0.03515600
11 0.68164100 0.24609400 0.02343800 0.03515600
8 0.76904300 0.24707000 0.02441400 0.03515600
14 0.12988300 0.28906200 0.02343800 0.03515600
15 0.15869100 0.29003900 0.02246100 0.03515600
19 0.21630900 0.29199200 0.02246100 0.03515600
25 0.30322300 0.29296900 0.02246100 0.03515600
1 0.33203100 0.29394500 0.02343800 0.03515600
8 0.36132800 0.29394500 0.02343800 0.03515600
19 0.39013700 0.29394500 0.02246100 0.03515600
3 0.59179700 0.29882800 0.02343800 0.03515600
14 0.62109400 0.29882800 0.02343800 0.03515600
1 0.65039100 0.29980500 0.02343800 0.03515600
0 0.67968800 0.29980500 0.02343800 0.03515600
22 0.70898400 0.29980500 0.02343800 0.03515600
8 0.73779300 0.30078100 0.02246100 0.03515600
19 0.76660200 0.30127000 0.02343800 0.03613300
4 0.12939500 0.34375000 0.02246100 0.03515600
23 0.15869100 0.34423800 0.02246100 0.03613300
14 0.24511700 0.34472700 0.02343800 0.03515600
3 0.27441400 0.34472700 0.02343800 0.03515600
8 0.30322300 0.34619100 0.02246100 0.03418000
13 0.33154300 0.34716800 0.02246100 0.03418000
18 0.38964800 0.34765600 0.02343800 0.03515600
19 0.41894500 0.34814500 0.02343800 0.03418000
0 0.44677700 0.34912100 0.02246100 0.03418000
10 0.47607400 0.34912100 0.02246100 0.03418000
0 0.50439500 0.34960900 0.02246100 0.03515600
13 0.53369100 0.34960900 0.02246100 0.03515600
12 0.59130900 0.35009800 0.02246100 0.03418000
20 0.62011700 0.35156200 0.02343800 0.03515600
10 0.64990200 0.35253900 0.02246100 0.03515600
8 0.67773400 0.35351600 0.02343800 0.03515600
15 0.15869100 0.39697300 0.02246100 0.03418000
14 0.18701200 0.39697300 0.02246100 0.03418000
16 0.21630900 0.39794900 0.02246100 0.03418000
8 0.24462900 0.39794900 0.02246100 0.03418000
18 0.27441400 0.39794900 0.02148400 0.03418000
19 0.30322300 0.39892600 0.02246100 0.03418000
8 0.33154300 0.39990200 0.02246100 0.03418000
19 0.35986300 0.40039100 0.02246100 0.03320300
1 0.47558600 0.40234400 0.02343800 0.03515600
11 0.50341800 0.40283200 0.02246100 0.03418000
14 0.53173800 0.40380900 0.02246100 0.03418000
10 0.56152300 0.40429700 0.02343800 0.03515600
8 0.59033200 0.40527300 0.02246100 0.03515600
15 0.70556600 0.40722700 0.02246100 0.03515600
14 0.73388700 0.40820300 0.02246100 0.03515600
19 0.12939500 0.44970700 0.02246100 0.03613300
14 0.15820300 0.45019500 0.02343800 0.03515600
12 0.18701200 0.45019500 0.02246100 0.03515600
8 0.24707000 0.45117200 0.02343800 0.03515600
3 0.30273400 0.45117200 0.02343800 0.03515600
14 0.33056600 0.45166000 0.02246100 0.03418000
1 0.35937500 0.45263700 0.02343800 0.03418000
0 0.38818400 0.45312500 0.02246100 0.03515600
22 0.41748000 0.45361300 0.02246100 0.03418000
8 0.44580100 0.45459000 0.02246100 0.03418000
19 0.47412100 0.45507800 0.02246100 0.03320300
22 0.56054700 0.45752000 0.02343800 0.03418000
19 0.61669900 0.45849600 0.02246100 0.03418000
4 0.64599600 0.45898400 0.02246100 0.03515600
18 0.67480500 0.45947300 0.02343800 0.03418000
19 0.70361300 0.45996100 0.02246100 0.03515600
14 0.73291000 0.46044900 0.02246100 0.03418000
15 0.15771500 0.50293000 0.02246100 0.03515600
14 0.18701200 0.50293000 0.02246100 0.03515600
19 0.21435500 0.50390600 0.02246100 0.03515600
14 0.24365200 0.50390600 0.02246100 0.03515600
12 0.27294900 0.50390600 0.02246100 0.03515600
15 0.33056600 0.50488300 0.02246100 0.03515600
4 0.35937500 0.50488300 0.02343800 0.03515600
17 0.38720700 0.50537100 0.02246100 0.03418000
4 0.41601600 0.50585900 0.02343800 0.03515600
12 0.44482400 0.50732400 0.02246100 0.03418000
4 0.47314500 0.50732400 0.02246100 0.03418000
0 0.53027300 0.50830100 0.02343800 0.03418000
19 0.55859400 0.50927700 0.02343800 0.03418000
22 0.64502000 0.51123000 0.02246100 0.03418000
18 0.67334000 0.51220700 0.02246100 0.03418000
5 0.15869100 0.55419900 0.02246100 0.03418000
14 0.18603500 0.55517600 0.02246100 0.03418000
17 0.21484400 0.55517600 0.02343800 0.03418000
12 0.24365200 0.55615200 0.02246100 0.03418000
20 0.27197300 0.55615200 0.02246100 0.03418000
3 0.32959000 0.55712900 0.02246100 0.03418000
11 0.38623000 0.55810500 0.02246100 0.03418000
22 0.47216800 0.55908200 0.02246100 0.03418000
15 0.52978500 0.56103500 0.02246100 0.03418000
4 0.55761700 0.56201200 0.02343800 0.03418000
16 0.58642600 0.56298800 0.02246100 0.03418000
10 0.61377000 0.56298800 0.02246100 0.03418000
8 0.64306600 0.56347700 0.02246100 0.03515600
18 0.12939500 0.60693400 0.02246100 0.03418000
12 0.15820300 0.60693400 0.02343800 0.03418000
0 0.18603500 0.60791000 0.02246100 0.03418000
25 0.21435500 0.60791000 0.02246100 0.03418000
0 0.24267600 0.60888700 0.02246100 0.03418000
19 0.27197300 0.60888700 0.02246100 0.03418000
12 0.35791000 0.60888700 0.02246100 0.03418000
0 0.38525400 0.60937500 0.02246100 0.03320300
18 0.44189500 0.61132800 0.02246100 0.03320300
11 0.47021500 0.61230500 0.02246100 0.03320300
14 0.49853500 0.61328100 0.02246100 0.03320300
12 0.52783200 0.61328100 0.02246100 0.03515600
8 0.58496100 0.61425800 0.02343800 0.03515600
22 0.64306600 0.61767600 0.02246100 0.03222700
11 0.69824200 0.61816400 0.02148400 0.03320300
14 0.72949200 0.61816400 0.02148400 0.03320300
9 0.13037100 0.65820300 0.02246100 0.03320300
8 0.15771500 0.65820300 0.02246100 0.03320300
19 0.18652300 0.65820300 0.02148400 0.03320300
19 0.27197300 0.65820300 0.02246100 0.03320300
20 0.30029300 0.66015600 0.02246100 0.03515600
3 0.32959000 0.66064500 0.02246100 0.03418000
0 0.35693400 0.66064500 0.02246100 0.03418000
19 0.41357400 0.66162100 0.02246100 0.03418000
4 0.44189500 0.66210900 0.02246100 0.03515600
18 0.47021500 0.66357400 0.02246100 0.03418000
19 0.49755900 0.66357400 0.02246100 0.03418000
14 0.52685500 0.66455100 0.02246100 0.03418000
18 0.21533200 0.71093800 0.02246100 0.03320300
19 0.24365200 0.71142600 0.02246100 0.03418000
0 0.27197300 0.71191400 0.02246100 0.03320300
22 0.30029300 0.71191400 0.02246100 0.03320300
8 0.35693400 0.71240200 0.02246100 0.03418000
12 0.38525400 0.71191400 0.02246100 0.03320300
3 0.44189500 0.71337900 0.02246100 0.03418000
20 0.47021500 0.71435500 0.02246100 0.03418000
7 0.49755900 0.71484400 0.02246100 0.03320300
14 0.52587900 0.71582000 0.02246100 0.03320300
22 0.55322300 0.71679700 0.02246100 0.03320300
10 0.58154300 0.71777300 0.02246100 0.03320300
20 0.61035200 0.71826200 0.02343800 0.03418000
13 0.66845700 0.71972700 0.02246100 0.03320300
0 0.69580100 0.72021500 0.02246100 0.03418000
19 0.13085900 0.76123000 0.02343800 0.03418000
17 0.15820300 0.76123000 0.02343800 0.03418000
8 0.18701200 0.76171900 0.02246100 0.03320300
3 0.21533200 0.76220700 0.02246100 0.03418000
2 0.24414100 0.76269500 0.02343800 0.03320300
0 0.27099600 0.76220700 0.02246100 0.03418000
19 0.30029300 0.76220700 0.02246100 0.03418000
12 0.38525400 0.76367200 0.02246100 0.03320300
8 0.41259800 0.76367200 0.02246100 0.03320300
13 0.43994100 0.76464800 0.02246100 0.03320300
20 0.46826200 0.76562500 0.02246100 0.03320300
19 0.49658200 0.76562500 0.02246100 0.03320300
5 0.55322300 0.76757800 0.02246100 0.03320300
17 0.58105500 0.76757800 0.02148400 0.03320300
8 0.60986300 0.76855500 0.02246100 0.03320300
19 0.69580100 0.77099600 0.02246100 0.03418000
0 0.72412100 0.77246100 0.02246100 0.03320300
18 0.66552700 0.82128900 0.02246100 0.03320300
22 0.13183600 0.81152300 0.02148400 0.03320300
14 0.15869100 0.81152300 0.02246100 0.03320300
18 0.18701200 0.81201200 0.02246100 0.03222700
12 0.24365200 0.81250000 0.02246100 0.03320300
8 0.27148400 0.81298800 0.02148400 0.03222700
3 0.32763700 0.81298800 0.02246100 0.03222700
4 0.35498000 0.81347700 0.02246100 0.03320300
18 0.38378900 0.81396500 0.02148400 0.03222700
8 0.41162100 0.81445300 0.02246100 0.03320300
19 0.43994100 0.81543000 0.02246100 0.03320300
8 0.46728500 0.81591800 0.02246100 0.03222700
6 0.52392600 0.81738300 0.02246100 0.03320300
17 0.55224600 0.81787100 0.02246100 0.03222700
0 0.58056600 0.81884800 0.02246100 0.03222700
3 0.60888700 0.81933600 0.02246100 0.03320300
14 0.63818400 0.82031200 0.02246100 0.03320300
14 0.69287100 0.82128900 0.02246100 0.03320300
22 0.72314500 0.82373000 0.02246100 0.03222700
15 0.21533200 0.86132800 0.02246100 0.03320300
4 0.24267600 0.86230500 0.02246100 0.03125000
17 0.27050800 0.86230500 0.02148400 0.03125000
14 0.29882800 0.86230500 0.02148400 0.03125000
6 0.32714800 0.86328100 0.02148400 0.03125000
6 0.38378900 0.86328100 0.02148400 0.03125000
14 0.41113300 0.86474600 0.02148400 0.03222700
19 0.43847700 0.86572300 0.02148400 0.03222700
14 0.46679700 0.86718800 0.02148400 0.03125000
22 0.49414100 0.86816400 0.02148400 0.03125000
18 0.66748000 0.77099600 0.02246100 0.03222700
