2 0.27031250 0.06250000 0.03593750 0.12187500
0 0.35312500 0.06250000 0.03593750 0.11484375
18 0.44375000 0.06562500 0.04218750 0.12812500
14 0.52656250 0.06953125 0.03906250 0.13203125
14 0.57187500 0.07656250 0.03750000 0.12812500
13 0.61562500 0.08359375 0.03593750 0.14218750
11 0.74375000 0.07265625 0.03750000 0.12812500
6 0.91406250 0.07968750 0.03750000 0.12500000
18 0.08906250 0.22187500 0.03437500 0.11796875
3 0.13125000 0.22187500 0.03593750 0.12187500
7 0.26562500 0.21562500 0.03593750 0.12812500
21 0.35468750 0.22187500 0.03593750 0.12187500
4 0.39843750 0.22578125 0.03593750 0.12187500
24 0.44218750 0.22890625 0.03593750 0.11796875
6 0.25937500 0.37500000 0.03593750 0.12812500
3 0.44062500 0.38203125 0.03906250 0.13203125
7 0.66406250 0.38203125 0.03906250 0.13906250
14 0.70781250 0.38203125 0.03437500 0.13203125
17 0.75312500 0.38203125 0.03750000 0.12812500
13 0.79687500 0.38515625 0.03906250 0.13203125
4 0.88593750 0.38906250 0.03593750 0.13515625
5 0.92968750 0.38515625 0.03437500 0.13515625
6 0.07031250 0.54140625 0.03906250 0.13906250
14 0.11406250 0.54531250 0.03750000 0.13906250
5 0.30000000 0.53828125 0.03750000 0.13203125
6 0.61875000 0.55234375 0.03906250 0.13515625
17 0.66562500 0.54531250 0.03906250 0.13515625
1 0.75156250 0.54843750 0.03437500 0.13203125
7 0.85000000 0.54843750 0.03906250 0.14218750
14 0.89531250 0.55234375 0.03906250 0.13203125
11 0.93906250 0.54843750 0.03281250 0.13203125
3 0.98281250 0.54843750 0.03437500 0.13203125
24 0.20000000 0.71875000 0.03750000 0.13203125
5 0.34375000 0.71562500 0.03750000 0.12812500
7 0.43906250 0.71875000 0.03593750 0.12812500
4 0.48437500 0.71562500 0.03750000 0.13203125
17 0.57812500 0.71875000 0.04062500 0.14609375
20 0.62500000 0.71875000 0.03906250 0.13906250
13 0.67031250 0.71875000 0.04062500 0.13515625
15 0.85625000 0.71875000 0.03437500 0.13515625
0 0.90156250 0.72187500 0.03593750 0.12812500
2 0.94843750 0.72187500 0.03906250 0.13203125
15 0.05625000 0.89609375 0.03750000 0.13515625
10 0.14531250 0.89921875 0.04062500 0.14218750
4 0.19531250 0.89921875 0.03906250 0.14218750
24 0.24062500 0.90312500 0.03593750 0.14921875
0 0.38750000 0.89609375 0.03593750 0.14218750
1 0.43281250 0.89921875 0.03437500 0.13906250
0 0.47968750 0.89921875 0.03750000 0.13515625
19 0.57656250 0.89921875 0.04062500 0.14921875
5 0.67343750 0.90312500 0.04062500 0.15312500
8 0.72187500 0.90625000 0.03750000 0.14921875
5 0.77031250 0.90625000 0.03750000 0.14609375
19 0.81718750 0.90312500 0.03906250 0.14609375
24 0.86562500 0.89921875 0.04218750 0.14218750
19 0.95781250 0.90312500 0.03593750 0.14218750
