0 0.11474600 0.08684600 0.03027300 0.03415700
5 0.11377000 0.13880800 0.03027300 0.03488400
4 0.19091800 0.13735500 0.03027300 0.03488400
3 0.38720700 0.13590100 0.03027300 0.03488400
8 0.62353500 0.13553800 0.03027300 0.03415700
4 0.66259800 0.13553800 0.03027300 0.03415700
3 0.86084000 0.13335800 0.03027300 0.03415700
5 0.15136700 0.19077000 0.02929700 0.03561000
4 0.19043000 0.19004400 0.03125000 0.03561000
3 0.30908200 0.18968000 0.03027300 0.03633700
0 0.46533200 0.18931700 0.03222700 0.03561000
1 0.50537100 0.18895300 0.03222700 0.03633700
0 0.62353500 0.18859000 0.03027300 0.03561000
0 0.66259800 0.18859000 0.03027300 0.03561000
5 0.15087900 0.24382300 0.03027300 0.03561000
4 0.18896500 0.24345900 0.03027300 0.03488400
0 0.30712900 0.24345900 0.03027300 0.03488400
2 0.46679700 0.24164200 0.02929700 0.03561000
0 0.58447300 0.24127900 0.03027300 0.03488400
0 0.62304700 0.24127900 0.02929700 0.03488400
5 0.82275400 0.24091600 0.03027300 0.03561000
4 0.86279300 0.24055200 0.03027300 0.03633700
0 0.14892600 0.29760200 0.03027300 0.03561000
2 0.22851600 0.29760200 0.03125000 0.03561000
1 0.26757800 0.29687500 0.03125000 0.03561000
1 0.10839800 0.35174400 0.03125000 0.03488400
0 0.10693400 0.40625000 0.03027300 0.03633700
0 0.14697300 0.40625000 0.03027300 0.03633700
0 0.22656200 0.40625000 0.02929700 0.03633700
0 0.38623000 0.40479700 0.03027300 0.03633700
3 0.58691400 0.40443300 0.03125000 0.03706400
4 0.62695300 0.40479700 0.03125000 0.03633700
0 0.78515600 0.40370600 0.03125000 0.03561000
3 0.14599600 0.46075600 0.03027300 0.03633700
4 0.18505900 0.46075600 0.03027300 0.03633700
0 0.30517600 0.46075600 0.03027300 0.03633700
3 0.46630900 0.46002900 0.03027300 0.03633700
8 0.58837900 0.45930200 0.03027300 0.03779100
4 0.14502000 0.51635200 0.03222700 0.03706400
0 0.26416000 0.51707800 0.03222700 0.03706400
3 0.42675800 0.51562500 0.03125000 0.03561000
0 0.54589800 0.51526200 0.03125000 0.03633700
4 0.74902300 0.51344500 0.03125000 0.03706400
0 0.14355500 0.57231100 0.03125000 0.03706400
0 0.22363300 0.57158400 0.03125000 0.03706400
2 0.10156200 0.62936000 0.03320300 0.03633700
0 0.10107400 0.68495600 0.03222700 0.03706400
2 0.18310500 0.68495600 0.03222700 0.03706400
1 0.22314500 0.68459300 0.03222700 0.03779100
0 0.46484400 0.68350300 0.03320300 0.03851700
0 0.54736300 0.68314000 0.03222700 0.03779100
0 0.75048800 0.68241300 0.03222700 0.03779100
2 0.83398400 0.68314000 0.03320300 0.03779100
1 0.87500000 0.68314000 0.03320300 0.03779100
0 0.14013700 0.74055200 0.03418000 0.03779100
0 0.09960900 0.79723800 0.03320300 0.03633700
2 0.18066400 0.79869200 0.03320300 0.03633700
1 0.22168000 0.79905500 0.03320300 0.03706400
0 0.46630900 0.79796500 0.03222700 0.03633700
0 0.54785200 0.79760200 0.03320300 0.03706400
0 0.75488300 0.79796500 0.03320300 0.03779100
