19 0.67343750 0.20000000 0.05625000 0.14843750
13 0.73437500 0.20312500 0.05156250 0.15312500
20 0.73750000 0.39375000 0.05625000 0.14531250
0 0.67500000 0.39218750 0.05625000 0.14375000
9 0.60625000 0.20468750 0.05156250 0.14062500
6 0.79531250 0.19531250 0.05156250 0.14375000
4 0.79687500 0.39218750 0.05156250 0.15000000
7 0.60781250 0.40312500 0.05156250 0.13906250
14 0.67500000 0.59062500 0.05625000 0.14062500
2 0.61250000 0.58750000 0.05000000 0.14062500
19 0.73750000 0.58437500 0.05625000 0.14531250
16 0.80000000 0.57968750 0.05156250 0.14531250
17 0.86093750 0.57500000 0.04687500 0.15000000
17 0.92500000 0.75781250 0.05468750 0.14062500
16 0.80312500 0.76562500 0.06250000 0.14531250
9 0.86562500 0.75781250 0.05468750 0.15000000
8 0.74375000 0.76875000 0.05156250 0.14375000
1 0.67968750 0.77031250 0.05625000 0.14062500
