18 0.07656250 0.19062500 0.03281250 0.10781250
3 0.34843750 0.21562500 0.03125000 0.10390625
8 0.49375000 0.22890625 0.02968750 0.10078125
14 0.60156250 0.22890625 0.02812500 0.10078125
14 0.75000000 0.22187500 0.02968750 0.10078125
17 0.11250000 0.33671875 0.03125000 0.10781250
4 0.15312500 0.33671875 0.02812500 0.10078125
19 0.30937500 0.35078125 0.02968750 0.10078125
5 0.38437500 0.35078125 0.02812500 0.10078125
5 0.52968750 0.36093750 0.02812500 0.10078125
8 0.56718750 0.36093750 0.02812500 0.09687500
19 0.60156250 0.35781250 0.02812500 0.09375000
18 0.02500000 0.62187500 0.03281250 0.11093750
18 0.30468750 0.62812500 0.03125000 0.10781250
3 0.49218750 0.63203125 0.02968750 0.10390625
0 0.64062500 0.63203125 0.03125000 0.09687500
24 0.94843750 0.63203125 0.03281250 0.10390625
0 0.10468750 0.77109375 0.03281250 0.10078125
13 0.14218750 0.77109375 0.03281250 0.10781250
4 0.49218750 0.77109375 0.02812500 0.11093750
4 0.71875000 0.77421875 0.02968750 0.11093750
15 0.91250000 0.77812500 0.02812500 0.10781250
13 0.05937500 0.92031250 0.03281250 0.11484375
14 0.41562500 0.91640625 0.03125000 0.10781250
5 0.91718750 0.92031250 0.03125000 0.10781250
8 0.60468750 0.92031250 0.03125000 0.11484375
