18 0.14687500 0.21718750 0.07343750 0.16562500
7 0.23906250 0.20156250 0.07812500 0.16093750
4 0.33593750 0.18437500 0.07656250 0.17187500
3 0.26093750 0.61718750 0.09375000 0.17031250
0 0.36250000 0.59531250 0.08281250 0.16093750
12 0.42812500 0.16875000 0.08281250 0.16562500
3 0.61406250 0.13437500 0.07656250 0.16562500
14 0.70000000 0.13281250 0.08125000 0.16093750
3 0.46250000 0.57812500 0.09062500 0.17187500
0 0.44375000 0.36875000 0.07812500 0.15312500
5 0.53437500 0.36562500 0.07812500 0.17187500
18 0.63125000 0.34843750 0.08750000 0.17968750
21 0.78906250 0.12187500 0.07812500 0.16562500
13 0.85781250 0.12343750 0.06875000 0.14843750
11 0.69375000 0.76875000 0.11406250 0.16718750
0 0.58750000 0.77343750 0.10000000 0.17187500
18 0.65625000 0.54843750 0.09375000 0.16718750
4 0.72187500 0.33281250 0.08593750 0.17187500
16 0.80937500 0.30937500 0.08125000 0.15625000
