18 0.56875000 0.06953125 0.03437500 0.12187500
1 0.95000000 0.08359375 0.02968750 0.10390625
3 0.16406250 0.23593750 0.03593750 0.12187500
10 0.30000000 0.23984375 0.03906250 0.11796875
18 0.16562500 0.40937500 0.03593750 0.12500000
0 0.20781250 0.40937500 0.03437500 0.13203125
11 0.25468750 0.40937500 0.04062500 0.13515625
19 0.30000000 0.40625000 0.03437500 0.13203125
24 0.57031250 0.40625000 0.03437500 0.12500000
4 0.61406250 0.40625000 0.03437500 0.12500000
15 0.12031250 0.57968750 0.03593750 0.13203125
8 0.16406250 0.57968750 0.03437500 0.12812500
15 0.20937500 0.57968750 0.03593750 0.12187500
4 0.25156250 0.57968750 0.03750000 0.12812500
18 0.43593750 0.74296875 0.03593750 0.14218750
18 0.12187500 0.91328125 0.03593750 0.13515625
4 0.16406250 0.90937500 0.03593750 0.12812500
15 0.20781250 0.90937500 0.03906250 0.13203125
17 0.29843750 0.91328125 0.03437500 0.12812500
0 0.34375000 0.91328125 0.03437500 0.12500000
19 0.39218750 0.91328125 0.03750000 0.12812500
4 0.43593750 0.90937500 0.03593750 0.13203125
6 0.87343750 0.89921875 0.03437500 0.12812500
