7 0.11572300 0.08357600 0.01660200 0.02180200
3 0.34423800 0.07049400 0.01660200 0.02180200
4 0.37402300 0.06904100 0.01562500 0.02180200
19 0.11474600 0.11845900 0.01660200 0.02180200
0 0.14306600 0.11700600 0.01660200 0.02180200
1 0.17041000 0.11555200 0.01660200 0.02180200
11 0.19873000 0.11409900 0.01660200 0.02180200
8 0.22705100 0.11264500 0.01660200 0.02180200
2 0.25634800 0.11082800 0.01660200 0.02252900
0 0.28564500 0.10901200 0.01660200 0.02180200
7 0.37451200 0.10428800 0.01660200 0.02252900
5 0.34423800 0.14207800 0.01660200 0.02252900
8 0.37451200 0.14098800 0.01660200 0.02180200
25 0.40380900 0.14026200 0.01660200 0.02180200
8 0.43457000 0.13917200 0.01757800 0.02252900
16 0.46484400 0.13844500 0.01757800 0.02252900
4 0.49511700 0.13808100 0.01757800 0.02325600
18 0.52587900 0.13735500 0.01660200 0.02325600
10 0.55712900 0.13699100 0.01660200 0.02252900
8 0.58789100 0.13626500 0.01757800 0.02252900
4 0.61962900 0.13699100 0.01660200 0.02252900
18 0.68115200 0.13699100 0.01660200 0.02252900
22 0.71142600 0.13917200 0.01660200 0.02252900
14 0.74121100 0.13953500 0.01562500 0.02180200
18 0.79980500 0.14498500 0.01562500 0.02252900
19 0.82714800 0.14752900 0.01562500 0.02180200
22 0.85351600 0.15007300 0.01562500 0.02252900
0 0.87793000 0.15261600 0.01562500 0.02180200
15 0.16894500 0.22347400 0.01562500 0.02252900
17 0.19726600 0.22238400 0.01562500 0.02325600
14 0.22509800 0.22056700 0.01660200 0.02252900
18 0.25390600 0.21947700 0.01562500 0.02325600
19 0.28320300 0.21838700 0.01562500 0.02252900
14 0.31298800 0.21729700 0.01660200 0.02325600
4 0.34277300 0.21584300 0.01562500 0.02325600
19 0.65087900 0.21148300 0.01660200 0.02325600
4 0.68164100 0.21111900 0.01562500 0.02252900
12 0.71289100 0.21075600 0.01562500 0.02325600
15 0.74267600 0.21402600 0.01660200 0.02252900
4 0.77246100 0.21511600 0.01562500 0.02325600
17 0.80029300 0.21657000 0.01660200 0.02325600
0 0.82666000 0.21875000 0.01464800 0.02325600
22 0.16796900 0.25908400 0.01562500 0.02252900
4 0.19628900 0.25835800 0.01562500 0.02252900
23 0.22558600 0.25726700 0.01562500 0.02325600
4 0.25488300 0.25617700 0.01562500 0.02252900
18 0.28320300 0.25508700 0.01562500 0.02325600
19 0.31250000 0.25399700 0.01562500 0.02252900
22 0.34277300 0.25327000 0.01562500 0.02252900
14 0.37207000 0.25218000 0.01562500 0.02325600
19 0.68164100 0.24745600 0.01562500 0.02252900
20 0.71289100 0.24963700 0.01562500 0.02252900
17 0.74316400 0.25181700 0.01562500 0.02252900
0 0.77246100 0.25399700 0.01562500 0.02252900
10 0.65136700 0.28633700 0.01562500 0.02325600
8 0.68261700 0.28706400 0.01562500 0.02325600
15 0.71386700 0.28742700 0.01562500 0.02252900
4 0.74365200 0.28851700 0.01464800 0.02325600
13 0.77392600 0.28924400 0.01464800 0.02325600
8 0.80273400 0.29033400 0.01562500 0.02252900
2 0.77441400 0.32630800 0.01562500 0.02325600
22 0.52587900 0.36373500 0.01660200 0.02398300
22 0.90966800 0.37100300 0.01464800 0.02252900
5 0.05468800 0.40806700 0.01562500 0.02252900
19 0.08154300 0.40770300 0.01464800 0.02325600
14 0.10937500 0.40734000 0.01562500 0.02252900
17 0.13671900 0.40697700 0.01562500 0.02325600
5 0.22460900 0.40552300 0.01562500 0.02325600
0 0.68261700 0.40152600 0.01757800 0.02398300
7 0.71386700 0.40152600 0.01757800 0.02398300
7 0.74462900 0.40152600 0.01660200 0.02398300
0 0.80322300 0.40370600 0.01660200 0.02398300
2 0.83154300 0.40443300 0.01660200 0.02398300
12 0.13623000 0.44367700 0.01464800 0.02252900
17 0.22363300 0.44258700 0.01562500 0.02325600
2 0.37304700 0.44149700 0.01757800 0.02398300
7 0.40332000 0.44113400 0.01757800 0.02325600
22 0.52636700 0.47819800 0.01757800 0.02470900
22 0.91259800 0.48146800 0.01464800 0.02252900
7 0.05419900 0.51816900 0.01464800 0.02325600
11 0.08056600 0.51816900 0.01464800 0.02325600
14 0.10742200 0.51744200 0.01562500 0.02325600
17 0.13525400 0.51744200 0.01464800 0.02325600
2 0.22168000 0.51744200 0.01562500 0.02325600
11 0.25097700 0.51744200 0.01562500 0.02325600
2 0.68359400 0.51562500 0.01757800 0.02398300
3 0.71582000 0.51598800 0.01757800 0.02325600
0 0.77636700 0.51780500 0.01757800 0.02398300
12 0.13427700 0.55486900 0.01464800 0.02252900
17 0.22070300 0.55523300 0.01562500 0.02325600
6 0.37109400 0.55486900 0.01757800 0.02398300
0 0.40136700 0.55486900 0.01757800 0.02398300
22 0.52685500 0.59375000 0.01660200 0.02470900
22 0.91552700 0.59338700 0.01464800 0.02398300
1 0.04931600 0.62863400 0.01464800 0.02325600
17 0.07666000 0.62899700 0.01464800 0.02398300
14 0.10400400 0.62972400 0.01464800 0.02398300
12 0.13232400 0.63008700 0.01464800 0.02325600
1 0.21923800 0.63117700 0.01464800 0.02398300
17 0.24853500 0.63154100 0.01464800 0.02325600
4 0.68603500 0.63481100 0.01660200 0.02398300
8 0.71923800 0.63444800 0.01660200 0.02470900
1 0.77978500 0.63335800 0.01660200 0.02398300
12 0.13134800 0.66787800 0.01464800 0.02325600
17 0.21777300 0.66969500 0.01562500 0.02398300
0 0.36865200 0.67187500 0.01464800 0.02398300
5 0.39990200 0.67187500 0.01660200 0.02398300
9 0.43115200 0.67260200 0.01660200 0.02398300
22 0.52685500 0.71402600 0.01660200 0.02543600
22 0.91943400 0.70748500 0.01464800 0.02398300
8 0.04638700 0.74018900 0.01464800 0.02398300
14 0.07373000 0.74127900 0.01464800 0.02325600
3 0.10156200 0.74236900 0.01562500 0.02398300
8 0.18798800 0.74600300 0.01464800 0.02398300
0 0.68896500 0.75545100 0.01660200 0.02543600
7 0.72168000 0.75617700 0.01562500 0.02398300
4 0.75244100 0.75472400 0.01660200 0.02398300
4 0.81347700 0.75181700 0.01562500 0.02398300
12 0.12939500 0.78161300 0.01464800 0.02398300
17 0.21630900 0.78561000 0.01660200 0.02470900
1 0.36621100 0.79142400 0.01757800 0.02470900
4 0.39746100 0.79287800 0.01757800 0.02470900
3 0.42968800 0.79360500 0.01757800 0.02470900
9 0.52587900 0.91715100 0.01855500 0.02616300
9 0.92529300 0.89789200 0.01660200 0.02398300
