0 0.37187500 0.52968750 0.10781250 0.20312500
19 0.35625000 0.24375000 0.11718750 0.22031250
3 0.38750000 0.87031250 0.13125000 0.25937500
17 0.49218750 0.22968750 0.11406250 0.20781250
11 0.52031250 0.51250000 0.11875000 0.20156250
4 0.54062500 0.84687500 0.13125000 0.25625000
13 0.67968750 0.79843750 0.12656250 0.25937500
11 0.64375000 0.49062500 0.11875000 0.19687500
18 0.60937500 0.22500000 0.10000000 0.20781250
23 0.71562500 0.22031250 0.10312500 0.19843750
16 0.20156250 0.26250000 0.12500000 0.22812500
