5 0.32714800 0.08466600 0.01367200 0.01962200
4 0.35546900 0.08212200 0.01562500 0.02180200
22 0.38671900 0.07957800 0.01562500 0.02107600
17 0.41503900 0.07885200 0.01562500 0.02252900
0 0.44628900 0.07812500 0.01562500 0.02252900
0 0.32421900 0.12318300 0.01562500 0.02252900
11 0.47656200 0.07885200 0.01562500 0.02252900
18 0.35302700 0.12064000 0.01464800 0.02180200
18 0.38476600 0.12027600 0.01562500 0.02107600
13 0.41699200 0.11773300 0.01562500 0.02180200
0 0.44580100 0.11773300 0.01660200 0.02325600
17 0.53857400 0.12136600 0.01660200 0.02325600
0 0.56787100 0.12245600 0.01660200 0.02252900
1 0.59814500 0.12391000 0.01660200 0.02252900
14 0.63037100 0.12318300 0.01660200 0.02252900
19 0.65869100 0.12718000 0.01660200 0.02325600
0 0.68701200 0.12899700 0.01660200 0.02252900
10 0.35546900 0.16206400 0.01562500 0.02180200
13 0.38525400 0.16133700 0.01660200 0.02325600
4 0.38916000 0.32885200 0.01660200 0.02252900
9 0.42236300 0.32776200 0.01660200 0.02325600
9 0.29980500 0.37681700 0.01562500 0.02252900
7 0.24169900 0.29651200 0.01660200 0.02325600
1 0.24267600 0.34011600 0.01660200 0.02325600
1 0.24560500 0.38045100 0.01660200 0.02252900
4 0.27099600 0.37936000 0.01660200 0.02325600
4 0.42285200 0.37173000 0.01562500 0.02252900
12 0.29687500 0.33357600 0.01562500 0.02325600
7 0.26855500 0.29396800 0.01562500 0.02252900
8 0.29834000 0.29106100 0.01660200 0.02252900
20 0.21728500 0.46511600 0.01660200 0.02325600
11 0.27197300 0.46402600 0.01660200 0.02252900
11 0.29443400 0.12681700 0.01660200 0.02252900
10 0.26709000 0.12863400 0.01660200 0.02325600
0 0.24169900 0.09811000 0.01660200 0.02325600
0 0.24169900 0.21439000 0.01660200 0.02325600
9 0.26904300 0.09011600 0.01660200 0.02325600
14 0.41552700 0.16133700 0.01660200 0.02325600
14 0.26904300 0.17078500 0.01660200 0.02325600
1 0.29638700 0.16824100 0.01660200 0.02252900
22 0.44775400 0.16133700 0.01660200 0.02325600
4 0.47851600 0.16061000 0.01562500 0.02325600
4 0.36084000 0.41642400 0.01660200 0.02325600
13 0.50927700 0.15988400 0.01660200 0.02325600
4 0.57080100 0.16206400 0.01660200 0.02180200
3 0.63037100 0.16497100 0.01660200 0.02180200
17 0.65966800 0.16533400 0.01660200 0.02252900
14 0.68994100 0.16751500 0.01660200 0.02252900
1 0.71728500 0.16896800 0.01660200 0.02252900
8 0.74658200 0.17114800 0.01660200 0.02252900
18 0.48535200 0.32812500 0.01562500 0.02252900
12 0.51367200 0.32885200 0.01562500 0.02252900
1 0.63769500 0.33212200 0.01562500 0.02325600
4 0.66796900 0.33284900 0.01562500 0.02325600
9 0.69726600 0.33393900 0.01562500 0.02252900
18 0.75585900 0.33575600 0.01562500 0.02325600
12 0.78418000 0.33648300 0.01562500 0.02325600
0 0.51611300 0.37064000 0.01464800 0.02325600
4 0.63916000 0.37245600 0.01464800 0.02252900
9 0.66845700 0.37245600 0.01464800 0.02252900
18 0.75878900 0.37391000 0.01562500 0.02252900
12 0.78710900 0.37536300 0.01562500 0.02252900
19 0.26904300 0.42042200 0.01464800 0.02252900
19 0.29785200 0.46402600 0.01562500 0.02252900
13 0.35986300 0.46075600 0.01464800 0.02180200
0 0.39257800 0.46111900 0.01562500 0.02252900
19 0.29736300 0.41860500 0.01464800 0.02325600
19 0.39209000 0.41533400 0.01464800 0.02252900
22 0.33007800 0.41824100 0.01562500 0.02252900
4 0.51709000 0.41678800 0.01464800 0.02252900
9 0.54834000 0.41642400 0.01464800 0.02325600
18 0.60937500 0.41642400 0.01562500 0.02325600
12 0.63964800 0.41678800 0.01562500 0.02398300
19 0.70019500 0.41715100 0.01562500 0.02325600
10 0.72949200 0.41715100 0.01562500 0.02325600
0 0.75878900 0.41751500 0.01562500 0.02398300
13 0.78808600 0.41787800 0.01562500 0.02325600
8 0.81640600 0.41824100 0.01562500 0.02252900
15 0.45556600 0.46039200 0.01464800 0.02252900
11 0.48681600 0.45966600 0.01464800 0.02252900
0 0.51855500 0.45784900 0.01562500 0.02325600
19 0.55029300 0.45857600 0.01464800 0.02325600
4 0.61328100 0.45930200 0.01562500 0.02325600
0 0.27002000 0.59593000 0.01464800 0.02325600
3 0.29931600 0.59520300 0.01464800 0.02325600
5 0.36181600 0.59375000 0.01464800 0.02325600
4 0.39306600 0.59338700 0.01464800 0.02398300
22 0.42480500 0.59447700 0.01562500 0.02325600
17 0.45898400 0.59302300 0.01562500 0.02325600
0 0.48828100 0.59375000 0.01562500 0.02325600
11 0.52246100 0.59157000 0.01562500 0.02325600
3 0.27148400 0.64026200 0.01562500 0.02470900
14 0.29931600 0.64026200 0.01464800 0.02470900
12 0.32861300 0.64026200 0.01464800 0.02470900
0 0.36181600 0.64135200 0.01464800 0.02398300
13 0.42578100 0.63989800 0.01562500 0.02398300
17 0.55468800 0.63808100 0.01562500 0.02325600
0 0.58593800 0.63735500 0.01562500 0.02325600
1 0.61914100 0.63372100 0.01562500 0.02325600
14 0.65039100 0.63626500 0.01562500 0.02398300
19 0.68310500 0.63444800 0.01660200 0.02325600
0 0.71582000 0.63408400 0.01562500 0.02398300
7 0.24365200 0.68532000 0.01464800 0.02470900
8 0.27148400 0.68604700 0.01562500 0.02470900
9 0.30127000 0.68641000 0.01464800 0.02543600
1 0.24316400 0.73110500 0.01562500 0.02616300
16 0.27099600 0.73146800 0.01464800 0.02543600
10 0.33105500 0.73255800 0.01562500 0.02616300
6 0.36279300 0.73292200 0.01464800 0.02543600
3 0.46093800 0.73292200 0.01562500 0.02543600
9 0.49511700 0.73074100 0.01562500 0.02543600
6 0.56054700 0.73255800 0.01562500 0.02470900
1 0.68945300 0.72747100 0.01562500 0.02470900
3 0.71875000 0.72638100 0.01562500 0.02543600
9 0.75097700 0.72202000 0.01562500 0.02543600
9 0.78027300 0.72202000 0.01562500 0.02543600
6 0.83984400 0.72165700 0.01562500 0.02470900
0 0.24267600 0.77689000 0.01660200 0.02616300
1 0.36279300 0.77979700 0.01660200 0.02616300
4 0.59668000 0.77616300 0.01562500 0.02325600
3 0.72216800 0.77252900 0.01660200 0.02470900
7 0.75293000 0.77107600 0.01562500 0.02470900
9 0.78125000 0.76889500 0.01562500 0.02470900
6 0.87109400 0.76489800 0.01562500 0.02252900
14 0.21630900 0.82085800 0.01660200 0.02398300
19 0.24365200 0.82267400 0.01660200 0.02470900
17 0.27050800 0.82485500 0.01757800 0.02470900
4 0.30029300 0.82776200 0.01660200 0.02470900
25 0.33252000 0.82812500 0.01660200 0.02543600
0 0.36377000 0.82812500 0.01660200 0.02543600
11 0.39550800 0.82812500 0.01562500 0.02543600
8 0.42968800 0.82848800 0.01562500 0.02470900
22 0.53125000 0.82848800 0.01562500 0.02325600
0 0.56298800 0.82739800 0.01660200 0.02398300
13 0.59570300 0.82594500 0.01562500 0.02398300
4 0.63037100 0.82231100 0.01660200 0.02398300
17 0.25537100 0.94040700 0.00878900 0.01162800
21 0.27539100 0.94113400 0.00976600 0.01308100
6 0.28027300 0.96002900 0.00781200 0.01162800
21 0.29541000 0.96002900 0.00878900 0.01162800
21 0.30957000 0.96039200 0.00976600 0.01235500
