3 0.14531250 0.07986111 0.03437500 0.11805556
8 0.18750000 0.07986111 0.03437500 0.11458333
18 0.23281250 0.07986111 0.03593750 0.11805556
10 0.27656250 0.08333333 0.03750000 0.12152778
14 0.32031250 0.08333333 0.03750000 0.12500000
15 0.40937500 0.08333333 0.03593750 0.12152778
14 0.45312500 0.09027778 0.03593750 0.12500000
19 0.54218750 0.08680556 0.03750000 0.11805556
0 0.80937500 0.08680556 0.03593750 0.11111111
11 0.85468750 0.09027778 0.03750000 0.11805556
19 0.89687500 0.09375000 0.03437500 0.11805556
18 0.98125000 0.09722222 0.03437500 0.11111111
24 0.18593750 0.24652778 0.03593750 0.12152778
4 0.23125000 0.24652778 0.03437500 0.12152778
0 0.36562500 0.25000000 0.03750000 0.11805556
24 0.62968750 0.25347222 0.03437500 0.11805556
5 0.01875000 0.40625000 0.03281250 0.11458333
12 0.09843750 0.40972222 0.03437500 0.11805556
19 0.27500000 0.40972222 0.03437500 0.11805556
22 0.32031250 0.41666667 0.03437500 0.11805556
8 0.36406250 0.41319444 0.03593750 0.11805556
7 0.62812500 0.41666667 0.03437500 0.11458333
18 0.71718750 0.42361111 0.03593750 0.11805556
19 0.80625000 0.42361111 0.03437500 0.11805556
6 0.85000000 0.42361111 0.03593750 0.12152778
17 0.89375000 0.42708333 0.03437500 0.12152778
4 0.02031250 0.57638889 0.03437500 0.12847222
17 0.22812500 0.57986111 0.03437500 0.12152778
4 0.40625000 0.58333333 0.03593750 0.12500000
15 0.49531250 0.58333333 0.03593750 0.11805556
22 0.62656250 0.58680556 0.03281250 0.11805556
2 0.71562500 0.58333333 0.03750000 0.11805556
19 0.85000000 0.59027778 0.03593750 0.12152778
11 0.94062500 0.58680556 0.03750000 0.12152778
3 0.97812500 0.58680556 0.03125000 0.11805556
24 0.18593750 0.74305556 0.03437500 0.12500000
15 0.36406250 0.74652778 0.03593750 0.12500000
13 0.45156250 0.74652778 0.03593750 0.12152778
18 0.62968750 0.75000000 0.03437500 0.11805556
7 0.76093750 0.75000000 0.03437500 0.11805556
0 0.80468750 0.75000000 0.03281250 0.11805556
0 0.89375000 0.75347222 0.03437500 0.11458333
0 0.18437500 0.90277778 0.03281250 0.11458333
8 0.45156250 0.90972222 0.03593750 0.11805556
17 0.62656250 0.91666667 0.03437500 0.12847222
0 0.93437500 0.92013889 0.03125000 0.11458333
