21 0.19062500 0.38906250 0.10312500 0.21093750
14 0.30468750 0.37968750 0.10937500 0.19843750
16 0.41718750 0.37500000 0.10781250 0.20781250
16 0.53437500 0.35625000 0.11250000 0.20781250
8 0.64218750 0.35625000 0.09531250 0.20156250
4 0.75000000 0.33906250 0.09843750 0.21562500
18 0.19687500 0.66250000 0.10000000 0.22500000
7 0.30937500 0.65625000 0.10312500 0.22500000
4 0.43437500 0.63593750 0.11250000 0.22031250
21 0.29218750 0.13906250 0.10781250 0.18437500
17 0.64218750 0.11250000 0.10468750 0.17968750
