6 0.05156250 0.16875000 0.09062500 0.17968750
7 0.15781250 0.14843750 0.09531250 0.18906250
18 0.27187500 0.12343750 0.10000000 0.20156250
25 0.38750000 0.09687500 0.10000000 0.18437500
17 0.66562500 0.07968750 0.06875000 0.14375000
13 0.17968750 0.64375000 0.12187500 0.22343750
4 0.30937500 0.60312500 0.10937500 0.21093750
22 0.44375000 0.56562500 0.10000000 0.18906250
18 0.54062500 0.52812500 0.09062500 0.17656250
17 0.21406250 0.90312500 0.10468750 0.19218750
6 0.45937500 0.83437500 0.10000000 0.21562500
14 0.56875000 0.80000000 0.09843750 0.20156250
13 0.66875000 0.74218750 0.08750000 0.21093750
