0 0.04062500 0.13194444 0.03125000 0.09722222
13 0.07500000 0.13541667 0.03125000 0.10763889
24 0.11093750 0.12847222 0.03125000 0.10069444
5 0.31093750 0.12152778 0.03125000 0.10416667
0 0.43281250 0.13194444 0.03125000 0.10763889
13 0.47187500 0.13194444 0.03125000 0.10763889
14 0.51250000 0.13541667 0.03281250 0.10416667
17 0.59062500 0.13541667 0.03125000 0.11458333
18 0.67031250 0.13888889 0.03281250 0.10416667
15 0.71093750 0.13888889 0.02968750 0.10763889
4 0.75000000 0.14236111 0.03281250 0.10763889
11 0.78906250 0.14236111 0.03281250 0.11111111
11 0.82968750 0.14236111 0.03437500 0.11458333
11 0.03906250 0.28125000 0.03281250 0.10763889
0 0.07343750 0.28472222 0.03125000 0.10763889
24 0.10937500 0.27777778 0.03125000 0.11111111
3 0.18906250 0.27777778 0.03437500 0.11805556
3 0.59218750 0.28472222 0.02968750 0.10763889
14 0.67031250 0.28819444 0.02968750 0.11805556
15 0.71093750 0.28819444 0.03125000 0.11111111
1 0.90937500 0.28819444 0.02968750 0.09722222
14 0.94687500 0.29166667 0.02812500 0.10763889
13 0.03281250 0.42708333 0.02968750 0.11458333
4 0.10781250 0.42708333 0.03281250 0.11458333
11 0.18593750 0.42708333 0.03437500 0.11458333
8 0.22656250 0.43055556 0.03281250 0.11805556
5 0.26718750 0.42708333 0.03281250 0.11111111
19 0.30781250 0.43055556 0.03125000 0.11111111
7 0.43125000 0.42708333 0.03437500 0.11111111
11 0.55156250 0.43750000 0.03281250 0.11805556
4 0.59062500 0.43402778 0.03437500 0.11458333
4 0.63125000 0.43402778 0.03281250 0.10763889
17 0.71093750 0.43402778 0.03593750 0.11111111
0 0.75312500 0.43402778 0.03125000 0.10763889
8 0.79218750 0.43750000 0.02968750 0.11111111
20 0.91250000 0.43750000 0.02968750 0.10416667
15 0.95000000 0.44097222 0.02968750 0.10416667
14 0.03125000 0.57638889 0.02812500 0.10763889
13 0.06718750 0.57986111 0.02812500 0.11458333
14 0.18281250 0.58333333 0.02968750 0.11111111
13 0.30781250 0.57986111 0.03125000 0.11111111
18 0.51093750 0.57986111 0.02812500 0.10763889
0 0.55000000 0.57986111 0.02812500 0.11111111
18 0.71406250 0.58680556 0.02968750 0.11111111
0 0.79375000 0.58680556 0.02656250 0.10416667
22 0.02812500 0.72916667 0.02812500 0.10763889
4 0.06562500 0.72916667 0.02812500 0.11111111
14 0.26406250 0.73611111 0.02968750 0.11111111
20 0.42968750 0.73958333 0.02968750 0.11805556
11 0.51250000 0.73611111 0.02812500 0.11111111
14 0.71562500 0.73958333 0.02968750 0.10416667
17 0.75781250 0.74305556 0.03125000 0.11111111
18 0.83906250 0.74305556 0.02812500 0.10763889
14 0.91718750 0.73958333 0.02968750 0.10763889
15 0.02812500 0.88194444 0.02968750 0.11111111
17 0.06250000 0.88541667 0.02968750 0.11805556
8 0.10156250 0.87847222 0.02812500 0.10069444
18 0.14062500 0.88888889 0.03281250 0.11458333
19 0.22343750 0.89236111 0.02968750 0.11458333
11 0.26406250 0.89236111 0.03281250 0.11458333
24 0.30625000 0.89583333 0.03281250 0.11805556
24 0.42968750 0.89583333 0.03281250 0.11458333
14 0.51093750 0.89583333 0.03125000 0.11805556
1 0.55312500 0.89236111 0.03125000 0.11111111
18 0.59531250 0.89236111 0.03281250 0.11805556
21 0.67656250 0.89583333 0.03593750 0.10763889
24 0.84062500 0.89583333 0.03125000 0.11805556
3 0.92031250 0.89583333 0.03281250 0.11458333
