6 0.24062500 0.06250000 0.03750000 0.12187500
2 0.37656250 0.06250000 0.03593750 0.12187500
14 0.42343750 0.05937500 0.03281250 0.11484375
19 0.93437500 0.06953125 0.04218750 0.13906250
17 0.93281250 0.25000000 0.04218750 0.12812500
8 0.88750000 0.25000000 0.03906250 0.15312500
0 0.84375000 0.24296875 0.03750000 0.13515625
15 0.80000000 0.23593750 0.04375000 0.13203125
18 0.75312500 0.24296875 0.04375000 0.13515625
4 0.70468750 0.24296875 0.03750000 0.13203125
3 0.65937500 0.23984375 0.03593750 0.13203125
3 0.51875000 0.23281250 0.03750000 0.12500000
15 0.42656250 0.23281250 0.04218750 0.12812500
24 0.32968750 0.22890625 0.04375000 0.14218750
4 0.28437500 0.22890625 0.04375000 0.14218750
21 0.23750000 0.22187500 0.04843750 0.15312500
7 0.15000000 0.22578125 0.04218750 0.14609375
5 0.10312500 0.40312500 0.04218750 0.16640625
18 0.79687500 0.41328125 0.03750000 0.13906250
13 0.88437500 0.41328125 0.03750000 0.13203125
11 0.97187500 0.59687500 0.03750000 0.13906250
0 0.88750000 0.59375000 0.04375000 0.13906250
7 0.84062500 0.59687500 0.03281250 0.14218750
18 0.74687500 0.59062500 0.03750000 0.11796875
13 0.65312500 0.58671875 0.03750000 0.12812500
0 0.60937500 0.58671875 0.03750000 0.12500000
3 0.56250000 0.59062500 0.03437500 0.13906250
15 0.23750000 0.57968750 0.04062500 0.12500000
9 0.10937500 0.56562500 0.03437500 0.12500000
9 0.47031250 0.75000000 0.03437500 0.12500000
8 0.60625000 0.75312500 0.03437500 0.13203125
4 0.65000000 0.75703125 0.03437500 0.12812500
13 0.92187500 0.93437500 0.03750000 0.12812500
2 0.79062500 0.93046875 0.03750000 0.13906250
20 0.65468750 0.93046875 0.03750000 0.13515625
8 0.28750000 0.91640625 0.03750000 0.12500000
24 0.15156250 0.90937500 0.03593750 0.11796875
7 0.11250000 0.90625000 0.03281250 0.12812500
