4 0.89502000 0.11914100 0.02246100 0.02213500
20 0.08593800 0.13704400 0.02539100 0.02669300
12 0.11816400 0.13769500 0.02539100 0.02669300
22 0.18066400 0.13964800 0.02539100 0.02669300
0 0.21191400 0.14029900 0.02539100 0.02669300
11 0.24267600 0.14095100 0.02441400 0.02669300
13 0.30322300 0.14192700 0.02441400 0.02604200
8 0.33447300 0.14257800 0.02441400 0.02604200
10 0.36425800 0.14322900 0.02343800 0.02604200
14 0.39404300 0.14453100 0.02441400 0.02604200
22 0.42431600 0.14518200 0.02441400 0.02604200
13 0.48339800 0.14713500 0.02343800 0.02474000
0 0.51171900 0.14778600 0.02343800 0.02474000
16 0.53955100 0.14843800 0.02246100 0.02474000
0 0.56835900 0.14908900 0.02343800 0.02474000
11 0.59668000 0.14974000 0.02343800 0.02474000
13 0.65332000 0.15136700 0.02343800 0.02408900
8 0.68066400 0.15201800 0.02343800 0.02408900
10 0.70898400 0.15299500 0.02343800 0.02474000
8 0.08691400 0.18164100 0.02539100 0.02734400
12 0.15039100 0.18229200 0.02539100 0.02734400
14 0.18164100 0.18294300 0.02539100 0.02734400
16 0.21191400 0.18326800 0.02539100 0.02669300
0 0.24267600 0.18359400 0.02441400 0.02604200
11 0.27343800 0.18424500 0.02343800 0.02604200
14 0.30371100 0.18489600 0.02343800 0.02604200
10 0.33447300 0.18554700 0.02441400 0.02604200
10 0.39502000 0.18619800 0.02441400 0.02604200
14 0.42382800 0.18717400 0.02343800 0.02539100
12 0.45312500 0.18750000 0.02343800 0.02604200
0 0.48291000 0.18815100 0.02246100 0.02474000
13 0.51269500 0.18847700 0.02343800 0.02408900
3 0.54150400 0.18912800 0.02246100 0.02408900
8 0.56982400 0.18977900 0.02246100 0.02408900
17 0.59716800 0.19043000 0.02246100 0.02408900
4 0.08984400 0.27018200 0.02539100 0.02734400
18 0.12207000 0.27018200 0.02539100 0.02734400
11 0.15332000 0.27018200 0.02539100 0.02734400
8 0.18457000 0.27050800 0.02539100 0.02669300
19 0.24609400 0.27050800 0.02539100 0.02669300
14 0.27636700 0.27050800 0.02539100 0.02669300
15 0.30664100 0.27050800 0.02539100 0.02669300
13 0.33789100 0.27050800 0.02539100 0.02669300
20 0.36816400 0.27050800 0.02539100 0.02669300
13 0.48535200 0.27148400 0.02343800 0.02604200
14 0.51464800 0.27181000 0.02343800 0.02539100
6 0.54345700 0.27213500 0.02441400 0.02474000
14 0.57226600 0.27246100 0.02343800 0.02539100
15 0.09082000 0.31412800 0.02539100 0.02669300
14 0.12304700 0.31412800 0.02539100 0.02669300
25 0.15478500 0.31445300 0.02441400 0.02604200
14 0.18603500 0.31412800 0.02441400 0.02669300
22 0.21630900 0.31412800 0.02441400 0.02669300
20 0.24658200 0.31380200 0.02441400 0.02604200
12 0.30908200 0.31347700 0.02441400 0.02669300
14 0.33935500 0.31347700 0.02441400 0.02669300
8 0.36962900 0.31380200 0.02441400 0.02604200
7 0.39892600 0.31315100 0.02441400 0.02604200
18 0.45800800 0.31315100 0.02343800 0.02604200
14 0.48584000 0.31315100 0.02441400 0.02604200
11 0.51562500 0.31380200 0.02343800 0.02604200
3 0.54492200 0.31380200 0.02343800 0.02604200
0 0.57324200 0.31380200 0.02343800 0.02604200
19 0.60156200 0.31380200 0.02343800 0.02604200
22 0.09326200 0.35904900 0.02636700 0.02799500
19 0.18750000 0.35807300 0.02539100 0.02734400
20 0.21777300 0.35774700 0.02539100 0.02799500
10 0.27929700 0.35709600 0.02539100 0.02799500
14 0.31005900 0.35742200 0.02441400 0.02734400
12 0.34033200 0.35709600 0.02441400 0.02669300
13 0.37060500 0.35677100 0.02441400 0.02604200
0 0.40039100 0.35644500 0.02343800 0.02669300
19 0.42919900 0.35612000 0.02441400 0.02604200
20 0.45898400 0.35612000 0.02343800 0.02604200
19 0.51660200 0.35612000 0.02343800 0.02604200
14 0.54589800 0.35546900 0.02343800 0.02604200
11 0.57421900 0.35546900 0.02343800 0.02604200
15 0.60253900 0.35546900 0.02343800 0.02604200
14 0.63085900 0.35546900 0.02343800 0.02604200
20 0.09521500 0.40299500 0.02441400 0.02734400
12 0.12695300 0.40266900 0.02539100 0.02669300
22 0.18896500 0.40201800 0.02441400 0.02669300
0 0.22021500 0.40169300 0.02441400 0.02734400
11 0.25000000 0.40136700 0.02539100 0.02669300
13 0.31201200 0.40006500 0.02441400 0.02669300
8 0.34228500 0.39974000 0.02441400 0.02604200
10 0.37255900 0.39941400 0.02441400 0.02669300
8 0.40283200 0.39941400 0.02441400 0.02669300
22 0.46142600 0.39876300 0.02441400 0.02539100
11 0.49023400 0.39811200 0.02343800 0.02539100
4 0.51855500 0.39746100 0.02343800 0.02539100
19 0.54785200 0.39746100 0.02343800 0.02539100
19 0.60449200 0.39681000 0.02343800 0.02539100
8 0.09814500 0.44791700 0.02441400 0.02604200
25 0.16064500 0.44628900 0.02441400 0.02669300
0 0.19189500 0.44563800 0.02441400 0.02669300
11 0.22119100 0.44498700 0.02441400 0.02669300
0 0.25244100 0.44433600 0.02441400 0.02669300
19 0.31396500 0.44303400 0.02441400 0.02669300
8 0.37451200 0.44173200 0.02441400 0.02669300
25 0.43359400 0.44010400 0.02343800 0.02604200
0 0.46289100 0.44010400 0.02343800 0.02604200
22 0.49121100 0.43945300 0.02343800 0.02604200
14 0.52002000 0.43880200 0.02246100 0.02604200
19 0.57763700 0.43815100 0.02246100 0.02604200
8 0.10156200 0.49186200 0.02539100 0.02669300
13 0.16308600 0.49023400 0.02539100 0.02734400
14 0.19433600 0.48893200 0.02539100 0.02734400
6 0.22460900 0.48828100 0.02539100 0.02734400
0 0.25488300 0.48763000 0.02539100 0.02734400
12 0.28564500 0.48665400 0.02441400 0.02669300
8 0.31640600 0.48567700 0.02343800 0.02604200
25 0.37597700 0.48437500 0.02343800 0.02604200
0 0.40527300 0.48372400 0.02343800 0.02604200
18 0.43554700 0.48307300 0.02343800 0.02604200
19 0.46386700 0.48209600 0.02343800 0.02539100
20 0.49316400 0.48144500 0.02343800 0.02539100
16 0.52148400 0.48079400 0.02343800 0.02539100
0 0.54980500 0.48014300 0.02343800 0.02539100
19 0.57812500 0.47949200 0.02343800 0.02539100
8 0.10449200 0.53483100 0.02539100 0.02669300
19 0.16601600 0.53287800 0.02539100 0.02669300
4 0.19726600 0.53222700 0.02539100 0.02669300
1 0.22753900 0.53125000 0.02539100 0.02734400
4 0.25781200 0.53027300 0.02539100 0.02669300
6 0.31787100 0.52832000 0.02441400 0.02669300
14 0.34814500 0.52766900 0.02441400 0.02669300
11 0.37744100 0.52636700 0.02441400 0.02669300
14 0.40673800 0.52571600 0.02441400 0.02669300
22 0.43652300 0.52441400 0.02343800 0.02539100
14 0.46484400 0.52376300 0.02343800 0.02539100
12 0.49414100 0.52246100 0.02343800 0.02539100
14 0.52343800 0.52181000 0.02343800 0.02539100
10 0.57959000 0.52050800 0.02246100 0.02408900
20 0.60791000 0.51920600 0.02246100 0.02408900
13 0.10693400 0.57877600 0.02636700 0.02734400
4 0.13818400 0.57747400 0.02636700 0.02734400
20 0.16943400 0.57682300 0.02636700 0.02734400
12 0.20019500 0.57552100 0.02539100 0.02734400
19 0.26074200 0.57259100 0.02539100 0.02669300
14 0.29052700 0.57161500 0.02441400 0.02604200
12 0.32031200 0.57063800 0.02343800 0.02669300
20 0.35009800 0.56998700 0.02441400 0.02669300
3 0.40869100 0.56803400 0.02441400 0.02669300
0 0.43847700 0.56673200 0.02343800 0.02539100
3 0.46777300 0.56543000 0.02343800 0.02539100
20 0.49609400 0.56412800 0.02343800 0.02539100
19 0.52441400 0.56315100 0.02343800 0.02604200
15 0.10986300 0.62174500 0.02636700 0.02734400
17 0.14160200 0.62044300 0.02539100 0.02734400
12 0.20312500 0.61783900 0.02539100 0.02734400
14 0.23242200 0.61653600 0.02539100 0.02734400
22 0.29248000 0.61360700 0.02636700 0.02669300
12 0.35253900 0.61132800 0.02539100 0.02604200
14 0.38281200 0.60970100 0.02343800 0.02539100
10 0.43994100 0.60742200 0.02246100 0.02474000
20 0.46826200 0.60644500 0.02246100 0.02408900
15 0.52587900 0.60384100 0.02246100 0.02408900
17 0.55419900 0.60286500 0.02246100 0.02474000
12 0.60986300 0.60058600 0.02246100 0.02408900
14 0.63769500 0.59960900 0.02343800 0.02474000
22 0.69238300 0.59668000 0.02148400 0.02278600
12 0.74609400 0.59472700 0.02148400 0.02278600
14 0.77246100 0.59407600 0.02148400 0.02278600
10 0.82519500 0.59212200 0.02148400 0.02278600
20 0.85156200 0.59114600 0.02148400 0.02213500
18 0.11328100 0.66438800 0.02539100 0.02669300
6 0.17529300 0.66113300 0.02636700 0.02669300
14 0.20459000 0.65950500 0.02441400 0.02604200
11 0.23486300 0.65820300 0.02441400 0.02604200
14 0.26513700 0.65625000 0.02441400 0.02604200
22 0.29638700 0.65494800 0.02441400 0.02604200
14 0.32568400 0.65364600 0.02441400 0.02604200
14 0.41357400 0.64974000 0.02441400 0.02604200
10 0.44189500 0.64811200 0.02246100 0.02408900
20 0.47070300 0.64681000 0.02343800 0.02408900
13 0.49902300 0.64550800 0.02343800 0.02408900
20 0.52832000 0.64388000 0.02343800 0.02474000
19 0.55566400 0.64257800 0.02343800 0.02474000
14 0.12109400 0.74804700 0.02539100 0.02604200
13 0.15185500 0.74641900 0.02636700 0.02539100
20 0.21289100 0.74283900 0.02539100 0.02604200
3 0.24218800 0.74153600 0.02539100 0.02604200
0 0.27148400 0.73958300 0.02539100 0.02604200
17 0.30175800 0.73763000 0.02539100 0.02604200
8 0.33105500 0.73600300 0.02539100 0.02539100
11 0.36035200 0.73404900 0.02539100 0.02539100
22 0.41845700 0.73014300 0.02441400 0.02408900
12 0.47509800 0.72688800 0.02441400 0.02408900
4 0.50293000 0.72558600 0.02343800 0.02408900
3 0.53125000 0.72298200 0.02343800 0.02408900
13 0.55908200 0.72168000 0.02246100 0.02408900
19 0.66845700 0.71582000 0.02246100 0.02408900
0 0.69482400 0.71419300 0.02246100 0.02343800
25 0.72119100 0.71256500 0.02246100 0.02408900
8 0.12304700 0.78971400 0.02539100 0.02604200
22 0.18652300 0.78580700 0.02539100 0.02604200
18 0.21582000 0.78385400 0.02539100 0.02604200
10 0.24511700 0.78190100 0.02539100 0.02604200
17 0.27490200 0.77994800 0.02636700 0.02604200
8 0.30419900 0.77832000 0.02636700 0.02539100
16 0.33349600 0.77636700 0.02636700 0.02539100
0 0.36328100 0.77441400 0.02539100 0.02539100
11 0.39160200 0.77246100 0.02539100 0.02539100
10 0.50439500 0.76432300 0.02441400 0.02474000
0 0.53271500 0.76269500 0.02441400 0.02408900
17 0.56054700 0.76106800 0.02343800 0.02474000
0 0.58886700 0.75944000 0.02343800 0.02408900
1 0.64209000 0.75553400 0.02246100 0.02278600
0 0.66845700 0.75390600 0.02246100 0.02343800
17 0.69482400 0.75227900 0.02246100 0.02278600
0 0.72216800 0.75065100 0.02246100 0.02343800
18 0.74804700 0.74869800 0.02343800 0.02343800
8 0.13378900 0.87109400 0.02539100 0.02604200
18 0.19335900 0.86653600 0.02539100 0.02474000
4 0.22265600 0.86425800 0.02539100 0.02539100
16 0.28076200 0.85970100 0.02441400 0.02539100
0 0.30908200 0.85742200 0.02441400 0.02474000
18 0.33789100 0.85514300 0.02343800 0.02408900
9 0.39648400 0.85058600 0.02343800 0.02408900
4 0.42480500 0.84798200 0.02343800 0.02408900
23 0.48046900 0.84375000 0.02343800 0.02343800
19 0.53515600 0.83951800 0.02343800 0.02408900
10 0.56250000 0.83724000 0.02343800 0.02343800
8 0.58935500 0.83528600 0.02246100 0.02343800
23 0.64404300 0.83170600 0.02246100 0.02278600
19 0.69580100 0.82779900 0.02246100 0.02278600
10 0.72119100 0.82584600 0.02246100 0.02278600
8 0.74853500 0.82389300 0.02246100 0.02278600
25 0.13720700 0.91048200 0.02636700 0.02408900
0 0.16699200 0.90787800 0.02539100 0.02408900
19 0.19628900 0.90527300 0.02539100 0.02408900
17 0.22558600 0.90266900 0.02539100 0.02408900
4 0.25488300 0.90006500 0.02539100 0.02408900
23 0.28418000 0.89811200 0.02539100 0.02408900
0 0.31201200 0.89550800 0.02441400 0.02408900
11 0.34033200 0.89290400 0.02441400 0.02408900
8 0.37060500 0.89029900 0.02441400 0.02408900
10 0.42627000 0.88574200 0.02441400 0.02408900
0 0.45459000 0.88378900 0.02441400 0.02408900
10 0.48193400 0.88151000 0.02441400 0.02343800
19 0.53759800 0.87662800 0.02246100 0.02278600
17 0.56494100 0.87467400 0.02246100 0.02278600
4 0.59130900 0.87239600 0.02246100 0.02213500
23 0.61767600 0.87044300 0.02246100 0.02213500
14 0.64453100 0.86816400 0.02148400 0.02148400
19 0.67041000 0.86588500 0.02246100 0.02213500
10 0.69628900 0.86393200 0.02148400 0.02213500
8 0.72265600 0.86165400 0.02148400 0.02148400
