18 0.14375000 0.51250000 0.09531250 0.19687500
4 0.16875000 0.80468750 0.10937500 0.21562500
18 0.12187500 0.25000000 0.10000000 0.20781250
7 0.24531250 0.20625000 0.11250000 0.21250000
3 0.30625000 0.76406250 0.10312500 0.21875000
0 0.27500000 0.48750000 0.09843750 0.20781250
16 0.40156250 0.46093750 0.10312500 0.21875000
18 0.53593750 0.42187500 0.09531250 0.21875000
4 0.37343750 0.17187500 0.10468750 0.19843750
16 0.50468750 0.15937500 0.10937500 0.19843750
18 0.57500000 0.70468750 0.10468750 0.22500000
