7 0.10781250 0.09027778 0.03593750 0.12152778
5 0.18906250 0.09027778 0.03437500 0.12500000
3 0.22968750 0.25000000 0.03437500 0.12152778
8 0.27343750 0.25347222 0.03437500 0.12500000
18 0.31875000 0.25694444 0.03281250 0.11805556
10 0.36093750 0.25000000 0.03593750 0.12500000
14 0.40312500 0.25694444 0.03281250 0.11111111
14 0.65781250 0.26388889 0.03281250 0.11458333
8 0.86562500 0.26736111 0.03281250 0.12500000
11 0.94375000 0.26736111 0.03125000 0.12500000
11 0.82500000 0.42361111 0.03281250 0.11111111
4 0.78437500 0.42361111 0.03281250 0.11111111
20 0.74375000 0.42361111 0.03281250 0.11458333
0 0.65937500 0.42013889 0.03281250 0.11111111
13 0.40625000 0.41666667 0.03125000 0.11458333
3 0.31875000 0.42013889 0.03593750 0.12500000
19 0.19062500 0.40972222 0.03281250 0.12500000
18 0.10937500 0.41666667 0.03281250 0.12500000
0 0.65781250 0.57986111 0.03281250 0.12152778
13 0.70000000 0.57638889 0.03750000 0.12152778
13 0.74062500 0.58333333 0.03125000 0.11111111
2 0.86562500 0.58680556 0.03125000 0.12152778
3 0.74375000 0.73958333 0.03593750 0.12152778
4 0.57500000 0.73611111 0.03593750 0.11805556
23 0.53125000 0.73611111 0.03593750 0.12500000
0 0.49062500 0.73611111 0.03593750 0.12500000
3 0.40468750 0.73263889 0.03437500 0.11805556
0 0.36250000 0.73263889 0.03437500 0.11458333
14 0.31875000 0.73263889 0.03437500 0.11805556
