18 0.13593750 0.71875000 0.10312500 0.20781250
7 0.24843750 0.70312500 0.11406250 0.21562500
8 0.22656250 0.41718750 0.10468750 0.21875000
13 0.34062500 0.39843750 0.10468750 0.23437500
4 0.36718750 0.66406250 0.10781250 0.21093750
16 0.49218750 0.63281250 0.10937500 0.21093750
20 0.07500000 0.17968750 0.11250000 0.17656250
4 0.18593750 0.15937500 0.09531250 0.20781250
13 0.30937500 0.11718750 0.10312500 0.22812500
2 0.57656250 0.33750000 0.10781250 0.23281250
4 0.63750000 0.87656250 0.10000000 0.21562500
4 0.61093750 0.61093750 0.11250000 0.21562500
