18 0.05312500 0.15781250 0.10000000 0.20156250
25 0.17187500 0.13281250 0.10000000 0.18437500
17 0.50781250 0.10000000 0.08750000 0.16250000
4 0.07968750 0.70156250 0.10937500 0.21093750
22 0.20937500 0.66562500 0.11406250 0.23437500
18 0.34375000 0.62343750 0.10468750 0.20156250
14 0.37187500 0.89375000 0.10781250 0.19687500
13 0.49687500 0.85156250 0.09531250 0.20312500
18 0.57031250 0.54375000 0.09531250 0.18750000
0 0.59687500 0.09375000 0.08125000 0.15312500
4 0.60625000 0.80000000 0.09375000 0.19375000
8 0.68437500 0.09687500 0.07656250 0.15781250
7 0.66718750 0.53906250 0.09062500 0.17968750
