11 0.05156250 0.22656250 0.09531250 0.16250000
19 0.12812500 0.20625000 0.10000000 0.17187500
4 0.21093750 0.17812500 0.09375000 0.19843750
25 0.31093750 0.15781250 0.08750000 0.20312500
5 0.59687500 0.09687500 0.08125000 0.16093750
11 0.69062500 0.09687500 0.06875000 0.16093750
19 0.77968750 0.08437500 0.07343750 0.15000000
17 0.85312500 0.08750000 0.05937500 0.15312500
3 0.04062500 0.42656250 0.07343750 0.15781250
14 0.13125000 0.41718750 0.07812500 0.17500000
21 0.23125000 0.39218750 0.09375000 0.17968750
13 0.33437500 0.38750000 0.08125000 0.19375000
18 0.52656250 0.34687500 0.07812500 0.18125000
7 0.61406250 0.34062500 0.08750000 0.18750000
4 0.71562500 0.32031250 0.08593750 0.18437500
18 0.06406250 0.66406250 0.08125000 0.19687500
4 0.14687500 0.63750000 0.08593750 0.18437500
16 0.24531250 0.62812500 0.09375000 0.18125000
18 0.45625000 0.56250000 0.07343750 0.17187500
7 0.54375000 0.55468750 0.08125000 0.18437500
18 0.09062500 0.87031250 0.08281250 0.17968750
14 0.17500000 0.85781250 0.08593750 0.18437500
11 0.27500000 0.85156250 0.09375000 0.17968750
3 0.37031250 0.81875000 0.09062500 0.18437500
16 0.63593750 0.53750000 0.09062500 0.16718750
4 0.65937500 0.75156250 0.08593750 0.17656250
