7 0.07031250 0.89531250 0.10937500 0.20781250
21 0.17187500 0.14375000 0.09375000 0.17500000
4 0.17187500 0.89843750 0.10000000 0.20312500
0 0.26250000 0.12812500 0.07343750 0.16718750
17 0.36562500 0.11093750 0.08750000 0.18437500
7 0.27500000 0.61718750 0.10781250 0.22031250
0 0.39843750 0.57812500 0.09531250 0.19843750
6 0.55937500 0.09218750 0.07656250 0.15625000
15 0.51250000 0.53906250 0.10468750 0.20625000
16 0.54531250 0.82187500 0.11250000 0.21562500
14 0.64843750 0.08281250 0.08593750 0.15312500
13 0.73281250 0.08281250 0.07343750 0.15781250
2 0.14843750 0.62500000 0.11250000 0.21250000
19 0.66406250 0.77812500 0.10937500 0.22968750
18 0.62031250 0.51093750 0.10312500 0.20156250
4 0.72031250 0.50625000 0.10000000 0.21093750
