14 0.07187500 0.39375000 0.11718750 0.22500000
19 0.19843750 0.37656250 0.10312500 0.21250000
17 0.33437500 0.35625000 0.09843750 0.21875000
4 0.45312500 0.34375000 0.10468750 0.21875000
0 0.08125000 0.67968750 0.10468750 0.20312500
2 0.21718750 0.64218750 0.10468750 0.20156250
10 0.35625000 0.64375000 0.12187500 0.19687500
17 0.49687500 0.88750000 0.10468750 0.21875000
18 0.63750000 0.87812500 0.10468750 0.22500000
18 0.60625000 0.59531250 0.10312500 0.20625000
21 0.05312500 0.11250000 0.10468750 0.18125000
8 0.70625000 0.30937500 0.10937500 0.22031250
