7 0.09687500 0.06250000 0.03437500 0.11093750
12 0.13906250 0.06250000 0.03281250 0.10781250
0 0.35468750 0.05937500 0.03593750 0.10781250
15 0.43750000 0.06250000 0.03437500 0.10781250
4 0.52187500 0.06250000 0.03281250 0.10390625
2 0.56250000 0.05937500 0.03125000 0.10781250
0 0.77500000 0.05546875 0.03750000 0.10781250
18 0.94062500 0.06250000 0.03125000 0.11093750
15 0.85781250 0.21562500 0.03125000 0.10781250
15 0.98125000 0.21562500 0.02968750 0.10781250
18 0.09531250 0.37812500 0.03281250 0.11796875
8 0.18281250 0.37500000 0.03125000 0.11093750
0 0.43750000 0.37500000 0.03125000 0.10390625
7 0.60468750 0.37500000 0.03125000 0.10781250
11 0.77656250 0.37500000 0.03593750 0.11796875
3 0.85937500 0.37187500 0.03281250 0.11093750
3 0.98281250 0.36796875 0.03125000 0.11093750
7 0.09531250 0.53437500 0.03281250 0.10781250
22 0.31093750 0.53437500 0.03437500 0.11484375
0 0.35312500 0.53125000 0.03281250 0.11093750
19 0.39531250 0.53437500 0.03125000 0.11484375
1 0.52031250 0.53437500 0.03281250 0.11484375
13 0.64687500 0.53125000 0.03125000 0.11093750
4 0.68750000 0.53437500 0.03125000 0.11093750
6 0.81875000 0.53125000 0.03125000 0.10781250
23 0.09531250 0.70156250 0.03437500 0.11796875
24 0.26875000 0.85390625 0.03593750 0.11484375
3 0.35468750 0.85390625 0.03437500 0.12187500
4 0.39531250 0.85390625 0.03281250 0.11796875
2 0.43750000 0.85390625 0.03125000 0.11796875
8 0.47968750 0.85078125 0.03281250 0.11796875
3 0.52187500 0.85078125 0.03437500 0.11484375
19 0.64843750 0.85078125 0.03125000 0.11484375
18 0.86093750 0.85078125 0.03125000 0.11093750
14 0.94531250 0.84687500 0.03281250 0.11484375
