0 0.07031250 0.15156250 0.08125000 0.15000000
3 0.15312500 0.13437500 0.08593750 0.15781250
18 0.32500000 0.10156250 0.08593750 0.15625000
14 0.42187500 0.09531250 0.08593750 0.15312500
11 0.52031250 0.09218750 0.08125000 0.14531250
11 0.33437500 0.31250000 0.08593750 0.15312500
21 0.24062500 0.55781250 0.10000000 0.17656250
13 0.24531250 0.78437500 0.09531250 0.20156250
0 0.14218750 0.79375000 0.08593750 0.17031250
0 0.22656250 0.32031250 0.08593750 0.14843750
8 0.05312500 0.57500000 0.09062500 0.17968750
11 0.44375000 0.30625000 0.09531250 0.14843750
3 0.35625000 0.77187500 0.09531250 0.18750000
8 0.34062500 0.54531250 0.09843750 0.17500000
11 0.45156250 0.52812500 0.09531250 0.16250000
3 0.61250000 0.08281250 0.08125000 0.15312500
11 0.55156250 0.51250000 0.09531250 0.16250000
18 0.55937500 0.74843750 0.09843750 0.19375000
16 0.63125000 0.30000000 0.09062500 0.16718750
7 0.66718750 0.73593750 0.10468750 0.19843750
8 0.72968750 0.29375000 0.08593750 0.17656250
