6 0.22168000 0.14127600 0.02148400 0.01953100
5 0.25097700 0.14160200 0.02148400 0.02148400
16 0.41845700 0.19238300 0.02246100 0.02018200
19 0.44775400 0.19205700 0.02246100 0.02083300
14 0.47705100 0.19173200 0.02246100 0.02018200
20 0.53613300 0.19108100 0.02343800 0.02018200
25 0.56591800 0.19075500 0.02246100 0.02083300
13 0.59423800 0.19043000 0.02246100 0.02018200
0 0.62402300 0.19010400 0.02343800 0.02083300
11 0.65380900 0.19075500 0.02246100 0.02083300
8 0.68310500 0.19075500 0.02246100 0.02083300
16 0.38720700 0.25032600 0.02246100 0.02148400
4 0.41650400 0.25000000 0.02246100 0.02083300
12 0.44677700 0.24967400 0.02246100 0.02148400
20 0.47607400 0.24934900 0.02246100 0.02083300
13 0.53662100 0.24869800 0.02246100 0.02083300
0 0.56543000 0.24837200 0.02343800 0.02148400
20 0.59521500 0.24772100 0.02246100 0.02148400
16 0.62597700 0.24902300 0.02343800 0.02148400
8 0.65576200 0.24967400 0.02246100 0.02148400
11 0.68603500 0.25065100 0.02246100 0.02083300
8 0.71435500 0.25162800 0.02246100 0.02148400
18 0.74316400 0.25227900 0.02343800 0.02148400
0 0.26269500 0.34277300 0.02343800 0.02278600
18 0.35253900 0.34147100 0.02343800 0.02278600
14 0.38330100 0.34114600 0.02441400 0.02343800
18 0.41308600 0.34049500 0.02343800 0.02343800
19 0.44433600 0.34016900 0.02343800 0.02278600
0 0.47460900 0.34082000 0.02343800 0.02278600
22 0.50585900 0.34082000 0.02343800 0.02278600
15 0.59765600 0.34147100 0.02343800 0.02278600
14 0.62841800 0.34179700 0.02441400 0.02343800
1 0.71777300 0.34440100 0.02343800 0.02213500
15 0.77441400 0.34570300 0.02343800 0.02213500
17 0.80175800 0.34928400 0.02148400 0.02278600
8 0.82763700 0.35091100 0.02050800 0.02213500
12 0.85205100 0.35319000 0.02050800 0.02148400
4 0.87548800 0.35514300 0.02050800 0.02148400
17 0.89599600 0.35709600 0.02050800 0.02148400
0 0.91748000 0.35904900 0.02050800 0.02148400
13 0.13525400 0.40592400 0.02441400 0.02278600
0 0.16552700 0.40592400 0.02441400 0.02278600
18 0.22705100 0.40592400 0.02441400 0.02278600
11 0.25732400 0.40592400 0.02441400 0.02278600
14 0.28857400 0.40592400 0.02441400 0.02278600
9 0.31982400 0.40592400 0.02441400 0.02278600
4 0.35009800 0.40592400 0.02441400 0.02278600
13 0.38134800 0.40527300 0.02441400 0.02278600
8 0.41259800 0.40527300 0.02441400 0.02278600
4 0.44287100 0.40527300 0.02441400 0.02278600
8 0.50634800 0.40462200 0.02441400 0.02278600
22 0.56835900 0.40527300 0.02343800 0.02278600
16 0.62988300 0.40657600 0.02343800 0.02278600
8 0.66015600 0.40690100 0.02343800 0.02343800
19 0.69043000 0.40755200 0.02343800 0.02343800
0 0.71923800 0.40852900 0.02246100 0.02278600
13 0.74853500 0.40983100 0.02246100 0.02278600
8 0.77685500 0.41080700 0.02246100 0.02213500
4 0.80371100 0.41178400 0.02343800 0.02278600
8 0.12939500 0.47102900 0.02441400 0.02408900
18 0.16015600 0.47102900 0.02343800 0.02408900
15 0.19140600 0.47135400 0.02343800 0.02343800
14 0.22314500 0.47135400 0.02441400 0.02343800
11 0.25390600 0.47135400 0.02343800 0.02343800
25 0.31640600 0.47135400 0.02343800 0.02343800
20 0.34863300 0.47135400 0.02343800 0.02343800
19 0.44287100 0.47102900 0.02441400 0.02408900
17 0.47412100 0.47135400 0.02441400 0.02343800
14 0.50537100 0.47135400 0.02441400 0.02343800
10 0.56835900 0.47168000 0.02343800 0.02408900
8 0.59960900 0.47233100 0.02343800 0.02408900
16 0.66113300 0.47363300 0.02343800 0.02408900
8 0.69140600 0.47428400 0.02343800 0.02408900
18 0.72168000 0.47460900 0.02343800 0.02343800
4 0.75048800 0.47526000 0.02246100 0.02343800
11 0.77929700 0.47591100 0.02343800 0.02343800
0 0.18701200 0.53906200 0.02636700 0.02474000
9 0.21875000 0.53906200 0.02539100 0.02474000
1 0.34570300 0.53971400 0.02539100 0.02474000
7 0.47460900 0.53971400 0.02343800 0.02474000
8 0.75244100 0.54199200 0.02441400 0.02408900
2 0.85888700 0.54622400 0.02050800 0.02083300
5 0.94384800 0.54947900 0.02050800 0.02083300
0 0.44043000 0.60904900 0.02539100 0.02539100
9 0.47265600 0.60904900 0.02539100 0.02539100
6 0.60156200 0.60937500 0.02539100 0.02474000
2 0.72509800 0.61002600 0.02441400 0.02474000
1 0.24316400 0.71582000 0.02539100 0.02539100
18 0.34228500 0.71614600 0.02441400 0.02604200
14 0.37500000 0.71614600 0.02539100 0.02604200
18 0.40771500 0.71614600 0.02441400 0.02604200
19 0.44043000 0.71647100 0.02539100 0.02539100
0 0.47265600 0.71647100 0.02539100 0.02539100
22 0.50585900 0.71647100 0.02539100 0.02539100
3 0.63476600 0.71582000 0.02539100 0.02539100
22 0.69775400 0.71549500 0.02246100 0.02474000
4 0.72802700 0.71516900 0.02246100 0.02408900
17 0.75634800 0.71451800 0.02246100 0.02408900
13 0.78466800 0.71419300 0.02246100 0.02474000
7 0.83837900 0.71321600 0.02246100 0.02408900
17 0.10839800 0.78808600 0.02539100 0.02539100
0 0.14160200 0.78841100 0.02539100 0.02604200
22 0.17480500 0.78873700 0.02539100 0.02539100
4 0.20849600 0.78906200 0.02636700 0.02604200
13 0.24121100 0.78938800 0.02539100 0.02539100
18 0.27441400 0.78938800 0.02539100 0.02539100
19 0.30761700 0.78971400 0.02539100 0.02474000
22 0.34082000 0.78971400 0.02539100 0.02474000
0 0.37402300 0.78971400 0.02539100 0.02474000
8 0.44043000 0.79036500 0.02539100 0.02474000
3 0.53955100 0.78873700 0.02441400 0.02539100
22 0.60400400 0.78808600 0.02441400 0.02539100
4 0.63623000 0.78743500 0.02441400 0.02539100
17 0.66796900 0.78678400 0.02539100 0.02539100
13 0.69824200 0.78645800 0.02343800 0.02474000
7 0.75732400 0.78450500 0.02246100 0.02474000
13 0.81298800 0.78255200 0.02246100 0.02474000
4 0.83837900 0.78157600 0.02246100 0.02408900
17 0.86279300 0.77929700 0.02050800 0.02213500
0 0.88525400 0.77864600 0.02050800 0.02213500
22 0.90576200 0.77766900 0.01855500 0.02408900
4 0.92431600 0.77571600 0.01660200 0.02408900
18 0.10498000 0.86197900 0.02636700 0.02604200
19 0.13916000 0.86263000 0.02636700 0.02604200
22 0.17236300 0.86328100 0.02636700 0.02604200
0 0.20507800 0.86393200 0.02539100 0.02604200
8 0.27294900 0.86328100 0.02636700 0.02604200
18 0.30664100 0.86328100 0.02539100 0.02604200
15 0.34033200 0.86328100 0.02636700 0.02604200
14 0.37353500 0.86328100 0.02636700 0.02604200
11 0.40722700 0.86328100 0.02539100 0.02604200
25 0.47363300 0.86295600 0.02539100 0.02539100
20 0.50732400 0.86263000 0.02441400 0.02474000
16 0.60498000 0.86067700 0.02441400 0.02474000
8 0.63720700 0.85970100 0.02441400 0.02539100
18 0.66845700 0.85872400 0.02441400 0.02474000
11 0.69970700 0.85807300 0.02441400 0.02474000
0 0.72900400 0.85677100 0.02441400 0.02474000
6 0.13623000 0.93815100 0.02636700 0.02604200
2 0.27197300 0.93815100 0.02636700 0.02604200
3 0.40673800 0.93750000 0.02636700 0.02604200
7 0.54052700 0.93522100 0.02636700 0.02669300
8 0.66894500 0.93164100 0.02343800 0.02474000
4 0.78759800 0.92350300 0.02441400 0.02408900
1 0.88769500 0.91438800 0.02343800 0.02408900
13 0.94091800 0.77474000 0.01464800 0.02343800
