0 0.84179700 0.11845900 0.02148400 0.02180200
0 0.86621100 0.11882300 0.02148400 0.02252900
8 0.89160200 0.11954900 0.02148400 0.02252900
8 0.14111300 0.10210800 0.02246100 0.02689000
12 0.08984400 0.14207800 0.02148400 0.02543600
13 0.11425800 0.14026200 0.02148400 0.02616300
14 0.14160200 0.13844500 0.02148400 0.02543600
6 0.16894500 0.13662800 0.02343800 0.02616300
14 0.19873000 0.13590100 0.02246100 0.02616300
25 0.25634800 0.13444800 0.02246100 0.02616300
13 0.28613300 0.13517400 0.02343800 0.02616300
0 0.31543000 0.13553800 0.02343800 0.02543600
11 0.34521500 0.13590100 0.02246100 0.02616300
11 0.46044900 0.13953500 0.02246100 0.02470900
14 0.48877000 0.14062500 0.02246100 0.02543600
3 0.51709000 0.14171500 0.02246100 0.02470900
17 0.57324200 0.14353200 0.02148400 0.02543600
4 0.60058600 0.14462200 0.02148400 0.02470900
22 0.09082000 0.17768900 0.02148400 0.02543600
17 0.11621100 0.17623500 0.02148400 0.02543600
14 0.14306600 0.17478200 0.02050800 0.02543600
3 0.17041000 0.17260200 0.02246100 0.02543600
4 0.19873000 0.17151200 0.02246100 0.02616300
22 0.25732400 0.17187500 0.02246100 0.02543600
0 0.28613300 0.17187500 0.02343800 0.02543600
18 0.31591800 0.17187500 0.02246100 0.02543600
0 0.09228500 0.21329900 0.02246100 0.02543600
18 0.14404300 0.21039200 0.02246100 0.02543600
19 0.20068400 0.20893900 0.02246100 0.02543600
0 0.22900400 0.20893900 0.02246100 0.02543600
10 0.25830100 0.20821200 0.02246100 0.02543600
8 0.28710900 0.20784900 0.02148400 0.02470900
12 0.31640600 0.20857600 0.02148400 0.02470900
8 0.34521500 0.20893900 0.02246100 0.02543600
22 0.40380900 0.21002900 0.02246100 0.02470900
18 0.43310500 0.21039200 0.02246100 0.02543600
19 0.46044900 0.21075600 0.02246100 0.02470900
17 0.48925800 0.21220900 0.02148400 0.02470900
4 0.51757800 0.21293600 0.02148400 0.02470900
19 0.54492200 0.21366300 0.02148400 0.02470900
8 0.57275400 0.21439000 0.02246100 0.02470900
11 0.60058600 0.21475300 0.02148400 0.02398300
18 0.62793000 0.21548000 0.02148400 0.02398300
22 0.09228500 0.24854700 0.02246100 0.02470900
15 0.14502000 0.24564000 0.02246100 0.02470900
4 0.17236300 0.24527600 0.02246100 0.02543600
17 0.20117200 0.24491300 0.02343800 0.02470900
22 0.22998000 0.24345900 0.02246100 0.02470900
17 0.34619100 0.24527600 0.02246100 0.02543600
0 0.37548800 0.24564000 0.02246100 0.02470900
25 0.40478500 0.24600300 0.02246100 0.02543600
15 0.43359400 0.31758700 0.02148400 0.02470900
20 0.46240200 0.31795100 0.02050800 0.02398300
3 0.49023400 0.31795100 0.02148400 0.02398300
4 0.51806600 0.31867700 0.02050800 0.02398300
11 0.54638700 0.31867700 0.02050800 0.02398300
13 0.14794900 0.35319800 0.02246100 0.02470900
0 0.17480500 0.35319800 0.02148400 0.02470900
18 0.23242200 0.35247100 0.02148400 0.02470900
22 0.26123000 0.35210800 0.02246100 0.02543600
4 0.29101600 0.35174400 0.02148400 0.02470900
19 0.32031200 0.35210800 0.02148400 0.02398300
4 0.34863300 0.35247100 0.02148400 0.02470900
18 0.40673800 0.35283400 0.02050800 0.02398300
19 0.43505900 0.35319800 0.02050800 0.02470900
0 0.46289100 0.35356100 0.02148400 0.02398300
17 0.49121100 0.35392400 0.02148400 0.02470900
20 0.51855500 0.35428800 0.02148400 0.02398300
10 0.57373000 0.35428800 0.02050800 0.02398300
0 0.60058600 0.35428800 0.02148400 0.02398300
18 0.14941400 0.38880800 0.02148400 0.02470900
15 0.17578100 0.38808100 0.02148400 0.02470900
14 0.20507800 0.38808100 0.02148400 0.02470900
10 0.23339800 0.38808100 0.02148400 0.02470900
14 0.26269500 0.38735500 0.02148400 0.02470900
13 0.32128900 0.38808100 0.02148400 0.02470900
14 0.34960900 0.38808100 0.02148400 0.02470900
9 0.40722700 0.38844500 0.02148400 0.02398300
8 0.43554700 0.38844500 0.02148400 0.02398300
11 0.46386700 0.38844500 0.02148400 0.02398300
0 0.49169900 0.38880800 0.02050800 0.02470900
18 0.15039100 0.42441900 0.02148400 0.02470900
20 0.17675800 0.42405500 0.02148400 0.02398300
7 0.20556600 0.42369200 0.02050800 0.02470900
0 0.23437500 0.42332800 0.02148400 0.02398300
17 0.26416000 0.42369200 0.02246100 0.02470900
8 0.29296900 0.42332800 0.02148400 0.02398300
10 0.32226600 0.42332800 0.02148400 0.02398300
8 0.35156200 0.42332800 0.02148400 0.02398300
4 0.40820300 0.42296500 0.02148400 0.02470900
11 0.43603500 0.42296500 0.02050800 0.02470900
0 0.46386700 0.42260200 0.02148400 0.02398300
8 0.15039100 0.45930200 0.02148400 0.02470900
10 0.20654300 0.45930200 0.02246100 0.02470900
14 0.23535200 0.45930200 0.02148400 0.02470900
5 0.26464800 0.45893900 0.02148400 0.02398300
4 0.29394500 0.45857600 0.02148400 0.02470900
15 0.35253900 0.45857600 0.02148400 0.02470900
8 0.37988300 0.45821200 0.02148400 0.02398300
11 0.40820300 0.45821200 0.02148400 0.02398300
0 0.43701200 0.45821200 0.02246100 0.02398300
8 0.20703100 0.49454900 0.02148400 0.02398300
1 0.26562500 0.49382300 0.02148400 0.02398300
11 0.32421900 0.49382300 0.02148400 0.02398300
20 0.38183600 0.49273300 0.02148400 0.02470900
18 0.43750000 0.49236900 0.02148400 0.02398300
19 0.46582000 0.49164200 0.02148400 0.02398300
0 0.49316400 0.49164200 0.02148400 0.02398300
17 0.52002000 0.49127900 0.02050800 0.02325600
20 0.54785200 0.49091600 0.02148400 0.02398300
10 0.60156200 0.49018900 0.02148400 0.02398300
8 0.62793000 0.49018900 0.02148400 0.02398300
15 0.20800800 0.52943300 0.02148400 0.02398300
14 0.23730500 0.52943300 0.02148400 0.02398300
17 0.26660200 0.52943300 0.02148400 0.02398300
14 0.29541000 0.52870600 0.02246100 0.02398300
3 0.32470700 0.52834300 0.02246100 0.02470900
8 0.35351600 0.52798000 0.02148400 0.02398300
18 0.38183600 0.52761600 0.02148400 0.02470900
19 0.40966800 0.52689000 0.02050800 0.02325600
15 0.52050800 0.52507300 0.02148400 0.02398300
4 0.54785200 0.52470900 0.02148400 0.02325600
18 0.57470700 0.52398300 0.02050800 0.02325600
10 0.20947300 0.56431700 0.02246100 0.02398300
14 0.23828100 0.56395300 0.02148400 0.02470900
18 0.26709000 0.56395300 0.02246100 0.02470900
12 0.29638700 0.56359000 0.02246100 0.02398300
0 0.32519500 0.56322700 0.02148400 0.02325600
19 0.35400400 0.56286300 0.02050800 0.02398300
4 0.41064500 0.56141000 0.02050800 0.02398300
20 0.46728500 0.56032000 0.02050800 0.02325600
8 0.52148400 0.55923000 0.02148400 0.02398300
8 0.21044900 0.59992700 0.02246100 0.02398300
18 0.26855500 0.59956400 0.02148400 0.02325600
19 0.29785200 0.59811000 0.02148400 0.02325600
17 0.32617200 0.59774700 0.02148400 0.02398300
8 0.35449200 0.59702000 0.02148400 0.02398300
9 0.38281200 0.59593000 0.02148400 0.02325600
4 0.41113300 0.59520300 0.02148400 0.02325600
13 0.43945300 0.59447700 0.02148400 0.02325600
13 0.54882800 0.59193300 0.02148400 0.02398300
14 0.57568400 0.59157000 0.02050800 0.02325600
18 0.60253900 0.59084300 0.02148400 0.02325600
18 0.15625000 0.66896800 0.02148400 0.02398300
19 0.18359400 0.66933100 0.02148400 0.02470900
0 0.21289100 0.66969500 0.02148400 0.02398300
17 0.24121100 0.66896800 0.02148400 0.02398300
20 0.26953100 0.66824100 0.02148400 0.02398300
10 0.32714800 0.66678800 0.02148400 0.02398300
0 0.35644500 0.66569800 0.02148400 0.02325600
18 0.41210900 0.66388100 0.02148400 0.02398300
10 0.43994100 0.66315400 0.02050800 0.02398300
0 0.46777300 0.66206400 0.02148400 0.02325600
25 0.49511700 0.66133700 0.02148400 0.02325600
0 0.52246100 0.65988400 0.02148400 0.02325600
11 0.54931600 0.65879400 0.02050800 0.02398300
0 0.57617200 0.65806700 0.02148400 0.02398300
14 0.18554700 0.70312500 0.02148400 0.02398300
19 0.21386700 0.70385200 0.02148400 0.02398300
10 0.24218800 0.70312500 0.02148400 0.02398300
17 0.27148400 0.70239800 0.02148400 0.02398300
14 0.29980500 0.70167200 0.02148400 0.02398300
1 0.38574200 0.69876500 0.02148400 0.02398300
20 0.41308600 0.69767400 0.02148400 0.02325600
5 0.44043000 0.69658400 0.02148400 0.02398300
4 0.46875000 0.69549400 0.02148400 0.02325600
19 0.49609400 0.69440400 0.02148400 0.02398300
8 0.15820300 0.73728200 0.02148400 0.02398300
10 0.21533200 0.73655500 0.02050800 0.02398300
14 0.24414100 0.73655500 0.02148400 0.02398300
18 0.27197300 0.73655500 0.02050800 0.02398300
19 0.30029300 0.73582800 0.02246100 0.02398300
14 0.32910200 0.73510200 0.02148400 0.02398300
16 0.35742200 0.73401200 0.02148400 0.02325600
10 0.38574200 0.73292200 0.02148400 0.02398300
20 0.41406200 0.73219500 0.02148400 0.02398300
15 0.15918000 0.77143900 0.01953100 0.02252900
20 0.18701200 0.77143900 0.02050800 0.02252900
3 0.21533200 0.77143900 0.02050800 0.02252900
4 0.24414100 0.77143900 0.01953100 0.02252900
11 0.27246100 0.77143900 0.02148400 0.02398300
3 0.16015600 0.80595900 0.02148400 0.02325600
0 0.18750000 0.80559600 0.02148400 0.02398300
12 0.21582000 0.80523300 0.02148400 0.02325600
13 0.27343800 0.80450600 0.02148400 0.02325600
0 0.30175800 0.80414200 0.02148400 0.02252900
14 0.35839800 0.80159900 0.02148400 0.02325600
1 0.38623000 0.80014500 0.02246100 0.02325600
4 0.41308600 0.79941900 0.02148400 0.02325600
3 0.44189500 0.79796500 0.02246100 0.02325600
15 0.21728500 0.84011600 0.02246100 0.02325600
14 0.24560500 0.83939000 0.02246100 0.02325600
3 0.27441400 0.83866300 0.02148400 0.02325600
7 0.30273400 0.83757300 0.02148400 0.02398300
14 0.33056600 0.83648300 0.02246100 0.02325600
3 0.35888700 0.83502900 0.02246100 0.02325600
8 0.38720700 0.83357600 0.02246100 0.02325600
19 0.41455100 0.83212200 0.02246100 0.02325600
10 0.47070300 0.82921500 0.02148400 0.02325600
1 0.52441400 0.82667200 0.02148400 0.02398300
20 0.55127000 0.82558100 0.02050800 0.02325600
5 0.57812500 0.82412800 0.02148400 0.02325600
4 0.60449200 0.82303800 0.02148400 0.02398300
19 0.63085900 0.82158400 0.02148400 0.02398300
20 0.65820300 0.82049400 0.02148400 0.02325600
13 0.21826200 0.87354700 0.02246100 0.02325600
0 0.24658200 0.87318300 0.02246100 0.02398300
15 0.30419900 0.87136600 0.02246100 0.02325600
14 0.33252000 0.86991300 0.02246100 0.02325600
11 0.36035200 0.86845900 0.02148400 0.02325600
10 0.38818400 0.86627900 0.02246100 0.02325600
20 0.41601600 0.86482600 0.02148400 0.02325600
6 0.47168000 0.86228200 0.02148400 0.02252900
11 0.49804700 0.86119200 0.02148400 0.02325600
3 0.55175800 0.85828500 0.02148400 0.02325600
8 0.57910200 0.85683100 0.02148400 0.02325600
19 0.60546900 0.85574100 0.02148400 0.02252900
