18 0.09218750 0.54375000 0.09843750 0.19375000
4 0.12656250 0.81250000 0.10937500 0.21562500
18 0.05937500 0.26718750 0.10000000 0.20781250
7 0.19375000 0.23437500 0.10937500 0.21250000
3 0.25781250 0.77968750 0.10312500 0.21875000
0 0.21875000 0.49531250 0.09843750 0.20781250
16 0.35156250 0.47187500 0.10312500 0.21875000
18 0.47812500 0.43593750 0.09531250 0.21875000
4 0.31718750 0.19062500 0.10468750 0.19843750
16 0.44531250 0.16406250 0.10937500 0.19843750
18 0.52812500 0.70625000 0.10468750 0.22500000
4 0.60625000 0.39687500 0.09843750 0.19843750
4 0.55781250 0.13906250 0.10000000 0.19843750
