19 0.69531250 0.07656250 0.02812500 0.10078125
18 0.80781250 0.08359375 0.02812500 0.09375000
2 0.91562500 0.09062500 0.02656250 0.09375000
17 0.98750000 0.09687500 0.02500000 0.09687500
8 0.28125000 0.18750000 0.02968750 0.09687500
2 0.35781250 0.19453125 0.02968750 0.10078125
19 0.43281250 0.20468750 0.02968750 0.09687500
23 0.62031250 0.21171875 0.02968750 0.10078125
8 0.77187500 0.21562500 0.02812500 0.09687500
2 0.84531250 0.21875000 0.03125000 0.09687500
19 0.91875000 0.22578125 0.02968750 0.09375000
7 0.23906250 0.33359375 0.03125000 0.10390625
24 0.39375000 0.34375000 0.02968750 0.10078125
12 0.88281250 0.36484375 0.02812500 0.09687500
15 0.92031250 0.36796875 0.02656250 0.09375000
1 0.31562500 0.47187500 0.02968750 0.10078125
19 0.42968750 0.48281250 0.02812500 0.09687500
5 0.50625000 0.48281250 0.02968750 0.09687500
4 0.61718750 0.48593750 0.02968750 0.09375000
24 0.69531250 0.49296875 0.02968750 0.10078125
4 0.73281250 0.49296875 0.02656250 0.10078125
3 0.95781250 0.50703125 0.02968750 0.09687500
21 0.12031250 0.61093750 0.02812500 0.10781250
14 0.15781250 0.61093750 0.02812500 0.10781250
8 0.19687500 0.61484375 0.03125000 0.10781250
2 0.23593750 0.61484375 0.02812500 0.10781250
4 0.27343750 0.61484375 0.02968750 0.11093750
13 0.31093750 0.76718750 0.03125000 0.10781250
8 0.42656250 0.76718750 0.02968750 0.10078125
7 0.50312500 0.77109375 0.02968750 0.10390625
1 0.57812500 0.77421875 0.02968750 0.10781250
4 0.61718750 0.78125000 0.02968750 0.10390625
0 0.73281250 0.78437500 0.03281250 0.10781250
6 0.88437500 0.79531250 0.02968750 0.11093750
4 0.92031250 0.79531250 0.02968750 0.11093750
19 0.11718750 0.89921875 0.02812500 0.10781250
19 0.23125000 0.90937500 0.03125000 0.10078125
12 0.65468750 0.92343750 0.02968750 0.10390625
