14 0.10156250 0.08671875 0.03750000 0.12812500
21 0.14375000 0.08359375 0.03593750 0.11093750
6 0.36093750 0.08359375 0.03593750 0.11796875
17 0.40312500 0.08359375 0.03281250 0.12500000
4 0.44843750 0.08359375 0.03750000 0.11796875
11 0.53281250 0.08359375 0.03750000 0.12500000
18 0.66250000 0.07968750 0.03750000 0.12187500
8 0.75000000 0.08359375 0.03125000 0.12187500
2 0.78906250 0.08359375 0.03437500 0.11796875
24 0.83125000 0.09062500 0.03750000 0.13203125
17 0.09531250 0.23593750 0.03593750 0.13515625
5 0.18281250 0.23281250 0.03125000 0.14218750
11 0.22187500 0.23281250 0.03593750 0.12812500
4 0.26875000 0.23984375 0.03750000 0.13203125
4 0.31250000 0.23984375 0.03750000 0.12812500
19 0.35781250 0.23593750 0.03593750 0.12812500
19 0.53281250 0.23593750 0.03750000 0.11796875
17 0.57812500 0.23281250 0.03593750 0.11484375
24 0.62343750 0.23281250 0.03906250 0.12500000
8 0.66718750 0.22890625 0.03281250 0.12812500
0 0.83906250 0.23281250 0.03437500 0.11484375
5 0.87812500 0.23281250 0.03281250 0.11796875
12 0.04218750 0.39609375 0.04062500 0.12187500
7 0.17500000 0.38906250 0.03437500 0.12812500
4 0.22343750 0.39921875 0.03750000 0.14218750
19 0.31093750 0.39609375 0.03750000 0.13203125
14 0.35625000 0.39609375 0.03593750 0.13515625
14 0.40156250 0.38906250 0.03750000 0.13203125
10 0.44531250 0.38906250 0.03750000 0.12812500
12 0.53437500 0.38906250 0.03593750 0.12500000
24 0.58125000 0.39218750 0.04218750 0.12500000
12 0.71406250 0.38906250 0.03593750 0.13203125
0 0.80312500 0.38906250 0.03437500 0.12187500
11 0.84531250 0.38906250 0.04062500 0.13203125
6 0.92656250 0.39218750 0.03437500 0.12500000
12 0.07812500 0.55937500 0.04218750 0.13906250
14 0.16875000 0.55234375 0.03906250 0.13515625
24 0.21406250 0.55546875 0.04218750 0.13203125
4 0.40000000 0.55546875 0.03906250 0.14218750
13 0.49062500 0.55234375 0.03750000 0.13203125
8 0.71875000 0.54843750 0.03593750 0.13203125
0 0.02500000 0.72578125 0.03437500 0.13515625
11 0.06718750 0.72890625 0.03906250 0.13515625
11 0.11406250 0.72578125 0.04375000 0.14609375
8 0.21093750 0.72890625 0.03906250 0.12812500
2 0.25781250 0.72890625 0.03750000 0.13203125
20 0.39687500 0.72890625 0.03906250 0.14218750
15 0.44375000 0.72187500 0.03906250 0.13906250
13 0.62968750 0.72187500 0.03750000 0.13203125
0 0.58593750 0.72187500 0.03750000 0.13515625
8 0.82031250 0.72890625 0.04062500 0.13515625
19 0.10781250 0.90937500 0.04218750 0.13515625
17 0.20312500 0.91328125 0.03906250 0.14218750
4 0.25156250 0.91328125 0.03906250 0.14609375
12 0.29687500 0.90625000 0.04375000 0.14609375
4 0.34687500 0.91328125 0.03750000 0.14218750
12 0.39531250 0.90625000 0.03906250 0.14218750
1 0.44218750 0.90625000 0.04375000 0.14921875
13 0.58750000 0.90625000 0.03906250 0.15937500
14 0.63593750 0.90312500 0.04218750 0.14921875
