21 0.19531250 0.37812500 0.10312500 0.21093750
14 0.30312500 0.37187500 0.11250000 0.19843750
16 0.41875000 0.37187500 0.10781250 0.20625000
16 0.53437500 0.35468750 0.11250000 0.20625000
8 0.65000000 0.33437500 0.09843750 0.20156250
4 0.75937500 0.33593750 0.09843750 0.21562500
18 0.20937500 0.63906250 0.10000000 0.22500000
7 0.32031250 0.62656250 0.10312500 0.22500000
4 0.44062500 0.61406250 0.11250000 0.22031250
21 0.28593750 0.10781250 0.10781250 0.18437500
17 0.62031250 0.10156250 0.10468750 0.17968750
4 0.40468750 0.12031250 0.09843750 0.20312500
