17 0.05937500 0.40000000 0.09843750 0.17187500
8 0.09375000 0.87656250 0.09375000 0.17968750
3 0.18593750 0.85625000 0.09375000 0.18906250
6 0.17187500 0.61718750 0.09531250 0.17968750
14 0.26250000 0.35937500 0.09843750 0.17500000
5 0.37343750 0.34531250 0.09375000 0.17968750
4 0.28906250 0.59062500 0.10312500 0.16250000
18 0.40000000 0.57343750 0.09375000 0.17968750
18 0.57187500 0.31718750 0.08750000 0.15000000
4 0.51250000 0.77031250 0.08750000 0.16250000
11 0.61875000 0.74843750 0.10312500 0.17656250
11 0.59062500 0.52812500 0.08750000 0.14843750
7 0.65781250 0.31562500 0.08125000 0.17031250
