21 0.21250000 0.29375000 0.10312500 0.20781250
14 0.32343750 0.29062500 0.10937500 0.20156250
16 0.44062500 0.30000000 0.10781250 0.20781250
16 0.55468750 0.30312500 0.11250000 0.20781250
8 0.66562500 0.30468750 0.09843750 0.20156250
4 0.78593750 0.31562500 0.09843750 0.21562500
18 0.20625000 0.56093750 0.10000000 0.22500000
7 0.31562500 0.56250000 0.10312500 0.22500000
4 0.44531250 0.56718750 0.11250000 0.22031250
21 0.55468750 0.80000000 0.11250000 0.22968750
3 0.89843750 0.31250000 0.10468750 0.21093750
