18 0.15000000 0.85468750 0.08593750 0.15000000
19 0.12187500 0.20781250 0.08750000 0.15312500
7 0.23750000 0.84062500 0.08281250 0.14531250
4 0.33281250 0.79218750 0.08593750 0.15000000
4 0.46562500 0.94375000 0.06718750 0.11250000
15 0.21562500 0.17968750 0.08281250 0.15312500
11 0.52343750 0.71562500 0.08593750 0.14375000
5 0.17656250 0.62812500 0.07656250 0.15312500
11 0.28593750 0.59062500 0.09062500 0.13593750
19 0.39218750 0.55937500 0.09062500 0.14531250
14 0.60468750 0.69062500 0.08281250 0.15000000
17 0.48125000 0.52031250 0.08125000 0.16718750
3 0.63593750 0.86250000 0.07812500 0.15781250
23 0.80000000 0.78437500 0.06718750 0.14062500
14 0.68437500 0.65625000 0.08750000 0.14375000
0 0.71562500 0.84062500 0.07343750 0.13437500
