8 0.03906250 0.86875000 0.07656250 0.16562500
3 0.13125000 0.85937500 0.09375000 0.18906250
6 0.09687500 0.62343750 0.09531250 0.18125000
14 0.17812500 0.36718750 0.09843750 0.17500000
5 0.29218750 0.34531250 0.09375000 0.17968750
4 0.20468750 0.60000000 0.10312500 0.16250000
18 0.31562500 0.58593750 0.09375000 0.17968750
18 0.50000000 0.32343750 0.09062500 0.16718750
4 0.44531250 0.79218750 0.08750000 0.16250000
11 0.55156250 0.75937500 0.08750000 0.17500000
11 0.52187500 0.52968750 0.08593750 0.14843750
7 0.58750000 0.31875000 0.08125000 0.17031250
14 0.61718750 0.51562500 0.09062500 0.15312500
14 0.73750000 0.71250000 0.09843750 0.17500000
12 0.64375000 0.73750000 0.08593750 0.17031250
