14 0.04375000 0.13437500 0.03593750 0.12187500
13 0.08750000 0.13281250 0.03750000 0.12968750
8 0.26953125 0.12343750 0.02968750 0.11875000
2 0.31406250 0.12031250 0.03593750 0.11718750
4 0.35937500 0.12343750 0.03593750 0.12343750
0 0.44921875 0.11484375 0.03593750 0.12812500
11 0.54218750 0.11484375 0.03906250 0.13281250
14 0.58593750 0.10937500 0.03593750 0.11718750
19 0.63046875 0.11250000 0.03593750 0.12343750
8 0.84375000 0.10781250 0.03281250 0.11562500
3 0.03281250 0.47187500 0.03593750 0.12656250
24 0.07812500 0.46875000 0.03593750 0.13593750
18 0.17109375 0.46796875 0.03906250 0.12968750
3 0.21796875 0.47109375 0.03593750 0.13437500
22 0.02812500 0.63906250 0.03750000 0.14375000
0 0.07578125 0.63671875 0.03593750 0.13750000
13 0.11953125 0.64453125 0.03906250 0.13750000
19 0.16875000 0.63750000 0.03750000 0.14062500
2 0.35937500 0.63671875 0.04062500 0.14843750
3 0.40546875 0.63515625 0.04062500 0.14687500
18 0.50078125 0.62187500 0.03750000 0.14062500
8 0.54765625 0.61875000 0.03593750 0.14687500
19 0.59296875 0.61796875 0.03593750 0.14531250
4 0.02421875 0.82421875 0.03593750 0.14687500
17 0.30781250 0.81015625 0.03750000 0.14531250
4 0.50234375 0.79296875 0.03593750 0.14062500
14 0.54921875 0.79687500 0.03437500 0.14218750
4 0.73906250 0.78359375 0.03593750 0.13593750
21 0.78359375 0.78125000 0.03906250 0.13750000
