19 0.67968750 0.21562500 0.05625000 0.14843750
13 0.74218750 0.22031250 0.05156250 0.15625000
20 0.74375000 0.40000000 0.05000000 0.13906250
0 0.68437500 0.40000000 0.05625000 0.14375000
9 0.62031250 0.22343750 0.05156250 0.14062500
6 0.80468750 0.20781250 0.05156250 0.14375000
4 0.80781250 0.40312500 0.05156250 0.15000000
7 0.61875000 0.40468750 0.05156250 0.13906250
14 0.68437500 0.59843750 0.05625000 0.14062500
2 0.61875000 0.59687500 0.05156250 0.14062500
19 0.74687500 0.59218750 0.05625000 0.13593750
16 0.80781250 0.59062500 0.05000000 0.13906250
17 0.87187500 0.58125000 0.04687500 0.15000000
17 0.93593750 0.75781250 0.05468750 0.14062500
16 0.81562500 0.77500000 0.05937500 0.13906250
9 0.87187500 0.76562500 0.05156250 0.14062500
8 0.75156250 0.77656250 0.05156250 0.14062500
1 0.68906250 0.78281250 0.05625000 0.14062500
