0 0.12890600 0.12597700 0.02148400 0.02148400
9 0.15136700 0.12467400 0.02148400 0.02148400
13 0.08154300 0.16569000 0.02050800 0.02148400
0 0.10644500 0.16341100 0.02148400 0.02213500
3 0.12890600 0.16113300 0.02148400 0.02148400
14 0.15234400 0.15852900 0.02148400 0.02148400
13 0.20019500 0.15397100 0.02148400 0.02148400
0 0.22460900 0.15136700 0.02343800 0.02278600
3 0.24951200 0.14908900 0.02246100 0.02213500
14 0.27490200 0.14648400 0.02246100 0.02213500
20 0.32568400 0.14192700 0.02246100 0.02213500
12 0.35058600 0.13867200 0.02343800 0.02343800
22 0.40332000 0.13444000 0.02343800 0.02278600
0 0.42968800 0.13216100 0.02343800 0.02343800
19 0.45605500 0.13020800 0.02343800 0.02343800
18 0.51074200 0.12467400 0.02343800 0.02408900
15 0.08203100 0.20052100 0.02148400 0.02213500
14 0.10644500 0.19921900 0.02148400 0.02213500
20 0.15234400 0.19531200 0.02148400 0.02213500
19 0.17627000 0.19335900 0.02050800 0.02213500
17 0.20068400 0.19108100 0.02246100 0.02278600
0 0.22460900 0.18912800 0.02148400 0.02278600
12 0.24951200 0.18652300 0.02246100 0.02278600
8 0.30127000 0.18196600 0.02246100 0.02278600
22 0.35253900 0.17675800 0.02343800 0.02408900
4 0.37841800 0.17480500 0.02441400 0.02408900
16 0.40429700 0.17285200 0.02343800 0.02408900
4 0.43066400 0.17057300 0.02343800 0.02474000
17 0.45752000 0.16829400 0.02441400 0.02408900
0 0.48535200 0.16601600 0.02343800 0.02474000
12 0.51171900 0.16373700 0.02343800 0.02408900
0 0.17724600 0.23014300 0.02246100 0.02278600
13 0.22558600 0.22558600 0.02148400 0.02278600
4 0.25097700 0.22330700 0.02148400 0.02343800
16 0.27587900 0.22135400 0.02246100 0.02343800
8 0.30175800 0.21907600 0.02148400 0.02278600
18 0.32666000 0.21679700 0.02246100 0.02343800
19 0.35302700 0.21484400 0.02246100 0.02343800
12 0.40576200 0.21061200 0.02246100 0.02408900
19 0.17773400 0.26757800 0.02148400 0.02343800
17 0.20214800 0.26562500 0.02148400 0.02343800
20 0.22656200 0.26367200 0.02148400 0.02343800
1 0.25097700 0.26171900 0.02148400 0.02343800
14 0.27636700 0.25911500 0.02148400 0.02343700
16 0.30224600 0.25748700 0.02246100 0.02408900
8 0.32812500 0.25553400 0.02343800 0.02408900
18 0.35351600 0.25358100 0.02343800 0.02408900
19 0.37939500 0.25162800 0.02246100 0.02408900
0 0.40576200 0.25032600 0.02246100 0.02408900
12 0.43310500 0.24837200 0.02246100 0.02408900
18 0.17724600 0.30436200 0.02246100 0.02408900
19 0.20214800 0.30240900 0.02148400 0.02408900
3 0.25244100 0.29817700 0.02246100 0.02474000
8 0.30322300 0.29492200 0.02246100 0.02474000
18 0.35498000 0.29231800 0.02246100 0.02474000
17 0.38134800 0.29036500 0.02246100 0.02474000
0 0.40673800 0.28906200 0.02246100 0.02474000
12 0.43359400 0.28710900 0.02343800 0.02474000
18 0.17773400 0.34114600 0.02148400 0.02343800
19 0.20263700 0.33984400 0.02246100 0.02343800
3 0.25341800 0.33691400 0.02246100 0.02408900
8 0.30371100 0.33365900 0.02148400 0.02408900
18 0.35546900 0.33072900 0.02148400 0.02343800
17 0.38232400 0.32975300 0.02246100 0.02408900
0 0.40771500 0.32779900 0.02246100 0.02408900
12 0.43457000 0.32649700 0.02343800 0.02408900
3 0.08496100 0.42122400 0.02148400 0.02343800
0 0.10839800 0.42024700 0.02148400 0.02278600
25 0.15527300 0.41862000 0.02148400 0.02343800
3 0.17968800 0.41796900 0.02148400 0.02343800
17 0.20410200 0.41666700 0.02148400 0.02343800
0 0.22851600 0.41569000 0.02148400 0.02408900
22 0.25390600 0.41438800 0.02148400 0.02408900
18 0.27978500 0.41341100 0.02246100 0.02474000
19 0.30517600 0.41210900 0.02246100 0.02474000
22 0.33056600 0.41113300 0.02246100 0.02539100
20 0.35791000 0.40983100 0.02246100 0.02539100
4 0.38427700 0.40885400 0.02246100 0.02474000
19 0.41113300 0.40787800 0.02343800 0.02539100
12 0.46533200 0.40559900 0.02246100 0.02474000
11 0.52099600 0.40364600 0.02246100 0.02474000
14 0.54980500 0.40266900 0.02343800 0.02539100
3 0.60791000 0.40071600 0.02441400 0.02539100
20 0.63720700 0.39941400 0.02441400 0.02539100
8 0.69677700 0.39746100 0.02441400 0.02539100
18 0.72705100 0.39615900 0.02441400 0.02539100
19 0.75634800 0.39518200 0.02441400 0.02604200
14 0.78759800 0.39355500 0.02441400 0.02539100
4 0.81835900 0.39322900 0.02539100 0.02474000
8 0.08642600 0.45996100 0.02246100 0.02408900
15 0.13183600 0.45800800 0.02148400 0.02408900
14 0.15576200 0.45735700 0.02246100 0.02408900
11 0.17919900 0.45670600 0.02246100 0.02408900
14 0.20459000 0.45540400 0.02246100 0.02408900
19 0.22949200 0.45507800 0.02148400 0.02474000
4 0.25488300 0.45442700 0.02148400 0.02474000
13 0.28027300 0.45377600 0.02148400 0.02474000
2 0.30664100 0.45345100 0.02148400 0.02408900
4 0.33203100 0.45117200 0.02343800 0.02474000
15 0.38525400 0.44987000 0.02246100 0.02474000
20 0.41259800 0.44889300 0.02246100 0.02539100
8 0.46630900 0.44759100 0.02246100 0.02539100
18 0.49462900 0.44628900 0.02246100 0.02539100
19 0.52294900 0.44563800 0.02246100 0.02539100
14 0.55175800 0.44466100 0.02343800 0.02604200
4 0.58105500 0.44368500 0.02343800 0.02539100
8 0.08691400 0.49772100 0.02148400 0.02408900
25 0.13330100 0.49609400 0.02050800 0.02343800
20 0.15722700 0.49544300 0.02148400 0.02343800
1 0.18115200 0.49479200 0.02050800 0.02343700
13 0.20556600 0.49414100 0.02050800 0.02343800
14 0.23095700 0.49381500 0.02050800 0.02408900
15 0.30712900 0.49218800 0.02246100 0.02474000
14 0.33349600 0.49153600 0.02246100 0.02474000
17 0.36084000 0.48990900 0.02246100 0.02539100
14 0.38720700 0.48925800 0.02246100 0.02539100
14 0.44091800 0.48860700 0.02246100 0.02539100
10 0.46777300 0.48795600 0.02148400 0.02539100
8 0.08789100 0.53483100 0.02148400 0.02278600
6 0.13525400 0.53418000 0.02050800 0.02278600
20 0.15869100 0.53385400 0.02050800 0.02343800
18 0.18310500 0.53320300 0.02050800 0.02343800
19 0.20703100 0.53320300 0.02148400 0.02343800
14 0.23144500 0.53255200 0.02148400 0.02343800
6 0.30908200 0.53157600 0.02246100 0.02408900
17 0.33544900 0.53092400 0.02246100 0.02408900
4 0.36181600 0.53059900 0.02246100 0.02474000
1 0.38818400 0.53027300 0.02246100 0.02408900
4 0.41552700 0.52962200 0.02246100 0.02408900
14 0.47021500 0.52897100 0.02246100 0.02408900
10 0.49755900 0.52864600 0.02246100 0.02474000
3 0.09082000 0.61067700 0.02148400 0.02343800
0 0.11474600 0.61067700 0.02050800 0.02343800
22 0.13867200 0.61067700 0.02148400 0.02343800
0 0.16259800 0.61067700 0.02050800 0.02343800
19 0.21191400 0.61100300 0.02148400 0.02408900
4 0.23535200 0.61100300 0.02148400 0.02408900
9 0.28710900 0.61132800 0.02148400 0.02474000
4 0.31250000 0.61132800 0.02148400 0.02474000
12 0.36523400 0.61132800 0.02148400 0.02474000
19 0.41943400 0.61132800 0.02246100 0.02474000
18 0.47265600 0.61132800 0.02148400 0.02474000
15 0.55712900 0.61165400 0.02246100 0.02539100
11 0.58642600 0.61165400 0.02246100 0.02539100
4 0.61621100 0.61165400 0.02343800 0.02539100
18 0.64502000 0.61165400 0.02246100 0.02539100
10 0.67480500 0.61132800 0.02343800 0.02604200
0 0.70507800 0.61132800 0.02343800 0.02604200
19 0.73584000 0.61132800 0.02441400 0.02604200
18 0.79736300 0.61132800 0.02441400 0.02604200
10 0.09277300 0.64908900 0.02148400 0.02343800
20 0.11523400 0.64908900 0.02148400 0.02343800
15 0.13964800 0.64974000 0.02148400 0.02343800
0 0.16308600 0.65006500 0.02148400 0.02408900
19 0.18847700 0.65006500 0.02148400 0.02408900
18 0.23828100 0.65039100 0.02148400 0.02343800
13 0.31445300 0.65104200 0.02148400 0.02474000
17 0.36718800 0.65169300 0.02148400 0.02474000
19 0.42089800 0.65201800 0.02148400 0.02408900
10 0.50293000 0.65364600 0.02148400 0.02474000
20 0.53125000 0.65397100 0.02343800 0.02539100
22 0.56054700 0.65397100 0.02343800 0.02539100
17 0.61816400 0.65429700 0.02343800 0.02604200
10 0.64648400 0.65429700 0.02343800 0.02604200
0 0.67578100 0.65429700 0.02343800 0.02604200
19 0.70605500 0.65429700 0.02343800 0.02604200
18 0.76709000 0.65462200 0.02441400 0.02669300
22 0.09472700 0.68424500 0.02148400 0.02343800
20 0.14062500 0.68684900 0.02148400 0.02343800
0 0.18945300 0.68815100 0.02148400 0.02343800
19 0.21484400 0.68880200 0.02148400 0.02343800
4 0.23974600 0.68945300 0.02050800 0.02343800
22 0.29101600 0.68977900 0.02148400 0.02408900
10 0.34277300 0.69075500 0.02148400 0.02474000
14 0.36914100 0.69173200 0.02148400 0.02539100
17 0.39502000 0.69205700 0.02246100 0.02474000
19 0.44970700 0.69303400 0.02246100 0.02539100
4 0.47705100 0.69335900 0.02246100 0.02474000
22 0.53271500 0.69466100 0.02246100 0.02474000
11 0.58984400 0.69563800 0.02343800 0.02539100
14 0.61914100 0.69596400 0.02343800 0.02604200
7 0.64892600 0.69628900 0.02246100 0.02539100
0 0.67675800 0.69661500 0.02343800 0.02604200
13 0.70800800 0.69726600 0.02343800 0.02604200
8 0.73828100 0.69726600 0.02343800 0.02604200
22 0.09619100 0.72363300 0.02050800 0.02278600
17 0.14306600 0.72493500 0.02050800 0.02278600
4 0.16650400 0.72558600 0.02050800 0.02278600
10 0.19189500 0.72656200 0.02050800 0.02213500
4 0.21679700 0.72753900 0.02148400 0.02278600
22 0.26757800 0.72884100 0.02148400 0.02408900
17 0.31835900 0.72981800 0.02148400 0.02474000
20 0.34423800 0.73046900 0.02246100 0.02474000
16 0.37060500 0.73144500 0.02246100 0.02408900
4 0.39746100 0.73242200 0.02148400 0.02474000
10 0.45166000 0.73339800 0.02246100 0.02539100
4 0.47851600 0.73437500 0.02148400 0.02474000
22 0.53466800 0.73567700 0.02246100 0.02474000
14 0.59130900 0.73763000 0.02246100 0.02474000
10 0.62109400 0.73763000 0.02343800 0.02604200
4 0.64990200 0.73828100 0.02441400 0.02604200
0 0.67919900 0.73893200 0.02441400 0.02604200
13 0.70947300 0.73958300 0.02441400 0.02604200
4 0.73925800 0.73990900 0.02343800 0.02669300
8 0.26855500 0.76725300 0.02148400 0.02408900
22 0.31982400 0.76920600 0.02246100 0.02408900
22 0.37304700 0.77181000 0.02343800 0.02408900
0 0.39892600 0.77246100 0.02246100 0.02408900
13 0.42529300 0.77343800 0.02246100 0.02474000
13 0.45263700 0.77408900 0.02246100 0.02474000
4 0.47998000 0.77506500 0.02246100 0.02408900
8 0.53564500 0.77734400 0.02246100 0.02604200
22 0.59326200 0.77897100 0.02246100 0.02669300
1 0.65136700 0.78059900 0.02343800 0.02604200
0 0.68115200 0.78157600 0.02246100 0.02669300
13 0.70996100 0.78255200 0.02343800 0.02604200
4 0.74072300 0.78255200 0.02441400 0.02604200
22 0.27050800 0.80664100 0.02148400 0.02343800
18 0.29589800 0.80761700 0.02148400 0.02408900
4 0.32177700 0.80891900 0.02246100 0.02408900
6 0.34814500 0.80989600 0.02246100 0.02343800
3 0.37451200 0.81119800 0.02246100 0.02474000
0 0.39941400 0.81217400 0.02343800 0.02539100
8 0.45410200 0.81412800 0.02343800 0.02539100
22 0.50927700 0.81640600 0.02246100 0.02474000
4 0.53808600 0.81738300 0.02343800 0.02539100
25 0.56640600 0.81868500 0.02343800 0.02539100
3 0.59472700 0.81998700 0.02343800 0.02539100
4 0.62353500 0.82128900 0.02246100 0.02539100
22 0.27148400 0.84570300 0.02148400 0.02343800
4 0.29687500 0.84700500 0.02148400 0.02343800
16 0.32275400 0.84830700 0.02246100 0.02343800
13 0.34863300 0.84960900 0.02148400 0.02343800
0 0.37451200 0.85091100 0.02246100 0.02343800
18 0.45507800 0.85481800 0.02148400 0.02343800
11 0.48242200 0.85612000 0.02148400 0.02343800
0 0.51025400 0.85709600 0.02246100 0.02408900
22 0.53857400 0.85839800 0.02246100 0.02408900
0 0.56738300 0.86035200 0.02343800 0.02539100
22 0.62402300 0.86263000 0.02343800 0.02474000
14 0.65332000 0.86393200 0.02343800 0.02474000
3 0.68261700 0.86523400 0.02343800 0.02474000
4 0.71240200 0.86653600 0.02441400 0.02474000
