19 0.66406250 0.42031250 0.05625000 0.14531250
13 0.72812500 0.41875000 0.05156250 0.15312500
20 0.73125000 0.60625000 0.05625000 0.15000000
0 0.66875000 0.60625000 0.05468750 0.13593750
17 0.79062500 0.22031250 0.06250000 0.14843750
9 0.60156250 0.42187500 0.05156250 0.13906250
6 0.78906250 0.41250000 0.05156250 0.14531250
4 0.79218750 0.60312500 0.05156250 0.15000000
7 0.60625000 0.61093750 0.05156250 0.13906250
14 0.67812500 0.79843750 0.05625000 0.14062500
2 0.61250000 0.79375000 0.05000000 0.14062500
19 0.73437500 0.79531250 0.05625000 0.13593750
16 0.79843750 0.78593750 0.05000000 0.13906250
17 0.85781250 0.77812500 0.04687500 0.15000000
4 0.92187500 0.77812500 0.04687500 0.14062500
11 0.85312500 0.40312500 0.05625000 0.15000000
