3 0.20312500 0.56718750 0.13125000 0.26875000
4 0.05625000 0.61406250 0.11250000 0.27031250
0 0.50312500 0.50937500 0.10468750 0.20312500
19 0.47968750 0.23906250 0.10937500 0.19375000
3 0.52500000 0.84218750 0.12187500 0.24687500
17 0.60781250 0.22187500 0.10468750 0.20156250
11 0.63750000 0.49218750 0.11875000 0.20156250
4 0.67500000 0.82031250 0.11406250 0.25156250
13 0.80156250 0.78750000 0.11718750 0.25937500
11 0.76250000 0.47187500 0.11875000 0.19687500
18 0.71562500 0.22500000 0.10000000 0.20781250
23 0.80937500 0.20781250 0.09531250 0.17656250
16 0.34062500 0.26250000 0.11875000 0.22500000
