11 0.26875000 0.09062500 0.03750000 0.11484375
11 0.31250000 0.09062500 0.03750000 0.12500000
4 0.61093750 0.07656250 0.03593750 0.12500000
0 0.98281250 0.07968750 0.03125000 0.11796875
19 0.27031250 0.24687500 0.03750000 0.12500000
5 0.39843750 0.24687500 0.03281250 0.12500000
11 0.52500000 0.24296875 0.03750000 0.12500000
7 0.65312500 0.24296875 0.03437500 0.12812500
11 0.74062500 0.23593750 0.03750000 0.12500000
18 0.86875000 0.23984375 0.03593750 0.12812500
11 0.90625000 0.23984375 0.04062500 0.12812500
24 0.94843750 0.23984375 0.04218750 0.13203125
7 0.27031250 0.40312500 0.03437500 0.12812500
13 0.60937500 0.39921875 0.03437500 0.11484375
12 0.78437500 0.39609375 0.03437500 0.12500000
10 0.87031250 0.39609375 0.03750000 0.12187500
4 0.90781250 0.39921875 0.03593750 0.12500000
13 0.98593750 0.39921875 0.02812500 0.11093750
9 0.10312500 0.56562500 0.03906250 0.12812500
0 0.14375000 0.56562500 0.03281250 0.12500000
18 0.18437500 0.56953125 0.03906250 0.12812500
14 0.22500000 0.56562500 0.03750000 0.12500000
13 0.26875000 0.56562500 0.03750000 0.12500000
22 0.39843750 0.56250000 0.03750000 0.11484375
17 0.44062500 0.56562500 0.03750000 0.12500000
19 0.78593750 0.55546875 0.03750000 0.12500000
17 0.06562500 0.72578125 0.03593750 0.12187500
18 0.22500000 0.72578125 0.03593750 0.11093750
3 0.61093750 0.72187500 0.03593750 0.12187500
0 0.82812500 0.72187500 0.03125000 0.11484375
3 0.91250000 0.71875000 0.03593750 0.12500000
5 0.06562500 0.88203125 0.03437500 0.12500000
0 0.10312500 0.87500000 0.03437500 0.11796875
4 0.44062500 0.88203125 0.03593750 0.12500000
17 0.52812500 0.87812500 0.03437500 0.12812500
14 0.56875000 0.87812500 0.03281250 0.12500000
11 0.65625000 0.88515625 0.03437500 0.13203125
21 0.87031250 0.87500000 0.03437500 0.12812500
8 0.91093750 0.87500000 0.03750000 0.13203125
