6 0.18652300 0.11100300 0.02539100 0.02408900
7 0.21679700 0.11263000 0.02343800 0.02343800
4 0.24609400 0.14811200 0.02343800 0.02408900
10 0.33349600 0.15136700 0.02441400 0.02408900
0 0.36328100 0.15266900 0.02343800 0.02408900
10 0.39355500 0.15364600 0.02343800 0.02343800
18 0.45166000 0.15625000 0.02441400 0.02343800
14 0.48046900 0.15690100 0.02343800 0.02343800
18 0.50878900 0.15787800 0.02343800 0.02278600
19 0.53662100 0.15983100 0.02246100 0.02278600
0 0.56494100 0.16080700 0.02246100 0.02213500
22 0.59228500 0.16210900 0.02246100 0.02213500
11 0.61962900 0.16341100 0.02246100 0.02213500
4 0.64697300 0.16438800 0.02246100 0.02278600
13 0.67334000 0.16569000 0.02246100 0.02278600
15 0.74951200 0.17122400 0.02050800 0.02083300
17 0.77392600 0.17285200 0.02050800 0.02148400
8 0.79638700 0.17480500 0.02050800 0.02148400
12 0.81787100 0.17643200 0.02050800 0.02083300
4 0.83789100 0.17871100 0.01953100 0.02148400
22 0.12451200 0.20931000 0.02441400 0.02278600
10 0.18554700 0.21126300 0.02343800 0.02278600
0 0.21679700 0.21256500 0.02343800 0.02278600
9 0.24658200 0.21354200 0.02246100 0.02213500
3 0.27587900 0.21451800 0.02246100 0.02278600
14 0.30615200 0.21549500 0.02246100 0.02213500
12 0.33544900 0.21647100 0.02246100 0.02278600
18 0.39453100 0.21842400 0.02343800 0.02278600
19 0.42334000 0.21940100 0.02246100 0.02213500
14 0.45166000 0.22037800 0.02246100 0.02278600
11 0.48095700 0.22102900 0.02246100 0.02278600
1 0.50927700 0.22168000 0.02246100 0.02278600
8 0.53759800 0.22265600 0.02246100 0.02213500
10 0.56543000 0.22395800 0.02148400 0.02213500
4 0.59326200 0.22526000 0.02246100 0.02213500
25 0.67431600 0.22851600 0.02246100 0.02213500
0 0.70019500 0.22981800 0.02148400 0.02213500
15 0.72509800 0.23112000 0.02050800 0.02083300
8 0.75048800 0.23242200 0.02050800 0.02083300
8 0.79687500 0.23502600 0.02148400 0.02083300
22 0.12451200 0.27506500 0.02441400 0.02278600
10 0.18603500 0.27701800 0.02441400 0.02278600
0 0.21728500 0.27799500 0.02441400 0.02213500
9 0.24707000 0.27897100 0.02343800 0.02278600
3 0.27685500 0.27962200 0.02441400 0.02278600
14 0.30664100 0.27994800 0.02343800 0.02213500
12 0.33642600 0.28092400 0.02246100 0.02278600
18 0.39502000 0.28222700 0.02246100 0.02278600
19 0.42382800 0.28320300 0.02343800 0.02213500
14 0.45263700 0.28418000 0.02246100 0.02278600
11 0.48193400 0.28450500 0.02246100 0.02343800
1 0.51025400 0.28548200 0.02246100 0.02278600
8 0.53857400 0.28613300 0.02246100 0.02278600
10 0.56591800 0.28743500 0.02246100 0.02278600
4 0.59423800 0.28808600 0.02246100 0.02278600
4 0.64794900 0.29003900 0.02246100 0.02278600
23 0.67480500 0.29069000 0.02148400 0.02278600
15 0.12548800 0.34277300 0.02441400 0.02408900
14 0.15625000 0.34342400 0.02343800 0.02408900
14 0.21728500 0.34440100 0.02441400 0.02343800
3 0.24755900 0.34505200 0.02441400 0.02343800
13 0.27832000 0.34570300 0.02343800 0.02343800
14 0.30664100 0.34635400 0.02343800 0.02343800
12 0.33691400 0.34668000 0.02343800 0.02278600
20 0.36572300 0.34733100 0.02246100 0.02278600
15 0.42480500 0.34863300 0.02343800 0.02278600
17 0.45361300 0.34928400 0.02246100 0.02278600
8 0.48193400 0.34993500 0.02246100 0.02278600
12 0.51123000 0.35026000 0.02246100 0.02213500
4 0.53906200 0.35026000 0.02148400 0.02213500
17 0.56689500 0.35091100 0.02246100 0.02213500
20 0.59472700 0.35188800 0.02148400 0.02148400
8 0.64892600 0.35351600 0.02246100 0.02213500
22 0.70117200 0.35481800 0.02148400 0.02213500
15 0.75146500 0.35644500 0.02050800 0.02148400
14 0.77490200 0.35774700 0.02050800 0.02148400
11 0.79785200 0.35839800 0.01953100 0.02148400
13 0.81982400 0.35937500 0.02050800 0.02083300
8 0.84033200 0.36067700 0.01855500 0.02083300
22 0.12500000 0.40983100 0.02343800 0.02408900
16 0.18652300 0.41080700 0.02343800 0.02343800
8 0.21679700 0.41080700 0.02343800 0.02343800
18 0.24755900 0.41145800 0.02441400 0.02343800
11 0.27783200 0.41145800 0.02246100 0.02343800
4 0.30761700 0.41178400 0.02343800 0.02278600
13 0.33740200 0.41210900 0.02246100 0.02343800
8 0.36621100 0.41276000 0.02343800 0.02343800
8 0.21679700 0.47753900 0.02343800 0.02278600
3 0.33789100 0.47819000 0.02343800 0.02278600
0 0.56787100 0.47949200 0.02246100 0.02278600
9 0.59668000 0.47981800 0.02148400 0.02213500
6 0.70214800 0.48079400 0.02148400 0.02278600
8 0.21777300 0.54459600 0.02343800 0.02278600
4 0.33886700 0.54427100 0.02343800 0.02343800
0 0.56933600 0.54394500 0.02148400 0.02148400
9 0.59765600 0.54394500 0.02148400 0.02148400
7 0.70312500 0.54329400 0.02148400 0.02148400
8 0.21826200 0.61197900 0.02246100 0.02343800
5 0.33837900 0.61067700 0.02246100 0.02343800
0 0.57080100 0.60872400 0.02246100 0.02343800
9 0.59814500 0.60839800 0.02246100 0.02278600
8 0.70410200 0.60644500 0.02148400 0.02278600
1 0.36962900 0.70996100 0.02246100 0.02278600
4 0.48730500 0.70800800 0.02148400 0.02148400
5 0.70605500 0.70182300 0.02148400 0.02213500
3 0.80127000 0.69889300 0.02050800 0.02148400
1 0.37011700 0.77669300 0.02343800 0.02343800
5 0.48828100 0.77343800 0.02343800 0.02343800
6 0.70654300 0.76529900 0.02050800 0.02148400
2 0.80224600 0.76106800 0.02050800 0.02213500
1 0.37158200 0.84342400 0.02246100 0.02278600
6 0.48925800 0.83919300 0.02148400 0.02213500
7 0.70800800 0.82942700 0.02148400 0.02213500
1 0.80517600 0.82421900 0.02050800 0.02213500
17 0.85839800 0.18294300 0.01953100 0.02213500
