12 0.26250000 0.07265625 0.04062500 0.13515625
15 0.30781250 0.06953125 0.04062500 0.13515625
14 0.49375000 0.07968750 0.03437500 0.13203125
19 0.67812500 0.08359375 0.03750000 0.12500000
13 0.94687500 0.09687500 0.03593750 0.12812500
19 0.81250000 0.26015625 0.03750000 0.12500000
14 0.77031250 0.25703125 0.03437500 0.12500000
6 0.72500000 0.25703125 0.02812500 0.12500000
0 0.49375000 0.25703125 0.03593750 0.12500000
24 0.26093750 0.24687500 0.03750000 0.12812500
0 0.21562500 0.24296875 0.03125000 0.12500000
22 0.17187500 0.24296875 0.03750000 0.13203125
0 0.13125000 0.24296875 0.03750000 0.13203125
14 0.17187500 0.42031250 0.03750000 0.13203125
4 0.26250000 0.41640625 0.03750000 0.12500000
11 0.30625000 0.42343750 0.03750000 0.13203125
18 0.35625000 0.42031250 0.04062500 0.12500000
4 0.40000000 0.42031250 0.04218750 0.12500000
7 0.17187500 0.58671875 0.03750000 0.12812500
21 0.26093750 0.58671875 0.04062500 0.12812500
4 0.30781250 0.58671875 0.03593750 0.11796875
8 0.49062500 0.59687500 0.03125000 0.11484375
19 0.67500000 0.60078125 0.03750000 0.13203125
23 0.90156250 0.60390625 0.03906250 0.13906250
3 0.62812500 0.77812500 0.03125000 0.12187500
15 0.30781250 0.76406250 0.03437500 0.12187500
3 0.12812500 0.93046875 0.03750000 0.12812500
17 0.17187500 0.92734375 0.03750000 0.13515625
0 0.21406250 0.93046875 0.03593750 0.12500000
0 0.40000000 0.93046875 0.04062500 0.12812500
6 0.49062500 0.93359375 0.03750000 0.13281250
17 0.53437500 0.93750000 0.03437500 0.12500000
7 0.71875000 0.93750000 0.03281250 0.12500000
3 0.80937500 0.93750000 0.03437500 0.12500000
12 0.93906250 0.93750000 0.03750000 0.12500000
