18 0.22656250 0.19218750 0.07343750 0.16562500
7 0.31406250 0.18281250 0.07812500 0.15781250
4 0.41250000 0.16875000 0.07187500 0.15625000
3 0.34062500 0.58593750 0.09062500 0.17031250
0 0.44375000 0.57500000 0.08281250 0.16093750
12 0.50468750 0.15937500 0.08281250 0.16562500
3 0.68437500 0.13125000 0.07343750 0.15781250
14 0.77031250 0.12656250 0.06718750 0.15781250
3 0.53750000 0.56250000 0.09062500 0.17187500
0 0.51250000 0.34843750 0.07812500 0.15312500
5 0.60625000 0.33906250 0.07812500 0.17187500
18 0.70468750 0.33125000 0.08750000 0.17968750
21 0.84687500 0.12031250 0.06875000 0.15625000
13 0.90781250 0.12343750 0.05937500 0.14843750
