2 0.14843750 0.10069444 0.03593750 0.12500000
19 0.22812500 0.09722222 0.03281250 0.12152778
17 0.26875000 0.09375000 0.03437500 0.12152778
24 0.31093750 0.09027778 0.03593750 0.12152778
6 0.14531250 0.25347222 0.03437500 0.12500000
14 0.18437500 0.25347222 0.03437500 0.13541667
2 0.31093750 0.24305556 0.03750000 0.12500000
17 0.35156250 0.24305556 0.03281250 0.12500000
14 0.39218750 0.24305556 0.03750000 0.12152778
18 0.43593750 0.24652778 0.03437500 0.12500000
18 0.47812500 0.24652778 0.03593750 0.13194444
2 0.56093750 0.23958333 0.03906250 0.12152778
19 0.64531250 0.23958333 0.03593750 0.12847222
17 0.68750000 0.23958333 0.03593750 0.11805556
24 0.73125000 0.24305556 0.03906250 0.12500000
18 0.80937500 0.24652778 0.03750000 0.11805556
10 0.85312500 0.25000000 0.03281250 0.13888889
8 0.89218750 0.24305556 0.03125000 0.12847222
13 0.17968750 0.39930556 0.03750000 0.12500000
20 0.22187500 0.39583333 0.03125000 0.11805556
20 0.13125000 0.72222222 0.03281250 0.12847222
12 0.25781250 0.88541667 0.03437500 0.13194444
24 0.30156250 0.88541667 0.03750000 0.13541667
3 0.39218750 0.87847222 0.04218750 0.14930556
0 0.43593750 0.87847222 0.03906250 0.14236111
3 0.47968750 0.87847222 0.03750000 0.14583333
21 0.56562500 0.87500000 0.04375000 0.14583333
14 0.61093750 0.87500000 0.04062500 0.14583333
11 0.65312500 0.87847222 0.03593750 0.14930556
20 0.69843750 0.87847222 0.04687500 0.15277778
13 0.74218750 0.87847222 0.03593750 0.13541667
19 0.78593750 0.87500000 0.03750000 0.13194444
4 0.82656250 0.87500000 0.03906250 0.13541667
