15 0.33125000 0.10078125 0.03750000 0.13203125
24 0.41406250 0.09687500 0.03593750 0.11484375
3 0.20468750 0.25000000 0.04062500 0.12500000
17 0.12187500 0.25000000 0.03750000 0.12812500
0 0.45625000 0.25703125 0.03750000 0.12187500
11 0.50000000 0.26015625 0.03593750 0.11484375
1 0.50000000 0.09375000 0.03125000 0.12187500
17 0.58750000 0.09687500 0.03750000 0.12187500
18 0.67500000 0.09687500 0.03906250 0.12500000
19 0.54375000 0.26406250 0.03593750 0.11796875
18 0.62812500 0.26406250 0.03437500 0.11796875
19 0.76093750 0.09687500 0.03750000 0.12500000
4 0.28593750 0.56953125 0.03125000 0.11093750
12 0.45625000 0.57656250 0.03437500 0.11484375
4 0.49843750 0.57656250 0.03125000 0.11484375
7 0.12187500 0.71875000 0.03437500 0.12187500
0 0.20156250 0.72187500 0.03750000 0.12500000
6 0.45468750 0.73984375 0.03281250 0.12812500
21 0.54062500 0.73593750 0.03750000 0.12500000
14 0.66875000 0.74687500 0.03281250 0.12187500
3 0.75625000 0.75000000 0.03437500 0.11796875
18 0.84218750 0.75703125 0.03750000 0.12500000
0 0.12187500 0.87500000 0.03437500 0.12500000
16 0.20156250 0.88906250 0.03906250 0.12812500
20 0.24062500 0.88515625 0.03750000 0.12500000
19 0.32500000 0.89609375 0.03750000 0.12187500
0 0.49687500 0.90312500 0.03281250 0.11484375
20 0.66875000 0.90937500 0.03125000 0.12187500
19 0.71250000 0.90625000 0.03437500 0.11484375
