22 0.41015600 0.06468000 0.02734400 0.03052300
4 0.44335900 0.06395300 0.02734400 0.03052300
18 0.47753900 0.06395300 0.02734400 0.03052300
13 0.51269500 0.06395300 0.02734400 0.03052300
0 0.54687500 0.06395300 0.02734400 0.03052300
1 0.16748000 0.11482600 0.02636700 0.03052300
11 0.23535200 0.11373500 0.02734400 0.03125000
0 0.26904300 0.11300900 0.02832000 0.03125000
22 0.34033200 0.11228200 0.02832000 0.03125000
4 0.37451200 0.11228200 0.02832000 0.03125000
18 0.40918000 0.11155500 0.02734400 0.03125000
13 0.44384800 0.11082800 0.02832000 0.03125000
0 0.47851600 0.11082800 0.02734400 0.03125000
25 0.61718800 0.11010200 0.02734400 0.03125000
22 0.65185500 0.10901200 0.02832000 0.03197700
14 0.68603500 0.10864800 0.02832000 0.03125000
13 0.71972700 0.10792200 0.02734400 0.03125000
10 0.75390600 0.10792200 0.02734400 0.03125000
14 0.78955100 0.10792200 0.02832000 0.03125000
15 0.10058600 0.16460800 0.02734400 0.03125000
4 0.13378900 0.16351700 0.02734400 0.03197700
11 0.16796900 0.16097400 0.02734400 0.03125000
22 0.23632800 0.16097400 0.02734400 0.03125000
10 0.30566400 0.16024700 0.02734400 0.03125000
20 0.34082000 0.15988400 0.02734400 0.03197700
18 0.37500000 0.15988400 0.02734400 0.03197700
19 0.41015600 0.15915700 0.02734400 0.03197700
0 0.44531200 0.15915700 0.02734400 0.03197700
7 0.47949200 0.15879400 0.02734400 0.03125000
18 0.54785200 0.15843000 0.02734400 0.03197700
14 0.58203100 0.15843000 0.02734400 0.03197700
11 0.61718800 0.15770300 0.02734400 0.03197700
14 0.65283200 0.15770300 0.02832000 0.03197700
22 0.68701200 0.15625000 0.02832000 0.03197700
4 0.72216800 0.15552300 0.02832000 0.03197700
22 0.13427700 0.21075600 0.02636700 0.03052300
15 0.20263700 0.20966600 0.02636700 0.03125000
14 0.23779300 0.20893900 0.02636700 0.03125000
11 0.27197300 0.20821200 0.02636700 0.03125000
7 0.34277300 0.20821200 0.02734400 0.03125000
25 0.41113300 0.20784900 0.02734400 0.03052300
22 0.44531200 0.20748500 0.02734400 0.03125000
20 0.48046900 0.20748500 0.02734400 0.03125000
16 0.51464800 0.20712200 0.02734400 0.03052300
0 0.54834000 0.20675900 0.02832000 0.03125000
11 0.58203100 0.20603200 0.02734400 0.03125000
0 0.61718800 0.20566900 0.02734400 0.03197700
15 0.68750000 0.20457800 0.02734400 0.03125000
4 0.72363300 0.20385200 0.02734400 0.03125000
18 0.75781200 0.20312500 0.02734400 0.03125000
13 0.79345700 0.20239800 0.02832000 0.03125000
15 0.10205100 0.25908400 0.02636700 0.03125000
19 0.13525400 0.25908400 0.02636700 0.03125000
8 0.16992200 0.25835800 0.02539100 0.03125000
2 0.20459000 0.25835800 0.02636700 0.03125000
22 0.13623000 0.30668600 0.02636700 0.03052300
8 0.17138700 0.30668600 0.02636700 0.03052300
11 0.20507800 0.30668600 0.02734400 0.03052300
8 0.24023400 0.30704900 0.02734400 0.03125000
6 0.30957000 0.30632300 0.02734400 0.03125000
13 0.34326200 0.30559600 0.02636700 0.03125000
25 0.41210900 0.30450600 0.02734400 0.03052300
3 0.44677700 0.30450600 0.02636700 0.03052300
0 0.48046900 0.30377900 0.02734400 0.03052300
6 0.55029300 0.30305200 0.02636700 0.03052300
17 0.58447300 0.30305200 0.02636700 0.03052300
0 0.61914100 0.30232600 0.02734400 0.03052300
16 0.65429700 0.30232600 0.02734400 0.03052300
8 0.68847700 0.30087200 0.02734400 0.03197700
18 0.13818400 0.35537800 0.02636700 0.03197700
10 0.17138700 0.35501500 0.02636700 0.03125000
22 0.20654300 0.35465100 0.02636700 0.03197700
0 0.24072300 0.35428800 0.02636700 0.03125000
17 0.27587900 0.35428800 0.02636700 0.03125000
2 0.31005900 0.35392400 0.02636700 0.03052300
25 0.41357400 0.35247100 0.02636700 0.03052300
0 0.44775400 0.35174400 0.02636700 0.03052300
13 0.48193400 0.35101700 0.02636700 0.03052300
11 0.55029300 0.35138100 0.02636700 0.03125000
8 0.58447300 0.35101700 0.02636700 0.03052300
18 0.65478500 0.34956400 0.02636700 0.03052300
22 0.68896500 0.34920100 0.02636700 0.03125000
14 0.72412100 0.34883700 0.02636700 0.03052300
8 0.75781200 0.34774700 0.02734400 0.03125000
18 0.10400400 0.40334300 0.02636700 0.03052300
10 0.13867200 0.40298000 0.02539100 0.02979700
22 0.17334000 0.40261600 0.02636700 0.03052300
14 0.20849600 0.40261600 0.02636700 0.03052300
17 0.24267600 0.40225300 0.02636700 0.02979700
4 0.27685500 0.40189000 0.02636700 0.03052300
16 0.31152300 0.40189000 0.02539100 0.03052300
13 0.34521500 0.40116300 0.02636700 0.03052300
8 0.38037100 0.40116300 0.02636700 0.03052300
10 0.41357400 0.40116300 0.02636700 0.03052300
8 0.44873000 0.40079900 0.02636700 0.03125000
17 0.58544900 0.39861900 0.02636700 0.03125000
4 0.61962900 0.39825600 0.02636700 0.03052300
1 0.65478500 0.39752900 0.02636700 0.03052300
19 0.72412100 0.39607600 0.02636700 0.03052300
0 0.75732400 0.39571200 0.02636700 0.03125000
17 0.82812500 0.39425900 0.02734400 0.03125000
0 0.86328100 0.39353200 0.02734400 0.03125000
3 0.10595700 0.45094500 0.02636700 0.02979700
15 0.20947300 0.45058100 0.02636700 0.03052300
4 0.24365200 0.44985500 0.02636700 0.03052300
17 0.27783200 0.44949100 0.02636700 0.03125000
13 0.31201200 0.44912800 0.02636700 0.03052300
0 0.34619100 0.44840100 0.02636700 0.03052300
19 0.38085900 0.44876500 0.02539100 0.02979700
12 0.44970700 0.44767400 0.02636700 0.03052300
6 0.51855500 0.44658400 0.02539100 0.02979700
14 0.55224600 0.44658400 0.02636700 0.02979700
18 0.58593800 0.44585800 0.02539100 0.02979700
19 0.62109400 0.44513100 0.02539100 0.02979700
12 0.68994100 0.44440400 0.02636700 0.02979700
18 0.10644500 0.49854700 0.02734400 0.03052300
11 0.14111300 0.49818300 0.02636700 0.02979700
14 0.17529300 0.49782000 0.02636700 0.03052300
9 0.24462900 0.49745600 0.02636700 0.02979700
4 0.27929700 0.49709300 0.02539100 0.03052300
13 0.34716800 0.49564000 0.02636700 0.03052300
8 0.38134800 0.49564000 0.02636700 0.03052300
4 0.41552700 0.49564000 0.02636700 0.03052300
20 0.14160200 0.54505800 0.02539100 0.03052300
15 0.17675800 0.54505800 0.02539100 0.03052300
17 0.21093800 0.54505800 0.02539100 0.03052300
0 0.34716800 0.54433100 0.02636700 0.03052300
0 0.14160200 0.59302300 0.02539100 0.03052300
0 0.17675800 0.59266000 0.02539100 0.02979700
7 0.31396500 0.59120600 0.02636700 0.02979700
0 0.45117200 0.59011600 0.02539100 0.03052300
8 0.48486300 0.58939000 0.02636700 0.03052300
0 0.14209000 0.64098800 0.02636700 0.03052300
6 0.17724600 0.63989800 0.02636700 0.03125000
3 0.31494100 0.63844500 0.02636700 0.03125000
0 0.45214800 0.63699100 0.02539100 0.03125000
2 0.48681600 0.63699100 0.02636700 0.03125000
1 0.14062500 0.68931700 0.02734400 0.03125000
4 0.24560500 0.68786300 0.02636700 0.03125000
0 0.38330100 0.68641000 0.02636700 0.03125000
9 0.41845700 0.68568300 0.02636700 0.03125000
8 0.14013700 0.73800900 0.02636700 0.03125000
2 0.28027300 0.73546500 0.02734400 0.03052300
2 0.41796900 0.73364800 0.02734400 0.03125000
