3 0.25312500 0.17500000 0.09375000 0.18437500
16 0.37812500 0.17500000 0.11250000 0.19687500
14 0.50468750 0.16250000 0.11875000 0.21562500
20 0.62656250 0.13281250 0.11406250 0.21093750
17 0.54843750 0.42968750 0.09843750 0.19843750
16 0.19218750 0.80000000 0.13437500 0.21875000
4 0.33125000 0.76875000 0.12500000 0.22812500
25 0.46562500 0.74843750 0.11406250 0.21562500
2 0.28750000 0.45937500 0.11718750 0.21250000
0 0.41718750 0.44687500 0.10781250 0.19687500
4 0.74531250 0.12968750 0.10937500 0.21093750
4 0.66562500 0.39375000 0.10312500 0.21875000
