0 0.11171875 0.37187500 0.09062500 0.12500000
1 0.20937500 0.36406250 0.08906250 0.11250000
2 0.30546875 0.36250000 0.08906250 0.11250000
3 0.40234375 0.36406250 0.08437500 0.10937500
4 0.50156250 0.36328125 0.08281250 0.10781250
5 0.59843750 0.36484375 0.08281250 0.11093750
6 0.69531250 0.36406250 0.08906250 0.11250000
7 0.79453125 0.36328125 0.08906250 0.11093750
8 0.89375000 0.36484375 0.08437500 0.11406250
9 0.10937500 0.59062500 0.09062500 0.11875000
10 0.20859375 0.58984375 0.08750000 0.11718750
11 0.30546875 0.58750000 0.08593750 0.11718750
12 0.40390625 0.58750000 0.08593750 0.11562500
13 0.50000000 0.58906250 0.08906250 0.11875000
14 0.59531250 0.59062500 0.08750000 0.11875000
15 0.69531250 0.59062500 0.07968750 0.11875000
16 0.79062500 0.58984375 0.08750000 0.12031250
17 0.89296875 0.58750000 0.07968750 0.12031250
18 0.15312500 0.81406250 0.08437500 0.12343750
19 0.25078125 0.81171875 0.08593750 0.12500000
20 0.34609375 0.81328125 0.07812500 0.12500000
21 0.44687500 0.81562500 0.08906250 0.12343750
22 0.54375000 0.81328125 0.08125000 0.12187500
23 0.63906250 0.81484375 0.08906250 0.11875000
24 0.74062500 0.81250000 0.08906250 0.12343750
25 0.83671875 0.81250000 0.08281250 0.11718750
