12 0.19687500 0.06597222 0.03750000 0.13194444
4 0.24062500 0.06250000 0.03750000 0.12500000
4 0.33281250 0.06250000 0.03906250 0.12500000
8 0.47343750 0.05902778 0.03750000 0.11805556
11 0.56875000 0.05902778 0.03750000 0.11805556
11 0.60937500 0.06250000 0.04218750 0.12500000
6 0.70625000 0.06250000 0.04062500 0.12152778
4 0.75156250 0.06250000 0.03750000 0.12152778
11 0.75312500 0.22569444 0.03750000 0.12500000
11 0.70625000 0.22569444 0.03593750 0.13194444
18 0.47500000 0.22916667 0.03593750 0.12500000
13 0.20000000 0.23263889 0.04062500 0.13194444
18 0.15468750 0.40625000 0.03750000 0.12500000
11 0.20000000 0.40277778 0.03750000 0.13194444
8 0.24687500 0.40277778 0.03437500 0.12847222
3 0.28906250 0.40277778 0.03437500 0.13541667
14 0.56562500 0.39930556 0.03750000 0.12500000
17 0.61250000 0.39930556 0.03281250 0.12500000
11 0.65937500 0.57638889 0.03750000 0.13888889
0 0.61093750 0.57986111 0.03750000 0.13541667
11 0.38125000 0.57638889 0.03593750 0.12847222
13 0.29062500 0.57986111 0.03750000 0.12500000
20 0.24531250 0.57638889 0.03750000 0.11805556
8 0.07187500 0.57291667 0.03906250 0.13194444
17 0.02812500 0.57638889 0.03125000 0.12500000
18 0.47343750 0.74652778 0.03437500 0.11458333
4 0.61250000 0.75000000 0.03750000 0.12847222
12 0.75156250 0.75000000 0.03750000 0.12500000
13 0.66093750 0.92361111 0.03750000 0.13194444
18 0.42968750 0.92361111 0.03593750 0.12152778
