2 0.14843750 0.10078125 0.03593750 0.12500000
19 0.22812500 0.09687500 0.03281250 0.12187500
17 0.26875000 0.09375000 0.03437500 0.12187500
24 0.31093750 0.09062500 0.03593750 0.12187500
6 0.14531250 0.25312500 0.03437500 0.12500000
14 0.18437500 0.25312500 0.03437500 0.13515625
2 0.31093750 0.24296875 0.03750000 0.12500000
17 0.35156250 0.24296875 0.03281250 0.12500000
14 0.39218750 0.24296875 0.03750000 0.12187500
18 0.43593750 0.24687500 0.03437500 0.12500000
18 0.47812500 0.24687500 0.03593750 0.13203125
2 0.56093750 0.23984375 0.03906250 0.12187500
19 0.64531250 0.23984375 0.03593750 0.12812500
17 0.68750000 0.23984375 0.03593750 0.11796875
24 0.73125000 0.24296875 0.03906250 0.12500000
18 0.80937500 0.24687500 0.03750000 0.11796875
10 0.85312500 0.25000000 0.03281250 0.13906250
8 0.89218750 0.24296875 0.03125000 0.12812500
13 0.17968750 0.39921875 0.03750000 0.12500000
20 0.22187500 0.39609375 0.03125000 0.11796875
20 0.13125000 0.72187500 0.03281250 0.12812500
12 0.25781250 0.88515625 0.03437500 0.13203125
24 0.30156250 0.88515625 0.03750000 0.13515625
3 0.39218750 0.87812500 0.04218750 0.14921875
0 0.43593750 0.87812500 0.03906250 0.14218750
3 0.47968750 0.87812500 0.03750000 0.14609375
21 0.56562500 0.87500000 0.04375000 0.14609375
14 0.61093750 0.87500000 0.04062500 0.14609375
11 0.65312500 0.87812500 0.03593750 0.14921875
20 0.69843750 0.87812500 0.04687500 0.15312500
13 0.74218750 0.87812500 0.03593750 0.13515625
19 0.78593750 0.87500000 0.03750000 0.13203125
4 0.82656250 0.87500000 0.03906250 0.13515625
