8 0.08837900 0.18782600 0.02246100 0.02148400
8 0.11669900 0.18750000 0.02246100 0.02213500
2 0.14453100 0.21809900 0.02148400 0.02083300
6 0.71435500 0.22395800 0.01855500 0.02083300
6 0.73584000 0.22460900 0.02050800 0.02083300
20 0.08740200 0.27734400 0.02246100 0.02083300
12 0.11572300 0.27766900 0.02246100 0.02148400
4 0.14502000 0.27799500 0.02246100 0.02083300
13 0.17334000 0.27864600 0.02246100 0.02083300
8 0.25732400 0.28059900 0.02246100 0.02083300
13 0.31152300 0.28190100 0.02148400 0.02083300
0 0.33837900 0.28255200 0.02246100 0.02083300
1 0.41601600 0.28613300 0.02148400 0.02018200
0 0.11669900 0.36979200 0.02246100 0.02343800
9 0.14502000 0.36979200 0.02246100 0.02343800
7 0.25830100 0.37109400 0.02050800 0.02213500
5 0.36669900 0.37369800 0.02050800 0.02083300
3 0.46826200 0.37597700 0.02050800 0.02148400
1 0.56494100 0.37825500 0.02050800 0.02083300
20 0.08886700 0.46256500 0.02148400 0.02148400
22 0.11865200 0.46256500 0.02246100 0.02148400
4 0.14697300 0.46256500 0.02246100 0.02148400
11 0.17578100 0.46256500 0.02148400 0.02148400
8 0.20459000 0.46256500 0.02246100 0.02148400
16 0.23339800 0.46256500 0.02148400 0.02148400
13 0.31543000 0.46224000 0.02148400 0.02083300
0 0.34228500 0.46224000 0.02050800 0.02083300
2 0.42041000 0.46224000 0.02050800 0.02083300
9 0.12109400 0.55696600 0.02343800 0.02408900
2 0.23535200 0.55501300 0.02343800 0.02408900
6 0.34423800 0.55208300 0.02050800 0.02213500
5 0.44824200 0.55013000 0.02148400 0.02213500
4 0.54736300 0.54817700 0.02050800 0.02213500
3 0.12597700 0.68196600 0.02343800 0.02278600
14 0.26757800 0.67675800 0.02148400 0.02148400
0 0.09863300 0.74576800 0.02343800 0.02148400
9 0.12841800 0.74446600 0.02246100 0.02148400
7 0.27099600 0.73763000 0.02246100 0.02213500
0 0.37890600 0.73144500 0.02148400 0.02148400
5 0.57910200 0.71809900 0.02148400 0.02083300
1 0.67089800 0.71158900 0.01953100 0.01953100
5 0.77929700 0.70410200 0.01953100 0.02018200
0 0.10205100 0.80794300 0.02246100 0.02213500
9 0.13134800 0.80664100 0.02246100 0.02213500
8 0.27392600 0.79785200 0.02246100 0.02148400
0 0.38134800 0.79069000 0.02050800 0.02148400
6 0.58105500 0.77474000 0.02148400 0.02083300
1 0.67382800 0.76692700 0.01953100 0.01953100
6 0.78222700 0.75748700 0.01953100 0.02018200
0 0.35839800 0.85156200 0.02148400 0.02083300
9 0.38378900 0.84928400 0.02148400 0.02018200
9 0.51074200 0.83789100 0.02148400 0.02083300
9 0.36132800 0.90950500 0.02148400 0.02083300
5 0.48925800 0.89713500 0.02148400 0.02083300
5 0.58642600 0.88639300 0.02050800 0.02018200
