18 0.56875000 0.06944444 0.03437500 0.12152778
1 0.95000000 0.08333333 0.02968750 0.10416667
3 0.16406250 0.23611111 0.03593750 0.12152778
10 0.30000000 0.23958333 0.03906250 0.11805556
18 0.16562500 0.40972222 0.03593750 0.12500000
0 0.20781250 0.40972222 0.03437500 0.13194444
11 0.25468750 0.40972222 0.04062500 0.13541667
19 0.30000000 0.40625000 0.03437500 0.13194444
24 0.57031250 0.40625000 0.03437500 0.12500000
4 0.61406250 0.40625000 0.03437500 0.12500000
15 0.12031250 0.57986111 0.03593750 0.13194444
8 0.16406250 0.57986111 0.03437500 0.12847222
15 0.20937500 0.57986111 0.03593750 0.12152778
4 0.25156250 0.57986111 0.03750000 0.12847222
18 0.43593750 0.74305556 0.03593750 0.14236111
18 0.12187500 0.91319444 0.03593750 0.13541667
4 0.16406250 0.90972222 0.03593750 0.12847222
15 0.20781250 0.90972222 0.03906250 0.13194444
17 0.29843750 0.91319444 0.03437500 0.12847222
0 0.34375000 0.91319444 0.03437500 0.12500000
19 0.39218750 0.91319444 0.03750000 0.12847222
4 0.43593750 0.90972222 0.03593750 0.13194444
6 0.87343750 0.89930556 0.03437500 0.12847222
