18 0.03750000 0.23750000 0.07187500 0.16562500
7 0.10937500 0.22187500 0.07812500 0.16093750
4 0.19218750 0.21093750 0.07656250 0.17187500
3 0.09687500 0.63906250 0.08593750 0.15781250
0 0.19375000 0.63750000 0.08281250 0.16093750
12 0.28906250 0.19062500 0.08125000 0.16562500
3 0.47343750 0.16875000 0.07656250 0.16718750
14 0.56718750 0.16718750 0.08125000 0.16093750
3 0.29843750 0.62343750 0.09062500 0.17187500
0 0.29375000 0.39843750 0.07812500 0.15312500
5 0.39531250 0.39375000 0.07812500 0.17187500
18 0.47968750 0.36875000 0.08750000 0.17656250
21 0.65468750 0.15468750 0.07812500 0.16562500
13 0.73750000 0.14218750 0.07343750 0.16093750
11 0.52187500 0.81718750 0.09375000 0.17968750
0 0.41875000 0.83750000 0.08593750 0.17656250
18 0.50312500 0.57968750 0.09375000 0.16718750
4 0.57500000 0.37968750 0.08593750 0.17187500
16 0.67500000 0.35468750 0.08281250 0.16718750
14 0.59687500 0.57187500 0.08750000 0.17031250
11 0.62812500 0.80156250 0.10468750 0.17968750
11 0.68593750 0.55937500 0.08593750 0.16250000
