2 0.16250000 0.07986111 0.03437500 0.11805556
19 0.25625000 0.08680556 0.03906250 0.11458333
24 0.34687500 0.09722222 0.03437500 0.12152778
4 0.39062500 0.10416667 0.03593750 0.11111111
13 0.47812500 0.11111111 0.03593750 0.11458333
15 0.77031250 0.12847222 0.03593750 0.11458333
4 0.72812500 0.12847222 0.03437500 0.11458333
4 0.68593750 0.12847222 0.03125000 0.12152778
18 0.93593750 0.13541667 0.03593750 0.11111111
14 0.93437500 0.29513889 0.03437500 0.11458333
20 0.68437500 0.44444444 0.03437500 0.11111111
11 0.72812500 0.44097222 0.03593750 0.11458333
14 0.97656250 0.45138889 0.03437500 0.11111111
9 0.93593750 0.45138889 0.03281250 0.11458333
0 0.20156250 0.59027778 0.03437500 0.11805556
22 0.47500000 0.59375000 0.03593750 0.11805556
17 0.51718750 0.59722222 0.03437500 0.11458333
6 0.64375000 0.59722222 0.03281250 0.11458333
0 0.20312500 0.76041667 0.03906250 0.11458333
11 0.24843750 0.76041667 0.03437500 0.11805556
6 0.51718750 0.75694444 0.03281250 0.11805556
19 0.68437500 0.75694444 0.03437500 0.11111111
0 0.76718750 0.75694444 0.03437500 0.11458333
19 0.97343750 0.76041667 0.03437500 0.11111111
4 0.64218750 0.92013889 0.03437500 0.12500000
