18 0.05156250 0.73750000 0.10312500 0.20781250
7 0.15625000 0.71250000 0.11406250 0.21562500
8 0.10312500 0.43437500 0.10781250 0.21875000
13 0.23593750 0.40937500 0.10468750 0.23437500
4 0.27187500 0.67968750 0.10781250 0.21250000
16 0.39062500 0.65468750 0.10937500 0.21093750
4 0.07656250 0.16250000 0.09843750 0.20781250
13 0.20468750 0.13593750 0.10312500 0.21250000
2 0.47031250 0.34375000 0.10781250 0.23281250
4 0.54062500 0.87812500 0.10312500 0.21562500
4 0.51406250 0.61250000 0.11250000 0.21875000
3 0.66562500 0.84218750 0.10937500 0.21875000
0 0.59531250 0.33281250 0.10312500 0.24218750
