0 0.16748000 0.08575600 0.02246100 0.02470900
5 0.19384800 0.08430200 0.02246100 0.02470900
12 0.14209000 0.11991300 0.02246100 0.02616300
4 0.16845700 0.11954900 0.02246100 0.02543600
3 0.19482400 0.11954900 0.02246100 0.02543600
22 0.22216800 0.11882300 0.02246100 0.02543600
4 0.25048800 0.11882300 0.02246100 0.02543600
3 0.27880900 0.11736900 0.02246100 0.02689000
25 0.14062500 0.18968000 0.02148400 0.02470900
0 0.16748000 0.18968000 0.02050800 0.02470900
17 0.19433600 0.18931700 0.02148400 0.02543600
4 0.22265600 0.18931700 0.02148400 0.02543600
22 0.25048800 0.18895300 0.02050800 0.02470900
4 0.27929700 0.18859000 0.02148400 0.02543600
11 0.30761700 0.18859000 0.02148400 0.02543600
12 0.14209000 0.26090100 0.02246100 0.02470900
4 0.16992200 0.26090100 0.02148400 0.02470900
3 0.19677700 0.26090100 0.02246100 0.02470900
22 0.22412100 0.26053800 0.02246100 0.02543600
4 0.25146500 0.26053800 0.02246100 0.02543600
3 0.28076200 0.25981100 0.02246100 0.02543600
8 0.14209000 0.33175900 0.02246100 0.02398300
13 0.19482400 0.33139500 0.02246100 0.02470900
0 0.22412100 0.33175900 0.02246100 0.02398300
25 0.27978500 0.33103200 0.02246100 0.02398300
11 0.30908200 0.33103200 0.02246100 0.02398300
14 0.33740200 0.33066900 0.02246100 0.02470900
6 0.36474600 0.33030500 0.02246100 0.02543600
14 0.39355500 0.33030500 0.02343800 0.02543600
22 0.44921900 0.32994200 0.02343800 0.02616300
17 0.47753900 0.32957800 0.02343800 0.02543600
0 0.50585900 0.32957800 0.02343800 0.02543600
6 0.53418000 0.32921500 0.02343800 0.02616300
0 0.56445300 0.32921500 0.02343800 0.02616300
13 0.14257800 0.40261600 0.02148400 0.02470900
0 0.16992200 0.40298000 0.02148400 0.02543600
11 0.19677700 0.40298000 0.02050800 0.02543600
4 0.22460900 0.40298000 0.02148400 0.02543600
19 0.25293000 0.40261600 0.02148400 0.02470900
4 0.28027300 0.40261600 0.02148400 0.02470900
11 0.30957000 0.40261600 0.02148400 0.02470900
12 0.14257800 0.47311000 0.02148400 0.02470900
4 0.17089800 0.47311000 0.02148400 0.02470900
3 0.19726600 0.47311000 0.02148400 0.02470900
22 0.22509800 0.47311000 0.02246100 0.02470900
4 0.25341800 0.47311000 0.02246100 0.02470900
3 0.28173800 0.47311000 0.02246100 0.02470900
20 0.14355500 0.54360500 0.02148400 0.02470900
9 0.16992200 0.54360500 0.02148400 0.02470900
14 0.22509800 0.54433100 0.02246100 0.02470900
13 0.25293000 0.54396800 0.02148400 0.02543600
12 0.31054700 0.54396800 0.02148400 0.02543600
11 0.36669900 0.54396800 0.02246100 0.02543600
4 0.42382800 0.54396800 0.02148400 0.02543600
6 0.45068400 0.54324100 0.02246100 0.02543600
14 0.47802700 0.54324100 0.02246100 0.02543600
8 0.14257800 0.61446200 0.02148400 0.02398300
11 0.19628900 0.61518900 0.02148400 0.02398300
14 0.22460900 0.61518900 0.02148400 0.02398300
12 0.25293000 0.61555200 0.02148400 0.02325600
0 0.28222700 0.61591600 0.02148400 0.02398300
11 0.31005900 0.61555200 0.02246100 0.02616300
4 0.36718800 0.61518900 0.02148400 0.02543600
6 0.39550800 0.61482600 0.02148400 0.02470900
14 0.42285200 0.61482600 0.02148400 0.02470900
15 0.16992200 0.68677300 0.02148400 0.02616300
14 0.19775400 0.68677300 0.02246100 0.02616300
3 0.22509800 0.68677300 0.02246100 0.02616300
0 0.25341800 0.68713700 0.02246100 0.02543600
22 0.28173800 0.68713700 0.02246100 0.02543600
0 0.31103500 0.68713700 0.02246100 0.02543600
18 0.39599600 0.68713700 0.02246100 0.02543600
3 0.45166000 0.68713700 0.02246100 0.02543600
0 0.47998000 0.68713700 0.02246100 0.02543600
13 0.14355500 0.75799400 0.02148400 0.02470900
0 0.17089800 0.75799400 0.02148400 0.02470900
4 0.22607400 0.75799400 0.02246100 0.02470900
18 0.28222700 0.75835800 0.02148400 0.02543600
14 0.31054700 0.75872100 0.02148400 0.02470900
11 0.33837900 0.75835800 0.02246100 0.02543600
13 0.36718800 0.75908400 0.02148400 0.02543600
10 0.45166000 0.75944800 0.02246100 0.02616300
14 0.47949200 0.75981100 0.02148400 0.02543600
8 0.14404300 0.82885200 0.02246100 0.02543600
18 0.17138700 0.82957800 0.02246100 0.02543600
15 0.19775400 0.82957800 0.02246100 0.02543600
20 0.22607400 0.82957800 0.02246100 0.02543600
6 0.25439500 0.83030500 0.02246100 0.02543600
0 0.28271500 0.83030500 0.02246100 0.02543600
11 0.31103500 0.83030500 0.02246100 0.02543600
18 0.34033200 0.83066900 0.02246100 0.02616300
10 0.42431600 0.83066900 0.02246100 0.02470900
17 0.45214800 0.83175900 0.02343800 0.02543600
14 0.47949200 0.83212200 0.02343800 0.02616300
10 0.50878900 0.83248500 0.02343800 0.02543600
14 0.53759800 0.83284900 0.02246100 0.02616300
3 0.56738300 0.83321200 0.02343800 0.02543600
8 0.59668000 0.83357600 0.02343800 0.02616300
11 0.62402300 0.83357600 0.02343800 0.02616300
25 0.14550800 0.89970900 0.02148400 0.02470900
0 0.17236300 0.90007300 0.02246100 0.02398300
22 0.19873000 0.90043600 0.02246100 0.02470900
14 0.22705100 0.90043600 0.02246100 0.02470900
15 0.25439500 0.90116300 0.02246100 0.02470900
8 0.28369100 0.90116300 0.02246100 0.02470900
11 0.31201200 0.90152600 0.02246100 0.02543600
25 0.36914100 0.90225300 0.02343800 0.02543600
0 0.39843800 0.90225300 0.02343800 0.02543600
6 0.42529300 0.90298000 0.02246100 0.02543600
14 0.45214800 0.90298000 0.02343800 0.02543600
11 0.48046900 0.90370600 0.02343800 0.02543600
14 0.50976600 0.90443300 0.02343800 0.02543600
18 0.53906200 0.90479700 0.02343800 0.02616300
8 0.56738300 0.90516000 0.02343800 0.02543600
11 0.59619100 0.90588700 0.02441400 0.02543600
