0 0.09687500 0.13906250 0.09687500 0.17031250
1 0.20234375 0.13750000 0.09062500 0.17343750
2 0.30000000 0.13671875 0.07343750 0.15937500
3 0.40390625 0.13359375 0.07500000 0.16562500
4 0.50781250 0.14062500 0.07656250 0.16250000
5 0.61484375 0.14375000 0.07500000 0.16250000
6 0.71484375 0.13906250 0.07500000 0.16562500
7 0.81796875 0.13906250 0.08281250 0.17656250
8 0.91953125 0.13515625 0.08125000 0.17343750
9 0.09375000 0.48125000 0.08281250 0.16250000
10 0.20078125 0.48125000 0.08437500 0.15625000
11 0.30390625 0.48281250 0.08125000 0.17031250
12 0.40312500 0.48281250 0.07656250 0.16562500
13 0.50703125 0.48125000 0.07500000 0.15625000
14 0.61171875 0.47890625 0.07500000 0.15625000
15 0.71406250 0.48046875 0.07656250 0.16562500
16 0.81875000 0.48281250 0.07656250 0.17656250
17 0.92031250 0.48593750 0.07187500 0.16562500
18 0.14296875 0.81093750 0.07656250 0.16875000
19 0.24531250 0.80937500 0.07812500 0.16562500
20 0.34921875 0.81250000 0.07343750 0.17656250
21 0.44843750 0.80859375 0.07656250 0.17343750
22 0.55781250 0.80937500 0.07812500 0.17031250
23 0.65781250 0.81250000 0.07656250 0.16562500
24 0.76171875 0.80937500 0.07500000 0.16562500
25 0.87265625 0.81250000 0.07031250 0.16562500
