18 0.05000000 0.15781250 0.09843750 0.20156250
25 0.15781250 0.14531250 0.10000000 0.18437500
17 0.49687500 0.10000000 0.08750000 0.16250000
4 0.06875000 0.70781250 0.10937500 0.21093750
22 0.19843750 0.66875000 0.11406250 0.23437500
18 0.33125000 0.63125000 0.10468750 0.20156250
14 0.35781250 0.90156250 0.10781250 0.19687500
13 0.48750000 0.85156250 0.09531250 0.20312500
18 0.56093750 0.54843750 0.09531250 0.18437500
0 0.58593750 0.09375000 0.08125000 0.15312500
4 0.59687500 0.81406250 0.09375000 0.19375000
8 0.67656250 0.09687500 0.07656250 0.15781250
7 0.65312500 0.54375000 0.09062500 0.18125000
