11 0.08125000 0.63750000 0.09062500 0.14375000
19 0.17968750 0.61093750 0.10000000 0.14843750
4 0.27968750 0.59062500 0.09062500 0.16250000
25 0.39218750 0.54687500 0.08125000 0.13906250
3 0.14218750 0.85000000 0.08750000 0.15781250
14 0.23125000 0.82343750 0.08593750 0.15312500
21 0.33906250 0.77968750 0.09062500 0.16250000
13 0.43281250 0.74531250 0.08281250 0.16718750
18 0.55468750 0.89687500 0.08593750 0.16250000
7 0.63906250 0.86718750 0.08125000 0.15625000
12 0.10625000 0.18437500 0.07343750 0.14531250
0 0.20156250 0.16093750 0.07656250 0.15312500
3 0.30000000 0.12968750 0.08281250 0.16093750
18 0.60625000 0.66562500 0.08593750 0.14375000
19 0.58593750 0.07500000 0.08593750 0.13593750
4 0.40156250 0.11250000 0.08125000 0.15625000
16 0.72500000 0.83125000 0.08125000 0.13593750
7 0.68593750 0.64375000 0.07812500 0.14843750
