13 0.10595700 0.09229700 0.02246100 0.02470900
0 0.13037100 0.08975300 0.02246100 0.02398300
3 0.15625000 0.08575600 0.02343800 0.02470900
14 0.18310500 0.08284900 0.02246100 0.02470900
22 0.23486300 0.07812500 0.02246100 0.02543600
10 0.31884800 0.07049400 0.02246100 0.02470900
20 0.40234400 0.06177300 0.02343800 0.02470900
22 0.10644500 0.12645300 0.02148400 0.02470900
3 0.15625000 0.12100300 0.02148400 0.02398300
4 0.18212900 0.11918600 0.02246100 0.02470900
22 0.20752000 0.11664200 0.02246100 0.02398300
19 0.26123000 0.11082800 0.02246100 0.02398300
13 0.10498000 0.15843000 0.02050800 0.02325600
0 0.12890600 0.15843000 0.02148400 0.02470900
16 0.15429700 0.15625000 0.02148400 0.02470900
8 0.18066400 0.15370600 0.02148400 0.02543600
13 0.20556600 0.15152600 0.02246100 0.02543600
0 0.23291000 0.14898300 0.02246100 0.02470900
4 0.26025400 0.14680200 0.02246100 0.02470900
19 0.28759800 0.14462200 0.02246100 0.02470900
18 0.31494100 0.14244200 0.02246100 0.02470900
10 0.15380900 0.19077000 0.02246100 0.02543600
3 0.20605500 0.18713700 0.02148400 0.02543600
4 0.23193400 0.18532000 0.02246100 0.02470900
22 0.26025400 0.18314000 0.02246100 0.02470900
19 0.31591800 0.17950600 0.02246100 0.02470900
8 0.34179700 0.17732600 0.02148400 0.02470900
1 0.40234400 0.17223800 0.02148400 0.02470900
4 0.43261700 0.17151200 0.02148400 0.02470900
25 0.46191400 0.17078500 0.02148400 0.02470900
3 0.15283200 0.22638100 0.02246100 0.02543600
4 0.17822300 0.22529100 0.02246100 0.02616300
19 0.20507800 0.22311000 0.02343800 0.02616300
12 0.25927700 0.21947700 0.02246100 0.02616300
18 0.31543000 0.21548000 0.02343800 0.02543600
15 0.34326200 0.21402600 0.02441400 0.02543600
0 0.37255900 0.21257300 0.02441400 0.02543600
19 0.40185500 0.21111900 0.02441400 0.02543600
19 0.71582000 0.20130800 0.02343800 0.02616300
8 0.74707000 0.20167200 0.02539100 0.02689000
0 0.15283200 0.26199100 0.02246100 0.02543600
13 0.20459000 0.25908400 0.02246100 0.02543600
4 0.23144500 0.25763100 0.02148400 0.02543600
11 0.28613300 0.25508700 0.02148400 0.02616300
9 0.34277300 0.25181700 0.02343800 0.02689000
4 0.37207000 0.25036300 0.02343800 0.02689000
19 0.40185500 0.24854700 0.02441400 0.02761600
4 0.43261700 0.24745600 0.02539100 0.02689000
22 0.49365200 0.24491300 0.02441400 0.02761600
10 0.55468800 0.24345900 0.02539100 0.02761600
17 0.58642600 0.24127900 0.02441400 0.02761600
14 0.61914100 0.24164200 0.02539100 0.02689000
22 0.65283200 0.24127900 0.02636700 0.02761600
0 0.68603500 0.24200600 0.02636700 0.02761600
19 0.71630900 0.24200600 0.02636700 0.02761600
13 0.15234400 0.29796500 0.02148400 0.02470900
14 0.17822300 0.29687500 0.02050800 0.02543600
18 0.20410200 0.29542200 0.02148400 0.02543600
14 0.23144500 0.29396800 0.02148400 0.02543600
12 0.25878900 0.29287800 0.02148400 0.02470900
1 0.31543000 0.28997100 0.02343800 0.02616300
20 0.34375000 0.28924400 0.02343800 0.02616300
3 0.37255900 0.28779100 0.02246100 0.02616300
4 0.40283200 0.28706400 0.02246100 0.02616300
19 0.43212900 0.28561000 0.02246100 0.02616300
4 0.46337900 0.28452000 0.02441400 0.02689000
10 0.52392600 0.28234000 0.02441400 0.02689000
11 0.55468800 0.28197700 0.02539100 0.02761600
4 0.58789100 0.28125000 0.02539100 0.02761600
22 0.61962900 0.28088700 0.02636700 0.02834300
0 0.65136700 0.28052300 0.02539100 0.02761600
19 0.68359400 0.27979700 0.02539100 0.02761600
9 0.52392600 0.32267400 0.02441400 0.02761600
22 0.10107400 0.37173000 0.02050800 0.02543600
14 0.12597700 0.37100300 0.02148400 0.02543600
19 0.15136700 0.37064000 0.02148400 0.02616300
19 0.23144500 0.36773300 0.02148400 0.02616300
14 0.25878900 0.36700600 0.02148400 0.02616300
13 0.31543000 0.36482600 0.02148400 0.02616300
14 0.34326200 0.36446200 0.02246100 0.02689000
11 0.37304700 0.36409900 0.02343800 0.02616300
8 0.46289100 0.36191900 0.02343800 0.02616300
11 0.49267600 0.36191900 0.02441400 0.02761600
13 0.58642600 0.36010200 0.02441400 0.02689000
8 0.61816400 0.35973800 0.02539100 0.02761600
16 0.64990200 0.35973800 0.02441400 0.02761600
4 0.68310500 0.35973800 0.02441400 0.02761600
6 0.71435500 0.35973800 0.02441400 0.02761600
14 0.74560500 0.35973800 0.02441400 0.02761600
15 0.10058600 0.40661300 0.02148400 0.02543600
14 0.12500000 0.40697700 0.02148400 0.02616300
18 0.15039100 0.40625000 0.02148400 0.02616300
11 0.17675800 0.40552300 0.02148400 0.02616300
20 0.20410200 0.40516000 0.02148400 0.02543600
0 0.25878900 0.40407000 0.02148400 0.02616300
18 0.34375000 0.40189000 0.02148400 0.02616300
10 0.37255900 0.40152600 0.02246100 0.02543600
0 0.40185500 0.40116300 0.02246100 0.02616300
25 0.43212900 0.40043600 0.02441400 0.02761600
10 0.46240200 0.40043600 0.02441400 0.02761600
20 0.49267600 0.40007300 0.02441400 0.02689000
15 0.55517600 0.39934600 0.02441400 0.02689000
17 0.58642600 0.39898300 0.02441400 0.02761600
14 0.61767600 0.39861900 0.02441400 0.02689000
13 0.68212900 0.39825600 0.02441400 0.02761600
4 0.71386700 0.39861900 0.02343800 0.02834300
6 0.74462900 0.39898300 0.02441400 0.02761600
14 0.77490200 0.39934600 0.02441400 0.02834300
18 0.14990200 0.44149700 0.02050800 0.02543600
10 0.17627000 0.44149700 0.02050800 0.02543600
0 0.20312500 0.44113400 0.02148400 0.02616300
25 0.23095700 0.44113400 0.02246100 0.02616300
0 0.25878900 0.44077000 0.02148400 0.02543600
11 0.28662100 0.44040700 0.02246100 0.02616300
22 0.34375000 0.43968000 0.02343800 0.02616300
4 0.37304700 0.43931700 0.02343800 0.02689000
18 0.40185500 0.43931700 0.02246100 0.02689000
4 0.43164100 0.43895300 0.02343800 0.02616300
11 0.46191400 0.43859000 0.02343800 0.02689000
10 0.58544900 0.43822700 0.02441400 0.02761600
17 0.61767600 0.43750000 0.02441400 0.02761600
20 0.64892600 0.43750000 0.02441400 0.02761600
6 0.68115200 0.43750000 0.02441400 0.02761600
11 0.71337900 0.43750000 0.02441400 0.02761600
13 0.83203100 0.43931700 0.02148400 0.02689000
14 0.86035200 0.43931700 0.02148400 0.02689000
11 0.88476600 0.44004400 0.02148400 0.02689000
18 0.15039100 0.47710800 0.02148400 0.02543600
14 0.17578100 0.47710800 0.02148400 0.02543600
18 0.20312500 0.47710800 0.02148400 0.02543600
4 0.23046900 0.47710800 0.02148400 0.02543600
3 0.25878900 0.47710800 0.02148400 0.02543600
10 0.28662100 0.47710800 0.02050800 0.02543600
4 0.31591800 0.47674400 0.02246100 0.02616300
4 0.37304700 0.47747100 0.02343800 0.02616300
3 0.40234400 0.47710800 0.02343800 0.02689000
8 0.43164100 0.47674400 0.02343800 0.02616300
13 0.46191400 0.47638100 0.02343800 0.02689000
8 0.49218800 0.47638100 0.02343800 0.02689000
2 0.52246100 0.47638100 0.02343800 0.02689000
4 0.55419900 0.47638100 0.02441400 0.02689000
18 0.17578100 0.51344500 0.02148400 0.02543600
19 0.23046900 0.51417200 0.02148400 0.02543600
14 0.25830100 0.51417200 0.02246100 0.02689000
1 0.28564500 0.51417200 0.02246100 0.02689000
14 0.31494100 0.51453500 0.02246100 0.02616300
17 0.40283200 0.51453500 0.02246100 0.02616300
3 0.46142600 0.51453500 0.02246100 0.02761600
10 0.55371100 0.51526200 0.02343800 0.02761600
14 0.58496100 0.51562500 0.02343800 0.02689000
12 0.61669900 0.51526200 0.02441400 0.02761600
15 0.68017600 0.51562500 0.02441400 0.02689000
14 0.71191400 0.51562500 0.02539100 0.02689000
25 0.74365200 0.51562500 0.02441400 0.02689000
22 0.77392600 0.51598800 0.02441400 0.02761600
14 0.80273400 0.51562500 0.02343800 0.02689000
11 0.83203100 0.51562500 0.02343800 0.02689000
18 0.14990200 0.54941900 0.02050800 0.02470900
19 0.17578100 0.54941900 0.02148400 0.02616300
14 0.20312500 0.54978200 0.02148400 0.02543600
19 0.25781200 0.55087200 0.02148400 0.02616300
12 0.34375000 0.55232600 0.02148400 0.02616300
13 0.37255900 0.55159900 0.02246100 0.02616300
4 0.40185500 0.55196200 0.02246100 0.02689000
13 0.46093800 0.55341600 0.02343800 0.02689000
0 0.49121100 0.55414200 0.02343800 0.02689000
18 0.55322300 0.55414200 0.02441400 0.02689000
19 0.58496100 0.55414200 0.02343800 0.02689000
17 0.61718800 0.55450600 0.02343800 0.02761600
0 0.64990200 0.55450600 0.02441400 0.02761600
13 0.68066400 0.55486900 0.02343800 0.02689000
8 0.71191400 0.55486900 0.02343800 0.02689000
2 0.74414100 0.55486900 0.02343800 0.02689000
4 0.77441400 0.55486900 0.02343800 0.02689000
14 0.14990200 0.58539200 0.02246100 0.02689000
13 0.17578100 0.58575600 0.02148400 0.02616300
0 0.20263700 0.58648300 0.02246100 0.02616300
14 0.25732400 0.58757300 0.02246100 0.02689000
10 0.28466800 0.58793600 0.02246100 0.02616300
8 0.31347700 0.58866300 0.02343800 0.02616300
13 0.34228500 0.58902600 0.02246100 0.02689000
20 0.37207000 0.58939000 0.02343800 0.02616300
11 0.40185500 0.59011600 0.02246100 0.02616300
0 0.43115200 0.59084300 0.02441400 0.02616300
4 0.49169900 0.59193300 0.02441400 0.02689000
6 0.52246100 0.59266000 0.02343800 0.02689000
14 0.55371100 0.59302300 0.02343800 0.02616300
18 0.15039100 0.62064000 0.02148400 0.02470900
4 0.17529300 0.62173000 0.02246100 0.02543600
17 0.20361300 0.62282000 0.02246100 0.02616300
3 0.22900400 0.62354700 0.02246100 0.02616300
8 0.25683600 0.62463700 0.02148400 0.02543600
19 0.28466800 0.62536300 0.02246100 0.02543600
12 0.34130900 0.62718000 0.02246100 0.02616300
6 0.40039100 0.62863400 0.02343800 0.02616300
14 0.43066400 0.62899700 0.02343800 0.02689000
17 0.46093800 0.62972400 0.02343800 0.02689000
3 0.49072300 0.63045100 0.02441400 0.02689000
12 0.55322300 0.63154100 0.02441400 0.02761600
22 0.61718800 0.63263100 0.02539100 0.02834300
25 0.64990200 0.63335800 0.02441400 0.02834300
6 0.68115200 0.63299400 0.02441400 0.02761600
11 0.71240200 0.63263100 0.02441400 0.02834300
3 0.77392600 0.63226700 0.02441400 0.02761600
14 0.80273400 0.63154100 0.02343800 0.02761600
12 0.83154300 0.63117700 0.02246100 0.02689000
19 0.17627000 0.65806700 0.02246100 0.02543600
13 0.25683600 0.66133700 0.02148400 0.02616300
14 0.28418000 0.66279100 0.02148400 0.02616300
11 0.31201200 0.66424400 0.02246100 0.02616300
13 0.40039100 0.66642400 0.02343800 0.02761600
4 0.42919900 0.66787800 0.02441400 0.02761600
18 0.49072300 0.67078500 0.02441400 0.02761600
19 0.52246100 0.67114800 0.02539100 0.02834300
14 0.58593800 0.67187500 0.02539100 0.02834300
8 0.61718800 0.67223800 0.02539100 0.02761600
13 0.74316400 0.67223800 0.02343800 0.02761600
8 0.77392600 0.67078500 0.02441400 0.02761600
16 0.80371100 0.67078500 0.02343800 0.02761600
4 0.83203100 0.67005800 0.02343800 0.02761600
6 0.86035200 0.66933100 0.02343800 0.02761600
14 0.88574200 0.66751500 0.02148400 0.02543600
13 0.14941400 0.69367700 0.02148400 0.02543600
4 0.17578100 0.69440400 0.02148400 0.02543600
18 0.22949200 0.69731100 0.02148400 0.02543600
19 0.25634800 0.69803800 0.02246100 0.02689000
14 0.28369100 0.69949100 0.02246100 0.02689000
18 0.37109400 0.70385200 0.02343800 0.02689000
14 0.39990200 0.70494200 0.02246100 0.02616300
12 0.46044900 0.70821200 0.02246100 0.02689000
13 0.49023400 0.70784900 0.02343800 0.02761600
14 0.52197300 0.70930200 0.02441400 0.02761600
17 0.61816400 0.71148300 0.02539100 0.02761600
3 0.68115200 0.71184600 0.02441400 0.02834300
14 0.71240200 0.71148300 0.02441400 0.02761600
12 0.74267600 0.71111900 0.02441400 0.02834300
14 0.10009800 0.72529100 0.02050800 0.02470900
19 0.12451200 0.72710800 0.02050800 0.02543600
22 0.15039100 0.72856100 0.02148400 0.02543600
4 0.17578100 0.73074100 0.02148400 0.02543600
19 0.20263700 0.73255800 0.02050800 0.02470900
8 0.22851600 0.73364800 0.02148400 0.02543600
11 0.25683600 0.73510200 0.02148400 0.02543600
13 0.31250000 0.73837200 0.02343800 0.02616300
14 0.34179700 0.73982600 0.02343800 0.02616300
11 0.37060500 0.74164200 0.02246100 0.02689000
15 0.58544900 0.75000000 0.02441400 0.02761600
17 0.61718800 0.75072700 0.02539100 0.02761600
8 0.64941400 0.75145300 0.02539100 0.02761600
25 0.68115200 0.75109000 0.02441400 0.02689000
13 0.71240200 0.75036300 0.02441400 0.02689000
0 0.74365200 0.75000000 0.02441400 0.02761600
16 0.09912100 0.76090100 0.02050800 0.02470900
19 0.12353500 0.76271800 0.02246100 0.02543600
14 0.14941400 0.76417200 0.02148400 0.02543600
13 0.20312500 0.76889500 0.02343800 0.02616300
8 0.22900400 0.77034900 0.02246100 0.02616300
16 0.25634800 0.77252900 0.02246100 0.02616300
4 0.28466800 0.77434600 0.02246100 0.02689000
6 0.31201200 0.77616300 0.02246100 0.02616300
14 0.34082000 0.77725300 0.02343800 0.02689000
13 0.40039100 0.78088700 0.02343800 0.02689000
4 0.42968800 0.78234000 0.02343800 0.02689000
18 0.49121100 0.78561000 0.02343800 0.02761600
19 0.52197300 0.78742700 0.02441400 0.02689000
14 0.58544900 0.78924400 0.02441400 0.02761600
13 0.09863300 0.79651200 0.02148400 0.02470900
14 0.12353500 0.79905500 0.02246100 0.02543600
12 0.17627000 0.80268900 0.02246100 0.02543600
14 0.20214800 0.80486900 0.02148400 0.02543600
9 0.22949200 0.80704900 0.02148400 0.02543600
4 0.25634800 0.80886600 0.02246100 0.02470900
18 0.37011700 0.81686000 0.02343800 0.02616300
19 0.40039100 0.81904100 0.02343800 0.02616300
0 0.42919900 0.82049400 0.02246100 0.02616300
19 0.45947300 0.82231100 0.02441400 0.02689000
19 0.55371100 0.82812500 0.02343800 0.02689000
3 0.64892600 0.82957800 0.02441400 0.02689000
4 0.68066400 0.83030500 0.02539100 0.02689000
18 0.71240200 0.82885200 0.02441400 0.02689000
19 0.77294900 0.82667200 0.02441400 0.02689000
10 0.09912100 0.83139500 0.02246100 0.02470900
14 0.12402300 0.83284900 0.02148400 0.02470900
11 0.14990200 0.83539200 0.02246100 0.02543600
1 0.22998000 0.84375000 0.02246100 0.02616300
20 0.25732400 0.84593000 0.02246100 0.02616300
3 0.28466800 0.84811000 0.02246100 0.02616300
20 0.31298800 0.85029100 0.02246100 0.02616300
18 0.42919900 0.86010200 0.02246100 0.02543600
19 0.49023400 0.86300900 0.02343800 0.02689000
14 0.52099600 0.86409900 0.02441400 0.02761600
1 0.55322300 0.86591600 0.02441400 0.02689000
14 0.58544900 0.86773300 0.02441400 0.02761600
19 0.14990200 0.87173000 0.02246100 0.02543600
0 0.17578100 0.87282000 0.02343800 0.02616300
10 0.20312500 0.87572700 0.02343800 0.02616300
14 0.25683600 0.88190400 0.02343800 0.02689000
3 0.28418000 0.88444800 0.02343800 0.02616300
8 0.31152300 0.88699100 0.02343800 0.02689000
13 0.34082000 0.88989800 0.02343800 0.02689000
14 0.36914100 0.89244200 0.02343800 0.02616300
10 0.39990200 0.89498500 0.02441400 0.02689000
0 0.42919900 0.89716600 0.02441400 0.02689000
19 0.48974600 0.90007300 0.02441400 0.02689000
18 0.58496100 0.90588700 0.02539100 0.02689000
4 0.61621100 0.90843000 0.02539100 0.02761600
16 0.68017600 0.90770300 0.02441400 0.02761600
0 0.71142600 0.90697700 0.02441400 0.02761600
18 0.74218800 0.90625000 0.02539100 0.02761600
12 0.14941400 0.90625000 0.02343800 0.02470900
0 0.17431600 0.90915700 0.02441400 0.02616300
11 0.20214800 0.91242700 0.02343800 0.02543600
0 0.22802700 0.91533400 0.02441400 0.02543600
8 0.28320300 0.92151200 0.02343800 0.02616300
7 0.34082000 0.92768900 0.02343800 0.02689000
20 0.37011700 0.93023300 0.02343800 0.02616300
3 0.39990200 0.93277600 0.02441400 0.02689000
14 0.42919900 0.93495600 0.02441400 0.02689000
23 0.45898400 0.93713700 0.02539100 0.02689000
0 0.49023400 0.93931700 0.02539100 0.02689000
22 0.52148400 0.94077000 0.02539100 0.02689000
0 0.55273400 0.94222400 0.02539100 0.02689000
14 0.34472700 0.06722400 0.02343800 0.02543600
11 0.37304700 0.06431700 0.02343800 0.02543600
22 0.46337900 0.05595900 0.02246100 0.02470900
0 0.49267600 0.05305200 0.02246100 0.02470900
12 0.52392600 0.05123500 0.02246100 0.02543600
8 0.58642600 0.04687500 0.02246100 0.02543600
3 0.61914100 0.04469500 0.02148400 0.02398300
19 0.65185500 0.04433100 0.02246100 0.02470900
8 0.68212900 0.04469500 0.02246100 0.02543600
18 0.34521500 0.10319800 0.02246100 0.02470900
11 0.37304700 0.10065400 0.02343800 0.02543600
8 0.46289100 0.09338700 0.02343800 0.02543600
19 0.49267600 0.09157000 0.02246100 0.02470900
18 0.52392600 0.09011600 0.02246100 0.02470900
22 0.65136700 0.08502900 0.02343800 0.02470900
25 0.61865200 0.08611900 0.02246100 0.02689000
14 0.68212900 0.08539200 0.02246100 0.02543600
13 0.71630900 0.08539200 0.02246100 0.02543600
14 0.74658200 0.08684600 0.02246100 0.02543600
10 0.77783200 0.08757300 0.02246100 0.02543600
20 0.40136700 0.13662800 0.02148400 0.02470900
17 0.43066400 0.13444800 0.02148400 0.02470900
14 0.46191400 0.13226700 0.02343800 0.02470900
10 0.49365200 0.13045100 0.02246100 0.02543600
3 0.52441400 0.16460800 0.02148400 0.02398300
4 0.55517600 0.16497100 0.02246100 0.02470900
18 0.58740200 0.16497100 0.02246100 0.02470900
19 0.65087900 0.16388100 0.02246100 0.02398300
8 0.68359400 0.16460800 0.02539100 0.02689000
15 0.49267600 0.20784900 0.02441400 0.02616300
14 0.52294900 0.20603200 0.02246100 0.02543600
17 0.55371100 0.20494200 0.02148400 0.02470900
0 0.58642600 0.20348800 0.02246100 0.02470900
8 0.65087900 0.20167200 0.02441400 0.02689000
3 0.68359400 0.20130800 0.02148400 0.02470900
