2 0.08906250 0.05555556 0.03281250 0.10763889
0 0.12968750 0.05902778 0.02812500 0.10763889
11 0.17187500 0.05902778 0.03281250 0.11458333
11 0.21562500 0.06597222 0.03281250 0.12500000
7 0.38906250 0.06944444 0.03593750 0.12152778
14 0.42968750 0.07291667 0.03437500 0.12847222
15 0.47500000 0.07291667 0.03437500 0.12500000
15 0.51875000 0.06944444 0.03281250 0.12500000
0 0.55781250 0.07291667 0.03125000 0.11805556
11 0.60156250 0.07291667 0.03593750 0.12152778
14 0.64375000 0.07638889 0.03750000 0.12152778
11 0.07812500 0.20833333 0.03437500 0.14236111
0 0.12187500 0.21527778 0.03281250 0.12847222
22 0.25312500 0.21875000 0.03593750 0.11805556
4 0.29843750 0.21875000 0.03437500 0.11805556
4 0.34218750 0.22222222 0.03750000 0.11458333
10 0.38593750 0.22222222 0.03437500 0.12152778
7 0.11406250 0.37152778 0.03593750 0.12847222
14 0.15781250 0.37500000 0.03437500 0.12500000
15 0.20000000 0.37847222 0.03750000 0.13194444
15 0.24843750 0.37500000 0.03437500 0.11805556
0 0.29218750 0.37500000 0.03125000 0.11805556
11 0.33906250 0.38541667 0.03906250 0.13541667
14 0.38125000 0.38194444 0.03593750 0.13194444
19 0.91562500 0.39583333 0.03750000 0.12500000
2 0.10625000 0.53125000 0.03437500 0.11458333
8 0.90781250 0.23611111 0.03593750 0.12847222
4 0.94843750 0.23611111 0.03281250 0.12152778
8 0.51406250 0.38888889 0.03593750 0.11805556
0 0.55781250 0.38541667 0.03281250 0.12152778
14 0.15000000 0.53472222 0.03593750 0.12847222
17 0.19531250 0.53472222 0.03750000 0.13194444
21 0.24218750 0.54166667 0.03593750 0.13888889
4 0.28750000 0.54166667 0.03750000 0.13888889
19 0.33437500 0.54166667 0.03750000 0.13541667
19 0.38125000 0.54513889 0.04062500 0.12847222
4 0.42500000 0.53819444 0.03593750 0.13541667
18 0.46875000 0.54166667 0.03750000 0.13194444
0 0.09687500 0.69444444 0.03593750 0.12847222
8 0.14218750 0.69791667 0.03750000 0.12847222
17 0.18750000 0.70138889 0.04062500 0.13888889
3 0.37500000 0.70486111 0.03593750 0.12847222
18 0.42187500 0.70486111 0.03750000 0.13541667
4 0.64843750 0.71527778 0.03593750 0.13541667
0 0.60312500 0.54166667 0.03281250 0.12500000
13 0.64843750 0.54861111 0.04218750 0.12152778
24 0.69531250 0.54861111 0.03750000 0.13194444
19 0.78593750 0.55208333 0.03750000 0.13194444
20 0.83125000 0.55208333 0.03906250 0.13194444
17 0.87656250 0.55208333 0.03437500 0.13194444
13 0.92031250 0.55902778 0.04062500 0.12500000
8 0.96406250 0.55555556 0.03281250 0.12152778
21 0.74375000 0.71180556 0.03906250 0.13194444
4 0.78906250 0.71180556 0.03906250 0.12847222
3 0.88281250 0.72222222 0.04062500 0.13888889
17 0.92656250 0.72222222 0.03906250 0.13541667
0 0.96875000 0.72222222 0.03593750 0.12847222
13 0.84062500 0.89930556 0.04218750 0.12847222
13 0.93281250 0.89583333 0.03906250 0.14236111
0 0.97500000 0.89583333 0.03593750 0.13541667
0 0.74375000 0.89583333 0.03437500 0.13888889
5 0.04218750 0.87500000 0.03593750 0.13194444
11 0.08437500 0.87847222 0.03750000 0.14930556
0 0.13437500 0.87847222 0.04062500 0.13541667
6 0.18281250 0.87847222 0.03906250 0.14583333
22 0.41718750 0.88541667 0.03906250 0.14236111
17 0.46562500 0.88888889 0.04218750 0.14930556
8 0.51250000 0.88888889 0.03750000 0.15277778
19 0.55781250 0.88888889 0.04218750 0.14930556
19 0.60625000 0.89236111 0.04218750 0.14583333
