3 0.06250000 0.19791667 0.04062500 0.13194444
13 0.15781250 0.20486111 0.03750000 0.13888889
2 0.35000000 0.21875000 0.03750000 0.13541667
7 0.58125000 0.23263889 0.03125000 0.12847222
21 0.66875000 0.23263889 0.03281250 0.12500000
15 0.39687500 0.39236111 0.03906250 0.12847222
19 0.06875000 0.55208333 0.03593750 0.13194444
14 0.35000000 0.56250000 0.03750000 0.12847222
5 0.44218750 0.55902778 0.03437500 0.12500000
19 0.57500000 0.56597222 0.03750000 0.13194444
3 0.48593750 0.72569444 0.03593750 0.12152778
3 0.78593750 0.72569444 0.03281250 0.11805556
13 0.82500000 0.72569444 0.03281250 0.11111111
19 0.90312500 0.71875000 0.03125000 0.10763889
18 0.16562500 0.89236111 0.03437500 0.11805556
14 0.30156250 0.89236111 0.03593750 0.12152778
4 0.48437500 0.89236111 0.03750000 0.12152778
