11 0.12812500 0.62187500 0.09062500 0.14375000
19 0.22187500 0.59375000 0.10312500 0.15000000
4 0.31562500 0.56718750 0.09062500 0.15312500
25 0.42656250 0.53593750 0.08125000 0.13906250
1 0.04375000 0.65156250 0.07812500 0.14843750
3 0.16875000 0.82187500 0.08750000 0.15781250
14 0.26093750 0.79843750 0.08593750 0.15312500
21 0.36093750 0.75781250 0.08281250 0.17187500
13 0.45000000 0.72656250 0.08281250 0.16718750
18 0.56562500 0.88281250 0.08593750 0.16250000
7 0.65468750 0.85937500 0.07812500 0.15625000
12 0.15937500 0.19375000 0.07343750 0.14843750
0 0.25156250 0.17031250 0.07656250 0.15312500
3 0.34843750 0.14062500 0.08281250 0.16093750
18 0.61562500 0.65937500 0.08593750 0.14062500
15 0.70156250 0.07500000 0.07343750 0.13906250
19 0.61718750 0.08437500 0.08593750 0.13593750
4 0.43906250 0.12343750 0.08125000 0.15625000
16 0.73437500 0.82500000 0.07343750 0.13437500
7 0.70156250 0.64375000 0.07812500 0.14062500
