9 0.10400400 0.12100300 0.01660200 0.02398300
4 0.13330100 0.11954900 0.01660200 0.02398300
13 0.16601600 0.11627900 0.01562500 0.02180200
18 0.19970700 0.11373500 0.02246100 0.02689000
10 0.23437500 0.11300900 0.02148400 0.02543600
0 0.27197300 0.11010200 0.02050800 0.02689000
0 0.87548800 0.16279100 0.02050800 0.02761600
17 0.38037100 0.10901200 0.02246100 0.02907000
0 0.41650400 0.10828500 0.02246100 0.02761600
0 0.55859400 0.10901200 0.02148400 0.02761600
0 0.45263700 0.20348800 0.02246100 0.02761600
22 0.63037100 0.11046500 0.02246100 0.02761600
22 0.38037100 0.20457800 0.02246100 0.02834300
22 0.77294900 0.15988400 0.02246100 0.02761600
25 0.84326200 0.16061000 0.02246100 0.02761600
18 0.69970700 0.11191900 0.02246100 0.02761600
4 0.73584000 0.11191900 0.02246100 0.02761600
4 0.60058600 0.25145300 0.02148400 0.02761600
4 0.83837900 0.11482600 0.02246100 0.02761600
12 0.76953100 0.11337200 0.02148400 0.02761600
19 0.52294900 0.10828500 0.02246100 0.02761600
19 0.41552700 0.15552300 0.02246100 0.02761600
19 0.30615200 0.20494200 0.02246100 0.02761600
19 0.63330100 0.15625000 0.02246100 0.02761600
10 0.45214800 0.15516000 0.02148400 0.02834300
10 0.41503900 0.20312500 0.02148400 0.02834300
16 0.52441400 0.15734000 0.02148400 0.02834300
1 0.45263700 0.10828500 0.02246100 0.02761600
14 0.48779300 0.10828500 0.02246100 0.02761600
14 0.26855500 0.20712200 0.02148400 0.02761600
14 0.34277300 0.20457800 0.02148400 0.02834300
14 0.70166000 0.15661300 0.02246100 0.02834300
14 0.81982400 0.30087200 0.02246100 0.02761600
15 0.09912100 0.16715100 0.02246100 0.02907000
17 0.13183600 0.16606100 0.02343800 0.02834300
3 0.20117200 0.16061000 0.02148400 0.02761600
4 0.23486300 0.16024700 0.02246100 0.02834300
13 0.27050800 0.15806700 0.02148400 0.02834300
6 0.23388700 0.20784900 0.02246100 0.02761600
8 0.30712900 0.15516000 0.02246100 0.02834300
4 0.34326200 0.15625000 0.02246100 0.02907000
4 0.56543000 0.15734000 0.02148400 0.02979700
0 0.48681600 0.15516000 0.01660200 0.02398300
18 0.59716800 0.15625000 0.01464800 0.02180200
22 0.66552700 0.15770300 0.01464800 0.02180200
13 0.09814500 0.21548000 0.01660200 0.02543600
8 0.12988300 0.21329900 0.01562500 0.02543600
4 0.16455100 0.21111900 0.01660200 0.02543600
18 0.12793000 0.25981100 0.01757800 0.02543600
14 0.16406200 0.25908400 0.01757800 0.02543600
22 0.19726600 0.25835800 0.01757800 0.02543600
17 0.23339800 0.25654100 0.01757800 0.02616300
4 0.26855500 0.25363400 0.01757800 0.02616300
12 0.30810500 0.25436000 0.01660200 0.02616300
4 0.34326200 0.25327000 0.01660200 0.02543600
13 0.37841800 0.25254400 0.01660200 0.02543600
13 0.41552700 0.25218000 0.01464800 0.02470900
0 0.45019500 0.25181700 0.01367200 0.02398300
18 0.56152300 0.25109000 0.01367200 0.02398300
12 0.63330100 0.25109000 0.01660200 0.02543600
15 0.09082000 0.30959300 0.01757800 0.02761600
17 0.12402300 0.30886600 0.01757800 0.02761600
4 0.16113300 0.30741300 0.01757800 0.02761600
3 0.19531200 0.30668600 0.01757800 0.02761600
15 0.23339800 0.30559600 0.01757800 0.02689000
14 0.26855500 0.30450600 0.01757800 0.02761600
16 0.30566400 0.30414200 0.01757800 0.02689000
19 0.34179700 0.30414200 0.01757800 0.02689000
8 0.37890600 0.30341600 0.01757800 0.02689000
19 0.41503900 0.30232600 0.01757800 0.02761600
4 0.45263700 0.30232600 0.01855500 0.02761600
11 0.49121100 0.30232600 0.01757800 0.02616300
13 0.56298800 0.30159900 0.01660200 0.02616300
14 0.60058600 0.30123500 0.01562500 0.02543600
17 0.67382800 0.30050900 0.01562500 0.02543600
0 0.70898400 0.30014500 0.01562500 0.02616300
22 0.74755900 0.30087200 0.01660200 0.02616300
16 0.78564500 0.30123500 0.01464800 0.02543600
15 0.08789100 0.35864800 0.01757800 0.02834300
17 0.12304700 0.35792200 0.01757800 0.02834300
0 0.15771500 0.35646800 0.01855500 0.02689000
22 0.19482400 0.35537800 0.01855500 0.02761600
22 0.07617200 0.61700600 0.01953100 0.02761600
13 0.23144500 0.35537800 0.01953100 0.02761600
4 0.30712900 0.35465100 0.01855500 0.02761600
14 0.38134800 0.35392400 0.01855500 0.02761600
19 0.41552700 0.35356100 0.01855500 0.02689000
16 0.45556600 0.35247100 0.01855500 0.02761600
14 0.49121100 0.35210800 0.01757800 0.02689000
4 0.56494100 0.35138100 0.01855500 0.02689000
13 0.60156200 0.35101700 0.01757800 0.02761600
8 0.64013700 0.34956400 0.01660200 0.02761600
20 0.08496100 0.41097400 0.01562500 0.02689000
22 0.12060500 0.40952000 0.01464800 0.02689000
0 0.15478500 0.40806700 0.01464800 0.02689000
9 0.19531200 0.40661300 0.01562500 0.02689000
7 0.23193400 0.40661300 0.01660200 0.02834300
13 0.26855500 0.40479700 0.01757800 0.02907000
6 0.30664100 0.40516000 0.01757800 0.02834300
4 0.34326200 0.40370600 0.01660200 0.02834300
10 0.41650400 0.40225300 0.01855500 0.02834300
19 0.49169900 0.40225300 0.01855500 0.02834300
19 0.07959000 0.51053800 0.01855500 0.02834300
17 0.53125000 0.40079900 0.01757800 0.02834300
20 0.56884800 0.40189000 0.01855500 0.02907000
3 0.60498000 0.40189000 0.01855500 0.02907000
20 0.64013700 0.40116300 0.01855500 0.02907000
18 0.71679700 0.39970900 0.01757800 0.02907000
17 0.78955100 0.39970900 0.01855500 0.02907000
0 0.82568400 0.39789200 0.01464800 0.02543600
13 0.86425800 0.39789200 0.01562500 0.02543600
12 0.08398400 0.45893900 0.01562500 0.02398300
8 0.11816400 0.45784900 0.01757800 0.02616300
8 0.11621100 0.50944800 0.01757800 0.02616300
7 0.15380900 0.45821200 0.01660200 0.02689000
11 0.22998000 0.45748500 0.01855500 0.02834300
4 0.26855500 0.45675900 0.01757800 0.02834300
19 0.30371100 0.45639500 0.01757800 0.02761600
15 0.37988300 0.45566900 0.01757800 0.02761600
14 0.41845700 0.45494200 0.01855500 0.02761600
18 0.45459000 0.45421500 0.01855500 0.02761600
18 0.11425800 0.56068300 0.01757800 0.02689000
8 0.49267600 0.45385200 0.01855500 0.02689000
11 0.52880900 0.45348800 0.01855500 0.02761600
13 0.60449200 0.45167200 0.01757800 0.02689000
14 0.64013700 0.45094500 0.01660200 0.02689000
4 0.67968800 0.45058100 0.01757800 0.02616300
20 0.75634800 0.45021800 0.01660200 0.02689000
16 0.79248000 0.45021800 0.01660200 0.02689000
0 0.82959000 0.44949100 0.01660200 0.02689000
18 0.86816400 0.44876500 0.01757800 0.02689000
7 0.15380900 0.51162800 0.02246100 0.03052300
22 0.23144500 0.50981100 0.01562500 0.02689000
19 0.30468800 0.50872100 0.01757800 0.02761600
17 0.34179700 0.50799400 0.01757800 0.02761600
20 0.38085900 0.50654100 0.01757800 0.02761600
3 0.41796900 0.50581400 0.01757800 0.02761600
4 0.45410200 0.50472400 0.01757800 0.02689000
22 0.07763700 0.56395300 0.01660200 0.02470900
4 0.15283200 0.56286300 0.01660200 0.02543600
7 0.18896500 0.56104700 0.01660200 0.02470900
16 0.26611300 0.56032000 0.01660200 0.02470900
11 0.30175800 0.56068300 0.01757800 0.02689000
4 0.34277300 0.55995600 0.01757800 0.02689000
13 0.37988300 0.55923000 0.01757800 0.02689000
14 0.42089800 0.55850300 0.01757800 0.02834300
22 0.45459000 0.55668600 0.01660200 0.02761600
18 0.53418000 0.55668600 0.01757800 0.02761600
4 0.57226600 0.55704900 0.01757800 0.02689000
12 0.60888700 0.55741300 0.01660200 0.02761600
8 0.68457000 0.55814000 0.01757800 0.02761600
22 0.76074200 0.55668600 0.01757800 0.02761600
25 0.83740200 0.55523300 0.01660200 0.02761600
0 0.87793000 0.55450600 0.01757800 0.02761600
8 0.11279300 0.61627900 0.01660200 0.02616300
15 0.14892600 0.61591600 0.01660200 0.02543600
8 0.18798800 0.61373500 0.01660200 0.02543600
12 0.22412100 0.61518900 0.01660200 0.02543600
14 0.26269500 0.61664200 0.01562500 0.02689000
18 0.30273400 0.61446200 0.01562500 0.02689000
19 0.34277300 0.61446200 0.01562500 0.02689000
8 0.38281200 0.61373500 0.01562500 0.02689000
14 0.45752000 0.61300900 0.01660200 0.02834300
19 0.49365200 0.61228200 0.01660200 0.02834300
22 0.57324200 0.61155500 0.01757800 0.02834300
14 0.61181600 0.61119200 0.01660200 0.02907000
25 0.64843800 0.61082800 0.01757800 0.02834300
17 0.68701200 0.61010200 0.01660200 0.02834300
0 0.72509800 0.60864800 0.01855500 0.02979700
18 0.76611300 0.60973800 0.01855500 0.02907000
19 0.80224600 0.60864800 0.01855500 0.02979700
15 0.88330100 0.60937500 0.01855500 0.02979700
14 0.91943400 0.60937500 0.01855500 0.02834300
11 0.06982400 0.66969500 0.01660200 0.02543600
0 0.10742200 0.66933100 0.01757800 0.02616300
8 0.18750000 0.66896800 0.01757800 0.02689000
25 0.26367200 0.66896800 0.01757800 0.02689000
3 0.29980500 0.66896800 0.01757800 0.02689000
14 0.34082000 0.66896800 0.01757800 0.02689000
17 0.38183600 0.66896800 0.01757800 0.02689000
14 0.41992200 0.66824100 0.01757800 0.02689000
22 0.45605500 0.66715100 0.01757800 0.02761600
3 0.07324200 0.78088700 0.01562500 0.02398300
25 0.18554700 0.78088700 0.01757800 0.02543600
13 0.29834000 0.78088700 0.01660200 0.02543600
4 0.33935500 0.78088700 0.01660200 0.02543600
19 0.38476600 0.78088700 0.01757800 0.02543600
