0 0.06406250 0.31640625 0.04687500 0.21093750
1 0.13750000 0.32656250 0.04375000 0.21093750
2 0.20156250 0.32187500 0.04062500 0.21093750
3 0.27656250 0.31640625 0.04687500 0.21093750
4 0.35000000 0.32187500 0.04375000 0.19609375
5 0.42343750 0.31640625 0.04687500 0.20078125
6 0.50000000 0.31640625 0.04531250 0.20078125
7 0.57343750 0.31171875 0.04687500 0.20078125
8 0.64843750 0.31171875 0.04687500 0.20078125
9 0.72031250 0.31640625 0.04531250 0.20625000
10 0.80625000 0.32187500 0.04687500 0.20078125
11 0.88125000 0.32187500 0.05156250 0.19609375
12 0.94375000 0.32187500 0.04687500 0.19609375
13 0.05468750 0.79375000 0.04375000 0.20078125
14 0.12812500 0.79375000 0.04218750 0.19609375
15 0.20312500 0.79375000 0.04687500 0.21093750
16 0.27656250 0.79375000 0.04531250 0.21093750
17 0.35156250 0.79921875 0.04843750 0.20625000
18 0.42343750 0.79375000 0.04843750 0.20625000
19 0.50000000 0.79375000 0.04687500 0.21093750
20 0.57343750 0.79375000 0.04531250 0.21093750
21 0.64843750 0.79375000 0.04687500 0.19609375
22 0.72343750 0.78906250 0.04531250 0.20625000
23 0.79531250 0.79375000 0.04218750 0.21093750
24 0.87031250 0.79375000 0.04687500 0.21093750
25 0.94375000 0.79921875 0.04687500 0.20625000
