10 0.07812500 0.23750000 0.11250000 0.18906250
16 0.12031250 0.80468750 0.11250000 0.21562500
17 0.22968750 0.49218750 0.09531250 0.20312500
8 0.26093750 0.76875000 0.10937500 0.23281250
18 0.36250000 0.44531250 0.09843750 0.19687500
4 0.39375000 0.74531250 0.10937500 0.21562500
18 0.33593750 0.17968750 0.10000000 0.20625000
7 0.45625000 0.15468750 0.11250000 0.21250000
3 0.51875000 0.69531250 0.10000000 0.21875000
0 0.47812500 0.41562500 0.09843750 0.20781250
16 0.60312500 0.40937500 0.10000000 0.21875000
