4 0.07500000 0.21562500 0.08281250 0.16250000
25 0.17187500 0.19843750 0.08750000 0.20312500
5 0.46093750 0.13281250 0.08593750 0.17656250
11 0.55781250 0.11718750 0.08593750 0.16250000
19 0.65312500 0.10312500 0.08593750 0.15312500
17 0.74531250 0.10156250 0.08125000 0.16718750
14 0.03906250 0.45000000 0.07656250 0.17500000
21 0.10312500 0.43593750 0.09375000 0.17968750
13 0.19375000 0.41562500 0.09062500 0.18750000
18 0.39687500 0.38125000 0.07812500 0.17968750
7 0.48750000 0.37500000 0.08750000 0.18437500
4 0.58125000 0.36093750 0.08593750 0.18750000
4 0.04062500 0.66875000 0.07187500 0.16250000
16 0.12812500 0.65937500 0.09375000 0.18125000
18 0.32031250 0.60781250 0.09062500 0.17656250
7 0.41562500 0.60156250 0.08125000 0.18750000
14 0.07031250 0.87031250 0.08593750 0.18437500
11 0.15312500 0.86250000 0.08125000 0.16250000
3 0.24218750 0.86250000 0.09375000 0.18437500
16 0.51250000 0.57187500 0.09375000 0.16718750
4 0.53593750 0.79062500 0.08593750 0.17656250
11 0.63750000 0.76875000 0.09375000 0.17031250
7 0.82343750 0.09218750 0.07343750 0.15625000
12 0.72968750 0.74687500 0.08750000 0.17656250
4 0.60156250 0.55937500 0.07656250 0.17187500
11 0.76406250 0.29687500 0.09375000 0.16093750
