6 0.13593750 0.12500000 0.09062500 0.17968750
7 0.24843750 0.11250000 0.09531250 0.18906250
18 0.35937500 0.10468750 0.10000000 0.20156250
25 0.46250000 0.09375000 0.10000000 0.18437500
17 0.73750000 0.07968750 0.06875000 0.14375000
13 0.27968750 0.58593750 0.12187500 0.22343750
4 0.40781250 0.56562500 0.10937500 0.21093750
22 0.52187500 0.53437500 0.09062500 0.18906250
18 0.61718750 0.49687500 0.09062500 0.17656250
17 0.31562500 0.85156250 0.11250000 0.22500000
6 0.54531250 0.76875000 0.10468750 0.20781250
14 0.65312500 0.74687500 0.09843750 0.20156250
13 0.74531250 0.71718750 0.08750000 0.21093750
