21 0.20625000 0.13593750 0.10781250 0.19843750
4 0.33750000 0.13437500 0.11406250 0.20625000
4 0.57187500 0.11718750 0.11406250 0.20625000
4 0.81562500 0.11250000 0.11250000 0.19687500
7 0.07812500 0.40937500 0.10312500 0.19687500
14 0.21875000 0.40937500 0.11250000 0.20312500
19 0.34218750 0.40312500 0.11250000 0.20156250
17 0.47500000 0.40312500 0.11250000 0.20625000
4 0.59375000 0.40000000 0.10468750 0.21093750
1 0.10000000 0.70781250 0.11406250 0.21250000
0 0.23125000 0.70468750 0.10937500 0.21875000
2 0.35937500 0.69531250 0.10937500 0.22500000
10 0.48437500 0.69062500 0.10468750 0.22343750
13 0.92968750 0.10781250 0.09375000 0.19375000
