8 0.09687500 0.06250000 0.02968750 0.11093750
12 0.13593750 0.06562500 0.03281250 0.11093750
15 0.17656250 0.06562500 0.03437500 0.11484375
17 0.50156250 0.06953125 0.02968750 0.11093750
14 0.09531250 0.21562500 0.03125000 0.10781250
11 0.13593750 0.21562500 0.03125000 0.11093750
4 0.17812500 0.21171875 0.03281250 0.11093750
13 0.30000000 0.21562500 0.03281250 0.11093750
4 0.33906250 0.21562500 0.03281250 0.11484375
22 0.38125000 0.21875000 0.03125000 0.11484375
24 0.50156250 0.22187500 0.03125000 0.11093750
14 0.54062500 0.22187500 0.03125000 0.11484375
17 0.58125000 0.22187500 0.02968750 0.11484375
10 0.62343750 0.22187500 0.03281250 0.11093750
15 0.70156250 0.22187500 0.03437500 0.11796875
0 0.74062500 0.22187500 0.02812500 0.11484375
15 0.78125000 0.22187500 0.03125000 0.11796875
23 0.26093750 0.36796875 0.03437500 0.11484375
18 0.34062500 0.36796875 0.03125000 0.11093750
11 0.46406250 0.37187500 0.03281250 0.11484375
12 0.66093750 0.37187500 0.03125000 0.11093750
14 0.70000000 0.36796875 0.03125000 0.11484375
19 0.77968750 0.37187500 0.02812500 0.10781250
5 0.09687500 0.52421875 0.03437500 0.12187500
4 0.13750000 0.52421875 0.03281250 0.12187500
4 0.17656250 0.52421875 0.03281250 0.11796875
11 0.21875000 0.52421875 0.03281250 0.11093750
18 0.34218750 0.52109375 0.03281250 0.11484375
18 0.57968750 0.52421875 0.03281250 0.11484375
10 0.62031250 0.52109375 0.02968750 0.11093750
8 0.65937500 0.52109375 0.03125000 0.11796875
2 0.25937500 0.67343750 0.03281250 0.12187500
19 0.34218750 0.67343750 0.03125000 0.11484375
18 0.42187500 0.67343750 0.02968750 0.11484375
20 0.58125000 0.67031250 0.03125000 0.11093750
19 0.62187500 0.66640625 0.02812500 0.11093750
0 0.81875000 0.67031250 0.02812500 0.10781250
2 0.17812500 0.82968750 0.03281250 0.11484375
12 0.25937500 0.82656250 0.03281250 0.11093750
14 0.62031250 0.82265625 0.03125000 0.11093750
10 0.70312500 0.82265625 0.03437500 0.10781250
0 0.78125000 0.81953125 0.03437500 0.10390625
