4 0.13134800 0.07703500 0.02636700 0.02907000
0 0.19824200 0.07521800 0.02734400 0.02979700
18 0.23242200 0.07485500 0.02734400 0.02907000
17 0.26757800 0.07449100 0.02734400 0.02979700
4 0.30224600 0.07376500 0.02832000 0.02979700
13 0.51025400 0.07122100 0.02832000 0.03052300
4 0.54443400 0.07085800 0.02832000 0.03125000
22 0.58203100 0.07013100 0.02929700 0.03125000
4 0.61523400 0.06940400 0.02929700 0.03125000
9 0.65136700 0.06867700 0.02929700 0.03125000
0 0.68603500 0.06795100 0.02832000 0.03125000
6 0.79492200 0.06686000 0.02929700 0.03197700
17 0.83203100 0.06613400 0.02929700 0.03197700
20 0.86621100 0.06613400 0.02929700 0.03197700
1 0.09570300 0.12391000 0.02734400 0.03125000
13 0.26562500 0.12100300 0.02734400 0.03125000
4 0.30078100 0.12027600 0.02734400 0.03125000
20 0.33398400 0.11991300 0.02734400 0.03052300
16 0.36962900 0.11954900 0.02832000 0.03125000
3 0.40478500 0.11991300 0.02832000 0.03197700
8 0.43994100 0.11991300 0.02832000 0.03197700
12 0.47509800 0.11918600 0.02832000 0.03197700
4 0.65234400 0.11845900 0.03125000 0.03343000
11 0.68896500 0.11809600 0.03222700 0.03270300
14 0.72363300 0.11736900 0.02929700 0.03270300
22 0.75878900 0.11664200 0.02929700 0.03270300
4 0.79589800 0.11627900 0.02929700 0.03197700
10 0.83154300 0.11627900 0.03027300 0.03343000
13 0.12890600 0.16933100 0.02734400 0.03052300
4 0.16259800 0.16933100 0.02636700 0.03052300
22 0.19628900 0.16933100 0.02734400 0.03052300
4 0.23144500 0.16896800 0.02734400 0.03125000
9 0.26513700 0.16933100 0.02832000 0.03197700
3 0.29931600 0.16896800 0.02832000 0.03125000
0 0.33349600 0.16860500 0.02832000 0.03197700
12 0.43847700 0.16751500 0.02734400 0.03125000
0 0.47314500 0.16715100 0.02832000 0.03197700
11 0.50732400 0.16715100 0.02832000 0.03197700
14 0.54394500 0.16715100 0.02734400 0.03197700
14 0.57861300 0.16715100 0.02832000 0.03197700
1 0.61377000 0.16678800 0.02832000 0.03125000
17 0.65039100 0.16606100 0.02734400 0.03125000
0 0.68554700 0.16533400 0.02734400 0.03125000
25 0.72216800 0.16388100 0.02832000 0.03125000
14 0.75878900 0.16388100 0.02929700 0.03125000
22 0.79492200 0.16315400 0.02929700 0.03125000
0 0.83056600 0.16315400 0.02832000 0.03125000
13 0.86621100 0.16242700 0.02929700 0.03125000
13 0.09619100 0.21947700 0.02636700 0.03052300
15 0.26464800 0.21729700 0.02734400 0.03197700
4 0.29931600 0.21729700 0.02832000 0.03197700
13 0.33349600 0.21657000 0.02832000 0.03197700
0 0.36718800 0.21657000 0.02734400 0.03197700
11 0.40185500 0.21657000 0.02832000 0.03343000
6 0.50781200 0.21584300 0.02734400 0.03197700
17 0.54248000 0.21511600 0.02832000 0.03197700
0 0.57763700 0.21475300 0.02832000 0.03270300
16 0.61377000 0.21402600 0.02832000 0.03270300
1 0.72216800 0.21257300 0.02832000 0.03270300
4 0.75781200 0.21257300 0.02929700 0.03270300
17 0.79492200 0.21257300 0.02929700 0.03270300
25 0.86718800 0.21257300 0.02929700 0.03270300
0 0.90283200 0.21257300 0.02832000 0.03270300
25 0.12841800 0.26635200 0.02636700 0.03125000
0 0.16064500 0.26598800 0.02636700 0.03052300
3 0.19482400 0.26562500 0.02636700 0.03125000
0 0.22900400 0.26562500 0.02636700 0.03125000
16 0.26269500 0.26598800 0.02734400 0.03197700
0 0.29785200 0.26598800 0.02734400 0.03197700
0 0.43603500 0.26526200 0.02832000 0.03197700
1 0.57568400 0.26271800 0.02832000 0.03270300
2 0.72021500 0.26308100 0.02832000 0.03343000
4 0.86621100 0.26308100 0.02929700 0.03197700
3 0.12695300 0.31431700 0.02539100 0.02979700
1 0.29589800 0.31431700 0.02734400 0.03125000
1 0.43505900 0.31395300 0.02832000 0.03197700
4 0.57666000 0.31141000 0.02832000 0.03270300
6 0.72070300 0.31213700 0.02929700 0.03270300
3 0.79296900 0.31286300 0.02929700 0.03270300
14 0.12597700 0.36264500 0.02539100 0.03052300
19 0.16015600 0.36300900 0.02539100 0.03125000
22 0.19433600 0.36300900 0.02734400 0.03125000
4 0.22851600 0.36300900 0.02734400 0.03125000
19 0.26220700 0.36300900 0.02832000 0.03125000
6 0.40039100 0.36264500 0.02734400 0.03197700
3 0.47070300 0.36264500 0.02734400 0.03197700
4 0.50537100 0.36264500 0.02832000 0.03197700
19 0.53955100 0.36228200 0.02832000 0.03270300
4 0.57470700 0.36300900 0.02832000 0.03270300
22 0.68310500 0.36300900 0.02832000 0.03270300
18 0.71923800 0.36228200 0.02832000 0.03270300
4 0.75537100 0.36228200 0.02832000 0.03270300
6 0.79101600 0.36191900 0.02929700 0.03197700
14 0.82666000 0.36191900 0.02832000 0.03197700
11 0.09326200 0.41097400 0.02636700 0.03125000
11 0.33007800 0.41351700 0.02539100 0.03197700
17 0.46923800 0.41170100 0.02832000 0.03415700
11 0.60888700 0.41170100 0.02636700 0.03270300
17 0.12500000 0.45784900 0.02539100 0.03052300
0 0.15820300 0.45857600 0.02539100 0.03052300
24 0.19287100 0.45857600 0.02636700 0.03197700
25 0.22705100 0.45893900 0.02636700 0.03125000
18 0.26025400 0.45930200 0.02636700 0.03197700
15 0.32812500 0.45966600 0.02734400 0.03125000
1 0.39843800 0.46002900 0.02734400 0.03052300
11 0.43212900 0.46002900 0.02636700 0.03052300
24 0.46875000 0.46039200 0.02734400 0.03125000
2 0.50341800 0.46111900 0.02636700 0.03125000
18 0.53808600 0.46111900 0.02734400 0.03125000
12 0.57324200 0.46039200 0.02734400 0.03125000
1 0.64257800 0.46111900 0.02734400 0.03125000
11 0.67675800 0.46111900 0.02734400 0.03125000
0 0.71435500 0.46148300 0.02832000 0.03052300
6 0.75097700 0.46148300 0.02734400 0.03052300
14 0.78710900 0.46184600 0.02734400 0.03125000
3 0.09179700 0.50654100 0.02734400 0.03197700
0 0.12451200 0.50726700 0.02636700 0.03197700
19 0.15673800 0.50726700 0.02636700 0.03197700
13 0.19091800 0.50690400 0.02636700 0.03125000
14 0.22509800 0.50690400 0.02636700 0.03125000
6 0.32861300 0.50763100 0.02636700 0.03125000
14 0.36425800 0.50690400 0.02734400 0.03125000
18 0.43359400 0.50763100 0.02734400 0.03125000
15 0.50244100 0.50835800 0.02636700 0.03125000
14 0.53759800 0.50872100 0.02636700 0.03052300
3 0.57324200 0.50908400 0.02734400 0.03125000
18 0.09082000 0.55450600 0.02734400 0.03197700
19 0.15673800 0.55450600 0.02636700 0.03197700
14 0.19043000 0.55450600 0.02734400 0.03197700
1 0.22412100 0.55523300 0.02636700 0.03197700
14 0.25878900 0.55595900 0.02734400 0.03197700
22 0.12207000 0.60356100 0.02734400 0.03125000
18 0.19043000 0.60319800 0.02734400 0.03052300
19 0.25878900 0.60392400 0.02734400 0.03052300
18 0.29296900 0.60392400 0.02734400 0.03052300
13 0.39599600 0.60537800 0.02636700 0.02907000
0 0.43115200 0.60465100 0.02636700 0.02907000
3 0.46533200 0.60683100 0.02636700 0.03052300
22 0.50048800 0.60755800 0.02636700 0.03052300
13 0.53662100 0.60792200 0.02636700 0.02979700
22 0.57177700 0.60792200 0.02636700 0.02979700
14 0.60644500 0.60792200 0.02734400 0.02979700
6 0.64160200 0.60719500 0.02734400 0.02979700
0 0.67724600 0.60719500 0.02636700 0.02979700
6 0.08691400 0.65116300 0.02734400 0.03052300
14 0.11962900 0.65152600 0.02636700 0.02979700
17 0.15380900 0.65189000 0.02636700 0.03052300
14 0.18847700 0.65225300 0.02734400 0.02979700
3 0.22216800 0.65261600 0.02636700 0.03052300
0 0.25732400 0.65334300 0.02832000 0.03197700
13 0.11914100 0.69949100 0.02734400 0.03125000
0 0.15283200 0.69949100 0.02636700 0.03125000
22 0.18750000 0.70094500 0.02734400 0.03125000
14 0.22168000 0.70348800 0.02734400 0.03197700
17 0.25683600 0.70348800 0.02734400 0.03197700
13 0.29052700 0.70348800 0.02636700 0.03197700
0 0.32519500 0.70312500 0.02734400 0.03125000
7 0.36035200 0.70276200 0.02734400 0.03197700
10 0.42919900 0.70421500 0.02832000 0.03197700
0 0.46337900 0.70348800 0.02636700 0.03052300
16 0.49951200 0.70421500 0.02636700 0.03052300
0 0.53369100 0.70457800 0.02832000 0.03125000
19 0.60644500 0.70603200 0.02734400 0.03125000
18 0.64257800 0.70675900 0.02734400 0.03125000
18 0.75000000 0.70857600 0.02734400 0.03197700
20 0.78613300 0.70966600 0.02734400 0.03125000
3 0.82177700 0.71039200 0.02832000 0.03270300
0 0.85693400 0.71111900 0.02832000 0.03270300
13 0.11865200 0.74673000 0.02636700 0.02979700
14 0.15234400 0.74709300 0.02734400 0.03052300
19 0.18701200 0.74782000 0.02636700 0.03052300
19 0.25537100 0.74927300 0.02636700 0.03052300
3 0.32373000 0.75036300 0.02832000 0.03125000
14 0.35937500 0.75072700 0.02734400 0.03197700
17 0.39355500 0.75109000 0.02734400 0.03125000
14 0.42919900 0.75181700 0.02832000 0.03125000
6 0.46386700 0.75254400 0.02734400 0.03125000
14 0.50000000 0.75327000 0.02734400 0.03125000
6 0.53466800 0.75363400 0.02832000 0.03197700
14 0.56982400 0.75436000 0.02832000 0.03197700
12 0.64111300 0.75617700 0.02832000 0.03125000
13 0.67627000 0.75690400 0.02832000 0.03125000
14 0.71337900 0.75799400 0.02832000 0.03197700
6 0.74853500 0.75908400 0.02832000 0.03125000
14 0.78515600 0.75944800 0.02929700 0.03197700
6 0.08544900 0.79505800 0.02636700 0.03197700
17 0.11865200 0.79578500 0.02636700 0.03197700
25 0.15136700 0.79614800 0.02734400 0.03125000
0 0.18457000 0.79687500 0.02734400 0.03125000
8 0.11767600 0.84302300 0.02832000 0.03197700
0 0.18359400 0.84484000 0.02734400 0.03125000
15 0.21923800 0.84556700 0.02832000 0.03125000
17 0.25439500 0.84629400 0.02832000 0.03125000
4 0.28857400 0.84702000 0.02832000 0.03125000
11 0.32470700 0.84774700 0.02832000 0.03125000
11 0.53466800 0.85283400 0.02832000 0.03125000
4 0.56982400 0.85356100 0.02832000 0.03125000
13 0.60644500 0.85683100 0.02929700 0.03197700
8 0.64209000 0.85683100 0.02832000 0.03197700
22 0.67675800 0.85828500 0.02929700 0.03197700
8 0.82031200 0.85901200 0.02929700 0.03197700
15 0.08349600 0.88880800 0.02636700 0.03052300
17 0.11669900 0.89026200 0.02636700 0.03052300
8 0.14892600 0.89171500 0.02636700 0.03052300
11 0.18408200 0.89316900 0.02636700 0.03052300
4 0.21923800 0.89462200 0.02636700 0.03052300
9 0.25293000 0.89498500 0.02734400 0.03125000
13 0.28857400 0.89534900 0.02832000 0.03197700
0 0.46142600 0.89934600 0.02832000 0.03125000
13 0.49853500 0.90152600 0.02832000 0.03125000
19 0.53320300 0.90225300 0.02734400 0.03125000
14 0.56884800 0.90298000 0.02832000 0.03125000
13 0.60400400 0.90370600 0.02832000 0.03125000
8 0.63916000 0.90479700 0.02832000 0.03197700
12 0.67578100 0.90552300 0.02929700 0.03197700
16 0.61474600 0.11918600 0.03027300 0.03343000
