22 0.05312500 0.27421875 0.03593750 0.12812500
19 0.12968750 0.27109375 0.03750000 0.12812500
5 0.21406250 0.26718750 0.03593750 0.12812500
11 0.25625000 0.26718750 0.03593750 0.13515625
24 0.29531250 0.26718750 0.03750000 0.12812500
15 0.42343750 0.25703125 0.03750000 0.11796875
0 0.46250000 0.25703125 0.02968750 0.12187500
1 0.58437500 0.25703125 0.03437500 0.11484375
14 0.62500000 0.26015625 0.03593750 0.12187500
13 0.78281250 0.11484375 0.03437500 0.12187500
18 0.89531250 0.11796875 0.03281250 0.11796875
12 0.86562500 0.25703125 0.03593750 0.12500000
1 0.04843750 0.42734375 0.03281250 0.11796875
17 0.08437500 0.42734375 0.03125000 0.11796875
14 0.12343750 0.42734375 0.03593750 0.12500000
10 0.16562500 0.42343750 0.03281250 0.12187500
4 0.20937500 0.42343750 0.03437500 0.13515625
12 0.29687500 0.41328125 0.03906250 0.13515625
24 0.33906250 0.41640625 0.04062500 0.12500000
15 0.42500000 0.40625000 0.03437500 0.13203125
14 0.46406250 0.40937500 0.03125000 0.12187500
11 0.50625000 0.40625000 0.03437500 0.12812500
4 0.54687500 0.41328125 0.03906250 0.13515625
5 0.71250000 0.39609375 0.03593750 0.13203125
4 0.75468750 0.40312500 0.03437500 0.12187500
11 0.79531250 0.40312500 0.03593750 0.12500000
11 0.83750000 0.40312500 0.04062500 0.12187500
5 0.04375000 0.58359375 0.03281250 0.12187500
17 0.08125000 0.59062500 0.03437500 0.13515625
14 0.12031250 0.58671875 0.03593750 0.13203125
13 0.16562500 0.58359375 0.03593750 0.12500000
19 0.20937500 0.58359375 0.03750000 0.13906250
17 0.42343750 0.56953125 0.03593750 0.13515625
4 0.46875000 0.56562500 0.03750000 0.12812500
1 0.51093750 0.56562500 0.03281250 0.13203125
4 0.55156250 0.56562500 0.03437500 0.13203125
0 0.63281250 0.56250000 0.03437500 0.12500000
13 0.80312500 0.55546875 0.03281250 0.11796875
20 0.84375000 0.55546875 0.03437500 0.12187500
0 0.12187500 0.74296875 0.03281250 0.12500000
5 0.16093750 0.74296875 0.03593750 0.13906250
17 0.20625000 0.73984375 0.03750000 0.13515625
0 0.24531250 0.73593750 0.03281250 0.13906250
8 0.29375000 0.73281250 0.03906250 0.14609375
3 0.34062500 0.72890625 0.04062500 0.14921875
7 0.42656250 0.72890625 0.03750000 0.14218750
4 0.46718750 0.72578125 0.03906250 0.13515625
12 0.55625000 0.72187500 0.03750000 0.13515625
8 0.60000000 0.72187500 0.03750000 0.13906250
19 0.68437500 0.71562500 0.04062500 0.14218750
2 0.76875000 0.71562500 0.03437500 0.13515625
20 0.93593750 0.71171875 0.03750000 0.12500000
23 0.15468750 0.91328125 0.04062500 0.13906250
19 0.24218750 0.90625000 0.03437500 0.13515625
14 0.28750000 0.89921875 0.04062500 0.13203125
14 0.33125000 0.89609375 0.03906250 0.13515625
10 0.37812500 0.89921875 0.03906250 0.13203125
12 0.46718750 0.89218750 0.03593750 0.13203125
4 0.51250000 0.89921875 0.03906250 0.13515625
19 0.60156250 0.89609375 0.03906250 0.14218750
12 0.73125000 0.87812500 0.03750000 0.14218750
20 0.81718750 0.88203125 0.03906250 0.13203125
19 0.86093750 0.87500000 0.03906250 0.15625000
4 0.90000000 0.87812500 0.03593750 0.13906250
18 0.94375000 0.87812500 0.03750000 0.14218750
4 0.92500000 0.55234375 0.03437500 0.12187500
19 0.96562500 0.55234375 0.03281250 0.12187500
3 0.91562500 0.40312500 0.04218750 0.12500000
