5 0.17812500 0.21406250 0.08750000 0.17968750
11 0.27812500 0.19531250 0.08750000 0.17500000
19 0.37968750 0.16406250 0.09062500 0.17500000
17 0.47656250 0.15000000 0.09062500 0.17031250
18 0.11093750 0.45000000 0.08593750 0.17500000
7 0.20468750 0.44375000 0.08750000 0.18750000
4 0.30937500 0.41250000 0.08281250 0.18750000
18 0.05156250 0.68593750 0.09531250 0.18906250
7 0.13750000 0.67500000 0.08593750 0.19218750
16 0.23281250 0.65781250 0.09375000 0.16718750
4 0.25468750 0.87031250 0.08125000 0.17031250
11 0.35468750 0.85781250 0.09375000 0.16718750
7 0.57031250 0.13906250 0.09375000 0.17187500
12 0.45625000 0.82031250 0.08750000 0.17656250
4 0.33593750 0.62187500 0.08281250 0.16093750
11 0.50000000 0.36250000 0.08125000 0.15625000
4 0.43437500 0.59531250 0.08125000 0.17031250
14 0.56250000 0.79375000 0.10000000 0.16562500
14 0.59062500 0.34531250 0.08750000 0.16718750
18 0.75156250 0.09375000 0.07343750 0.16250000
14 0.68281250 0.32500000 0.08750000 0.16718750
3 0.61718750 0.54531250 0.09531250 0.17656250
