19 0.71875000 0.39375000 0.05625000 0.14531250
13 0.77812500 0.38281250 0.05625000 0.13906250
20 0.77968750 0.58281250 0.05156250 0.13906250
0 0.71562500 0.58125000 0.05156250 0.12187500
17 0.83750000 0.19062500 0.06250000 0.14843750
9 0.64843750 0.39375000 0.05156250 0.13906250
6 0.84531250 0.38125000 0.05468750 0.13437500
4 0.84531250 0.57656250 0.04687500 0.13593750
7 0.65312500 0.58906250 0.05156250 0.13906250
14 0.71718750 0.77812500 0.05468750 0.13125000
2 0.65625000 0.78437500 0.04687500 0.13437500
19 0.78437500 0.77656250 0.05625000 0.13593750
16 0.84531250 0.76875000 0.05000000 0.13906250
17 0.90781250 0.76093750 0.04687500 0.15000000
4 0.96875000 0.75781250 0.04687500 0.14062500
3 0.91093750 0.93906250 0.04687500 0.12187500
