19 0.65468750 0.21562500 0.05625000 0.14843750
13 0.71875000 0.21562500 0.05156250 0.15625000
20 0.72500000 0.40312500 0.05625000 0.14531250
0 0.66406250 0.40312500 0.05625000 0.14375000
9 0.59062500 0.21718750 0.05156250 0.14062500
6 0.77500000 0.21406250 0.05156250 0.14375000
4 0.78281250 0.39687500 0.05156250 0.14843750
7 0.59687500 0.40312500 0.05000000 0.13906250
14 0.65937500 0.59062500 0.05625000 0.14062500
2 0.60156250 0.58750000 0.05156250 0.14062500
19 0.72500000 0.58437500 0.05625000 0.14531250
16 0.78437500 0.58125000 0.05156250 0.14531250
17 0.84218750 0.57500000 0.04687500 0.15000000
17 0.89843750 0.75781250 0.05468750 0.14062500
16 0.79062500 0.76875000 0.06250000 0.14531250
9 0.84687500 0.76406250 0.05468750 0.15000000
8 0.72812500 0.76875000 0.05156250 0.14375000
1 0.66718750 0.77031250 0.05625000 0.14062500
11 0.83750000 0.21406250 0.05156250 0.16093750
13 0.95937500 0.75312500 0.05000000 0.14375000
