14 0.11562500 0.38125000 0.11718750 0.22500000
19 0.24375000 0.36250000 0.10312500 0.21250000
17 0.37187500 0.35156250 0.09843750 0.21875000
4 0.49062500 0.33125000 0.10312500 0.21875000
0 0.12500000 0.66875000 0.10468750 0.20312500
2 0.26250000 0.62812500 0.10468750 0.20156250
10 0.39687500 0.64375000 0.12187500 0.19687500
17 0.54375000 0.88750000 0.10468750 0.21875000
18 0.67500000 0.86250000 0.10468750 0.22500000
18 0.64843750 0.59062500 0.10312500 0.20781250
21 0.10156250 0.11718750 0.10468750 0.18125000
