18 0.22031250 0.85625000 0.11718750 0.24218750
7 0.33906250 0.84843750 0.11875000 0.23437500
7 0.13906250 0.16250000 0.09375000 0.17500000
4 0.23281250 0.15312500 0.08281250 0.17656250
21 0.43437500 0.11718750 0.09375000 0.17500000
4 0.47187500 0.82500000 0.11406250 0.23281250
0 0.51875000 0.11250000 0.07343750 0.16718750
17 0.60937500 0.10156250 0.08750000 0.16250000
2 0.45156250 0.52812500 0.10312500 0.18437500
7 0.55625000 0.52656250 0.09062500 0.18906250
0 0.65625000 0.50937500 0.09531250 0.19843750
6 0.77031250 0.09218750 0.06875000 0.13437500
