18 0.21562500 0.70000000 0.10312500 0.20781250
7 0.33281250 0.67968750 0.11406250 0.21562500
8 0.29531250 0.40937500 0.10781250 0.21875000
13 0.42031250 0.39375000 0.10468750 0.23437500
4 0.45156250 0.65000000 0.10781250 0.21250000
18 0.60625000 0.89843750 0.10312500 0.19375000
16 0.57500000 0.62500000 0.10937500 0.21093750
20 0.15468750 0.16406250 0.11250000 0.17656250
4 0.26875000 0.15000000 0.09843750 0.20781250
13 0.38750000 0.12500000 0.10312500 0.22812500
16 0.48125000 0.90000000 0.10937500 0.19843750
4 0.05625000 0.45625000 0.11250000 0.22812500
2 0.65937500 0.33750000 0.10468750 0.23281250
