0 0.05625000 0.11764706 0.06718750 0.17647059
1 0.15312500 0.11764706 0.05312500 0.18907563
2 0.25000000 0.11764706 0.04687500 0.15126050
3 0.35312500 0.11344538 0.05625000 0.18487395
4 0.45156250 0.11764706 0.05468750 0.16386555
5 0.55156250 0.12184874 0.05156250 0.18067227
6 0.65156250 0.11764706 0.04687500 0.16386555
7 0.75156250 0.11764706 0.05000000 0.16386555
8 0.85156250 0.11764706 0.04687500 0.15966387
9 0.95000000 0.11344538 0.04843750 0.15966387
10 0.05000000 0.44957983 0.04843750 0.18487395
11 0.14687500 0.44537815 0.04218750 0.18067227
12 0.24687500 0.44957983 0.05156250 0.18487395
13 0.35156250 0.46218487 0.05156250 0.17226891
14 0.45468750 0.45378151 0.05625000 0.16806723
15 0.55312500 0.44957983 0.05000000 0.16386555
16 0.65312500 0.44957983 0.05156250 0.16806723
17 0.75156250 0.44537815 0.04218750 0.18067227
18 0.85156250 0.45378151 0.05000000 0.17226891
19 0.95000000 0.44957983 0.05000000 0.16806723
20 0.05312500 0.77731092 0.04218750 0.18487395
21 0.15000000 0.78571429 0.05625000 0.16386555
23 0.25000000 0.78991597 0.05000000 0.17647059
24 0.35156250 0.78571429 0.04062500 0.17647059
25 0.45625000 0.79411765 0.05312500 0.16806723
22 0.55312500 0.78991597 0.04843750 0.18487395
