4 0.07656250 0.49843750 0.10468750 0.20156250
2 0.05312500 0.21562500 0.10312500 0.18125000
10 0.17812500 0.20781250 0.10937500 0.18906250
16 0.08750000 0.78281250 0.10781250 0.22500000
16 0.22656250 0.76093750 0.11250000 0.21562500
17 0.33125000 0.45781250 0.09531250 0.20312500
8 0.36250000 0.73125000 0.10937500 0.23281250
18 0.46093750 0.43125000 0.09843750 0.19687500
4 0.48750000 0.70156250 0.10937500 0.21562500
18 0.43125000 0.15468750 0.10000000 0.20625000
7 0.55000000 0.14062500 0.11250000 0.21250000
3 0.61718750 0.65468750 0.10312500 0.21875000
0 0.58281250 0.40312500 0.09843750 0.20781250
