18 0.22656250 0.69687500 0.10312500 0.20781250
7 0.34062500 0.67812500 0.11406250 0.21562500
8 0.31718750 0.40000000 0.10781250 0.21875000
13 0.43593750 0.38750000 0.10468750 0.23437500
4 0.46250000 0.64843750 0.10781250 0.21093750
18 0.61093750 0.89843750 0.10312500 0.19375000
16 0.59062500 0.62500000 0.10937500 0.21093750
20 0.16875000 0.16406250 0.10937500 0.17656250
4 0.05312500 0.18906250 0.09843750 0.18750000
4 0.28906250 0.15000000 0.09843750 0.20781250
13 0.40312500 0.11562500 0.10312500 0.22812500
16 0.48906250 0.90000000 0.10937500 0.19843750
4 0.07343750 0.45625000 0.11250000 0.22812500
