3 0.10000000 0.09687500 0.03750000 0.13906250
13 0.18437500 0.09375000 0.03437500 0.13906250
7 0.26875000 0.09687500 0.04375000 0.13906250
19 0.35937500 0.09687500 0.04375000 0.13515625
0 0.40000000 0.10078125 0.03750000 0.13906250
10 0.44531250 0.09687500 0.05000000 0.14609375
12 0.61562500 0.10078125 0.04218750 0.14609375
14 0.70468750 0.11093750 0.04218750 0.14609375
15 0.74843750 0.11093750 0.04375000 0.13906250
11 0.83125000 0.11093750 0.04062500 0.15312500
24 0.87656250 0.11484375 0.04843750 0.14218750
24 0.91406250 0.27812500 0.04218750 0.14609375
17 0.87187500 0.27421875 0.04375000 0.14921875
6 0.82812500 0.27421875 0.03906250 0.15312500
13 0.78750000 0.27109375 0.04375000 0.14609375
0 0.74375000 0.27109375 0.04062500 0.14218750
10 0.65937500 0.26718750 0.04375000 0.13515625
14 0.61406250 0.26406250 0.04375000 0.12812500
14 0.57343750 0.27109375 0.04531250 0.12187500
2 0.52968750 0.26406250 0.03750000 0.13515625
4 0.35937500 0.27109375 0.04062500 0.13906250
3 0.31718750 0.27109375 0.04375000 0.13906250
0 0.27187500 0.27109375 0.03750000 0.14218750
12 0.23125000 0.27109375 0.04375000 0.14218750
23 0.14687500 0.25312500 0.04218750 0.13515625
3 0.06562500 0.41328125 0.03906250 0.13906250
17 0.10781250 0.41640625 0.03906250 0.13515625
14 0.14843750 0.41640625 0.03750000 0.13906250
21 0.18906250 0.42031250 0.04062500 0.13203125
4 0.23281250 0.42031250 0.04375000 0.13515625
12 0.36093750 0.42343750 0.04375000 0.13203125
14 0.44062500 0.42734375 0.03593750 0.13515625
13 0.48593750 0.42343750 0.04375000 0.13906250
3 0.56875000 0.43046875 0.03750000 0.14921875
4 0.61093750 0.43437500 0.03750000 0.13906250
2 0.65312500 0.43046875 0.03750000 0.13515625
10 0.69531250 0.43046875 0.03750000 0.12812500
4 0.94687500 0.59375000 0.03750000 0.13203125
7 0.90625000 0.59687500 0.03906250 0.14609375
11 0.69687500 0.59062500 0.04218750 0.12500000
11 0.65312500 0.59062500 0.04218750 0.12500000
4 0.61250000 0.58671875 0.03906250 0.12812500
1 0.57187500 0.58359375 0.04531250 0.12812500
19 0.40312500 0.57968750 0.03750000 0.13906250
0 0.36093750 0.58359375 0.03750000 0.12812500
14 0.27500000 0.57656250 0.03593750 0.12812500
10 0.23750000 0.57656250 0.03906250 0.12812500
18 0.19531250 0.57968750 0.04375000 0.13515625
8 0.15312500 0.57656250 0.03906250 0.13906250
3 0.11250000 0.57656250 0.04218750 0.14218750
10 0.23750000 0.72578125 0.04062500 0.12812500
4 0.27812500 0.72578125 0.03906250 0.12812500
4 0.31875000 0.72578125 0.03750000 0.12812500
15 0.35937500 0.72578125 0.03906250 0.12812500
7 0.44375000 0.72890625 0.03281250 0.12187500
6 0.56875000 0.73593750 0.03906250 0.12812500
14 0.60625000 0.73281250 0.03750000 0.12812500
