8 0.16308600 0.07376500 0.02148400 0.02252900
7 0.81884800 0.09193300 0.02050800 0.02107600
6 0.84326200 0.09266000 0.02050800 0.02107600
10 0.11035200 0.10574100 0.01953100 0.02252900
18 0.16210900 0.10501500 0.01953100 0.02252900
20 0.18847700 0.10428800 0.02148400 0.02252900
13 0.21533200 0.10428800 0.02050800 0.02252900
3 0.24169900 0.10465100 0.02050800 0.02325600
20 0.26953100 0.10428800 0.02148400 0.02252900
10 0.29638700 0.10501500 0.02050800 0.02252900
20 0.32373000 0.10574100 0.02050800 0.02252900
1 0.37793000 0.10719500 0.02148400 0.02252900
4 0.40527300 0.10828500 0.02148400 0.02180200
9 0.43212900 0.10901200 0.02050800 0.02180200
8 0.45800800 0.11010200 0.02148400 0.02252900
19 0.48486300 0.11082800 0.02050800 0.02252900
19 0.53759800 0.11264500 0.02050800 0.02180200
14 0.56396500 0.11373500 0.02050800 0.02252900
11 0.58935500 0.11482600 0.02050800 0.02180200
18 0.61572300 0.11591600 0.02050800 0.02252900
19 0.64209000 0.11700600 0.02050800 0.02180200
10 0.69287100 0.11845900 0.02050800 0.02180200
14 0.10888700 0.13880800 0.02050800 0.02180200
19 0.13427700 0.13844500 0.02050800 0.02252900
9 0.18798800 0.13699100 0.02050800 0.02252900
0 0.21435500 0.13553800 0.02050800 0.02252900
17 0.24169900 0.13626500 0.02050800 0.02252900
14 0.32373000 0.13771800 0.02050800 0.02252900
13 0.35009800 0.13808100 0.02050800 0.02180200
22 0.40478500 0.13917200 0.02050800 0.02252900
4 0.43212900 0.14062500 0.02050800 0.02252900
18 0.45849600 0.14135200 0.02050800 0.02252900
17 0.53808600 0.14389500 0.01953100 0.02180200
0 0.56347700 0.14498500 0.01953100 0.02107600
25 0.58984400 0.14607600 0.01953100 0.02180200
12 0.61621100 0.14680200 0.01953100 0.02180200
10 0.66796900 0.14898300 0.01953100 0.02180200
23 0.21337900 0.16787800 0.02050800 0.02325600
4 0.24023400 0.16824100 0.02148400 0.02252900
10 0.26709000 0.16896800 0.02050800 0.02252900
8 0.29541000 0.16896800 0.02050800 0.02252900
10 0.34912100 0.16969500 0.02050800 0.02252900
0 0.37646500 0.17078500 0.02050800 0.02325600
10 0.40380900 0.17187500 0.02050800 0.02252900
15 0.45752000 0.17332800 0.02050800 0.02252900
14 0.48486300 0.17405500 0.02050800 0.02252900
3 0.51123000 0.17478200 0.02050800 0.02252900
20 0.53759800 0.17550900 0.02050800 0.02252900
10 0.59033200 0.17768900 0.02050800 0.02252900
8 0.61621100 0.17841600 0.01953100 0.02252900
11 0.23925800 0.20058100 0.02148400 0.02325600
15 0.29345700 0.20130800 0.02050800 0.02325600
0 0.32177700 0.20203500 0.02050800 0.02325600
13 0.37646500 0.20276200 0.02050800 0.02325600
0 0.40380900 0.20348800 0.02050800 0.02325600
12 0.45752000 0.20566900 0.02050800 0.02325600
0 0.48486300 0.20639500 0.02050800 0.02325600
10 0.51123000 0.20712200 0.02050800 0.02325600
20 0.53710900 0.20748500 0.01953100 0.02252900
10 0.59033200 0.20893900 0.02050800 0.02252900
4 0.61669900 0.21039200 0.02050800 0.02252900
10 0.32128900 0.23401200 0.02148400 0.02325600
17 0.34814500 0.23510200 0.02050800 0.02252900
8 0.37548800 0.23582800 0.02050800 0.02252900
16 0.40283200 0.23655500 0.02050800 0.02252900
8 0.43017600 0.23728200 0.02050800 0.02252900
19 0.45654300 0.23800900 0.02050800 0.02252900
14 0.51123000 0.23909900 0.02050800 0.02325600
13 0.53857400 0.23982600 0.02050800 0.02325600
15 0.64306600 0.24309600 0.02050800 0.02252900
14 0.66943400 0.24382300 0.02050800 0.02252900
18 0.69433600 0.24454900 0.01953100 0.02252900
10 0.72070300 0.24527600 0.01953100 0.02252900
14 0.74609400 0.24600300 0.01953100 0.02252900
17 0.77148400 0.24636600 0.01953100 0.02180200
4 0.79687500 0.24709300 0.01953100 0.02180200
15 0.15576200 0.26598800 0.02050800 0.02325600
14 0.18310500 0.26635200 0.02050800 0.02252900
11 0.21044900 0.26598800 0.02050800 0.02325600
14 0.23779300 0.26635200 0.02050800 0.02252900
9 0.26513700 0.26671500 0.02050800 0.02325600
8 0.29345700 0.26598800 0.02050800 0.02325600
13 0.34814500 0.26780500 0.02050800 0.02252900
0 0.37548800 0.26853200 0.02050800 0.02252900
15 0.43017600 0.26925900 0.02050800 0.02252900
19 0.48486300 0.26998500 0.02050800 0.02252900
17 0.56494100 0.27252900 0.02050800 0.02325600
20 0.59130900 0.27325600 0.02050800 0.02180200
1 0.61718800 0.27398300 0.01953100 0.02180200
11 0.64355500 0.27470900 0.01953100 0.02180200
4 0.66992200 0.27543600 0.01953100 0.02180200
22 0.10351600 0.30159900 0.01953100 0.02325600
25 0.12890600 0.30087200 0.01953100 0.02325600
11 0.18212900 0.29941900 0.02050800 0.02325600
12 0.23681600 0.29941900 0.02050800 0.02325600
14 0.26416000 0.29941900 0.02050800 0.02325600
17 0.29150400 0.29978200 0.02050800 0.02252900
14 0.31982400 0.29978200 0.02050800 0.02252900
9 0.34716800 0.30014500 0.02050800 0.02325600
4 0.37500000 0.30087200 0.02148400 0.02325600
13 0.40234400 0.30159900 0.02148400 0.02325600
23 0.43017600 0.30232600 0.02050800 0.02325600
8 0.45703100 0.30268900 0.02148400 0.02252900
10 0.48437500 0.30341600 0.02148400 0.02252900
11 0.53808600 0.30450600 0.02148400 0.02325600
4 0.56494100 0.30523300 0.02050800 0.02325600
15 0.59082000 0.30559600 0.01953100 0.02252900
4 0.61718800 0.30632300 0.01953100 0.02252900
10 0.67041000 0.30704900 0.01855500 0.02252900
20 0.69531200 0.30777600 0.01953100 0.02252900
18 0.10205100 0.33393900 0.02050800 0.02398300
15 0.12744100 0.33357600 0.02050800 0.02325600
14 0.15380900 0.33321200 0.02050800 0.02398300
11 0.18115200 0.33284900 0.02050800 0.02325600
14 0.20849600 0.33248500 0.02050800 0.02398300
18 0.23632800 0.33212200 0.02148400 0.02325600
13 0.26367200 0.33284900 0.02148400 0.02325600
20 0.29150400 0.33321200 0.02050800 0.02398300
11 0.31933600 0.33357600 0.02148400 0.02325600
1 0.37500000 0.33466600 0.02148400 0.02398300
14 0.40234400 0.33502900 0.02148400 0.02325600
11 0.43017600 0.33575600 0.02050800 0.02325600
20 0.51123000 0.33720900 0.02050800 0.02325600
11 0.59130900 0.33866300 0.02050800 0.02325600
14 0.61767600 0.33902600 0.02050800 0.02252900
9 0.64404300 0.33902600 0.02050800 0.02252900
10 0.66992200 0.33975300 0.01953100 0.02252900
20 0.69677700 0.34011600 0.02050800 0.02325600
11 0.10009800 0.36773300 0.02050800 0.02325600
14 0.12646500 0.36700600 0.02050800 0.02325600
9 0.15283200 0.36700600 0.02050800 0.02325600
10 0.17919900 0.36627900 0.02050800 0.02325600
20 0.20703100 0.36627900 0.02148400 0.02325600
22 0.26318400 0.36664200 0.02050800 0.02398300
1 0.31884800 0.36700600 0.02050800 0.02325600
0 0.34716800 0.36700600 0.02050800 0.02325600
13 0.37451200 0.36700600 0.02050800 0.02325600
10 0.40185500 0.36809600 0.02050800 0.02398300
20 0.43017600 0.36845900 0.02050800 0.02325600
14 0.48437500 0.36991300 0.01953100 0.02325600
10 0.51074200 0.37027600 0.01953100 0.02252900
20 0.53759800 0.37100300 0.02050800 0.02252900
13 0.56445300 0.37136600 0.01953100 0.02325600
20 0.59082000 0.37173000 0.01953100 0.02252900
11 0.61767600 0.37209300 0.02050800 0.02325600
12 0.09960900 0.40079900 0.02148400 0.02398300
6 0.15185500 0.40043600 0.02050800 0.02325600
10 0.17919900 0.39970900 0.02050800 0.02325600
8 0.20654300 0.39970900 0.02050800 0.02325600
0 0.31787100 0.40043600 0.02050800 0.02325600
17 0.34619100 0.40116300 0.02050800 0.02325600
8 0.37451200 0.40116300 0.02050800 0.02325600
10 0.40185500 0.40189000 0.02050800 0.02325600
25 0.45703100 0.40261600 0.01953100 0.02325600
0 0.48388700 0.40261600 0.02050800 0.02325600
16 0.51123000 0.40334300 0.02050800 0.02325600
4 0.53759800 0.40370600 0.02050800 0.02252900
17 0.56445300 0.40407000 0.01953100 0.02325600
15 0.59082000 0.40443300 0.01953100 0.02252900
13 0.61767600 0.40443300 0.02050800 0.02252900
20 0.64404300 0.40443300 0.02050800 0.02252900
11 0.67041000 0.40516000 0.02050800 0.02252900
15 0.09814500 0.43350300 0.02050800 0.02398300
14 0.12353500 0.43350300 0.02050800 0.02398300
10 0.17822300 0.43350300 0.02050800 0.02398300
17 0.20556600 0.43350300 0.02050800 0.02398300
0 0.23388700 0.43350300 0.02050800 0.02398300
12 0.29052700 0.43350300 0.02050800 0.02398300
15 0.34668000 0.43386600 0.02148400 0.02470900
17 0.37451200 0.43459300 0.02050800 0.02325600
8 0.40185500 0.43495600 0.02050800 0.02252900
6 0.42919900 0.43532000 0.02050800 0.02325600
11 0.45654300 0.43568300 0.02050800 0.02252900
0 0.48388700 0.43604700 0.02050800 0.02325600
3 0.51123000 0.43641000 0.02050800 0.02252900
8 0.53808600 0.43641000 0.01953100 0.02252900
11 0.56445300 0.43677300 0.01953100 0.02325600
11 0.61865200 0.43750000 0.02050800 0.02325600
14 0.64453100 0.43750000 0.01953100 0.02325600
9 0.67089800 0.43786300 0.01953100 0.02252900
10 0.69726600 0.43786300 0.01953100 0.02252900
14 0.72363300 0.43822700 0.01953100 0.02325600
8 0.09668000 0.46838700 0.02148400 0.02398300
13 0.14941400 0.46838700 0.02148400 0.02398300
0 0.17724600 0.46802300 0.02050800 0.02325600
10 0.20507800 0.46766000 0.02148400 0.02398300
17 0.23291000 0.46766000 0.02050800 0.02398300
11 0.28955100 0.46802300 0.02050800 0.02325600
3 0.34619100 0.46838700 0.02050800 0.02398300
17 0.37402300 0.46838700 0.02148400 0.02398300
20 0.40234400 0.46838700 0.02148400 0.02398300
6 0.42919900 0.46875000 0.02050800 0.02325600
14 0.45654300 0.46875000 0.02050800 0.02325600
11 0.53808600 0.47020300 0.01953100 0.02325600
4 0.56494100 0.46947700 0.02050800 0.02325600
15 0.59179700 0.47020300 0.01953100 0.02325600
4 0.61865200 0.47020300 0.02050800 0.02325600
10 0.67187500 0.47056700 0.01953100 0.02252900
14 0.69775400 0.47056700 0.02050800 0.02252900
25 0.14892600 0.50254400 0.02050800 0.02398300
0 0.17578100 0.50254400 0.02148400 0.02398300
16 0.20410200 0.50218000 0.02148400 0.02325600
4 0.23242200 0.50218000 0.02148400 0.02325600
17 0.26074200 0.50218000 0.02148400 0.02325600
15 0.28857400 0.50218000 0.02050800 0.02325600
13 0.31738300 0.50254400 0.02148400 0.02398300
20 0.34521500 0.50254400 0.02050800 0.02398300
11 0.37402300 0.50290700 0.02148400 0.02325600
3 0.42919900 0.50327000 0.02050800 0.02398300
4 0.45703100 0.50290700 0.02148400 0.02325600
18 0.48437500 0.50290700 0.01953100 0.02325600
19 0.53808600 0.50290700 0.01953100 0.02325600
14 0.56494100 0.50290700 0.02050800 0.02325600
10 0.59228500 0.50290700 0.02050800 0.02325600
17 0.64550800 0.50290700 0.01953100 0.02325600
0 0.67236300 0.50290700 0.02050800 0.02325600
25 0.69873000 0.50290700 0.02050800 0.02325600
15 0.17480500 0.53706400 0.02148400 0.02470900
14 0.20312500 0.53742700 0.02148400 0.02398300
11 0.23046900 0.53742700 0.02148400 0.02398300
20 0.25976600 0.53706400 0.02148400 0.02470900
16 0.28808600 0.53670100 0.02148400 0.02398300
0 0.31689500 0.53670100 0.02050800 0.02398300
19 0.37353500 0.53670100 0.02050800 0.02398300
4 0.40136700 0.53670100 0.02148400 0.02398300
18 0.45654300 0.53706400 0.02050800 0.02325600
22 0.48388700 0.53670100 0.02050800 0.02398300
14 0.51123000 0.53670100 0.02050800 0.02398300
25 0.59228500 0.53633700 0.02050800 0.02325600
0 0.61914100 0.53633700 0.01953100 0.02325600
10 0.64599600 0.53633700 0.02050800 0.02325600
0 0.67236300 0.53633700 0.02050800 0.02325600
25 0.69921900 0.53706400 0.01953100 0.02325600
13 0.09277300 0.57158400 0.02148400 0.02398300
4 0.11914100 0.57158400 0.02148400 0.02398300
12 0.17431600 0.57158400 0.02050800 0.02398300
14 0.20214800 0.57194800 0.02148400 0.02470900
17 0.23046900 0.57194800 0.02148400 0.02470900
6 0.25878900 0.57231100 0.02148400 0.02398300
13 0.28710900 0.57085800 0.02148400 0.02398300
20 0.31591800 0.57158400 0.02050800 0.02398300
11 0.34472700 0.57158400 0.02148400 0.02398300
19 0.40087900 0.57085800 0.02050800 0.02398300
14 0.43017600 0.57085800 0.02050800 0.02398300
11 0.45654300 0.57085800 0.02050800 0.02398300
18 0.48388700 0.57085800 0.02050800 0.02398300
19 0.51123000 0.57085800 0.02050800 0.02398300
10 0.56591800 0.57013100 0.02050800 0.02398300
8 0.61962900 0.57013100 0.02050800 0.02398300
6 0.67285200 0.57013100 0.02148400 0.02398300
11 0.69921900 0.57013100 0.02148400 0.02398300
0 0.72656200 0.57013100 0.02148400 0.02398300
25 0.75293000 0.57013100 0.02148400 0.02398300
14 0.77929700 0.57013100 0.02148400 0.02398300
12 0.80517600 0.57013100 0.02050800 0.02398300
18 0.09179700 0.60646800 0.02148400 0.02398300
4 0.14502000 0.60719500 0.02050800 0.02398300
11 0.17285200 0.60719500 0.02148400 0.02398300
12 0.22998000 0.60792200 0.02050800 0.02398300
14 0.25781200 0.60719500 0.02148400 0.02398300
17 0.28613300 0.60683100 0.02148400 0.02470900
14 0.31543000 0.60646800 0.02148400 0.02398300
9 0.34375000 0.60646800 0.02148400 0.02398300
4 0.37255900 0.60574100 0.02050800 0.02398300
13 0.40136700 0.60574100 0.02148400 0.02398300
14 0.42871100 0.60574100 0.02148400 0.02398300
4 0.45654300 0.60574100 0.02050800 0.02398300
17 0.51171900 0.60501500 0.02148400 0.02398300
0 0.53906200 0.60501500 0.02148400 0.02398300
25 0.56543000 0.60428800 0.02148400 0.02398300
14 0.59375000 0.60428800 0.02148400 0.02398300
12 0.62011700 0.60428800 0.02148400 0.02398300
0 0.08984400 0.64207800 0.02148400 0.02543600
15 0.14453100 0.64207800 0.02148400 0.02543600
14 0.17187500 0.64244200 0.02148400 0.02470900
19 0.19921900 0.64244200 0.02148400 0.02470900
14 0.22802700 0.64244200 0.02050800 0.02470900
12 0.25683600 0.64244200 0.02148400 0.02470900
10 0.31445300 0.64171500 0.02148400 0.02470900
17 0.34277300 0.64135200 0.02148400 0.02398300
8 0.37207000 0.64135200 0.02148400 0.02398300
16 0.40039100 0.64098800 0.02148400 0.02470900
8 0.42822300 0.64062500 0.02246100 0.02398300
19 0.45605500 0.64026200 0.02148400 0.02470900
14 0.51171900 0.63953500 0.02148400 0.02470900
15 0.53906200 0.63917200 0.02148400 0.02398300
19 0.59326200 0.63844500 0.02050800 0.02398300
3 0.16992200 0.67768900 0.02148400 0.02543600
0 0.19921900 0.67805200 0.02148400 0.02470900
4 0.28466800 0.67732600 0.02246100 0.02470900
23 0.31396500 0.67732600 0.02246100 0.02470900
4 0.34277300 0.67696200 0.02148400 0.02398300
13 0.40039100 0.67659900 0.02148400 0.02470900
0 0.42773400 0.67478200 0.02148400 0.02398300
3 0.48437500 0.67441900 0.02148400 0.02470900
22 0.51171900 0.67441900 0.02148400 0.02470900
0 0.53906200 0.67441900 0.02148400 0.02470900
3 0.56738300 0.67441900 0.02148400 0.02470900
2 0.59375000 0.67441900 0.02148400 0.02470900
0 0.62109400 0.67296500 0.02148400 0.02470900
19 0.64843800 0.67296500 0.02148400 0.02470900
15 0.72949200 0.67151200 0.02148400 0.02470900
19 0.78222700 0.67078500 0.02148400 0.02470900
3 0.14111300 0.71402600 0.02246100 0.02543600
0 0.16894500 0.71402600 0.02148400 0.02543600
22 0.22656200 0.71329900 0.02148400 0.02543600
15 0.28418000 0.71329900 0.02148400 0.02543600
17 0.31347700 0.71329900 0.02148400 0.02543600
8 0.34179700 0.71293600 0.02148400 0.02470900
3 0.37060500 0.71257300 0.02246100 0.02543600
0 0.39941400 0.71257300 0.02148400 0.02543600
16 0.42773400 0.71148300 0.02148400 0.02470900
20 0.45556600 0.71075600 0.02050800 0.02470900
13 0.51269500 0.71002900 0.02148400 0.02470900
0 0.54003900 0.70930200 0.02148400 0.02470900
15 0.59472700 0.70857600 0.02148400 0.02470900
14 0.62158200 0.70784900 0.02050800 0.02470900
11 0.64941400 0.70784900 0.02148400 0.02470900
19 0.67627000 0.70712200 0.02050800 0.02470900
8 0.70263700 0.70675900 0.02050800 0.02398300
13 0.72949200 0.70639500 0.02148400 0.02470900
13 0.75634800 0.70603200 0.02050800 0.02398300
8 0.78271500 0.70566900 0.02050800 0.02470900
10 0.80908200 0.70530500 0.02050800 0.02398300
18 0.19677700 0.75000000 0.02246100 0.02470900
4 0.22509800 0.75109000 0.02246100 0.02543600
6 0.25390600 0.75036300 0.02148400 0.02543600
14 0.28271500 0.74963700 0.02246100 0.02543600
3 0.31201200 0.74891000 0.02246100 0.02543600
13 0.34130900 0.74854700 0.02246100 0.02470900
8 0.42724600 0.74673000 0.02246100 0.02543600
12 0.45605500 0.74636600 0.02148400 0.02470900
4 0.48388700 0.74600300 0.02246100 0.02543600
13 0.51171900 0.74564000 0.02148400 0.02470900
8 0.54003900 0.74491300 0.02148400 0.02470900
13 0.56738300 0.74345900 0.02148400 0.02470900
13 0.59423800 0.74273300 0.02050800 0.02470900
8 0.62255900 0.74273300 0.02050800 0.02470900
10 0.64941400 0.74200600 0.02148400 0.02470900
17 0.11132800 0.78488400 0.02148400 0.02616300
0 0.13867200 0.78524700 0.02148400 0.02543600
3 0.16699200 0.78561000 0.02148400 0.02616300
8 0.19580100 0.78815400 0.02246100 0.02543600
22 0.25341800 0.78670100 0.02246100 0.02543600
0 0.28271500 0.78597400 0.02246100 0.02543600
8 0.34130900 0.78452000 0.02246100 0.02543600
7 0.36962900 0.78415700 0.02246100 0.02616300
8 0.42627000 0.78306700 0.02246100 0.02543600
12 0.45507800 0.78234000 0.02148400 0.02543600
4 0.48339800 0.78161300 0.02148400 0.02543600
13 0.51220700 0.78161300 0.02246100 0.02543600
8 0.54101600 0.78088700 0.02148400 0.02543600
13 0.56787100 0.77943300 0.02246100 0.02543600
15 0.08300800 0.82085800 0.02148400 0.02543600
14 0.10937500 0.82158400 0.02148400 0.02543600
11 0.13769500 0.82231100 0.02148400 0.02543600
20 0.16650400 0.82303800 0.02246100 0.02543600
16 0.19433600 0.82303800 0.02148400 0.02543600
0 0.22314500 0.82303800 0.02246100 0.02543600
19 0.28271500 0.82231100 0.02246100 0.02543600
4 0.31201200 0.82231100 0.02246100 0.02543600
6 0.37060500 0.82049400 0.02246100 0.02470900
17 0.39843800 0.81940400 0.02343800 0.02543600
0 0.42724600 0.81867700 0.02246100 0.02543600
9 0.45654300 0.81795100 0.02246100 0.02543600
3 0.48388700 0.81722400 0.02246100 0.02543600
0 0.51220700 0.81649700 0.02246100 0.02543600
13 0.54101600 0.81613400 0.02343800 0.02470900
8 0.56787100 0.81431700 0.02246100 0.02398300
13 0.59521500 0.81322700 0.02246100 0.02470900
