21 0.22500000 0.13281250 0.10781250 0.19843750
4 0.35156250 0.12656250 0.11406250 0.20625000
4 0.59062500 0.11250000 0.11406250 0.20625000
4 0.82500000 0.11250000 0.11250000 0.19687500
7 0.10000000 0.40937500 0.10312500 0.19687500
14 0.23593750 0.40468750 0.11250000 0.20625000
19 0.35781250 0.40312500 0.11250000 0.20156250
17 0.48750000 0.39843750 0.11250000 0.20625000
4 0.60625000 0.39843750 0.10468750 0.21093750
1 0.10625000 0.70781250 0.11406250 0.21250000
0 0.23125000 0.70468750 0.10937500 0.21875000
2 0.36250000 0.69531250 0.10937500 0.22500000
10 0.49531250 0.69062500 0.10468750 0.22031250
13 0.93906250 0.10781250 0.09062500 0.19375000
