15 0.08906250 0.09062500 0.03593750 0.12187500
18 0.21875000 0.09062500 0.03437500 0.11875000
11 0.30781250 0.09375000 0.03437500 0.11562500
21 0.35468750 0.09375000 0.03593750 0.12187500
0 0.39843750 0.09375000 0.03437500 0.11875000
13 0.44375000 0.09687500 0.03593750 0.11562500
19 0.83750000 0.11484375 0.03281250 0.11093750
4 0.04375000 0.25312500 0.03281250 0.10781250
11 0.12968750 0.25703125 0.03593750 0.11093750
24 0.17343750 0.25703125 0.03437500 0.11718750
0 0.30625000 0.26015625 0.03281250 0.11875000
11 0.40000000 0.26406250 0.03593750 0.11875000
11 0.44531250 0.26406250 0.03750000 0.11875000
6 0.53125000 0.27109375 0.03281250 0.11875000
0 0.57343750 0.26406250 0.03125000 0.10781250
0 0.61875000 0.27109375 0.03281250 0.11093750
4 0.66250000 0.27109375 0.03125000 0.11562500
10 0.96406250 0.28125000 0.03125000 0.11093750
21 0.30781250 0.42734375 0.03750000 0.12812500
18 0.04062500 0.59062500 0.03125000 0.11093750
3 0.08281250 0.59062500 0.03437500 0.11406250
0 0.26093750 0.59375000 0.03437500 0.12187500
11 0.30625000 0.59375000 0.03750000 0.12187500
19 0.35156250 0.59687500 0.03437500 0.11718750
17 0.57500000 0.59687500 0.03593750 0.11718750
12 0.66406250 0.60078125 0.03437500 0.11406250
15 0.70781250 0.60390625 0.03281250 0.11406250
19 0.75156250 0.60078125 0.03437500 0.11718750
7 0.04062500 0.76015625 0.03437500 0.12812500
24 0.17031250 0.76406250 0.03437500 0.12187500
4 0.21406250 0.76406250 0.03437500 0.12500000
6 0.30625000 0.76406250 0.03437500 0.12187500
8 0.35156250 0.76718750 0.03593750 0.11875000
19 0.39687500 0.76718750 0.03437500 0.12187500
14 0.48593750 0.76406250 0.03593750 0.12187500
13 0.52968750 0.76406250 0.03593750 0.12187500
19 0.75312500 0.77109375 0.03593750 0.12187500
18 0.84062500 0.77109375 0.03437500 0.11875000
5 0.39531250 0.92734375 0.03437500 0.10781250
11 0.48437500 0.93437500 0.03437500 0.11562500
20 0.75156250 0.93750000 0.03593750 0.11562500
