21 0.20625000 0.35781250 0.10312500 0.21093750
14 0.31093750 0.34687500 0.11250000 0.19843750
16 0.42812500 0.34687500 0.10781250 0.20781250
16 0.54375000 0.33750000 0.11250000 0.20625000
8 0.65937500 0.32031250 0.09843750 0.19843750
4 0.76250000 0.32500000 0.09843750 0.21562500
18 0.21250000 0.61250000 0.10000000 0.22812500
7 0.32500000 0.61406250 0.10312500 0.22500000
4 0.44531250 0.59687500 0.11250000 0.22031250
21 0.30937500 0.09687500 0.10781250 0.18437500
17 0.64375000 0.09062500 0.10468750 0.17968750
4 0.42031250 0.10312500 0.09843750 0.20312500
