0 0.11718750 0.18593750 0.06250000 0.12187500
1 0.25234375 0.18437500 0.06562500 0.12343750
2 0.39062500 0.18593750 0.06562500 0.12500000
3 0.52421875 0.18671875 0.06406250 0.12343750
4 0.66250000 0.18593750 0.06406250 0.12187500
5 0.80312500 0.18125000 0.06250000 0.11718750
6 0.93906250 0.18359375 0.06250000 0.12500000
7 0.11640625 0.42734375 0.06250000 0.12187500
8 0.25234375 0.42656250 0.06250000 0.11875000
9 0.39062500 0.42734375 0.06250000 0.12187500
10 0.52343750 0.42656250 0.06562500 0.12343750
11 0.66250000 0.42968750 0.06406250 0.12500000
12 0.80156250 0.42890625 0.06562500 0.11875000
13 0.93984375 0.42421875 0.06250000 0.11875000
14 0.11718750 0.67265625 0.06250000 0.11875000
15 0.25468750 0.67265625 0.06406250 0.11875000
16 0.39140625 0.67343750 0.06406250 0.12500000
17 0.52500000 0.67734375 0.06562500 0.11875000
18 0.66250000 0.67265625 0.06406250 0.12343750
19 0.79921875 0.67500000 0.06718750 0.12343750
20 0.93984375 0.67812500 0.06718750 0.12500000
21 0.25546875 0.91328125 0.06562500 0.12187500
22 0.39062500 0.91640625 0.06250000 0.11406250
23 0.52500000 0.91796875 0.06562500 0.12187500
24 0.66406250 0.92187500 0.06406250 0.12187500
25 0.80078125 0.92421875 0.06718750 0.12187500
