13 0.12812500 0.11458333 0.03437500 0.11458333
24 0.16875000 0.11458333 0.03437500 0.11111111
20 0.33125000 0.10763889 0.03437500 0.11805556
15 0.37343750 0.10069444 0.03593750 0.12152778
22 0.53593750 0.11458333 0.03281250 0.11805556
4 0.57812500 0.11111111 0.03437500 0.12152778
19 0.08437500 0.26041667 0.02968750 0.12152778
17 0.16250000 0.25694444 0.03437500 0.11805556
2 0.24375000 0.26041667 0.03593750 0.12500000
4 0.28750000 0.25347222 0.03593750 0.12500000
14 0.11718750 0.41319444 0.03125000 0.12152778
15 0.15625000 0.40625000 0.03437500 0.11805556
15 0.19843750 0.40625000 0.03281250 0.12500000
18 0.28437500 0.40625000 0.03593750 0.11111111
0 0.40937500 0.40277778 0.03125000 0.10763889
19 0.49531250 0.40972222 0.03750000 0.11111111
0 0.53593750 0.40625000 0.03281250 0.11805556
23 0.57968750 0.40972222 0.03437500 0.11458333
8 0.62031250 0.40625000 0.03593750 0.11111111
12 0.53750000 0.25694444 0.03906250 0.11458333
0 0.57812500 0.25347222 0.03281250 0.11111111
3 0.61875000 0.25347222 0.03125000 0.11111111
4 0.65781250 0.25694444 0.03281250 0.10763889
11 0.70000000 0.25694444 0.03437500 0.12152778
24 0.74218750 0.25694444 0.03750000 0.11111111
13 0.78281250 0.25694444 0.03281250 0.11458333
4 0.65625000 0.11458333 0.03593750 0.12152778
0 0.69687500 0.11111111 0.03437500 0.12152778
11 0.81718750 0.11458333 0.03281250 0.11458333
8 0.85625000 0.11458333 0.02656250 0.11111111
21 0.89531250 0.11805556 0.03750000 0.11805556
4 0.93437500 0.11805556 0.03125000 0.10763889
17 0.97968750 0.26388889 0.03281250 0.12152778
17 0.74687500 0.40972222 0.03593750 0.12500000
8 0.78906250 0.41666667 0.03281250 0.11805556
3 0.82968750 0.41319444 0.03593750 0.12500000
4 0.87031250 0.41666667 0.03281250 0.12152778
8 0.95000000 0.41319444 0.03125000 0.12500000
0 0.15625000 0.56944444 0.03281250 0.12500000
18 0.19375000 0.56944444 0.03593750 0.12847222
18 0.23750000 0.56944444 0.03750000 0.12847222
0 0.28125000 0.56944444 0.03750000 0.12847222
18 0.32500000 0.56597222 0.03750000 0.12847222
18 0.36875000 0.56250000 0.03750000 0.12847222
18 0.45312500 0.56250000 0.03593750 0.12847222
17 0.66718750 0.56597222 0.03593750 0.12500000
14 0.10625000 0.73611111 0.03750000 0.12500000
17 0.14843750 0.73263889 0.03750000 0.12152778
4 0.23437500 0.73263889 0.03750000 0.13194444
1 0.36875000 0.73263889 0.03750000 0.13194444
0 0.40937500 0.72569444 0.03906250 0.13888889
3 0.45468750 0.72569444 0.03750000 0.13194444
6 0.54062500 0.72222222 0.03906250 0.12152778
20 0.58281250 0.72916667 0.03906250 0.11805556
24 0.62656250 0.72222222 0.04062500 0.13194444
1 0.79375000 0.56250000 0.03437500 0.12847222
0 0.83281250 0.56597222 0.03125000 0.12152778
3 0.87500000 0.56597222 0.03750000 0.12847222
6 0.95781250 0.56944444 0.03750000 0.12847222
0 0.79843750 0.72569444 0.03437500 0.12847222
11 0.84062500 0.72916667 0.03750000 0.14236111
11 0.88125000 0.72569444 0.02812500 0.13541667
8 0.96718750 0.73263889 0.03750000 0.13541667
13 0.45156250 0.89583333 0.04375000 0.14236111
6 0.53906250 0.89583333 0.04062500 0.13888889
0 0.58437500 0.89583333 0.03437500 0.13194444
19 0.62812500 0.89583333 0.04062500 0.13888889
24 0.84687500 0.89583333 0.04062500 0.13888889
19 0.93281250 0.89236111 0.03906250 0.13888889
2 0.10156250 0.89930556 0.03593750 0.13888889
11 0.14218750 0.90277778 0.03593750 0.12847222
20 0.18437500 0.90277778 0.03593750 0.13194444
12 0.22812500 0.89930556 0.03750000 0.13541667
15 0.27500000 0.89930556 0.03593750 0.13194444
24 0.31718750 0.89930556 0.03750000 0.13541667
