19 0.68593750 0.40312500 0.05625000 0.14531250
13 0.74843750 0.39375000 0.05625000 0.13906250
11 0.87187500 0.39687500 0.05625000 0.13906250
20 0.75312500 0.58906250 0.05156250 0.12656250
0 0.69375000 0.58593750 0.05156250 0.12187500
17 0.80000000 0.21406250 0.06250000 0.15000000
9 0.62187500 0.40468750 0.05156250 0.13906250
6 0.80937500 0.39375000 0.05468750 0.13437500
4 0.81406250 0.58125000 0.04687500 0.13593750
7 0.63125000 0.60000000 0.05000000 0.13906250
12 0.93593750 0.56406250 0.04687500 0.12656250
14 0.69687500 0.77968750 0.05000000 0.12656250
2 0.63750000 0.77656250 0.04687500 0.13125000
19 0.75937500 0.77031250 0.05625000 0.13593750
16 0.81875000 0.76718750 0.05000000 0.13906250
17 0.87812500 0.75781250 0.04687500 0.15000000
4 0.93750000 0.75312500 0.04687500 0.14062500
17 0.94218750 0.92812500 0.05000000 0.13125000
3 0.88437500 0.92812500 0.05468750 0.13906250
16 0.82656250 0.93593750 0.05156250 0.12656250
8 0.76875000 0.93437500 0.05468750 0.13125000
