7 0.25937500 0.06562500 0.03750000 0.12812500
4 0.53125000 0.06562500 0.04062500 0.12812500
0 0.67187500 0.06562500 0.03750000 0.12500000
13 0.71562500 0.06562500 0.04218750 0.12812500
17 0.93750000 0.06953125 0.03750000 0.13593750
4 0.94218750 0.23593750 0.03750000 0.12187500
1 0.66875000 0.22890625 0.03125000 0.12187500
18 0.53281250 0.23593750 0.03437500 0.12812500
4 0.48593750 0.23593750 0.03437500 0.13281250
10 0.17343750 0.22578125 0.04218750 0.13125000
0 0.13125000 0.22890625 0.03750000 0.13593750
19 0.08906250 0.22890625 0.04531250 0.13593750
2 0.17187500 0.39921875 0.04375000 0.12812500
17 0.25781250 0.39609375 0.04218750 0.13906250
8 0.30312500 0.39609375 0.03906250 0.13906250
4 0.35000000 0.39609375 0.03750000 0.13281250
8 0.57500000 0.40312500 0.03593750 0.12500000
19 0.62187500 0.40312500 0.03593750 0.12812500
13 0.76093750 0.40625000 0.03593750 0.13593750
0 0.97968750 0.40625000 0.03750000 0.12812500
11 0.98125000 0.57656250 0.03750000 0.13281250
13 0.85156250 0.56953125 0.03750000 0.12812500
15 0.57656250 0.57265625 0.03750000 0.12812500
2 0.44375000 0.56953125 0.03750000 0.12812500
8 0.39531250 0.57265625 0.03750000 0.14218750
19 0.34843750 0.56953125 0.04375000 0.13906250
13 0.30468750 0.56953125 0.04375000 0.13906250
0 0.25937500 0.56562500 0.03906250 0.13593750
11 0.21562500 0.56953125 0.04062500 0.12500000
19 0.17187500 0.56562500 0.04218750 0.12812500
0 0.12812500 0.56562500 0.03750000 0.13281250
20 0.12812500 0.72890625 0.03750000 0.13281250
22 0.62031250 0.74296875 0.03906250 0.11875000
17 0.75625000 0.74687500 0.03437500 0.11875000
4 0.80312500 0.74296875 0.03906250 0.13281250
12 0.84375000 0.91328125 0.03906250 0.13281250
14 0.75468750 0.91640625 0.04218750 0.12500000
4 0.48437500 0.90625000 0.03281250 0.12500000
6 0.35000000 0.90937500 0.03906250 0.13281250
11 0.21406250 0.90937500 0.03281250 0.12500000
8 0.17187500 0.90625000 0.03750000 0.13281250
18 0.08750000 0.89218750 0.03750000 0.12812500
