18 0.24843750 0.69531250 0.10312500 0.20781250
7 0.36250000 0.67500000 0.11406250 0.21562500
8 0.33593750 0.39843750 0.10781250 0.21875000
13 0.45937500 0.38750000 0.10312500 0.23437500
4 0.48281250 0.64843750 0.10781250 0.21093750
18 0.63750000 0.89218750 0.10312500 0.19375000
16 0.60312500 0.62187500 0.10937500 0.21093750
20 0.18437500 0.16406250 0.10937500 0.17656250
4 0.05937500 0.18906250 0.09843750 0.18750000
4 0.30468750 0.14375000 0.09843750 0.20781250
13 0.42500000 0.12343750 0.10312500 0.22812500
16 0.51250000 0.90000000 0.10937500 0.19843750
