0 0.09843750 0.17812500 0.07343750 0.16718750
17 0.19062500 0.15625000 0.08750000 0.18437500
7 0.07187500 0.65312500 0.10937500 0.20312500
0 0.17968750 0.63281250 0.09531250 0.19843750
6 0.39375000 0.12812500 0.08750000 0.17656250
15 0.30468750 0.59218750 0.10937500 0.21250000
16 0.31718750 0.89843750 0.11718750 0.20312500
14 0.48750000 0.11250000 0.08593750 0.15312500
13 0.58125000 0.10156250 0.09062500 0.16562500
19 0.45781250 0.86875000 0.12187500 0.23750000
18 0.43281250 0.56250000 0.10312500 0.20156250
4 0.53906250 0.54218750 0.10000000 0.21250000
17 0.58593750 0.81250000 0.11250000 0.24218750
18 0.69843750 0.77343750 0.09531250 0.22968750
4 0.67031250 0.10000000 0.08125000 0.15781250
16 0.64531250 0.51250000 0.10781250 0.20156250
23 0.80468750 0.74218750 0.10468750 0.21250000
