21 0.02812500 0.19375000 0.05468750 0.14843750
0 0.09843750 0.17812500 0.07343750 0.16718750
17 0.19531250 0.15625000 0.08750000 0.18437500
7 0.08437500 0.63750000 0.10937500 0.18437500
0 0.19687500 0.61562500 0.09531250 0.19843750
6 0.40625000 0.12187500 0.08750000 0.17656250
15 0.32500000 0.58593750 0.10937500 0.21250000
16 0.35156250 0.88437500 0.11875000 0.22968750
14 0.49843750 0.11093750 0.08593750 0.15312500
13 0.59375000 0.10000000 0.09062500 0.16562500
19 0.48593750 0.84218750 0.12187500 0.23750000
18 0.45625000 0.55468750 0.10312500 0.20156250
4 0.55937500 0.53750000 0.10000000 0.21093750
17 0.60625000 0.80000000 0.11250000 0.24218750
18 0.72656250 0.76093750 0.09531250 0.22968750
4 0.67968750 0.09687500 0.08125000 0.15781250
16 0.66718750 0.51093750 0.10781250 0.20156250
