1 0.05937500 0.10416667 0.02656250 0.09722222
15 0.31562500 0.10069444 0.03281250 0.12152778
18 0.44843750 0.10069444 0.03281250 0.11458333
15 0.53750000 0.10069444 0.03281250 0.11805556
0 0.62343750 0.10069444 0.03281250 0.11111111
3 0.91093750 0.11111111 0.03125000 0.10069444
6 0.22812500 0.26388889 0.03437500 0.11805556
20 0.27187500 0.26388889 0.03281250 0.11458333
11 0.45000000 0.26388889 0.03437500 0.11458333
19 0.53750000 0.26388889 0.03281250 0.11458333
20 0.10000000 0.43750000 0.03281250 0.12847222
2 0.31718750 0.42708333 0.03593750 0.11805556
20 0.36093750 0.42708333 0.03593750 0.12152778
19 0.40625000 0.42708333 0.03437500 0.12152778
15 0.49531250 0.42708333 0.03593750 0.11805556
20 0.58281250 0.42708333 0.03437500 0.11805556
6 0.62656250 0.42361111 0.03125000 0.11458333
21 0.02343750 0.75694444 0.03125000 0.11805556
20 0.14218750 0.76041667 0.03281250 0.12847222
4 0.18437500 0.75694444 0.03125000 0.11805556
10 0.36093750 0.76041667 0.03437500 0.12152778
4 0.40468750 0.76041667 0.03437500 0.12847222
18 0.76093750 0.75347222 0.03593750 0.12152778
9 0.10156250 0.92013889 0.03125000 0.10416667
0 0.14218750 0.92013889 0.02812500 0.10763889
2 0.18437500 0.92013889 0.03125000 0.11111111
19 0.40468750 0.92708333 0.03593750 0.12500000
19 0.49531250 0.92708333 0.03593750 0.12152778
13 0.62812500 0.92361111 0.03593750 0.11805556
11 0.80937500 0.92361111 0.03906250 0.11805556
11 0.84843750 0.92361111 0.03281250 0.11805556
8 0.76250000 0.92361111 0.03125000 0.11111111
