19 0.05468750 0.10416667 0.03125000 0.10763889
3 0.33750000 0.11458333 0.03125000 0.10763889
18 0.62187500 0.11458333 0.03125000 0.11111111
8 0.66406250 0.11111111 0.03281250 0.11805556
19 0.83593750 0.10763889 0.03125000 0.12152778
4 0.05156250 0.25347222 0.02968750 0.10763889
3 0.17656250 0.26041667 0.02968750 0.11458333
2 0.25781250 0.26388889 0.03125000 0.11458333
2 0.33750000 0.26388889 0.03125000 0.11458333
15 0.74843750 0.26736111 0.03593750 0.13194444
8 0.83593750 0.27083333 0.03437500 0.12847222
3 0.87968750 0.27083333 0.03281250 0.12847222
4 0.09218750 0.40972222 0.03281250 0.12152778
15 0.13437500 0.41319444 0.03125000 0.11458333
19 0.17500000 0.41319444 0.03125000 0.11458333
18 0.37812500 0.42013889 0.03125000 0.11111111
18 0.45625000 0.42013889 0.03281250 0.11458333
15 0.53750000 0.42361111 0.02968750 0.11458333
18 0.57812500 0.42361111 0.03437500 0.11805556
19 0.66093750 0.42708333 0.03125000 0.11458333
4 0.70312500 0.42708333 0.03125000 0.12152778
19 0.97968750 0.43055556 0.03906250 0.11805556
4 0.17656250 0.56597222 0.03125000 0.11458333
19 0.41718750 0.56944444 0.02968750 0.11458333
13 0.57656250 0.57638889 0.03281250 0.11805556
6 0.74531250 0.58333333 0.03281250 0.12152778
0 0.65937500 0.58333333 0.03281250 0.11458333
13 0.09218750 0.71527778 0.03125000 0.11111111
7 0.13437500 0.71527778 0.02968750 0.11111111
0 0.17343750 0.71527778 0.03125000 0.11111111
15 0.25781250 0.71527778 0.03281250 0.11111111
24 0.29687500 0.71527778 0.03125000 0.11111111
2 0.37812500 0.71875000 0.03125000 0.10763889
17 0.41718750 0.71875000 0.03125000 0.11458333
13 0.78593750 0.73958333 0.03437500 0.11805556
4 0.91250000 0.73611111 0.02968750 0.11111111
0 0.05156250 0.86805556 0.03281250 0.11805556
5 0.09218750 0.86458333 0.03281250 0.11111111
18 0.17500000 0.86805556 0.03281250 0.11805556
20 0.21562500 0.86805556 0.03125000 0.11805556
15 0.25625000 0.86458333 0.03281250 0.11458333
15 0.29687500 0.86805556 0.03125000 0.11805556
