22 0.40673800 0.06104700 0.02441400 0.02907000
13 0.47314500 0.06068300 0.02441400 0.02834300
0 0.50537100 0.06068300 0.02441400 0.02834300
1 0.60595700 0.05995600 0.02441400 0.02834300
17 0.63818400 0.05995600 0.02441400 0.02834300
4 0.67041000 0.05995600 0.02441400 0.02834300
13 0.11572300 0.10683100 0.02441400 0.02761600
0 0.14746100 0.10646800 0.02343800 0.02834300
1 0.21240200 0.10537800 0.02441400 0.02761600
17 0.24511700 0.10501500 0.02343800 0.02834300
15 0.37500000 0.10392400 0.02343800 0.02761600
14 0.40771500 0.10356100 0.02441400 0.02834300
18 0.43994100 0.10319800 0.02441400 0.02761600
11 0.47216800 0.10319800 0.02441400 0.02761600
4 0.50537100 0.10319800 0.02441400 0.02761600
3 0.53857400 0.10319800 0.02441400 0.02761600
13 0.57128900 0.10247100 0.02343800 0.02761600
8 0.60498000 0.10247100 0.02441400 0.02761600
12 0.70312500 0.10247100 0.02343800 0.02761600
4 0.73584000 0.10247100 0.02441400 0.02761600
18 0.76904300 0.10247100 0.02441400 0.02761600
2 0.83349600 0.10319800 0.02441400 0.02761600
14 0.05419900 0.14970900 0.02441400 0.02761600
18 0.08593800 0.14898300 0.02343800 0.02761600
4 0.11718800 0.14898300 0.02343800 0.02761600
13 0.14941400 0.14898300 0.02343800 0.02761600
8 0.18164100 0.14825600 0.02343800 0.02761600
13 0.31054700 0.14716600 0.02343800 0.02834300
0 0.34326200 0.14680200 0.02441400 0.02907000
3 0.40869100 0.14643900 0.02441400 0.02834300
4 0.44091800 0.14643900 0.02441400 0.02834300
17 0.47363300 0.14607600 0.02343800 0.02907000
4 0.50634800 0.14571200 0.02441400 0.02834300
22 0.53857400 0.14571200 0.02441400 0.02834300
7 0.63720700 0.14534900 0.02441400 0.02761600
13 0.70263700 0.14498500 0.02441400 0.02834300
4 0.73486300 0.14462200 0.02441400 0.02761600
19 0.76757800 0.14462200 0.02343800 0.02761600
11 0.83300800 0.14389500 0.02343800 0.02761600
8 0.86572300 0.14389500 0.02441400 0.02761600
18 0.89794900 0.14389500 0.02441400 0.02761600
19 0.05566400 0.19149700 0.02343800 0.02689000
4 0.11816400 0.19149700 0.02343800 0.02689000
22 0.15136700 0.19149700 0.02343800 0.02689000
13 0.27929700 0.19077000 0.02343800 0.02689000
14 0.31152300 0.19077000 0.02343800 0.02689000
16 0.34326200 0.19077000 0.02441400 0.02689000
1 0.47412100 0.19004400 0.02441400 0.02689000
22 0.57128900 0.18931700 0.02343800 0.02689000
0 0.60449200 0.18895300 0.02343800 0.02761600
4 0.63574200 0.18895300 0.02343800 0.02761600
19 0.66894500 0.18895300 0.02343800 0.02761600
12 0.73437500 0.18822700 0.02343800 0.02761600
14 0.76660200 0.18822700 0.02343800 0.02761600
17 0.79980500 0.18713700 0.02343800 0.02689000
14 0.83300800 0.18677300 0.02343800 0.02761600
25 0.86523400 0.18713700 0.02343800 0.02689000
11 0.08789100 0.23001500 0.02343800 0.02543600
20 0.12011700 0.22965100 0.02343800 0.02616300
9 0.15136700 0.22965100 0.02343800 0.02616300
8 0.18408200 0.22965100 0.02246100 0.02616300
15 0.24853500 0.23001500 0.02246100 0.02689000
14 0.28027300 0.22928800 0.02343800 0.02689000
10 0.31250000 0.22928800 0.02343800 0.02689000
17 0.34472700 0.22928800 0.02343800 0.02689000
11 0.40918000 0.22928800 0.02343800 0.02689000
8 0.44140600 0.22892400 0.02343800 0.02761600
18 0.47363300 0.22892400 0.02343800 0.02761600
11 0.53906200 0.22856100 0.02343800 0.02689000
3 0.60351600 0.22783400 0.02343800 0.02689000
14 0.63574200 0.22783400 0.02343800 0.02689000
12 0.66894500 0.22783400 0.02343800 0.02689000
22 0.08837900 0.26998500 0.02246100 0.02689000
14 0.12011700 0.26962200 0.02343800 0.02616300
17 0.15332000 0.26962200 0.02343800 0.02616300
14 0.18457000 0.26998500 0.02343800 0.02689000
1 0.21679700 0.26998500 0.02343800 0.02689000
8 0.28125000 0.26998500 0.02343800 0.02689000
9 0.34570300 0.26998500 0.02343800 0.02689000
12 0.37793000 0.26998500 0.02343800 0.02689000
20 0.40918000 0.26998500 0.02343800 0.02689000
19 0.44238300 0.26998500 0.02343800 0.02689000
18 0.47460900 0.26998500 0.02343800 0.02689000
10 0.57128900 0.26998500 0.02343800 0.02689000
9 0.63574200 0.26925900 0.02343800 0.02689000
8 0.66796900 0.26853200 0.02343800 0.02689000
11 0.70117200 0.26780500 0.02343800 0.02689000
11 0.05664100 0.31032000 0.02343800 0.02616300
3 0.12011700 0.31032000 0.02343800 0.02616300
4 0.15332000 0.30995600 0.02343800 0.02689000
22 0.31445300 0.31068300 0.02343800 0.02689000
10 0.37890600 0.31068300 0.02343800 0.02689000
14 0.41015600 0.31068300 0.02343800 0.02689000
17 0.44238300 0.31068300 0.02343800 0.02689000
12 0.47460900 0.31068300 0.02343800 0.02689000
20 0.50585900 0.31032000 0.02343800 0.02616300
10 0.57080100 0.30995600 0.02441400 0.02689000
8 0.60351600 0.30995600 0.02343800 0.02689000
3 0.66796900 0.30959300 0.02343800 0.02616300
11 0.69970700 0.30923000 0.02441400 0.02689000
22 0.05566400 0.34992700 0.02343800 0.02689000
14 0.08837900 0.35029100 0.02441400 0.02616300
17 0.12109400 0.34992700 0.02343800 0.02543600
14 0.15332000 0.35029100 0.02343800 0.02616300
1 0.18554700 0.35029100 0.02343800 0.02616300
22 0.28222700 0.35029100 0.02343800 0.02616300
17 0.34668000 0.35029100 0.02343800 0.02616300
4 0.37793000 0.35065400 0.02343800 0.02689000
1 0.41015600 0.35065400 0.02343800 0.02689000
19 0.47460900 0.35101700 0.02343800 0.02616300
0 0.50585900 0.35065400 0.02343800 0.02689000
10 0.57031200 0.35065400 0.02343800 0.02689000
11 0.60351600 0.35065400 0.02343800 0.02689000
0 0.63574200 0.35029100 0.02343800 0.02616300
3 0.66796900 0.34992700 0.02343800 0.02689000
20 0.70019500 0.34920100 0.02343800 0.02689000
19 0.73242200 0.34883700 0.02343800 0.02616300
10 0.79785200 0.34847400 0.02343800 0.02689000
14 0.82959000 0.34847400 0.02441400 0.02689000
17 0.86328100 0.34774700 0.02343800 0.02689000
12 0.89599600 0.34774700 0.02441400 0.02689000
19 0.08789100 0.38953500 0.02343800 0.02616300
20 0.12109400 0.38989800 0.02343800 0.02689000
19 0.15332000 0.38989800 0.02343800 0.02689000
7 0.21875000 0.39062500 0.02343800 0.02689000
11 0.25097700 0.39062500 0.02343800 0.02689000
4 0.28320300 0.39098800 0.02343800 0.02616300
1 0.31445300 0.39098800 0.02343800 0.02616300
25 0.37939500 0.39026200 0.02246100 0.02616300
17 0.47460900 0.39026200 0.02343800 0.02616300
13 0.50585900 0.39026200 0.02343800 0.02616300
0 0.53808600 0.39026200 0.02343800 0.02616300
6 0.63574200 0.38953500 0.02343800 0.02616300
14 0.66796900 0.38953500 0.02343800 0.02616300
3 0.70019500 0.38953500 0.02343800 0.02616300
17 0.79785200 0.38880800 0.02343800 0.02616300
4 0.83007800 0.38880800 0.02343800 0.02616300
1 0.86328100 0.38880800 0.02343800 0.02616300
8 0.89550800 0.38844500 0.02343800 0.02543600
13 0.92871100 0.38808100 0.02343800 0.02616300
19 0.08789100 0.42950600 0.02343800 0.02616300
8 0.12060500 0.42950600 0.02441400 0.02616300
7 0.15332000 0.42950600 0.02343800 0.02616300
14 0.18554700 0.42950600 0.02343800 0.02616300
22 0.25048800 0.42950600 0.02441400 0.02616300
11 0.31445300 0.43023300 0.02343800 0.02616300
4 0.34668000 0.42986900 0.02343800 0.02689000
18 0.37890600 0.42986900 0.02343800 0.02689000
20 0.41113300 0.42950600 0.02343800 0.02616300
12 0.53906200 0.43023300 0.02343800 0.02616300
4 0.57080100 0.42950600 0.02246100 0.02616300
3 0.60302700 0.42950600 0.02246100 0.02616300
22 0.63623000 0.42950600 0.02246100 0.02616300
4 0.66796900 0.42914200 0.02343800 0.02689000
3 0.70019500 0.42914200 0.02343800 0.02689000
25 0.79687500 0.42877900 0.02343800 0.02616300
0 0.83007800 0.42841600 0.02343800 0.02689000
11 0.86230500 0.42841600 0.02343800 0.02689000
6 0.92871100 0.42841600 0.02343800 0.02689000
22 0.05419900 0.46947700 0.02441400 0.02616300
1 0.12011700 0.46947700 0.02343800 0.02616300
4 0.15234400 0.46911300 0.02343800 0.02689000
17 0.18554700 0.46911300 0.02343800 0.02689000
11 0.21777300 0.46875000 0.02343800 0.02616300
14 0.25000000 0.46875000 0.02343800 0.02616300
6 0.28222700 0.46875000 0.02343800 0.02616300
20 0.31445300 0.46911300 0.02343800 0.02689000
1 0.44335900 0.46947700 0.02343800 0.02616300
4 0.47460900 0.46947700 0.02343800 0.02616300
11 0.50683600 0.46947700 0.02343800 0.02616300
10 0.53906200 0.46947700 0.02343800 0.02616300
0 0.57128900 0.46947700 0.02343800 0.02616300
18 0.63671900 0.46947700 0.02343800 0.02616300
8 0.66796900 0.46911300 0.02343800 0.02689000
3 0.70019500 0.46911300 0.02343800 0.02689000
8 0.73242200 0.46875000 0.02343800 0.02616300
19 0.76464800 0.46875000 0.02343800 0.02616300
22 0.82910200 0.46838700 0.02343800 0.02543600
3 0.05273400 0.50908400 0.02343800 0.02689000
20 0.08593800 0.50908400 0.02343800 0.02689000
15 0.11914100 0.50908400 0.02343800 0.02689000
11 0.15283200 0.50944800 0.02441400 0.02616300
4 0.18505900 0.50944800 0.02441400 0.02616300
12 0.34668000 0.50944800 0.02343800 0.02616300
10 0.44238300 0.50944800 0.02343800 0.02616300
8 0.47460900 0.50944800 0.02343800 0.02616300
18 0.53906200 0.50944800 0.02343800 0.02616300
15 0.57177700 0.50944800 0.02441400 0.02616300
17 0.60351600 0.50908400 0.02343800 0.02543600
19 0.66796900 0.50872100 0.02343800 0.02616300
0 0.73242200 0.50872100 0.02343800 0.02616300
11 0.76464800 0.50872100 0.02343800 0.02616300
8 0.79785200 0.50872100 0.02343800 0.02616300
18 0.83056600 0.50872100 0.02441400 0.02616300
22 0.89550800 0.50872100 0.02343800 0.02616300
13 0.05127000 0.54941900 0.02441400 0.02616300
14 0.08447300 0.54941900 0.02441400 0.02616300
17 0.11767600 0.54941900 0.02441400 0.02616300
10 0.15136700 0.54941900 0.02343800 0.02616300
8 0.18408200 0.54941900 0.02441400 0.02616300
