0 0.82959000 0.11555200 0.01855500 0.02180200
4 0.85351600 0.11627900 0.02148400 0.02325600
22 0.17627000 0.13045100 0.02050800 0.02252900
15 0.22705100 0.13117700 0.02050800 0.02252900
11 0.25195300 0.13117700 0.01953100 0.02107600
13 0.30175800 0.13190400 0.01953100 0.02107600
18 0.37695300 0.13408400 0.01953100 0.02107600
14 0.40185500 0.13481100 0.01855500 0.02107600
11 0.42627000 0.13517400 0.01855500 0.02034900
13 0.45166000 0.13553800 0.01855500 0.01962200
10 0.52294900 0.13771800 0.01855500 0.02107600
14 0.54736300 0.13808100 0.01855500 0.02034900
18 0.59570300 0.13880800 0.01953100 0.02034900
10 0.62060500 0.13917200 0.01855500 0.01962200
14 0.64404300 0.13953500 0.01855500 0.02034900
17 0.66845700 0.13989800 0.01855500 0.01962200
4 0.69189500 0.14098800 0.01855500 0.02034900
0 0.17382800 0.18968000 0.01953100 0.02180200
13 0.22558600 0.19040700 0.01953100 0.02180200
4 0.25097700 0.19113400 0.01953100 0.02180200
19 0.30175800 0.19186000 0.01953100 0.02180200
14 0.32714800 0.19258700 0.01953100 0.02180200
6 0.37695300 0.19331400 0.01953100 0.02180200
11 0.40185500 0.19367700 0.01855500 0.02107600
3 0.45263700 0.19476700 0.01855500 0.02180200
8 0.47705100 0.19549400 0.01855500 0.02034900
15 0.52441400 0.19622100 0.01757800 0.02034900
14 0.54834000 0.19658400 0.01855500 0.02107600
12 0.59716800 0.19694800 0.01855500 0.02034900
0 0.62158200 0.19658400 0.01855500 0.01962200
15 0.17334000 0.25218000 0.02050800 0.02325600
14 0.19921900 0.25254400 0.01953100 0.02252900
15 0.22509800 0.25181700 0.02050800 0.02252900
14 0.25000000 0.25254400 0.01953100 0.02252900
11 0.27539100 0.25327000 0.01953100 0.02252900
0 0.30078100 0.25399700 0.01953100 0.02252900
12 0.32812500 0.25472400 0.01953100 0.02252900
15 0.37744100 0.25472400 0.01855500 0.02252900
4 0.40332000 0.25545100 0.01953100 0.02252900
17 0.42773400 0.25545100 0.01953100 0.02252900
4 0.45263700 0.25726700 0.01855500 0.02180200
11 0.47705100 0.25654100 0.01855500 0.02180200
14 0.50146500 0.25654100 0.01855500 0.02180200
12 0.52490200 0.25654100 0.01855500 0.02180200
0 0.54931600 0.25654100 0.01855500 0.02180200
1 0.17187500 0.31468000 0.01953100 0.02325600
20 0.19824200 0.31504400 0.01953100 0.02252900
3 0.22363300 0.31577000 0.01953100 0.02252900
4 0.25000000 0.31613400 0.01953100 0.02325600
19 0.35253900 0.31577000 0.01953100 0.02252900
13 0.42822300 0.31686000 0.02050800 0.02180200
4 0.45410200 0.31722400 0.01953100 0.02252900
22 0.47851600 0.31686000 0.01953100 0.02180200
4 0.50244100 0.31722400 0.01855500 0.02107600
9 0.52587900 0.31722400 0.01855500 0.02107600
0 0.55029300 0.31758700 0.01855500 0.02180200
25 0.60009800 0.31795100 0.01855500 0.02107600
13 0.62451200 0.31831400 0.01855500 0.02180200
0 0.64990200 0.31795100 0.01855500 0.02252900
19 0.67382800 0.31831400 0.01953100 0.02180200
13 0.17138700 0.37718000 0.02050800 0.02180200
0 0.19726600 0.37718000 0.01953100 0.02180200
4 0.25000000 0.37754400 0.01953100 0.02252900
18 0.30175800 0.37790700 0.01953100 0.02180200
14 0.32714800 0.37790700 0.01953100 0.02180200
11 0.35253900 0.37790700 0.01953100 0.02180200
13 0.37793000 0.37827000 0.01953100 0.02107600
2 0.40429700 0.37863400 0.01953100 0.02180200
4 0.42968800 0.37863400 0.01953100 0.02180200
22 0.47900400 0.37899700 0.01855500 0.02107600
14 0.50293000 0.37899700 0.01953100 0.02107600
17 0.52685500 0.37899700 0.01855500 0.02107600
14 0.55127000 0.37899700 0.01855500 0.02107600
22 0.57617200 0.37899700 0.01953100 0.02107600
0 0.60107400 0.37899700 0.01855500 0.02107600
19 0.62597700 0.37899700 0.01953100 0.02107600
15 0.17041000 0.44077000 0.02050800 0.02252900
17 0.19677700 0.44077000 0.02050800 0.02252900
14 0.22314500 0.44077000 0.02050800 0.02252900
15 0.24951200 0.44004400 0.02050800 0.02107600
0 0.27587900 0.44040700 0.02050800 0.02180200
3 0.30175800 0.44040700 0.01953100 0.02180200
0 0.32812500 0.44077000 0.01953100 0.02107600
4 0.35351600 0.44077000 0.01953100 0.02107600
19 0.37890600 0.44113400 0.01953100 0.02180200
2 0.43066400 0.44113400 0.01953100 0.02180200
4 0.45410200 0.44113400 0.01953100 0.02180200
11 0.47998000 0.44113400 0.02050800 0.02180200
18 0.57812500 0.44113400 0.01953100 0.02180200
22 0.60156200 0.44113400 0.01953100 0.02180200
4 0.62695300 0.44040700 0.01953100 0.02180200
19 0.65185500 0.44077000 0.02050800 0.02252900
0 0.16894500 0.50327000 0.01953100 0.02107600
19 0.22265600 0.50327000 0.01953100 0.02107600
4 0.24902300 0.50327000 0.01953100 0.02107600
1 0.27441400 0.50327000 0.01953100 0.02107600
4 0.30468800 0.50290700 0.01953100 0.02180200
8 0.35400400 0.50290700 0.01855500 0.02180200
6 0.40478500 0.50363400 0.02050800 0.02180200
14 0.43066400 0.50363400 0.01953100 0.02180200
17 0.45605500 0.50327000 0.01953100 0.02107600
13 0.52929700 0.50290700 0.01953100 0.02180200
4 0.55468800 0.50254400 0.01953100 0.02107600
19 0.57910200 0.50290700 0.01953100 0.02180200
13 0.16796900 0.56976700 0.02148400 0.02325600
14 0.19433600 0.56940400 0.02148400 0.02252900
1 0.24609400 0.56904100 0.02148400 0.02325600
4 0.27441400 0.56867700 0.02148400 0.02252900
18 0.30078100 0.56831400 0.02148400 0.02325600
18 0.32714800 0.56722400 0.02148400 0.02252900
14 0.35351600 0.56722400 0.02148400 0.02252900
22 0.37939500 0.56722400 0.02050800 0.02252900
4 0.40576200 0.56722400 0.02050800 0.02252900
18 0.43017600 0.56649700 0.02050800 0.02252900
19 0.45703100 0.56649700 0.01953100 0.02252900
13 0.48242200 0.56613400 0.01953100 0.02180200
18 0.58105500 0.56540700 0.01953100 0.02180200
12 0.60644500 0.56540700 0.01953100 0.02180200
4 0.63183600 0.56468000 0.01953100 0.02180200
19 0.68164100 0.56468000 0.01953100 0.02180200
18 0.70654300 0.56468000 0.02050800 0.02180200
19 0.16601600 0.63699100 0.02148400 0.02543600
0 0.19287100 0.63771800 0.02050800 0.02543600
10 0.21972700 0.63662800 0.02148400 0.02470900
16 0.27246100 0.63517400 0.02148400 0.02470900
19 0.29980500 0.63444800 0.02148400 0.02470900
14 0.32666000 0.63372100 0.02050800 0.02470900
3 0.37988300 0.63299400 0.02148400 0.02325600
4 0.40576200 0.63226700 0.02050800 0.02325600
17 0.43164100 0.63190400 0.02148400 0.02398300
4 0.45752000 0.63081400 0.02050800 0.02325600
22 0.48291000 0.63045100 0.02050800 0.02252900
14 0.50830100 0.63008700 0.02050800 0.02325600
19 0.55712900 0.62972400 0.02050800 0.02252900
17 0.58252000 0.62972400 0.02050800 0.02252900
18 0.63378900 0.62899700 0.01953100 0.02252900
19 0.68408200 0.62863400 0.02050800 0.02325600
18 0.70898400 0.62863400 0.01953100 0.02325600
4 0.19140600 0.70421500 0.02148400 0.02470900
18 0.21826200 0.70385200 0.02246100 0.02543600
11 0.24511700 0.70312500 0.02148400 0.02543600
8 0.27294900 0.70276200 0.02246100 0.02470900
19 0.32568400 0.70058100 0.02050800 0.02325600
14 0.35302700 0.69985500 0.02050800 0.02325600
11 0.37890600 0.69949100 0.02148400 0.02398300
10 0.43212900 0.69840100 0.02050800 0.02325600
14 0.45800800 0.69767400 0.01953100 0.02325600
25 0.50878900 0.69694800 0.01953100 0.02325600
0 0.53320300 0.69658400 0.01953100 0.02252900
7 0.55908200 0.69622100 0.02050800 0.02325600
14 0.58447300 0.69585800 0.02050800 0.02252900
16 0.60986300 0.69549400 0.02050800 0.02325600
20 0.63574200 0.69549400 0.01953100 0.02325600
8 0.16308600 0.77325600 0.02148400 0.02470900
11 0.21679700 0.77216600 0.02148400 0.02398300
20 0.24414100 0.77107600 0.02148400 0.02470900
13 0.27148400 0.77034900 0.02148400 0.02470900
20 0.29931600 0.76962200 0.02050800 0.02470900
15 0.40576200 0.76671500 0.02050800 0.02470900
17 0.43261700 0.76598800 0.02148400 0.02470900
14 0.45898400 0.76562500 0.01953100 0.02398300
6 0.48437500 0.76489800 0.01953100 0.02398300
11 0.50976600 0.76453500 0.01953100 0.02325600
14 0.53466800 0.76380800 0.01855500 0.02325600
16 0.56054700 0.76308100 0.01953100 0.02325600
20 0.58642600 0.76308100 0.02050800 0.02325600
13 0.16113300 0.84375000 0.02148400 0.02470900
4 0.18798800 0.84266000 0.02246100 0.02398300
18 0.24365200 0.84084300 0.02246100 0.02470900
19 0.27099600 0.84011600 0.02246100 0.02470900
4 0.29882800 0.83866300 0.02148400 0.02470900
17 0.32568400 0.83866300 0.02246100 0.02616300
15 0.35302700 0.83793600 0.02246100 0.02616300
4 0.37939500 0.83684600 0.02246100 0.02543600
11 0.40576200 0.83611900 0.02246100 0.02543600
