4 0.14843750 0.61718750 0.09062500 0.16250000
25 0.26250000 0.60156250 0.08125000 0.13906250
14 0.12343750 0.84375000 0.08750000 0.15312500
21 0.22343750 0.81875000 0.09375000 0.16250000
13 0.30781250 0.78437500 0.08125000 0.16718750
18 0.45781250 0.91093750 0.08593750 0.16250000
7 0.52968750 0.89687500 0.08125000 0.15625000
0 0.10156250 0.20625000 0.07656250 0.15625000
3 0.19531250 0.17031250 0.08125000 0.16093750
18 0.49687500 0.70000000 0.08593750 0.14375000
19 0.48281250 0.10156250 0.08593750 0.13593750
4 0.28906250 0.14531250 0.07812500 0.15625000
16 0.61718750 0.85781250 0.08125000 0.13593750
7 0.58125000 0.67031250 0.07812500 0.14843750
5 0.54375000 0.48281250 0.07343750 0.15000000
11 0.63437500 0.45937500 0.08281250 0.15000000
4 0.69531250 0.81718750 0.07812500 0.13437500
4 0.65937500 0.64375000 0.08281250 0.15000000
4 0.77187500 0.78906250 0.07343750 0.14062500
15 0.57187500 0.08125000 0.08281250 0.15312500
