19 0.05156250 0.40937500 0.10312500 0.21250000
17 0.18437500 0.39218750 0.09843750 0.21875000
4 0.31562500 0.36875000 0.10468750 0.21875000
2 0.05937500 0.68437500 0.10468750 0.20156250
10 0.21093750 0.67500000 0.11250000 0.22031250
18 0.47656250 0.63281250 0.10312500 0.20781250
7 0.60156250 0.60156250 0.11406250 0.21562500
8 0.57031250 0.33125000 0.10468750 0.21875000
0 0.62968750 0.88750000 0.10468750 0.22343750
13 0.69218750 0.32500000 0.10468750 0.23437500
4 0.72187500 0.58437500 0.10468750 0.21093750
16 0.75312500 0.86718750 0.11250000 0.21562500
