17 0.17343750 0.31944444 0.03281250 0.11805556
4 0.21093750 0.32291667 0.02968750 0.11458333
1 0.24843750 0.32291667 0.03125000 0.12500000
4 0.28593750 0.32291667 0.02968750 0.12847222
0 0.36562500 0.31944444 0.03125000 0.11111111
18 0.44375000 0.31944444 0.03281250 0.11458333
7 0.51875000 0.31944444 0.02968750 0.11458333
18 0.59218750 0.32291667 0.03281250 0.10763889
4 0.63125000 0.32291667 0.03437500 0.11458333
8 0.24531250 0.45833333 0.03125000 0.10763889
20 0.32500000 0.45833333 0.03593750 0.11111111
18 0.36406250 0.45833333 0.03281250 0.11111111
20 0.40468750 0.45486111 0.03593750 0.11805556
24 0.47968750 0.45833333 0.03437500 0.11458333
17 0.55781250 0.45833333 0.03437500 0.11805556
8 0.59687500 0.46180556 0.03281250 0.11805556
3 0.63437500 0.46180556 0.03281250 0.12152778
4 0.67187500 0.46180556 0.03125000 0.11805556
3 0.12812500 0.61111111 0.03281250 0.11805556
14 0.16406250 0.61111111 0.02968750 0.11111111
4 0.20156250 0.60763889 0.03437500 0.11805556
18 0.24218750 0.61458333 0.03437500 0.11458333
13 0.28281250 0.60763889 0.02968750 0.12152778
19 0.36250000 0.60069444 0.03750000 0.13194444
7 0.44218750 0.60763889 0.03437500 0.12500000
0 0.51718750 0.60416667 0.03281250 0.12500000
1 0.59843750 0.60763889 0.03437500 0.12500000
2 0.67500000 0.61458333 0.03125000 0.12500000
10 0.71250000 0.60763889 0.02812500 0.11805556
18 0.12343750 0.76041667 0.03281250 0.11805556
20 0.15937500 0.76041667 0.02656250 0.11805556
15 0.20000000 0.76041667 0.03281250 0.11805556
18 0.31875000 0.75347222 0.03281250 0.12152778
2 0.35937500 0.75347222 0.03281250 0.11458333
24 0.44062500 0.75000000 0.03593750 0.11458333
10 0.67812500 0.75347222 0.03437500 0.12500000
21 0.23593750 0.90625000 0.03125000 0.11805556
8 0.27500000 0.90625000 0.03437500 0.12152778
19 0.31718750 0.90625000 0.03750000 0.13194444
12 0.52187500 0.90277778 0.03593750 0.12500000
4 0.56093750 0.90277778 0.03437500 0.12500000
18 0.78125000 0.32638889 0.03125000 0.11458333
16 0.82031250 0.33333333 0.03437500 0.11805556
20 0.85625000 0.32638889 0.03125000 0.10763889
13 0.81718750 0.18750000 0.03437500 0.10763889
0 0.92187500 0.19444444 0.03281250 0.11458333
11 0.92968750 0.32986111 0.03281250 0.11805556
14 0.78593750 0.46180556 0.03437500 0.11458333
13 0.82500000 0.46875000 0.03437500 0.12152778
12 0.89687500 0.46527778 0.03125000 0.12152778
24 0.93593750 0.47222222 0.03437500 0.12152778
5 0.79218750 0.60416667 0.03593750 0.11458333
3 0.86562500 0.60763889 0.03281250 0.11111111
8 0.75625000 0.75694444 0.03437500 0.12500000
5 0.79531250 0.75694444 0.03437500 0.12500000
17 0.90625000 0.75347222 0.03593750 0.12500000
4 0.94531250 0.75347222 0.03125000 0.12500000
1 0.98281250 0.75000000 0.03281250 0.11458333
