24 0.02187500 0.10390625 0.04375000 0.13203125
1 0.14687500 0.10390625 0.04218750 0.14218750
24 0.27343750 0.09687500 0.04531250 0.15312500
19 0.35937500 0.10078125 0.04218750 0.13906250
0 0.40156250 0.10390625 0.04062500 0.14218750
1 0.57187500 0.09687500 0.03906250 0.15312500
4 0.61562500 0.09687500 0.04531250 0.15312500
19 0.65937500 0.10078125 0.03906250 0.14921875
19 0.70156250 0.09375000 0.04375000 0.13906250
18 0.84062500 0.09062500 0.04531250 0.13906250
11 0.88906250 0.25312500 0.05000000 0.15312500
11 0.75468750 0.25703125 0.05156250 0.13515625
11 0.70625000 0.25703125 0.04375000 0.15312500
4 0.66093750 0.26406250 0.04375000 0.13906250
12 0.61406250 0.26015625 0.04843750 0.13515625
18 0.56875000 0.26015625 0.04062500 0.13515625
19 0.40312500 0.26718750 0.04218750 0.14218750
7 0.31562500 0.26406250 0.04218750 0.14921875
24 0.06406250 0.26718750 0.04375000 0.14609375
17 0.02031250 0.26406250 0.04062500 0.15312500
15 0.14687500 0.42343750 0.04375000 0.14218750
11 0.19062500 0.42734375 0.04218750 0.15312500
20 0.27343750 0.42343750 0.04375000 0.13515625
24 0.52812500 0.42343750 0.04218750 0.13906250
5 0.61718750 0.42734375 0.04375000 0.13515625
3 0.70156250 0.42343750 0.04375000 0.14609375
24 0.79375000 0.58671875 0.04687500 0.15625000
4 0.74843750 0.58359375 0.04218750 0.14921875
21 0.70312500 0.58671875 0.04843750 0.14218750
7 0.61406250 0.58671875 0.05000000 0.15312500
21 0.40312500 0.57968750 0.04843750 0.14921875
14 0.35937500 0.59062500 0.03750000 0.14218750
7 0.19062500 0.57968750 0.04218750 0.13203125
4 0.10625000 0.59062500 0.04375000 0.14609375
7 0.06562500 0.58359375 0.04531250 0.14218750
18 0.02968750 0.74296875 0.04062500 0.14921875
3 0.07031250 0.74296875 0.04375000 0.14921875
7 0.14687500 0.74296875 0.04375000 0.14218750
4 0.19062500 0.74296875 0.04218750 0.14921875
8 0.40156250 0.73984375 0.03906250 0.12500000
12 0.48437500 0.74296875 0.03906250 0.13203125
8 0.52812500 0.73984375 0.04218750 0.13203125
18 0.57031250 0.74687500 0.03906250 0.14609375
19 0.61093750 0.74687500 0.04218750 0.14218750
17 0.65625000 0.75000000 0.04531250 0.13906250
20 0.70000000 0.75000000 0.04218750 0.13515625
8 0.88437500 0.75000000 0.04375000 0.13515625
8 0.88437500 0.92343750 0.04218750 0.12500000
4 0.57031250 0.90937500 0.04062500 0.13515625
1 0.52812500 0.90312500 0.04375000 0.14218750
12 0.44375000 0.89921875 0.04062500 0.13906250
8 0.36093750 0.90625000 0.03593750 0.12500000
24 0.11093750 0.89218750 0.04375000 0.12812500
13 0.07031250 0.90312500 0.03906250 0.15625000
0 0.02812500 0.89609375 0.03906250 0.14921875
