0 0.09218750 0.35852090 0.08125000 0.11897106
1 0.19687500 0.36012862 0.07968750 0.11414791
2 0.30000000 0.36012862 0.07968750 0.11575563
3 0.40312500 0.36012862 0.08125000 0.11736334
4 0.50468750 0.36012862 0.07656250 0.11736334
5 0.60156250 0.36012862 0.07968750 0.11736334
6 0.70312500 0.36012862 0.08281250 0.12379421
7 0.80312500 0.36334405 0.07812500 0.12379421
8 0.90781250 0.36495177 0.07656250 0.12379421
9 0.09843750 0.61575563 0.08437500 0.13183280
10 0.19531250 0.62057878 0.07968750 0.12861736
11 0.29843750 0.62218650 0.08281250 0.12861736
12 0.40000000 0.62057878 0.08125000 0.13022508
13 0.50156250 0.62218650 0.07500000 0.13022508
14 0.60156250 0.62218650 0.07812500 0.12700965
15 0.70000000 0.62057878 0.07968750 0.12700965
16 0.80468750 0.61736334 0.07656250 0.12057878
17 0.90625000 0.61575563 0.07656250 0.11897106
18 0.09531250 0.87138264 0.07968750 0.12057878
19 0.19843750 0.86977492 0.07500000 0.12379421
20 0.29687500 0.87459807 0.07968750 0.12540193
21 0.39843750 0.87138264 0.07656250 0.12057878
23 0.50000000 0.87138264 0.07812500 0.12218650
24 0.60156250 0.87138264 0.07500000 0.11736334
25 0.70000000 0.87299035 0.07968750 0.12057878
22 0.90781250 0.87138264 0.08125000 0.12218650
