3 0.16875000 0.21562500 0.10937500 0.19218750
16 0.29687500 0.21093750 0.11250000 0.19687500
14 0.42343750 0.18437500 0.11875000 0.21562500
20 0.54375000 0.14843750 0.10468750 0.20156250
17 0.45156250 0.44375000 0.09843750 0.19843750
16 0.09843750 0.83593750 0.13437500 0.21875000
4 0.23750000 0.78906250 0.12187500 0.22812500
25 0.36718750 0.78125000 0.11406250 0.21875000
2 0.19062500 0.48750000 0.11406250 0.21250000
0 0.31875000 0.47031250 0.10781250 0.19687500
4 0.65937500 0.13750000 0.10937500 0.21093750
4 0.57500000 0.42500000 0.10468750 0.21875000
