17 0.06562500 0.22187500 0.08750000 0.17968750
7 0.16562500 0.20625000 0.09531250 0.18437500
11 0.09687500 0.45625000 0.09531250 0.16718750
4 0.04687500 0.71250000 0.09375000 0.17187500
14 0.15937500 0.90937500 0.10468750 0.17968750
14 0.18906250 0.43437500 0.09375000 0.17031250
18 0.37031250 0.14687500 0.09062500 0.17656250
14 0.29687500 0.40625000 0.08750000 0.16718750
3 0.21718750 0.65312500 0.09843750 0.17656250
18 0.36093750 0.86562500 0.09062500 0.20625000
14 0.46250000 0.84218750 0.09531250 0.17500000
23 0.42968750 0.59375000 0.09843750 0.17500000
0 0.31875000 0.63281250 0.07812500 0.16250000
7 0.47031250 0.13281250 0.08593750 0.17500000
4 0.57343750 0.12031250 0.10000000 0.18437500
17 0.53750000 0.55937500 0.08593750 0.17656250
6 0.65937500 0.76718750 0.08750000 0.17031250
