18 0.05000000 0.56093750 0.09531250 0.19375000
4 0.07656250 0.83750000 0.10937500 0.21562500
7 0.14375000 0.24843750 0.11250000 0.21250000
3 0.21093750 0.79531250 0.10312500 0.21875000
0 0.16562500 0.51406250 0.09843750 0.20781250
16 0.30312500 0.48593750 0.10312500 0.21875000
18 0.43906250 0.45625000 0.09531250 0.21875000
4 0.26562500 0.21093750 0.10468750 0.20156250
16 0.39687500 0.18593750 0.10937500 0.19843750
18 0.47656250 0.72500000 0.10468750 0.22500000
4 0.55937500 0.41875000 0.09843750 0.19843750
4 0.50781250 0.14843750 0.10000000 0.19843750
7 0.59687500 0.70156250 0.10468750 0.21093750
