13 0.15283200 0.19731100 0.01855500 0.02689000
8 0.18505900 0.19622100 0.01855500 0.02761600
15 0.28320300 0.19258700 0.01953100 0.02761600
0 0.31543000 0.19186000 0.01953100 0.02761600
17 0.35009800 0.19113400 0.01855500 0.02761600
20 0.38330100 0.19040700 0.01855500 0.02761600
18 0.41748000 0.18968000 0.01855500 0.02761600
13 0.45214800 0.18968000 0.01953100 0.02761600
0 0.48632800 0.18931700 0.01953100 0.02834300
17 0.59179700 0.18859000 0.01953100 0.02834300
8 0.62548800 0.18859000 0.01855500 0.02834300
6 0.66064500 0.18859000 0.01855500 0.02834300
0 0.69531200 0.18895300 0.01953100 0.02761600
19 0.73046900 0.18895300 0.01953100 0.02761600
0 0.76464800 0.18895300 0.01953100 0.02761600
13 0.15380900 0.24345900 0.01855500 0.02761600
0 0.18457000 0.24236900 0.01757800 0.02834300
16 0.21679700 0.24164200 0.01757800 0.02834300
0 0.24902300 0.24055200 0.01757800 0.02761600
11 0.28222700 0.24018900 0.01757800 0.02834300
0 0.31640600 0.23946200 0.01757800 0.02834300
18 0.34960900 0.23873500 0.01757800 0.02834300
8 0.45166000 0.23800900 0.01855500 0.02834300
18 0.52148400 0.23728200 0.01953100 0.02834300
15 0.55517600 0.23655500 0.01855500 0.02834300
14 0.59033200 0.23619200 0.01855500 0.02907000
17 0.62500000 0.23619200 0.01953100 0.02907000
19 0.66015600 0.23619200 0.01953100 0.02907000
18 0.69531200 0.23619200 0.01953100 0.02907000
12 0.72998000 0.23619200 0.02050800 0.02907000
4 0.76513700 0.23655500 0.01855500 0.02834300
13 0.80078100 0.23691900 0.01953100 0.02761600
18 0.15429700 0.28997100 0.01757800 0.02761600
15 0.21728500 0.28888100 0.01855500 0.02834300
4 0.25048800 0.28815400 0.01855500 0.02834300
17 0.28369100 0.28779100 0.01855500 0.02907000
22 0.31689500 0.28742700 0.01855500 0.02834300
7 0.38427700 0.28633700 0.01855500 0.02907000
12 0.45214800 0.28561000 0.01953100 0.02907000
8 0.48632800 0.28561000 0.01953100 0.02907000
13 0.52050800 0.28524700 0.01953100 0.02834300
20 0.55468800 0.28488400 0.01953100 0.02907000
19 0.58984400 0.28488400 0.01953100 0.02907000
15 0.66015600 0.28415700 0.01953100 0.02907000
17 0.69482400 0.28415700 0.02050800 0.02907000
14 0.72998000 0.28452000 0.02050800 0.02979700
3 0.76562500 0.28452000 0.01953100 0.02979700
4 0.83593800 0.28561000 0.01953100 0.02907000
12 0.86962900 0.28524700 0.01855500 0.02834300
0 0.90185500 0.28561000 0.01855500 0.02761600
13 0.15429700 0.33648300 0.01757800 0.02761600
18 0.18554700 0.33611900 0.01757800 0.02834300
19 0.21777300 0.33575600 0.01757800 0.02761600
17 0.25000000 0.33539200 0.01757800 0.02834300
8 0.28320300 0.33502900 0.01757800 0.02761600
17 0.31640600 0.33502900 0.01757800 0.02761600
14 0.35009800 0.33466600 0.01855500 0.02834300
22 0.38427700 0.33466600 0.01855500 0.02834300
0 0.41650400 0.33393900 0.01855500 0.02834300
11 0.45117200 0.33321200 0.01953100 0.02834300
8 0.48437500 0.33321200 0.01953100 0.02834300
13 0.55468800 0.33321200 0.01953100 0.02834300
4 0.58984400 0.33321200 0.01953100 0.02834300
1 0.62304700 0.33321200 0.01953100 0.02834300
22 0.69531200 0.33284900 0.01953100 0.02907000
0 0.72851600 0.33248500 0.01953100 0.02834300
11 0.76367200 0.33248500 0.01953100 0.02834300
14 0.79980500 0.33212200 0.01953100 0.02907000
4 0.83496100 0.33175900 0.01953100 0.02834300
12 0.15429700 0.38190400 0.01757800 0.02689000
0 0.18457000 0.38226700 0.01757800 0.02616300
18 0.21679700 0.38226700 0.01757800 0.02761600
19 0.25000000 0.38226700 0.01757800 0.02761600
4 0.28320300 0.38226700 0.01757800 0.02761600
17 0.31591800 0.38226700 0.01855500 0.02761600
18 0.34960900 0.38226700 0.01757800 0.02761600
19 0.38378900 0.38226700 0.01757800 0.02761600
22 0.41748000 0.38226700 0.01855500 0.02761600
14 0.45068400 0.38226700 0.01855500 0.02761600
