3 0.04687500 0.87656250 0.09375000 0.18906250
14 0.07500000 0.38906250 0.09843750 0.17500000
5 0.18437500 0.35781250 0.09062500 0.17968750
4 0.09843750 0.63593750 0.08750000 0.17656250
18 0.20625000 0.61562500 0.09531250 0.17968750
18 0.41250000 0.33593750 0.08750000 0.16718750
4 0.33125000 0.82500000 0.08750000 0.16250000
11 0.44687500 0.80156250 0.10000000 0.18906250
11 0.43125000 0.55312500 0.09062500 0.15781250
7 0.50312500 0.32500000 0.08125000 0.17031250
14 0.52812500 0.53281250 0.09375000 0.15312500
14 0.64375000 0.73593750 0.09843750 0.17500000
12 0.54375000 0.76406250 0.08750000 0.17656250
0 0.59687500 0.30937500 0.08593750 0.17187500
18 0.68593750 0.29843750 0.07812500 0.18125000
17 0.62031250 0.50781250 0.08593750 0.16250000
