19 0.71250000 0.38437500 0.05625000 0.14531250
13 0.77500000 0.37500000 0.05625000 0.13906250
20 0.77968750 0.58281250 0.05156250 0.13906250
0 0.71250000 0.57343750 0.05468750 0.13593750
17 0.84062500 0.17968750 0.06250000 0.15000000
9 0.64843750 0.39375000 0.05156250 0.13906250
6 0.84062500 0.36718750 0.05468750 0.13593750
4 0.84218750 0.57031250 0.04687500 0.13593750
7 0.64843750 0.58906250 0.05156250 0.13906250
14 0.71718750 0.77812500 0.05468750 0.13125000
2 0.65312500 0.77500000 0.04687500 0.13125000
19 0.78437500 0.77656250 0.05625000 0.13593750
16 0.84531250 0.76875000 0.05000000 0.13906250
17 0.90781250 0.76093750 0.04687500 0.15000000
4 0.96875000 0.75781250 0.04687500 0.14062500
3 0.91093750 0.93906250 0.04687500 0.12187500
17 0.97187500 0.92500000 0.04687500 0.15000000
