11 0.09843750 0.21250000 0.09375000 0.16093750
14 0.18593750 0.19843750 0.09062500 0.15781250
14 0.29375000 0.17812500 0.09531250 0.16562500
3 0.20781250 0.40937500 0.09531250 0.17500000
0 0.30937500 0.39687500 0.08125000 0.17031250
23 0.41875000 0.37656250 0.09062500 0.17656250
17 0.51250000 0.37187500 0.08281250 0.17656250
14 0.11250000 0.67812500 0.10000000 0.18906250
18 0.32812500 0.62656250 0.10000000 0.17500000
17 0.34687500 0.87500000 0.09531250 0.18125000
0 0.44687500 0.84062500 0.08593750 0.17968750
14 0.43437500 0.60312500 0.09375000 0.16718750
8 0.55312500 0.81406250 0.08750000 0.19375000
3 0.65312500 0.79218750 0.09062500 0.18906250
6 0.62500000 0.56562500 0.09375000 0.17968750
14 0.69062500 0.34531250 0.08750000 0.15625000
