17 0.04531250 0.15703125 0.03281250 0.10625000
7 0.10937500 0.14765625 0.02968750 0.10468750
14 0.14218750 0.14531250 0.02968750 0.10468750
19 0.17890625 0.13984375 0.03437500 0.11562500
3 0.25156250 0.12968750 0.03125000 0.11875000
14 0.28828125 0.12343750 0.03281250 0.10781250
6 0.32578125 0.12031250 0.03281250 0.12187500
18 0.36484375 0.11250000 0.03281250 0.11250000
18 0.48515625 0.10234375 0.03437500 0.11406250
2 0.56406250 0.10078125 0.03437500 0.12343750
4 0.60703125 0.09843750 0.03906250 0.12812500
8 0.73828125 0.09140625 0.03125000 0.12656250
6 0.02343750 0.42890625 0.03437500 0.12343750
19 0.16015625 0.41875000 0.03437500 0.12500000
11 0.35000000 0.40390625 0.03593750 0.12187500
0 0.31250000 0.40078125 0.03281250 0.11718750
11 0.39453125 0.40312500 0.04062500 0.12187500
24 0.51640625 0.39921875 0.03906250 0.11562500
7 0.65000000 0.39843750 0.04218750 0.12812500
4 0.06875000 0.72656250 0.03437500 0.12812500
0 0.14296875 0.71796875 0.03750000 0.13281250
0 0.21718750 0.71484375 0.03593750 0.14062500
13 0.25625000 0.72656250 0.03437500 0.12812500
24 0.29687500 0.72265625 0.03906250 0.14375000
13 0.55625000 0.72578125 0.03750000 0.13281250
20 0.60312500 0.73437500 0.03906250 0.13437500
4 0.69765625 0.72734375 0.03593750 0.14843750
19 0.74609375 0.73750000 0.04062500 0.14062500
7 0.25234375 0.89453125 0.04062500 0.13281250
12 0.42109375 0.89453125 0.03906250 0.14375000
7 0.51328125 0.90078125 0.03593750 0.16093750
14 0.55625000 0.90234375 0.03750000 0.14687500
19 0.60625000 0.90468750 0.03906250 0.14218750
3 0.70000000 0.90781250 0.03906250 0.14687500
14 0.74843750 0.91562500 0.04375000 0.14687500
6 0.79609375 0.91953125 0.03906250 0.14218750
18 0.84843750 0.92421875 0.04687500 0.15156250
