21 0.14687500 0.15000000 0.10781250 0.19843750
4 0.26875000 0.14843750 0.11406250 0.20625000
4 0.51875000 0.12656250 0.11406250 0.20625000
4 0.75312500 0.12187500 0.11250000 0.19687500
14 0.14062500 0.41562500 0.11250000 0.20625000
19 0.27656250 0.41718750 0.10937500 0.20156250
17 0.40312500 0.41250000 0.11250000 0.20625000
4 0.52812500 0.40468750 0.10468750 0.21093750
0 0.15156250 0.71875000 0.10937500 0.21875000
2 0.27812500 0.71562500 0.10937500 0.22500000
10 0.40937500 0.70468750 0.10468750 0.22031250
13 0.86718750 0.11250000 0.09375000 0.19375000
18 0.67500000 0.68593750 0.10937500 0.22968750
