21 0.05000000 0.50781250 0.10000000 0.19687500
4 0.16406250 0.48125000 0.10468750 0.20156250
2 0.13437500 0.18906250 0.10312500 0.17968750
10 0.26562500 0.18281250 0.11250000 0.18906250
14 0.05468750 0.79375000 0.10937500 0.22500000
16 0.18437500 0.76562500 0.10781250 0.22812500
16 0.31562500 0.74218750 0.11250000 0.21562500
17 0.41562500 0.42500000 0.09531250 0.20312500
8 0.44375000 0.71406250 0.10937500 0.22968750
18 0.54218750 0.40781250 0.09843750 0.19687500
4 0.57343750 0.68437500 0.10937500 0.21562500
18 0.51562500 0.13593750 0.10000000 0.20625000
7 0.63750000 0.12968750 0.11250000 0.21250000
