10 0.10000000 0.09722222 0.03437500 0.11805556
15 0.16875000 0.09722222 0.03281250 0.11111111
11 0.29843750 0.09375000 0.03437500 0.10763889
11 0.34062500 0.09375000 0.03437500 0.10763889
15 0.42500000 0.09375000 0.03437500 0.11458333
4 0.29687500 0.25694444 0.03281250 0.11458333
12 0.59687500 0.25347222 0.03281250 0.11458333
11 0.77031250 0.25000000 0.03593750 0.12152778
19 0.90312500 0.25000000 0.03437500 0.11458333
18 0.08281250 0.42013889 0.03281250 0.12152778
3 0.12343750 0.42361111 0.03437500 0.13541667
7 0.38437500 0.42361111 0.03437500 0.13194444
11 0.72968750 0.41319444 0.03750000 0.12152778
0 0.77031250 0.40972222 0.03281250 0.11458333
24 0.81562500 0.40972222 0.03437500 0.12500000
1 0.08281250 0.57986111 0.03437500 0.12152778
0 0.12187500 0.58333333 0.03437500 0.12152778
2 0.16718750 0.58333333 0.03437500 0.12847222
12 0.59687500 0.57638889 0.03281250 0.11458333
7 0.77187500 0.57638889 0.03437500 0.12152778
12 0.85937500 0.57291667 0.03281250 0.11805556
19 0.94531250 0.57638889 0.03437500 0.12152778
5 0.08281250 0.73958333 0.03437500 0.11805556
8 0.12500000 0.73958333 0.03437500 0.11805556
18 0.94531250 0.73611111 0.03281250 0.11458333
11 0.08593750 0.90277778 0.03906250 0.11805556
13 0.38281250 0.89930556 0.03437500 0.11458333
4 0.59843750 0.89930556 0.03593750 0.12152778
4 0.64062500 0.89930556 0.03437500 0.11805556
