21 0.22187500 0.30156250 0.10312500 0.21093750
14 0.32500000 0.30156250 0.11250000 0.20156250
16 0.44218750 0.30781250 0.10781250 0.20625000
16 0.55625000 0.31562500 0.11250000 0.20781250
8 0.67187500 0.30468750 0.09843750 0.20156250
4 0.79062500 0.31562500 0.09843750 0.21562500
18 0.21562500 0.56875000 0.10000000 0.22812500
7 0.32187500 0.56562500 0.10312500 0.22500000
4 0.44531250 0.56718750 0.11250000 0.22031250
21 0.56875000 0.81250000 0.11250000 0.22968750
3 0.90937500 0.31562500 0.10781250 0.21093750
