18 0.01875000 0.11458333 0.03281250 0.10416667
17 0.22500000 0.11111111 0.02968750 0.10416667
6 0.30937500 0.11111111 0.02812500 0.10416667
4 0.35156250 0.11111111 0.03125000 0.10416667
19 0.39375000 0.11805556 0.02968750 0.10416667
0 0.13750000 0.26041667 0.03281250 0.11111111
8 0.35156250 0.26736111 0.03281250 0.11458333
3 0.39218750 0.26736111 0.02968750 0.11458333
14 0.60312500 0.27083333 0.03437500 0.12152778
0 0.09062500 0.41666667 0.03593750 0.11458333
11 0.13125000 0.42361111 0.03281250 0.11458333
11 0.17343750 0.42361111 0.03437500 0.11111111
20 0.47656250 0.42361111 0.03125000 0.11111111
14 0.08281250 0.58333333 0.03281250 0.11805556
8 0.47656250 0.57986111 0.03125000 0.11805556
12 0.52031250 0.58333333 0.03437500 0.12847222
3 0.73593750 0.59027778 0.03281250 0.12847222
0 0.03906250 0.74652778 0.03281250 0.11458333
3 0.21250000 0.74652778 0.03437500 0.11805556
21 0.30000000 0.75000000 0.03593750 0.12500000
8 0.34531250 0.75000000 0.03437500 0.11805556
11 0.38906250 0.75000000 0.03593750 0.12847222
0 0.47968750 0.74652778 0.03593750 0.12500000
17 0.56406250 0.75000000 0.03281250 0.12152778
14 0.60781250 0.75000000 0.03437500 0.12500000
15 0.65156250 0.75000000 0.03281250 0.12847222
3 0.78281250 0.75347222 0.03437500 0.12500000
3 0.86562500 0.75347222 0.03125000 0.11111111
3 0.16718750 0.91319444 0.03437500 0.12500000
18 0.25312500 0.91666667 0.03281250 0.12500000
4 0.29843750 0.91666667 0.03281250 0.12152778
14 0.69843750 0.92013889 0.03437500 0.12152778
12 0.74218750 0.91666667 0.03281250 0.12152778
0 0.82656250 0.91319444 0.02968750 0.12152778
