18 0.11406250 0.73437500 0.10312500 0.20781250
7 0.23125000 0.70156250 0.11406250 0.21562500
8 0.20312500 0.42343750 0.10781250 0.21875000
13 0.31562500 0.39843750 0.10468750 0.23437500
4 0.34687500 0.66406250 0.10781250 0.21093750
16 0.47187500 0.63281250 0.10937500 0.21093750
20 0.05625000 0.17968750 0.11250000 0.17656250
4 0.16875000 0.15937500 0.09531250 0.20781250
13 0.29218750 0.12187500 0.10312500 0.21250000
2 0.55000000 0.34062500 0.10781250 0.23281250
4 0.61718750 0.87812500 0.10312500 0.21562500
4 0.58750000 0.61093750 0.11250000 0.21562500
18 0.48750000 0.89062500 0.10781250 0.21875000
