18 0.18593750 0.83437500 0.08593750 0.15000000
19 0.15312500 0.18593750 0.08593750 0.15312500
7 0.27656250 0.81562500 0.08125000 0.14531250
4 0.37343750 0.77343750 0.08593750 0.15000000
4 0.50625000 0.92500000 0.07656250 0.14062500
15 0.24375000 0.14843750 0.08281250 0.15312500
11 0.56406250 0.68906250 0.08593750 0.14375000
5 0.20781250 0.60468750 0.07812500 0.15312500
11 0.32500000 0.57343750 0.09375000 0.13593750
19 0.42812500 0.53125000 0.08593750 0.13437500
14 0.64218750 0.66250000 0.08125000 0.14843750
17 0.51875000 0.50156250 0.08125000 0.16718750
3 0.67031250 0.84062500 0.07812500 0.15781250
18 0.77500000 0.93437500 0.07343750 0.13125000
23 0.82968750 0.75781250 0.06718750 0.14062500
