18 0.10781250 0.87656250 0.08593750 0.15000000
19 0.06875000 0.23125000 0.08750000 0.15312500
7 0.18437500 0.84687500 0.08125000 0.14531250
4 0.27187500 0.83125000 0.08593750 0.15000000
15 0.15937500 0.20156250 0.08281250 0.15312500
11 0.46093750 0.75000000 0.08593750 0.14375000
5 0.11562500 0.65468750 0.07812500 0.15312500
11 0.21875000 0.62812500 0.09062500 0.13593750
19 0.32187500 0.58593750 0.08750000 0.14531250
14 0.54062500 0.70625000 0.08125000 0.15000000
17 0.42187500 0.54375000 0.08125000 0.16718750
3 0.57812500 0.89375000 0.07812500 0.15781250
23 0.74687500 0.82500000 0.06718750 0.14375000
14 0.62968750 0.67500000 0.08750000 0.14375000
0 0.66250000 0.86093750 0.07343750 0.13125000
7 0.51250000 0.52812500 0.07656250 0.15625000
18 0.69062500 0.45468750 0.09531250 0.17968750
3 0.72968750 0.67968750 0.08125000 0.13593750
17 0.82031250 0.78906250 0.06875000 0.15312500
17 0.53437500 0.09218750 0.08281250 0.15312500
