18 0.18750000 0.70625000 0.10312500 0.20781250
7 0.30781250 0.68593750 0.11250000 0.21562500
8 0.27500000 0.41250000 0.10781250 0.21875000
13 0.39531250 0.39531250 0.10468750 0.23437500
4 0.42812500 0.65625000 0.10781250 0.21250000
18 0.58593750 0.89843750 0.10312500 0.19375000
16 0.55156250 0.63281250 0.10937500 0.21093750
20 0.12812500 0.17968750 0.11250000 0.17656250
4 0.23750000 0.15937500 0.09843750 0.20781250
13 0.36093750 0.11406250 0.10312500 0.22812500
16 0.45781250 0.90000000 0.10937500 0.19843750
2 0.63125000 0.33750000 0.10781250 0.23281250
4 0.70000000 0.87812500 0.10000000 0.21562500
