3 0.10000000 0.06944444 0.03125000 0.12152778
13 0.18437500 0.06944444 0.03125000 0.12152778
22 0.22656250 0.06944444 0.03125000 0.11805556
0 0.44218750 0.07291667 0.02812500 0.12152778
19 0.66406250 0.07986111 0.03437500 0.12152778
11 0.83750000 0.08680556 0.03437500 0.12500000
11 0.87656250 0.08680556 0.03125000 0.11805556
17 0.87656250 0.25347222 0.03125000 0.11805556
0 0.91718750 0.25347222 0.03281250 0.12152778
4 0.66250000 0.24305556 0.03437500 0.12152778
15 0.18281250 0.23263889 0.03437500 0.11805556
0 0.13906250 0.23263889 0.03281250 0.11805556
11 0.13750000 0.39930556 0.02968750 0.12152778
0 0.18125000 0.39930556 0.03125000 0.12152778
15 0.35468750 0.40277778 0.03281250 0.11458333
0 0.39687500 0.39930556 0.03125000 0.11111111
9 0.65937500 0.40625000 0.03281250 0.11111111
19 0.74687500 0.40972222 0.03281250 0.11805556
18 0.91718750 0.57638889 0.03437500 0.11805556
7 0.83125000 0.57638889 0.03437500 0.11805556
20 0.48437500 0.56944444 0.03125000 0.11111111
15 0.22500000 0.56250000 0.03125000 0.11458333
11 0.18281250 0.55902778 0.03437500 0.11111111
4 0.13906250 0.55902778 0.03125000 0.11805556
7 0.09687500 0.55902778 0.03281250 0.11805556
17 0.09687500 0.71875000 0.03437500 0.11805556
14 0.13593750 0.72222222 0.02968750 0.11805556
11 0.35312500 0.72569444 0.02968750 0.11805556
17 0.61406250 0.73263889 0.03125000 0.11111111
14 0.82968750 0.89930556 0.03437500 0.12152778
14 0.18125000 0.88194444 0.03437500 0.11805556
14 0.09687500 0.87847222 0.02968750 0.11805556
