21 0.19687500 0.28593750 0.10312500 0.21093750
14 0.31250000 0.28906250 0.11250000 0.19843750
16 0.43125000 0.30000000 0.10781250 0.20781250
16 0.55000000 0.30312500 0.11250000 0.20781250
8 0.66093750 0.30468750 0.09843750 0.20156250
4 0.77656250 0.30937500 0.09843750 0.21562500
18 0.18750000 0.55000000 0.10000000 0.22812500
7 0.30000000 0.55468750 0.10312500 0.22500000
4 0.43437500 0.56093750 0.11250000 0.22031250
21 0.54375000 0.80000000 0.11250000 0.22968750
3 0.88593750 0.30781250 0.10781250 0.20781250
