4 0.14531250 0.48281250 0.10468750 0.20156250
2 0.11875000 0.19375000 0.10312500 0.18125000
10 0.25000000 0.18437500 0.11250000 0.18906250
16 0.16718750 0.76562500 0.10781250 0.22812500
16 0.30000000 0.74218750 0.11250000 0.21562500
17 0.40312500 0.43437500 0.09531250 0.20312500
8 0.43437500 0.71406250 0.10937500 0.22968750
18 0.52968750 0.41562500 0.09843750 0.19687500
4 0.55312500 0.69375000 0.10937500 0.21562500
18 0.50625000 0.14375000 0.10000000 0.20625000
7 0.62187500 0.12968750 0.11250000 0.21250000
