23 0.06093750 0.40937500 0.09843750 0.17656250
17 0.16406250 0.39531250 0.08750000 0.17656250
18 0.03906250 0.66562500 0.07343750 0.16718750
17 0.03281250 0.88281250 0.05937500 0.14062500
0 0.10156250 0.87187500 0.07187500 0.14843750
14 0.12812500 0.64687500 0.09375000 0.18125000
8 0.19375000 0.87656250 0.09375000 0.17968750
3 0.30468750 0.85625000 0.09062500 0.18906250
6 0.29375000 0.60625000 0.09531250 0.18125000
14 0.37968750 0.36250000 0.08750000 0.16718750
5 0.48125000 0.35312500 0.08593750 0.17500000
4 0.40625000 0.58593750 0.09062500 0.18125000
18 0.50937500 0.55625000 0.08125000 0.17187500
18 0.66406250 0.31875000 0.08750000 0.14843750
4 0.62031250 0.76250000 0.08750000 0.16250000
11 0.72031250 0.74375000 0.10000000 0.17187500
11 0.69531250 0.52187500 0.10312500 0.13906250
