21 0.04843750 0.20625000 0.09375000 0.17500000
0 0.13281250 0.17812500 0.07343750 0.16718750
17 0.23281250 0.15000000 0.08750000 0.18437500
7 0.11406250 0.63437500 0.10937500 0.18437500
0 0.24062500 0.61093750 0.09531250 0.19843750
6 0.43906250 0.11406250 0.08593750 0.16562500
15 0.37031250 0.58125000 0.10937500 0.21093750
16 0.38281250 0.88437500 0.11875000 0.22968750
14 0.53125000 0.11093750 0.08593750 0.15312500
13 0.62656250 0.09531250 0.07343750 0.15781250
19 0.52343750 0.83437500 0.12187500 0.23750000
18 0.49218750 0.55000000 0.10312500 0.20156250
4 0.59843750 0.53750000 0.10000000 0.21093750
17 0.64687500 0.79531250 0.11250000 0.24218750
18 0.75312500 0.75781250 0.09531250 0.22968750
4 0.70781250 0.08750000 0.06875000 0.14062500
16 0.70625000 0.51093750 0.10781250 0.20156250
