11 0.26875000 0.09027778 0.03750000 0.11458333
11 0.31250000 0.09027778 0.03750000 0.12500000
4 0.61093750 0.07638889 0.03593750 0.12500000
0 0.98281250 0.07986111 0.03125000 0.11805556
19 0.27031250 0.24652778 0.03750000 0.12500000
5 0.39843750 0.24652778 0.03281250 0.12500000
11 0.52500000 0.24305556 0.03750000 0.12500000
7 0.65312500 0.24305556 0.03437500 0.12847222
11 0.74062500 0.23611111 0.03750000 0.12500000
18 0.86875000 0.23958333 0.03593750 0.12847222
11 0.90625000 0.23958333 0.04062500 0.12847222
24 0.94843750 0.23958333 0.04218750 0.13194444
7 0.27031250 0.40277778 0.03437500 0.12847222
13 0.60937500 0.39930556 0.03437500 0.11458333
12 0.78437500 0.39583333 0.03437500 0.12500000
10 0.87031250 0.39583333 0.03750000 0.12152778
4 0.90781250 0.39930556 0.03593750 0.12500000
13 0.98593750 0.39930556 0.02812500 0.11111111
9 0.10312500 0.56597222 0.03906250 0.12847222
0 0.14375000 0.56597222 0.03281250 0.12500000
18 0.18437500 0.56944444 0.03906250 0.12847222
14 0.22500000 0.56597222 0.03750000 0.12500000
13 0.26875000 0.56597222 0.03750000 0.12500000
22 0.39843750 0.56250000 0.03750000 0.11458333
17 0.44062500 0.56597222 0.03750000 0.12500000
19 0.78593750 0.55555556 0.03750000 0.12500000
17 0.06562500 0.72569444 0.03593750 0.12152778
18 0.22500000 0.72569444 0.03593750 0.11111111
3 0.61093750 0.72222222 0.03593750 0.12152778
0 0.82812500 0.72222222 0.03125000 0.11458333
3 0.91250000 0.71875000 0.03593750 0.12500000
5 0.06562500 0.88194444 0.03437500 0.12500000
0 0.10312500 0.87500000 0.03437500 0.11805556
4 0.44062500 0.88194444 0.03593750 0.12500000
17 0.52812500 0.87847222 0.03437500 0.12847222
14 0.56875000 0.87847222 0.03281250 0.12500000
11 0.65625000 0.88541667 0.03437500 0.13194444
21 0.87031250 0.87500000 0.03437500 0.12847222
8 0.91093750 0.87500000 0.03750000 0.13194444
