0 0.26601646 0.34353808 0.10636337 0.06064625
1 0.36196661 0.34629357 0.10561958 0.06406494
2 0.46070605 0.35209520 0.09780965 0.06641423
3 0.56189791 0.35502524 0.09699572 0.06557706
6 0.24245563 0.40818451 0.12495838 0.07143714
7 0.34900494 0.41426838 0.11863607 0.07378008
8 0.45648403 0.42088136 0.11119810 0.08511064
9 0.57122984 0.42661506 0.10561955 0.07131224
10 0.67492130 0.43073116 0.10798821 0.08093931
11 0.78584915 0.43767142 0.11968559 0.07877898
4 0.66069529 0.36259766 0.09999408 0.06727821
5 0.75851266 0.36615547 0.10964801 0.07299897
12 0.19716431 0.49215370 0.15285087 0.08957547
13 0.32007723 0.49761361 0.13611538 0.08591100
14 0.43796950 0.50057788 0.12198315 0.08277297
15 0.57455702 0.50604702 0.11859433 0.08995463
16 0.69417862 0.51371973 0.13373064 0.08856178
17 0.81567385 0.51936562 0.14670224 0.09078699
18 0.15312214 0.59406350 0.17851195 0.11394825
19 0.29370030 0.59884139 0.15991693 0.11164777
20 0.42632335 0.60330522 0.14318146 0.11848314
21 0.57192217 0.60672289 0.13537154 0.11555449
22 0.71402439 0.61454996 0.15396656 0.11329484
23 0.84965531 0.61899915 0.17015883 0.11220989
24 0.43723905 0.75318428 0.17181777 0.15459443
25 0.61028398 0.75898892 0.16103270 0.15783217
