19 0.13281250 0.38125000 0.10312500 0.21093750
17 0.26406250 0.36875000 0.09843750 0.21875000
4 0.39375000 0.35625000 0.10468750 0.21875000
2 0.14531250 0.65312500 0.10468750 0.20156250
10 0.28750000 0.65781250 0.12187500 0.19687500
17 0.44531250 0.89062500 0.10468750 0.21875000
18 0.56718750 0.88750000 0.10468750 0.22500000
18 0.54375000 0.60312500 0.10312500 0.20781250
7 0.67500000 0.58125000 0.11406250 0.21562500
8 0.65156250 0.30468750 0.10468750 0.21875000
0 0.68906250 0.87343750 0.11875000 0.22500000
