15 0.16894500 0.15152600 0.01953100 0.01962200
4 0.19189500 0.14970900 0.01855500 0.02034900
17 0.21289100 0.14752900 0.01953100 0.02034900
4 0.23681600 0.14534900 0.01855500 0.02034900
3 0.25976600 0.14316900 0.01953100 0.02034900
13 0.30615200 0.13880800 0.02050800 0.02180200
8 0.32959000 0.13662800 0.02050800 0.02180200
12 0.35351600 0.13481100 0.01953100 0.02107600
8 0.37744100 0.13263100 0.02050800 0.02107600
10 0.42675800 0.12863400 0.01953100 0.02180200
17 0.45214800 0.12645300 0.01953100 0.02180200
0 0.47705100 0.12427300 0.02050800 0.02180200
18 0.50341800 0.12209300 0.02050800 0.02180200
13 0.52880900 0.11991300 0.02050800 0.02180200
18 0.63574200 0.11155500 0.02148400 0.02252900
22 0.66210900 0.10937500 0.02148400 0.02252900
4 0.68994100 0.10755800 0.02246100 0.02325600
19 0.71679700 0.10537800 0.02148400 0.02325600
22 0.12402300 0.18314000 0.01757800 0.01889500
15 0.16992200 0.17986900 0.01757800 0.01962200
19 0.21289100 0.17587200 0.01757800 0.02034900
12 0.28173800 0.17005800 0.01855500 0.02034900
8 0.30468800 0.16787800 0.01757800 0.02034900
13 0.32910200 0.16606100 0.01953100 0.02107600
20 0.35302700 0.16460800 0.01855500 0.02107600
19 0.37744100 0.16315400 0.01855500 0.02107600
0 0.42627000 0.16024700 0.02050800 0.02252900
22 0.45214800 0.15806700 0.01953100 0.02252900
19 0.47753900 0.15588700 0.01953100 0.02252900
14 0.50341800 0.15370600 0.02050800 0.02252900
12 0.52929700 0.15152600 0.01953100 0.02252900
14 0.55517600 0.15007300 0.02050800 0.02252900
1 0.58252000 0.14789200 0.02050800 0.02252900
8 0.60888700 0.14571200 0.02050800 0.02252900
11 0.63574200 0.14389500 0.02148400 0.02325600
8 0.66259800 0.14207800 0.02050800 0.02252900
3 0.12207000 0.21075600 0.01757800 0.02034900
14 0.14355500 0.21002900 0.01757800 0.02034900
15 0.18750000 0.20639500 0.01757800 0.02034900
14 0.21044900 0.20494200 0.01855500 0.02034900
9 0.23437500 0.20348800 0.01757800 0.02034900
0 0.25683600 0.20203500 0.01757800 0.02034900
17 0.28027300 0.20058100 0.01757800 0.02034900
0 0.30517600 0.19912800 0.01855500 0.02180200
3 0.35253900 0.19549400 0.01953100 0.02180200
14 0.37695300 0.19367700 0.01953100 0.02107600
10 0.40234400 0.19186000 0.01953100 0.02180200
0 0.42724600 0.19040700 0.01855500 0.02180200
19 0.45312500 0.18895300 0.01953100 0.02180200
8 0.47851600 0.18713700 0.01953100 0.02107600
11 0.50390600 0.18532000 0.01953100 0.02180200
8 0.52978500 0.18386600 0.02050800 0.02180200
18 0.12011700 0.24055200 0.01757800 0.02034900
19 0.14160200 0.23909900 0.01757800 0.02034900
0 0.16406200 0.23764500 0.01757800 0.02034900
11 0.18603500 0.23582800 0.01855500 0.02107600
8 0.20947300 0.23437500 0.01855500 0.02107600
18 0.25537100 0.23146800 0.01855500 0.02107600
19 0.27880900 0.23001500 0.01855500 0.02107600
17 0.30322300 0.22856100 0.01855500 0.02107600
14 0.32763700 0.22710800 0.01855500 0.02107600
4 0.35205100 0.22638100 0.01855500 0.02107600
12 0.37744100 0.22492700 0.01855500 0.02107600
20 0.42773400 0.22238400 0.01953100 0.02180200
22 0.47851600 0.21875000 0.01953100 0.02180200
14 0.50390600 0.21729700 0.01953100 0.02180200
17 0.52929700 0.21511600 0.01953100 0.02180200
14 0.55566400 0.21366300 0.01953100 0.02180200
19 0.58300800 0.21148300 0.01953100 0.02180200
15 0.11816400 0.26925900 0.01757800 0.02107600
14 0.14062500 0.26816900 0.01757800 0.02034900
3 0.16210900 0.26671500 0.01757800 0.02034900
10 0.18457000 0.26598800 0.01757800 0.02034900
11 0.20800800 0.26453500 0.01757800 0.02034900
16 0.25488300 0.26199100 0.01757800 0.02107600
8 0.27929700 0.26090100 0.01757800 0.02034900
11 0.30273400 0.25981100 0.01953100 0.02107600
8 0.32666000 0.25872100 0.01855500 0.02180200
11 0.40136700 0.25508700 0.01953100 0.02180200
0 0.42675800 0.25363400 0.01953100 0.02180200
13 0.45214800 0.25218000 0.01953100 0.02180200
6 0.47802700 0.25036300 0.02050800 0.02252900
20 0.52978500 0.24673000 0.02050800 0.02252900
15 0.55566400 0.24527600 0.01953100 0.02252900
17 0.58203100 0.24382300 0.02148400 0.02252900
20 0.60937500 0.24236900 0.02148400 0.02252900
6 0.63574200 0.24091600 0.02148400 0.02252900
8 0.66406200 0.23909900 0.02148400 0.02325600
8 0.11669900 0.29869200 0.01660200 0.02034900
17 0.16113300 0.29651200 0.01757800 0.02034900
0 0.18359400 0.29578500 0.01757800 0.02034900
25 0.20703100 0.29433100 0.01757800 0.02034900
3 0.23046900 0.29360500 0.01757800 0.02034900
20 0.25390600 0.29215100 0.01757800 0.02034900
22 0.27832000 0.29069800 0.01757800 0.02034900
8 0.32763700 0.28888100 0.01855500 0.02107600
18 0.35107400 0.28742700 0.01855500 0.02107600
14 0.42724600 0.28452000 0.02050800 0.02252900
19 0.45214800 0.28379400 0.01953100 0.02252900
13 0.50341800 0.28088700 0.02050800 0.02252900
0 0.52978500 0.27943300 0.02050800 0.02252900
19 0.55615200 0.27798000 0.02050800 0.02252900
20 0.58252000 0.27652600 0.02050800 0.02252900
6 0.60888700 0.27543600 0.02050800 0.02325600
8 0.63720700 0.27398300 0.02050800 0.02325600
14 0.11523400 0.32848800 0.01757800 0.02034900
13 0.13671900 0.32776200 0.01757800 0.02034900
25 0.18310500 0.32594500 0.01855500 0.02107600
0 0.20605500 0.32485500 0.01757800 0.02034900
1 0.22998000 0.32340100 0.01855500 0.02180200
8 0.25341800 0.32267400 0.01855500 0.02180200
11 0.27783200 0.32194800 0.01855500 0.02180200
10 0.32666000 0.32049400 0.01855500 0.02180200
0 0.35107400 0.31976700 0.01855500 0.02180200
10 0.37646500 0.31867700 0.01855500 0.02107600
15 0.42675800 0.31649700 0.01953100 0.02252900
20 0.45214800 0.31540700 0.01953100 0.02180200
11 0.47753900 0.31431700 0.01953100 0.02252900
4 0.50390600 0.31322700 0.01953100 0.02180200
12 0.52978500 0.31141000 0.02050800 0.02252900
4 0.55615200 0.31068300 0.02050800 0.02252900
19 0.58252000 0.30923000 0.02050800 0.02252900
25 0.15820300 0.35719500 0.01757800 0.02107600
0 0.18164100 0.35646800 0.01757800 0.02107600
10 0.20507800 0.35501500 0.01757800 0.02107600
11 0.22900400 0.35428800 0.01855500 0.02107600
20 0.25244100 0.35356100 0.01855500 0.02107600
1 0.27685500 0.35283400 0.01855500 0.02107600
8 0.30127000 0.35210800 0.01855500 0.02107600
11 0.32666000 0.35174400 0.01855500 0.02180200
18 0.35107400 0.35101700 0.01855500 0.02180200
3 0.42675800 0.34847400 0.01953100 0.02107600
12 0.47802700 0.34665700 0.01855500 0.02180200
20 0.52929700 0.34447700 0.01953100 0.02180200
6 0.55566400 0.34338700 0.01953100 0.02252900
0 0.58203100 0.34193300 0.02148400 0.02252900
17 0.61035200 0.34084300 0.02148400 0.02325600
13 0.63720700 0.33975300 0.02050800 0.02252900
6 0.15722700 0.38699100 0.01757800 0.02107600
0 0.18017600 0.38626500 0.01855500 0.02107600
17 0.20507800 0.38553800 0.01757800 0.02107600
10 0.30127000 0.38372100 0.01855500 0.02180200
14 0.32568400 0.38299400 0.01855500 0.02180200
12 0.35107400 0.38226700 0.01855500 0.02180200
13 0.37548800 0.38154100 0.01855500 0.02180200
0 0.40087900 0.38117700 0.01855500 0.02252900
19 0.42529300 0.38045100 0.01855500 0.02252900
0 0.45117200 0.37972400 0.01953100 0.02252900
15 0.50488300 0.37827000 0.01953100 0.02252900
14 0.52929700 0.37681700 0.01953100 0.02252900
11 0.55566400 0.37609000 0.01953100 0.02252900
13 0.58203100 0.37463700 0.01953100 0.02252900
0 0.60937500 0.37463700 0.01953100 0.02252900
13 0.15673800 0.41751500 0.01855500 0.02107600
0 0.17871100 0.41715100 0.01757800 0.02180200
17 0.22753900 0.41642400 0.01757800 0.02180200
20 0.25146500 0.41569800 0.01855500 0.02180200
10 0.27587900 0.41533400 0.01855500 0.02107600
0 0.29980500 0.41497100 0.01757800 0.02180200
7 0.32470700 0.41424400 0.01855500 0.02180200
10 0.37548800 0.41351700 0.01855500 0.02180200
20 0.40039100 0.41315400 0.01953100 0.02252900
25 0.42578100 0.41242700 0.01953100 0.02252900
12 0.47656200 0.41133700 0.01953100 0.02180200
0 0.50293000 0.41024700 0.01953100 0.02252900
15 0.55615200 0.40879400 0.02050800 0.02252900
14 0.58252000 0.40806700 0.02050800 0.02252900
9 0.60986300 0.40734000 0.02050800 0.02252900
0 0.63769500 0.40661300 0.01953100 0.02252900
17 0.66552700 0.40588700 0.02050800 0.02398300
13 0.69335900 0.40516000 0.02148400 0.02398300
22 0.15625000 0.44840100 0.01757800 0.02180200
13 0.20312500 0.44803800 0.01757800 0.02107600
4 0.22656200 0.44731100 0.01757800 0.02107600
18 0.25097700 0.44731100 0.01757800 0.02107600
11 0.30029300 0.44622100 0.01855500 0.02180200
4 0.32470700 0.44585800 0.01855500 0.02252900
13 0.35009800 0.44549400 0.01855500 0.02180200
20 0.37548800 0.44549400 0.01855500 0.02180200
8 0.42627000 0.44476700 0.01855500 0.02180200
25 0.45214800 0.44440400 0.01953100 0.02252900
14 0.50341800 0.44295100 0.02050800 0.02252900
10 0.52929700 0.44258700 0.01953100 0.02325600
13 0.55517600 0.44186000 0.02050800 0.02325600
0 0.58252000 0.44149700 0.02050800 0.02252900
14 0.10937500 0.47928800 0.01757800 0.02107600
13 0.13183600 0.47928800 0.01757800 0.02107600
10 0.17871100 0.47928800 0.01757800 0.02107600
20 0.20214800 0.47856100 0.01757800 0.02107600
25 0.22656200 0.47856100 0.01757800 0.02107600
12 0.27490200 0.47819800 0.01855500 0.02180200
0 0.30029300 0.47819800 0.01855500 0.02180200
15 0.39990200 0.47674400 0.01855500 0.02180200
14 0.42529300 0.47638100 0.01855500 0.02252900
9 0.45117200 0.47565400 0.01953100 0.02252900
0 0.47656200 0.47565400 0.01953100 0.02252900
17 0.50293000 0.47601700 0.01953100 0.02325600
13 0.52929700 0.47529100 0.01953100 0.02325600
18 0.63867200 0.47383700 0.01953100 0.02325600
19 0.66650400 0.47311000 0.02050800 0.02325600
0 0.69482400 0.47238400 0.02050800 0.02325600
17 0.72363300 0.47274700 0.02148400 0.02398300
3 0.10888700 0.51090100 0.01855500 0.02180200
22 0.13134800 0.51090100 0.01855500 0.02180200
0 0.15429700 0.51090100 0.01757800 0.02180200
3 0.17773400 0.51090100 0.01757800 0.02180200
2 0.20166000 0.51017400 0.01855500 0.02180200
0 0.22607400 0.51017400 0.01855500 0.02180200
19 0.25048800 0.51017400 0.01855500 0.02180200
11 0.32470700 0.50981100 0.01855500 0.02252900
4 0.34960900 0.50908400 0.01953100 0.02252900
19 0.37500000 0.50908400 0.01953100 0.02252900
19 0.42578100 0.50908400 0.01953100 0.02252900
20 0.45117200 0.50908400 0.01953100 0.02252900
8 0.50293000 0.50872100 0.01953100 0.02180200
11 0.52978500 0.50654100 0.02050800 0.02325600
15 0.58349600 0.50726700 0.02050800 0.02325600
14 0.61084000 0.50799400 0.02050800 0.02325600
9 0.63769500 0.50763100 0.02148400 0.02398300
0 0.66601600 0.50763100 0.02148400 0.02398300
17 0.69531200 0.50726700 0.02148400 0.02325600
18 0.10742200 0.54178800 0.01757800 0.02107600
14 0.13037100 0.54178800 0.01855500 0.02107600
17 0.15380900 0.54178800 0.01855500 0.02107600
14 0.17724600 0.54178800 0.01855500 0.02107600
10 0.20068400 0.54215100 0.01855500 0.02180200
3 0.24951200 0.54215100 0.01855500 0.02180200
20 0.27490200 0.54142400 0.01855500 0.02180200
14 0.34912100 0.54142400 0.01855500 0.02180200
19 0.37402300 0.54106100 0.01953100 0.02252900
18 0.42480500 0.54106100 0.01953100 0.02252900
12 0.45117200 0.54178800 0.01953100 0.02252900
4 0.47705100 0.54178800 0.01855500 0.02252900
17 0.50293000 0.54178800 0.01953100 0.02252900
19 0.52929700 0.54178800 0.01953100 0.02252900
8 0.55615200 0.54142400 0.02050800 0.02325600
18 0.61084000 0.54142400 0.02050800 0.02325600
15 0.63818400 0.54142400 0.02050800 0.02325600
0 0.66650400 0.54178800 0.02050800 0.02398300
18 0.69482400 0.54178800 0.02050800 0.02398300
1 0.10595700 0.57231100 0.01855500 0.02107600
8 0.12890600 0.57231100 0.01757800 0.02107600
11 0.15283200 0.57340100 0.01855500 0.02180200
18 0.17627000 0.57340100 0.01855500 0.02180200
18 0.24902300 0.57412800 0.01757800 0.02180200
15 0.29834000 0.57412800 0.01855500 0.02180200
11 0.32324200 0.57376500 0.01953100 0.02252900
0 0.34814500 0.57412800 0.01855500 0.02325600
12 0.37402300 0.57449100 0.01953100 0.02252900
4 0.39843800 0.57449100 0.01953100 0.02252900
13 0.42480500 0.57449100 0.01953100 0.02252900
4 0.45117200 0.57449100 0.01953100 0.02252900
12 0.47656200 0.57485500 0.01953100 0.02325600
13 0.53027300 0.57485500 0.01953100 0.02325600
4 0.55664100 0.57521800 0.01953100 0.02252900
17 0.61132800 0.57558100 0.02148400 0.02325600
0 0.63916000 0.57558100 0.02050800 0.02325600
25 0.66748000 0.57594500 0.02050800 0.02398300
13 0.15185500 0.60465100 0.01855500 0.02180200
8 0.17529300 0.60465100 0.01855500 0.02180200
16 0.19970700 0.60501500 0.01855500 0.02252900
4 0.22412100 0.60537800 0.01855500 0.02180200
6 0.24853500 0.60574100 0.01855500 0.02252900
14 0.27294900 0.60610500 0.01855500 0.02325600
14 0.32275400 0.60646800 0.01855500 0.02252900
13 0.34765600 0.60646800 0.01953100 0.02252900
13 0.39941400 0.60683100 0.01953100 0.02325600
4 0.42480500 0.60755800 0.01953100 0.02325600
1 0.47705100 0.60828500 0.02050800 0.02325600
14 0.50341800 0.60864800 0.02050800 0.02398300
8 0.53076200 0.60901200 0.02050800 0.02325600
19 0.55712900 0.60937500 0.02050800 0.02398300
18 0.58447300 0.60973800 0.02050800 0.02325600
13 0.15087900 0.63662800 0.01855500 0.02180200
0 0.17431600 0.63699100 0.01855500 0.02252900
3 0.19873000 0.63699100 0.01855500 0.02252900
4 0.22314500 0.63735500 0.01855500 0.02180200
22 0.24755900 0.63771800 0.01855500 0.02252900
0 0.27197300 0.63771800 0.01855500 0.02252900
4 0.29687500 0.63808100 0.01953100 0.02180200
19 0.32226600 0.63880800 0.01953100 0.02325600
17 0.37207000 0.63953500 0.01953100 0.02325600
20 0.39843800 0.64026200 0.01953100 0.02325600
10 0.42431600 0.64098800 0.02050800 0.02325600
0 0.45019500 0.64135200 0.01953100 0.02398300
22 0.47607400 0.64207800 0.02050800 0.02398300
8 0.50293000 0.64244200 0.01953100 0.02325600
2 0.52978500 0.64316900 0.02050800 0.02325600
18 0.14990200 0.66824100 0.01855500 0.02252900
12 0.17334000 0.66860500 0.01855500 0.02180200
4 0.19775400 0.66896800 0.01855500 0.02252900
11 0.22216800 0.67005800 0.01855500 0.02325600
14 0.24658200 0.67042200 0.01855500 0.02252900
11 0.29638700 0.67187500 0.01855500 0.02252900
4 0.32128900 0.67223800 0.01953100 0.02325600
25 0.34668000 0.67296500 0.01953100 0.02325600
4 0.37207000 0.67369200 0.01953100 0.02325600
19 0.39746100 0.67441900 0.01953100 0.02325600
15 0.45019500 0.67514500 0.01953100 0.02325600
14 0.47607400 0.67623500 0.02050800 0.02398300
18 0.52880900 0.67768900 0.02050800 0.02398300
19 0.55712900 0.67841600 0.02050800 0.02398300
4 0.58447300 0.67914200 0.02050800 0.02398300
13 0.61230500 0.67986900 0.02148400 0.02398300
4 0.64062500 0.68059600 0.02148400 0.02398300
10 0.14990200 0.70094500 0.01855500 0.02252900
0 0.17334000 0.70130800 0.01855500 0.02325600
18 0.19775400 0.70167200 0.01855500 0.02252900
10 0.22119100 0.70239800 0.01855500 0.02252900
0 0.24560500 0.70312500 0.01855500 0.02252900
18 0.29541000 0.70385200 0.01855500 0.02252900
22 0.32031200 0.70566900 0.01953100 0.02325600
4 0.34668000 0.70639500 0.01953100 0.02325600
19 0.37207000 0.70712200 0.01953100 0.02325600
8 0.39746100 0.70784900 0.01953100 0.02325600
19 0.42334000 0.70893900 0.02050800 0.02398300
18 0.44970700 0.70966600 0.02050800 0.02398300
22 0.53027300 0.71257300 0.02148400 0.02398300
14 0.58496100 0.71402600 0.02148400 0.02398300
6 0.61328100 0.71548000 0.02148400 0.02398300
13 0.64160200 0.71584300 0.02148400 0.02470900
4 0.66992200 0.71729700 0.02148400 0.02470900
22 0.10107400 0.73074100 0.01855500 0.02252900
3 0.12451200 0.73146800 0.01855500 0.02252900
17 0.14892600 0.73219500 0.01855500 0.02252900
20 0.17334000 0.73328500 0.01855500 0.02325600
6 0.19628900 0.73401200 0.01953100 0.02325600
13 0.24462900 0.73619200 0.01855500 0.02325600
0 0.26953100 0.73655500 0.01953100 0.02252900
10 0.32031200 0.73873500 0.01953100 0.02398300
17 0.34619100 0.73982600 0.02050800 0.02325600
4 0.42334000 0.74236900 0.02050800 0.02398300
8 0.47607400 0.74454900 0.02050800 0.02398300
25 0.50341800 0.74600300 0.02050800 0.02398300
15 0.55761700 0.74818300 0.02148400 0.02398300
14 0.58496100 0.74927300 0.02148400 0.02470900
3 0.61230500 0.75036300 0.02148400 0.02398300
1 0.67041000 0.75290700 0.02246100 0.02616300
0 0.69970700 0.75399700 0.02246100 0.02543600
11 0.72949200 0.75472400 0.02343800 0.02543600
10 0.75830100 0.75545100 0.02246100 0.02543600
8 0.78808600 0.75617700 0.02343800 0.02543600
16 0.09863300 0.76308100 0.01953100 0.02325600
4 0.12304700 0.76417200 0.01953100 0.02252900
19 0.19531200 0.76671500 0.01953100 0.02325600
14 0.21972700 0.76816900 0.01953100 0.02325600
10 0.26904300 0.77034900 0.01855500 0.02325600
17 0.29394500 0.77107600 0.01953100 0.02325600
8 0.31933600 0.77252900 0.01953100 0.02325600
10 0.34472700 0.77325600 0.01953100 0.02325600
17 0.39746100 0.77579900 0.01953100 0.02398300
0 0.42334000 0.77725300 0.02050800 0.02398300
25 0.44970700 0.77870600 0.02050800 0.02398300
3 0.47656200 0.77943300 0.02148400 0.02398300
0 0.50293000 0.78088700 0.02148400 0.02398300
11 0.53027300 0.78234000 0.02148400 0.02398300
18 0.55761700 0.78306700 0.02148400 0.02398300
9 0.64209000 0.78706400 0.02246100 0.02470900
0 0.67041000 0.78851700 0.02246100 0.02470900
11 0.69970700 0.78960800 0.02246100 0.02543600
10 0.72900400 0.79106100 0.02246100 0.02543600
8 0.75878900 0.79215100 0.02343800 0.02470900
8 0.09570300 0.79578500 0.01953100 0.02325600
14 0.14453100 0.79796500 0.01953100 0.02325600
6 0.16992200 0.79941900 0.01953100 0.02325600
13 0.19335900 0.80014500 0.01953100 0.02325600
13 0.26757800 0.80341600 0.01953100 0.02398300
0 0.29345700 0.80450600 0.02050800 0.02325600
15 0.31884800 0.80559600 0.02050800 0.02398300
4 0.34423800 0.80704900 0.02050800 0.02398300
17 0.36962900 0.80850300 0.02050800 0.02398300
4 0.39599600 0.80995600 0.02050800 0.02398300
17 0.42236300 0.81141000 0.02050800 0.02398300
4 0.44873000 0.81286300 0.02050800 0.02398300
25 0.47607400 0.81359000 0.02050800 0.02398300
13 0.09326200 0.82848800 0.02050800 0.02325600
0 0.11767600 0.82994200 0.02050800 0.02325600
16 0.16699200 0.83248500 0.01953100 0.02398300
4 0.19189500 0.83393900 0.02050800 0.02398300
17 0.21728500 0.83539200 0.02050800 0.02398300
3 0.24169900 0.83611900 0.02050800 0.02398300
0 0.26709000 0.83757300 0.02050800 0.02398300
10 0.29248000 0.83866300 0.02050800 0.02470900
10 0.34375000 0.84157000 0.01953100 0.02470900
20 0.36962900 0.84302300 0.02050800 0.02470900
25 0.39599600 0.84447700 0.02050800 0.02470900
12 0.44775400 0.84738400 0.02050800 0.02470900
0 0.47509800 0.84920100 0.02050800 0.02398300
15 0.53027300 0.85210800 0.02148400 0.02398300
14 0.55859400 0.85465100 0.02343800 0.02616300
11 0.58593800 0.85610500 0.02343800 0.02616300
4 0.61377000 0.85755800 0.02246100 0.02616300
25 0.64355500 0.85937500 0.02343800 0.02543600
18 0.14062500 0.86446200 0.01953100 0.02398300
20 0.16503900 0.86591600 0.01953100 0.02398300
13 0.18945300 0.86736900 0.01953100 0.02398300
20 0.21484400 0.86882300 0.01953100 0.02398300
11 0.23974600 0.87027600 0.02050800 0.02398300
6 0.29101600 0.87245600 0.01953100 0.02398300
14 0.31640600 0.87391000 0.01953100 0.02398300
11 0.34228500 0.87609000 0.02050800 0.02398300
14 0.36865200 0.87754400 0.02050800 0.02398300
22 0.39502000 0.87936000 0.02050800 0.02470900
20 0.42138700 0.88081400 0.02050800 0.02470900
22 0.47460900 0.88444800 0.02148400 0.02470900
14 0.52978500 0.88771800 0.02246100 0.02543600
10 0.55712900 0.88989800 0.02246100 0.02543600
14 0.58544900 0.89135200 0.02246100 0.02543600
10 0.64306600 0.89498500 0.02246100 0.02543600
14 0.67236300 0.89643900 0.02246100 0.02543600
15 0.13916000 0.89752900 0.02050800 0.02325600
14 0.16308600 0.89898300 0.01953100 0.02325600
6 0.18798800 0.90116300 0.02050800 0.02325600
11 0.21337900 0.90261600 0.02050800 0.02325600
3 0.26416000 0.90588700 0.02050800 0.02398300
4 0.28955100 0.90734000 0.02050800 0.02398300
11 0.31445300 0.90952000 0.02148400 0.02398300
3 0.47412100 0.91969500 0.02246100 0.02543600
0 0.50146500 0.92187500 0.02246100 0.02543600
19 0.58642600 0.92768900 0.02246100 0.02543600
14 0.61377000 0.92986900 0.02246100 0.02543600
10 0.67334000 0.93386600 0.02246100 0.02616300
14 0.70214800 0.93604700 0.02343800 0.02616300
10 0.76171900 0.93895300 0.02343800 0.02616300
0 0.79101600 0.94004400 0.02343800 0.02689000
