22 0.03906250 0.10078125 0.04062500 0.12187500
11 0.10000000 0.09687500 0.04375000 0.12812500
8 0.54218750 0.09687500 0.03593750 0.12187500
11 0.63593750 0.09687500 0.04062500 0.12812500
0 0.67656250 0.09375000 0.03437500 0.12500000
4 0.81406250 0.09375000 0.03437500 0.12500000
14 0.22656250 0.26015625 0.03437500 0.12187500
11 0.50000000 0.26406250 0.04375000 0.11796875
8 0.54062500 0.26406250 0.03281250 0.11796875
0 0.02187500 0.42734375 0.03750000 0.12187500
8 0.06093750 0.42734375 0.03281250 0.11796875
20 0.18750000 0.43046875 0.03125000 0.12187500
15 0.22968750 0.42734375 0.03125000 0.12500000
19 0.36406250 0.42734375 0.03281250 0.11796875
7 0.67500000 0.43750000 0.03437500 0.12500000
11 0.81093750 0.43750000 0.03437500 0.12187500
1 0.32031250 0.59062500 0.03437500 0.11484375
22 0.63125000 0.60078125 0.03593750 0.12187500
17 0.02656250 0.74296875 0.02968750 0.11093750
18 0.10781250 0.75000000 0.02968750 0.10781250
14 0.19062500 0.75312500 0.03125000 0.11796875
13 0.27812500 0.75703125 0.03593750 0.11093750
18 0.36406250 0.75703125 0.03125000 0.11796875
13 0.53906250 0.76015625 0.03593750 0.12187500
24 0.11093750 0.90937500 0.03281250 0.11796875
3 0.19375000 0.91328125 0.03281250 0.11093750
1 0.27968750 0.91640625 0.03281250 0.10781250
0 0.49843750 0.92343750 0.03906250 0.11796875
12 0.58437500 0.93046875 0.03593750 0.12500000
0 0.62968750 0.92734375 0.03593750 0.11796875
19 0.67343750 0.93437500 0.03281250 0.12187500
14 0.85156250 0.93750000 0.03593750 0.11484375
