5 0.24375000 0.18437500 0.08750000 0.17968750
11 0.35000000 0.17343750 0.08750000 0.17187500
19 0.45000000 0.15468750 0.09375000 0.17500000
17 0.54375000 0.12968750 0.09062500 0.17031250
18 0.18437500 0.43437500 0.08281250 0.17500000
7 0.27812500 0.42343750 0.08750000 0.18750000
4 0.38281250 0.40156250 0.08281250 0.18437500
18 0.10312500 0.67656250 0.09531250 0.18906250
7 0.20156250 0.66718750 0.08593750 0.19218750
16 0.30625000 0.63125000 0.09375000 0.16718750
4 0.33125000 0.85625000 0.08281250 0.17031250
11 0.43593750 0.83437500 0.09375000 0.16718750
7 0.63593750 0.11875000 0.09062500 0.16250000
12 0.53437500 0.79687500 0.08750000 0.17656250
4 0.40937500 0.60156250 0.08281250 0.16093750
11 0.56562500 0.35000000 0.07343750 0.14843750
4 0.50312500 0.57031250 0.08125000 0.17031250
14 0.63437500 0.76875000 0.09843750 0.16562500
14 0.65937500 0.32500000 0.08750000 0.16718750
18 0.80468750 0.08906250 0.07343750 0.16250000
14 0.75781250 0.30937500 0.08750000 0.16718750
