11 0.10468750 0.62187500 0.09062500 0.14375000
19 0.20000000 0.59375000 0.10312500 0.15000000
4 0.29687500 0.56718750 0.09062500 0.15312500
25 0.40468750 0.54218750 0.08125000 0.13906250
3 0.14687500 0.82812500 0.08750000 0.15781250
14 0.24218750 0.80937500 0.08750000 0.15312500
21 0.34531250 0.76718750 0.08281250 0.17187500
13 0.44062500 0.73593750 0.08281250 0.16718750
18 0.55625000 0.88750000 0.08593750 0.16250000
7 0.64375000 0.86718750 0.07812500 0.15625000
12 0.14531250 0.18437500 0.07343750 0.14531250
0 0.23593750 0.17031250 0.07656250 0.15312500
3 0.33593750 0.14062500 0.08125000 0.16093750
18 0.60312500 0.66562500 0.08593750 0.14375000
15 0.68437500 0.07031250 0.07343750 0.13906250
19 0.60312500 0.08281250 0.08593750 0.13593750
4 0.42812500 0.12343750 0.08125000 0.15625000
16 0.72812500 0.83593750 0.07343750 0.13437500
7 0.69531250 0.64531250 0.07812500 0.14843750
