15 0.13085900 0.11664200 0.01953100 0.02107600
17 0.15380900 0.11518900 0.02050800 0.02107600
12 0.20068400 0.10973800 0.02050800 0.02180200
14 0.22412100 0.10755800 0.02050800 0.02180200
8 0.27148400 0.10247100 0.01953100 0.02180200
0 0.34472700 0.09556700 0.02148400 0.02252900
15 0.37109400 0.09338700 0.02148400 0.02252900
17 0.39648400 0.09048000 0.02148400 0.02252900
0 0.42089800 0.08829900 0.02148400 0.02252900
22 0.44726600 0.08539200 0.02148400 0.02252900
14 0.47363300 0.08393900 0.02148400 0.02252900
13 0.32031200 0.09738400 0.01953100 0.02180200
0 0.13134800 0.14280500 0.01855500 0.02107600
15 0.17724600 0.14135200 0.01855500 0.02107600
14 0.20019500 0.13917200 0.01953100 0.02107600
19 0.22265600 0.13699100 0.01953100 0.02107600
14 0.24609400 0.13481100 0.01953100 0.02107600
12 0.27050800 0.13335800 0.01953100 0.02252900
0 0.34619100 0.12645300 0.02050800 0.02180200
25 0.37109400 0.12427300 0.01953100 0.02180200
0 0.39599600 0.12173000 0.02050800 0.02252900
3 0.42236300 0.11918600 0.02050800 0.02180200
0 0.17529300 0.17223800 0.01855500 0.02180200
15 0.22168000 0.16787800 0.01953100 0.02180200
14 0.24511700 0.16569800 0.01953100 0.02180200
19 0.26953100 0.16351700 0.01953100 0.02180200
14 0.29394500 0.16206400 0.01953100 0.02180200
12 0.31982400 0.15988400 0.02050800 0.02180200
14 0.37109400 0.15552300 0.01953100 0.02180200
1 0.39599600 0.15334300 0.02050800 0.02180200
17 0.42236300 0.15079900 0.02050800 0.02252900
0 0.44873000 0.14861900 0.02050800 0.02252900
19 0.47509800 0.14752900 0.02050800 0.02325600
13 0.50146500 0.14571200 0.02050800 0.02252900
14 0.52832000 0.14389500 0.02148400 0.02325600
0 0.17480500 0.20203500 0.01953100 0.02180200
15 0.22119100 0.19840100 0.02050800 0.02180200
14 0.24609400 0.19622100 0.01953100 0.02180200
19 0.27099600 0.19440400 0.02050800 0.02252900
14 0.29443400 0.19258700 0.02050800 0.02180200
12 0.31884800 0.19077000 0.02050800 0.02252900
10 0.37109400 0.18677300 0.02148400 0.02325600
17 0.39697300 0.18495600 0.02050800 0.02252900
20 0.42236300 0.18314000 0.02050800 0.02325600
6 0.44873000 0.18132300 0.02050800 0.02252900
14 0.47509800 0.17950600 0.02050800 0.02325600
12 0.50244100 0.17768900 0.02050800 0.02252900
0 0.17187500 0.23255800 0.01953100 0.02180200
15 0.22168000 0.22892400 0.01953100 0.02180200
14 0.24511700 0.22674400 0.01953100 0.02180200
19 0.27099600 0.22492700 0.02050800 0.02252900
14 0.29492200 0.22347400 0.01953100 0.02252900
12 0.31982400 0.22202000 0.02050800 0.02252900
22 0.37158200 0.21911300 0.02050800 0.02252900
15 0.39697300 0.21729700 0.02050800 0.02325600
17 0.42285200 0.21548000 0.02148400 0.02252900
8 0.44970700 0.21402600 0.02050800 0.02252900
15 0.47607400 0.21184600 0.02050800 0.02252900
17 0.50341800 0.21039200 0.02050800 0.02252900
9 0.55761700 0.20784900 0.02148400 0.02325600
10 0.58496100 0.20712200 0.02148400 0.02325600
20 0.61230500 0.20603200 0.02148400 0.02398300
0 0.17285200 0.26380800 0.01953100 0.02180200
15 0.22168000 0.26053800 0.01953100 0.02252900
14 0.24560500 0.25981100 0.02050800 0.02252900
19 0.26953100 0.25835800 0.01953100 0.02252900
14 0.29492200 0.25617700 0.01953100 0.02252900
12 0.31982400 0.25472400 0.02050800 0.02252900
1 0.37109400 0.25109000 0.01953100 0.02252900
4 0.39697300 0.24927300 0.02050800 0.02325600
6 0.42334000 0.24782000 0.02050800 0.02325600
14 0.44970700 0.24636600 0.02050800 0.02325600
12 0.47656200 0.24491300 0.02148400 0.02325600
22 0.12597700 0.29796500 0.01953100 0.02180200
4 0.14843800 0.29651200 0.01953100 0.02180200
18 0.17187500 0.29505800 0.01953100 0.02180200
4 0.19531200 0.29360500 0.01953100 0.02180200
11 0.21972700 0.29215100 0.01953100 0.02180200
14 0.24511700 0.29069800 0.01953100 0.02180200
1 0.29394500 0.28851700 0.01953100 0.02180200
17 0.31982400 0.28670100 0.02050800 0.02252900
14 0.34423800 0.28524700 0.02050800 0.02252900
3 0.37060500 0.28379400 0.02050800 0.02252900
8 0.39648400 0.28234000 0.01953100 0.02252900
11 0.42285200 0.28088700 0.01953100 0.02252900
8 0.45068400 0.27907000 0.02050800 0.02325600
3 0.17138700 0.32630800 0.01855500 0.02180200
0 0.19433600 0.32521800 0.01953100 0.02252900
19 0.24414100 0.32303800 0.01953100 0.02252900
18 0.31982400 0.31831400 0.02050800 0.02325600
14 0.34472700 0.31758700 0.02148400 0.02325600
12 0.39746100 0.31540700 0.02148400 0.02325600
13 0.42236300 0.31395300 0.02050800 0.02325600
14 0.44970700 0.31250000 0.02050800 0.02325600
22 0.12451200 0.36010200 0.01855500 0.02252900
4 0.14697300 0.35901200 0.01855500 0.02180200
18 0.17138700 0.35792200 0.01855500 0.02252900
4 0.19482400 0.35683100 0.01855500 0.02180200
11 0.21972700 0.35646800 0.01953100 0.02252900
14 0.24414100 0.35501500 0.01953100 0.02252900
22 0.29492200 0.35210800 0.01953100 0.02252900
4 0.31982400 0.35101700 0.02050800 0.02325600
17 0.34570300 0.35029100 0.01953100 0.02325600
13 0.37109400 0.34920100 0.01953100 0.02252900
20 0.39794900 0.34811000 0.02050800 0.02325600
11 0.42431600 0.34702000 0.02050800 0.02252900
8 0.45068400 0.34665700 0.02050800 0.02325600
18 0.47802700 0.34520300 0.02050800 0.02325600
10 0.12304700 0.39207800 0.01953100 0.02252900
22 0.16992200 0.39026200 0.01953100 0.02180200
4 0.19433600 0.38917200 0.01953100 0.02252900
16 0.21972700 0.38808100 0.01953100 0.02180200
4 0.24414100 0.38699100 0.01953100 0.02252900
17 0.26953100 0.38626500 0.01953100 0.02252900
20 0.29492200 0.38553800 0.01953100 0.02252900
3 0.34570300 0.38408400 0.01953100 0.02252900
14 0.37158200 0.38226700 0.02050800 0.02325600
12 0.39794900 0.38154100 0.02050800 0.02325600
14 0.42431600 0.38081400 0.02050800 0.02325600
22 0.17041000 0.42187500 0.01855500 0.02252900
4 0.19482400 0.42114800 0.01855500 0.02252900
18 0.21875000 0.42005800 0.01953100 0.02325600
4 0.24316400 0.41933100 0.01953100 0.02325600
11 0.26855500 0.41860500 0.01953100 0.02325600
14 0.29394500 0.41787800 0.01953100 0.02325600
17 0.34570300 0.41642400 0.01953100 0.02325600
0 0.37158200 0.41569800 0.02050800 0.02325600
18 0.39794900 0.41497100 0.02050800 0.02325600
18 0.42431600 0.41424400 0.02050800 0.02325600
19 0.45166000 0.41315400 0.02050800 0.02398300
0 0.47851600 0.41279100 0.02148400 0.02325600
11 0.50585900 0.41206400 0.02148400 0.02325600
8 0.53320300 0.41133700 0.02148400 0.02325600
18 0.56054700 0.41061000 0.02148400 0.02325600
16 0.16943400 0.45385200 0.01855500 0.02252900
19 0.19335900 0.45312500 0.01953100 0.02252900
14 0.21777300 0.45239800 0.01953100 0.02252900
13 0.26855500 0.45130800 0.01953100 0.02325600
0 0.29443400 0.45058100 0.02050800 0.02325600
12 0.31982400 0.45021800 0.02050800 0.02252900
20 0.37207000 0.44876500 0.01953100 0.02252900
13 0.39794900 0.44840100 0.02050800 0.02325600
22 0.45214800 0.44694800 0.01953100 0.02325600
0 0.47949200 0.44585800 0.02148400 0.02398300
19 0.50634800 0.44549400 0.02050800 0.02325600
22 0.16894500 0.48546500 0.01953100 0.02325600
4 0.19335900 0.48546500 0.01953100 0.02325600
18 0.21875000 0.48473800 0.01953100 0.02325600
4 0.24414100 0.48437500 0.01953100 0.02252900
11 0.26855500 0.48473800 0.01953100 0.02325600
14 0.29443400 0.48401200 0.02050800 0.02325600
3 0.34668000 0.48255800 0.01953100 0.02325600
17 0.37304700 0.48183100 0.01953100 0.02325600
20 0.39892600 0.48146800 0.02050800 0.02252900
6 0.42529300 0.48074100 0.02050800 0.02252900
18 0.47998000 0.48037800 0.02050800 0.02325600
3 0.53466800 0.47965100 0.02050800 0.02325600
17 0.56298800 0.47892400 0.02050800 0.02325600
20 0.59082000 0.47819800 0.02148400 0.02325600
6 0.61816400 0.47819800 0.02148400 0.02325600
14 0.64550800 0.47747100 0.02148400 0.02325600
12 0.67480500 0.47747100 0.02148400 0.02325600
22 0.16894500 0.51853200 0.01953100 0.02252900
18 0.19335900 0.51780500 0.01953100 0.02252900
19 0.21777300 0.51780500 0.01953100 0.02252900
17 0.24316400 0.51744200 0.01953100 0.02325600
4 0.26855500 0.51707800 0.01953100 0.02252900
19 0.29443400 0.51671500 0.02050800 0.02325600
8 0.32031200 0.51671500 0.02148400 0.02325600
12 0.34619100 0.51598800 0.02050800 0.02325600
18 0.37255900 0.51598800 0.02050800 0.02325600
14 0.45312500 0.51453500 0.02148400 0.02325600
15 0.47998000 0.51417200 0.02050800 0.02398300
19 0.53515600 0.51344500 0.02148400 0.02398300
10 0.34570300 0.58321200 0.02148400 0.02398300
14 0.37207000 0.58321200 0.02148400 0.02398300
19 0.39843800 0.58321200 0.02148400 0.02398300
8 0.45361300 0.58321200 0.02050800 0.02398300
11 0.50878900 0.58248500 0.02148400 0.02398300
14 0.53613300 0.58248500 0.02148400 0.02398300
3 0.56396500 0.58248500 0.02246100 0.02398300
17 0.62109400 0.58175900 0.02148400 0.02398300
8 0.64892600 0.58175900 0.02246100 0.02398300
18 0.12011700 0.61627900 0.01953100 0.02325600
14 0.14404300 0.61627900 0.02050800 0.02325600
1 0.16796900 0.61627900 0.01953100 0.02325600
8 0.19238300 0.61700600 0.01953100 0.02325600
17 0.21777300 0.61700600 0.01953100 0.02325600
0 0.24316400 0.61773300 0.01953100 0.02325600
11 0.26806600 0.61773300 0.02050800 0.02325600
8 0.29345700 0.61809600 0.02050800 0.02398300
18 0.31982400 0.61773300 0.02050800 0.02325600
11 0.39990200 0.61736900 0.02050800 0.02398300
14 0.42627000 0.61809600 0.02050800 0.02398300
3 0.45361300 0.61736900 0.02050800 0.02398300
17 0.50878900 0.61773300 0.02148400 0.02470900
8 0.53613300 0.61773300 0.02148400 0.02470900
13 0.12011700 0.64898300 0.01953100 0.02325600
0 0.14355500 0.64934600 0.01953100 0.02398300
20 0.19238300 0.65007300 0.01953100 0.02398300
17 0.21777300 0.65043600 0.01953100 0.02325600
14 0.24316400 0.65079900 0.01953100 0.02398300
10 0.26806600 0.65116300 0.02050800 0.02325600
0 0.11914100 0.68204900 0.01953100 0.02398300
15 0.16796900 0.68350300 0.01953100 0.02398300
14 0.19238300 0.68423000 0.01953100 0.02398300
15 0.21679700 0.68495600 0.01953100 0.02398300
0 0.24218800 0.68568300 0.01953100 0.02398300
11 0.26806600 0.68568300 0.02050800 0.02398300
8 0.29345700 0.68568300 0.02050800 0.02398300
11 0.34619100 0.68641000 0.02050800 0.02398300
14 0.37304700 0.68641000 0.02148400 0.02398300
3 0.40039100 0.68713700 0.02148400 0.02398300
17 0.45410200 0.68786300 0.02148400 0.02398300
8 0.48144500 0.68786300 0.02148400 0.02398300
13 0.11914100 0.71439000 0.01953100 0.02325600
0 0.14257800 0.71584300 0.01953100 0.02325600
10 0.19238300 0.71729700 0.01953100 0.02325600
0 0.21679700 0.71802300 0.01953100 0.02325600
19 0.24218800 0.71911300 0.01953100 0.02398300
14 0.26757800 0.71984000 0.01953100 0.02398300
10 0.29394500 0.72056700 0.01953100 0.02398300
19 0.16699200 0.75036300 0.01953100 0.02398300
14 0.19140600 0.75109000 0.01953100 0.02398300
11 0.21630900 0.75181700 0.02050800 0.02398300
18 0.24218800 0.75254400 0.01953100 0.02398300
19 0.26757800 0.75363400 0.01953100 0.02325600
17 0.37402300 0.75690400 0.02148400 0.02398300
0 0.40039100 0.75726700 0.02148400 0.02470900
13 0.42773400 0.75799400 0.02148400 0.02470900
4 0.45507800 0.75799400 0.02148400 0.02470900
2 0.48242200 0.75872100 0.02148400 0.02470900
18 0.53955100 0.75944800 0.02246100 0.02470900
10 0.59716800 0.75944800 0.02246100 0.02470900
13 0.62548800 0.75944800 0.02246100 0.02470900
8 0.65380900 0.76053800 0.02246100 0.02543600
9 0.68310500 0.75981100 0.02246100 0.02543600
10 0.71142600 0.75835800 0.02246100 0.02543600
0 0.73925800 0.75763100 0.02343800 0.02543600
12 0.76611300 0.75690400 0.02246100 0.02543600
8 0.79248000 0.75545100 0.02246100 0.02543600
13 0.16650400 0.78379400 0.02050800 0.02398300
0 0.19043000 0.78488400 0.01953100 0.02470900
18 0.24267600 0.78670100 0.02050800 0.02398300
15 0.26757800 0.78779100 0.01953100 0.02470900
8 0.29345700 0.78888100 0.02050800 0.02398300
13 0.32031200 0.78960800 0.01953100 0.02398300
4 0.34716800 0.79033400 0.02050800 0.02398300
0 0.16552700 0.81722400 0.02050800 0.02398300
10 0.21630900 0.81976700 0.02050800 0.02470900
14 0.24218800 0.82085800 0.02148400 0.02398300
13 0.26855500 0.82267400 0.02148400 0.02470900
10 0.32031200 0.82485500 0.02148400 0.02470900
8 0.34570300 0.82558100 0.02148400 0.02470900
15 0.40136700 0.82776200 0.02148400 0.02470900
14 0.42822300 0.82885200 0.02246100 0.02543600
3 0.45556600 0.82957800 0.02246100 0.02543600
12 0.51269500 0.83103200 0.02148400 0.02543600
10 0.59863300 0.83212200 0.02343800 0.02470900
0 0.62744100 0.83175900 0.02246100 0.02543600
12 0.65625000 0.83175900 0.02343800 0.02543600
8 0.68457000 0.83175900 0.02343800 0.02543600
13 0.16650400 0.85065400 0.02050800 0.02398300
0 0.18994100 0.85210800 0.02050800 0.02398300
17 0.24218800 0.85574100 0.02148400 0.02398300
4 0.26709000 0.85719500 0.02050800 0.02398300
12 0.29345700 0.85864800 0.02050800 0.02398300
13 0.31933600 0.85901200 0.02148400 0.02470900
4 0.34668000 0.86046500 0.02148400 0.02470900
13 0.32031200 0.12936000 0.01953100 0.02180200
