10 0.07187500 0.54531250 0.05625000 0.07812500
4 0.13750000 0.54531250 0.05312500 0.08125000
13 0.20625000 0.54375000 0.05625000 0.07656250
13 0.27343750 0.54218750 0.05937500 0.07812500
4 0.34375000 0.54218750 0.05156250 0.07812500
19 0.41093750 0.54218750 0.05312500 0.07812500
7 0.47656250 0.54375000 0.05468750 0.07812500
16 0.58125000 0.54218750 0.05625000 0.07812500
20 0.64843750 0.54218750 0.05625000 0.07968750
8 0.71562500 0.54062500 0.05625000 0.08281250
12 0.78437500 0.54218750 0.05312500 0.07812500
15 0.85156250 0.54375000 0.05625000 0.08125000
14 0.91875000 0.53906250 0.04843750 0.07343750
5 0.36093750 0.66718750 0.05000000 0.07812500
0 0.42812500 0.66718750 0.05312500 0.07812500
9 0.49531250 0.66718750 0.05781250 0.07968750
4 0.56406250 0.66718750 0.05000000 0.08125000
11 0.63437500 0.66875000 0.05937500 0.08281250
