25 0.05937500 0.18281250 0.10000000 0.18437500
17 0.39843750 0.11562500 0.09531250 0.17968750
22 0.08437500 0.70468750 0.11718750 0.22812500
18 0.21093750 0.66875000 0.11406250 0.22031250
13 0.37031250 0.89531250 0.10312500 0.20781250
18 0.46562500 0.57031250 0.09531250 0.18750000
0 0.49687500 0.09062500 0.08125000 0.15312500
4 0.49687500 0.85000000 0.10312500 0.19375000
8 0.59687500 0.09687500 0.07343750 0.15781250
7 0.56718750 0.55000000 0.09062500 0.18125000
3 0.67968750 0.09062500 0.08125000 0.16250000
