21 0.16093750 0.30000000 0.10312500 0.21093750
14 0.27500000 0.30625000 0.10937500 0.20156250
16 0.39375000 0.30625000 0.10781250 0.20625000
16 0.50937500 0.31562500 0.11250000 0.20781250
8 0.62343750 0.31718750 0.09531250 0.20156250
4 0.73281250 0.32500000 0.09843750 0.21562500
18 0.15312500 0.55625000 0.10468750 0.22500000
7 0.27031250 0.56406250 0.10312500 0.22500000
4 0.38750000 0.55468750 0.10468750 0.22031250
21 0.50937500 0.82031250 0.11250000 0.22968750
3 0.84531250 0.32968750 0.10468750 0.21093750
