14 0.09531250 0.38125000 0.11718750 0.22500000
19 0.22656250 0.36718750 0.10312500 0.21093750
17 0.35625000 0.35468750 0.09843750 0.21875000
4 0.47968750 0.34062500 0.10468750 0.21875000
0 0.11093750 0.67812500 0.10468750 0.20312500
2 0.24218750 0.63437500 0.10312500 0.20156250
10 0.38281250 0.64375000 0.12187500 0.19687500
17 0.53125000 0.88750000 0.10468750 0.21875000
18 0.65937500 0.86562500 0.10468750 0.22500000
18 0.63593750 0.59531250 0.10312500 0.20625000
21 0.09062500 0.11718750 0.10468750 0.18125000
