21 0.21562500 0.43593750 0.10000000 0.19687500
4 0.34062500 0.43125000 0.10468750 0.20156250
1 0.06718750 0.19531250 0.10000000 0.19687500
0 0.19687500 0.17500000 0.10468750 0.20625000
2 0.32187500 0.14062500 0.10312500 0.18125000
10 0.44375000 0.13906250 0.11250000 0.18906250
21 0.10000000 0.73906250 0.11718750 0.20312500
14 0.22343750 0.72187500 0.10937500 0.22500000
16 0.35625000 0.70000000 0.10781250 0.22500000
16 0.48750000 0.67968750 0.11250000 0.21562500
17 0.58437500 0.38125000 0.09531250 0.20312500
