5 0.15937500 0.21562500 0.08593750 0.17968750
11 0.25312500 0.19531250 0.08750000 0.17500000
19 0.35156250 0.17031250 0.09062500 0.17500000
17 0.45468750 0.15156250 0.09062500 0.17031250
18 0.09218750 0.45312500 0.08593750 0.17500000
7 0.18125000 0.44375000 0.08750000 0.18750000
4 0.28437500 0.41406250 0.08593750 0.18437500
18 0.03906250 0.68125000 0.07656250 0.17968750
7 0.11718750 0.67968750 0.08750000 0.19218750
16 0.20468750 0.65781250 0.09375000 0.16718750
4 0.22812500 0.87187500 0.09062500 0.16718750
11 0.33125000 0.85781250 0.09375000 0.16718750
7 0.55000000 0.13750000 0.09375000 0.17187500
12 0.43593750 0.82968750 0.09531250 0.19375000
4 0.30937500 0.62187500 0.08281250 0.16093750
11 0.47812500 0.36875000 0.08125000 0.15625000
4 0.41250000 0.59531250 0.08125000 0.17031250
14 0.54375000 0.80937500 0.10468750 0.17968750
14 0.57187500 0.35000000 0.08750000 0.16718750
18 0.72968750 0.09687500 0.07656250 0.16250000
14 0.66406250 0.33125000 0.08750000 0.16718750
3 0.59218750 0.54531250 0.09531250 0.17656250
18 0.73281250 0.74062500 0.08281250 0.19375000
