17 0.10312500 0.09687500 0.03125000 0.12187500
4 0.35781250 0.09375000 0.03437500 0.12187500
3 0.44531250 0.09687500 0.03437500 0.11796875
4 0.61718750 0.10078125 0.03281250 0.11093750
19 0.70468750 0.10078125 0.03281250 0.11484375
11 0.92031250 0.10078125 0.03593750 0.11796875
15 0.22812500 0.25000000 0.03593750 0.11796875
20 0.40156250 0.25703125 0.03281250 0.11484375
4 0.61562500 0.25703125 0.03281250 0.11093750
13 0.79218750 0.26015625 0.03437500 0.11796875
15 0.87812500 0.26015625 0.03281250 0.11796875
13 0.26875000 0.41640625 0.03593750 0.11796875
0 0.22656250 0.41640625 0.03593750 0.11796875
19 0.18125000 0.57968750 0.03281250 0.11796875
18 0.26875000 0.57968750 0.03437500 0.11484375
13 0.44375000 0.58359375 0.03593750 0.11093750
4 0.48750000 0.58359375 0.03437500 0.11484375
15 0.75000000 0.59062500 0.03437500 0.11796875
19 0.96718750 0.59062500 0.03281250 0.11484375
18 0.10000000 0.74296875 0.03281250 0.11796875
4 0.13750000 0.73984375 0.03125000 0.11796875
12 0.22187500 0.74296875 0.03437500 0.11484375
19 0.75000000 0.75312500 0.03593750 0.11484375
11 0.09687500 0.89921875 0.03437500 0.11484375
8 0.13593750 0.90312500 0.03125000 0.11093750
5 0.17812500 0.90312500 0.03281250 0.11093750
4 0.22187500 0.90625000 0.03281250 0.11484375
7 0.30781250 0.90937500 0.03750000 0.11796875
4 0.35312500 0.90937500 0.03437500 0.11796875
5 0.44062500 0.90937500 0.03437500 0.11796875
4 0.48437500 0.90937500 0.03437500 0.11796875
11 0.52812500 0.91328125 0.03593750 0.11796875
19 0.57343750 0.90937500 0.03437500 0.11796875
24 0.70625000 0.91640625 0.03750000 0.12187500
15 0.83906250 0.91640625 0.03281250 0.11796875
7 0.92500000 0.92031250 0.03281250 0.11484375
