21 0.20937500 0.38437500 0.10312500 0.20781250
14 0.32656250 0.37812500 0.11250000 0.19843750
16 0.44062500 0.35781250 0.10781250 0.20781250
16 0.55781250 0.35000000 0.11250000 0.20781250
8 0.66718750 0.34687500 0.09843750 0.20156250
4 0.77343750 0.34218750 0.09843750 0.21562500
18 0.22187500 0.65312500 0.10000000 0.22500000
7 0.34062500 0.65000000 0.10312500 0.22500000
4 0.45781250 0.62812500 0.11250000 0.22031250
21 0.32031250 0.12812500 0.10781250 0.18437500
17 0.64218750 0.11250000 0.10468750 0.17968750
