6 0.10468750 0.06597222 0.03437500 0.12847222
2 0.19062500 0.06250000 0.03593750 0.12500000
17 0.23125000 0.06597222 0.03437500 0.12847222
14 0.27343750 0.06250000 0.03437500 0.12152778
18 0.31562500 0.06597222 0.03593750 0.12847222
18 0.35781250 0.06250000 0.03593750 0.12152778
2 0.44062500 0.05902778 0.03437500 0.11805556
19 0.52812500 0.05902778 0.03281250 0.11805556
17 0.57187500 0.05902778 0.04062500 0.11458333
24 0.61562500 0.05902778 0.03750000 0.11805556
6 0.10000000 0.21527778 0.03437500 0.13888889
8 0.18750000 0.21875000 0.03281250 0.13541667
2 0.22812500 0.21527778 0.03281250 0.11458333
4 0.27343750 0.21527778 0.03437500 0.13541667
18 0.35625000 0.21527778 0.03281250 0.12500000
10 0.39687500 0.21180556 0.03593750 0.12847222
0 0.44062500 0.20833333 0.03437500 0.13194444
19 0.48281250 0.20833333 0.03750000 0.13541667
6 0.09375000 0.37152778 0.03906250 0.13888889
7 0.18125000 0.37847222 0.03593750 0.13888889
14 0.22343750 0.37152778 0.03593750 0.14236111
12 0.26562500 0.37152778 0.03281250 0.12847222
4 0.30937500 0.37847222 0.03750000 0.12847222
8 0.44062500 0.37152778 0.03125000 0.12847222
5 0.48281250 0.37152778 0.03125000 0.13194444
24 0.56875000 0.37152778 0.03906250 0.13194444
7 0.70312500 0.36111111 0.03750000 0.12847222
0 0.79375000 0.35763889 0.03750000 0.13541667
2 0.88750000 0.35416667 0.03593750 0.13194444
14 0.93281250 0.35416667 0.04062500 0.13541667
11 0.97968750 0.35763889 0.03906250 0.14583333
14 0.34843750 0.70138889 0.03593750 0.13194444
18 0.39531250 0.69791667 0.03593750 0.13194444
14 0.52812500 0.70138889 0.03750000 0.13541667
22 0.62031250 0.70138889 0.03906250 0.13541667
19 0.71093750 0.69791667 0.03750000 0.13541667
8 0.80468750 0.70486111 0.03593750 0.13194444
2 0.85156250 0.70486111 0.03593750 0.14236111
4 0.89687500 0.70138889 0.03750000 0.13888889
7 0.08593750 0.87500000 0.03437500 0.13194444
14 0.12812500 0.87847222 0.03593750 0.13541667
2 0.17343750 0.87847222 0.03281250 0.12500000
10 0.21718750 0.87847222 0.03750000 0.12847222
4 0.26250000 0.88194444 0.03593750 0.13888889
24 0.30625000 0.88194444 0.03906250 0.13541667
8 0.44375000 0.87847222 0.03593750 0.12847222
2 0.48593750 0.87847222 0.03593750 0.13541667
10 0.52968750 0.87847222 0.03750000 0.13888889
18 0.57500000 0.87847222 0.03750000 0.14236111
1 0.66718750 0.88541667 0.04062500 0.15277778
13 0.76406250 0.88541667 0.03750000 0.15972222
14 0.81093750 0.88541667 0.03906250 0.15277778
15 0.90468750 0.87500000 0.04062500 0.14236111
20 0.95625000 0.89236111 0.04375000 0.14930556
