3 0.05937500 0.86562500 0.09375000 0.18906250
6 0.03281250 0.63750000 0.06250000 0.16718750
14 0.10781250 0.37812500 0.09843750 0.17500000
5 0.21250000 0.35312500 0.09375000 0.17656250
4 0.12187500 0.61875000 0.10312500 0.16250000
18 0.23125000 0.60625000 0.09531250 0.17968750
18 0.42656250 0.32500000 0.08750000 0.16718750
4 0.36093750 0.82187500 0.08750000 0.16250000
11 0.47187500 0.78906250 0.09843750 0.18906250
11 0.45000000 0.54375000 0.08750000 0.14843750
7 0.52031250 0.32500000 0.08125000 0.17031250
14 0.54843750 0.52812500 0.09062500 0.15312500
14 0.67187500 0.72187500 0.09843750 0.17500000
12 0.57031250 0.75000000 0.08593750 0.17031250
0 0.61718750 0.30937500 0.08593750 0.17187500
18 0.70937500 0.29218750 0.07812500 0.17968750
17 0.64062500 0.51562500 0.08593750 0.16250000
