3 0.18281250 0.20156250 0.10937500 0.19218750
16 0.31562500 0.20000000 0.11250000 0.19687500
14 0.44687500 0.18437500 0.11875000 0.21562500
20 0.56406250 0.14843750 0.10312500 0.20156250
17 0.47187500 0.43750000 0.09531250 0.19843750
16 0.11250000 0.83281250 0.13437500 0.21875000
4 0.25312500 0.78906250 0.12500000 0.22812500
25 0.38906250 0.76093750 0.11406250 0.21875000
2 0.20937500 0.48281250 0.11718750 0.21250000
0 0.34531250 0.46093750 0.10781250 0.19687500
4 0.68125000 0.13281250 0.10937500 0.21093750
4 0.59375000 0.42031250 0.10468750 0.21875000
