0 0.19287100 0.09157000 0.01855500 0.02761600
5 0.22705100 0.08866300 0.02050800 0.03052300
5 0.29687500 0.08757300 0.01953100 0.03270300
4 0.33593800 0.08502900 0.01953100 0.03197700
22 0.37451200 0.08575600 0.02050800 0.03197700
17 0.41259800 0.08720900 0.02050800 0.03197700
0 0.44921900 0.08793600 0.01953100 0.03197700
11 0.48828100 0.08939000 0.01953100 0.03197700
3 0.19433600 0.14643900 0.01757800 0.02834300
14 0.22558600 0.14534900 0.01757800 0.02907000
12 0.26171900 0.14389500 0.01757800 0.02907000
0 0.29687500 0.14244200 0.01757800 0.02907000
13 0.37500000 0.14316900 0.01953100 0.03197700
17 0.52832000 0.14571200 0.01953100 0.02979700
0 0.56298800 0.14752900 0.01855500 0.03052300
1 0.59912100 0.14934600 0.01855500 0.02979700
14 0.63623000 0.15116300 0.01855500 0.03052300
19 0.67578100 0.15370600 0.01953100 0.02979700
0 0.70996100 0.15479700 0.01953100 0.03052300
20 0.19287100 0.19840100 0.01855500 0.03052300
15 0.22558600 0.19803800 0.01757800 0.03125000
17 0.26123000 0.19767400 0.01855500 0.03052300
1 0.41113300 0.19912800 0.01953100 0.03197700
8 0.44970700 0.19949100 0.01855500 0.03125000
18 0.19287100 0.25218000 0.01855500 0.03052300
4 0.22705100 0.25218000 0.01855500 0.03052300
13 0.26025400 0.25218000 0.01855500 0.03052300
19 0.29931600 0.25145300 0.01855500 0.03052300
1 0.37207000 0.25218000 0.01757800 0.03052300
17 0.41015600 0.25399700 0.01953100 0.03125000
18 0.19287100 0.30414200 0.01855500 0.02979700
15 0.26123000 0.30523300 0.01855500 0.03052300
11 0.29834000 0.30595900 0.01855500 0.03052300
4 0.33593800 0.30632300 0.01757800 0.03125000
19 0.37304700 0.30704900 0.01757800 0.03125000
14 0.44824200 0.30814000 0.01757800 0.03052300
18 0.48486300 0.30886600 0.01855500 0.03052300
4 0.52099600 0.30959300 0.01855500 0.03052300
13 0.55810500 0.31032000 0.01855500 0.03052300
13 0.59326200 0.31104700 0.01855500 0.03052300
8 0.62939500 0.31177300 0.01855500 0.03052300
13 0.73388700 0.31359000 0.01660200 0.02834300
20 0.76757800 0.31431700 0.01757800 0.02834300
3 0.80175800 0.31540700 0.01757800 0.02907000
13 0.83544900 0.31649700 0.01660200 0.02834300
3 0.16113300 0.35537800 0.01757800 0.02907000
14 0.19384800 0.35574100 0.01855500 0.02979700
9 0.22705100 0.35646800 0.01855500 0.02979700
3 0.26464800 0.35755800 0.01757800 0.03052300
3 0.44824200 0.36119200 0.01757800 0.03052300
14 0.48339800 0.36119200 0.01757800 0.03052300
11 0.59033200 0.36264500 0.01855500 0.03052300
8 0.62597700 0.36337200 0.01757800 0.02907000
18 0.66162100 0.36409900 0.01660200 0.02907000
19 0.69726600 0.36409900 0.01757800 0.02907000
8 0.79882800 0.36518900 0.01562500 0.02834300
10 0.83056600 0.36591600 0.01660200 0.02834300
0 0.89697300 0.36809600 0.01660200 0.02834300
22 0.16210900 0.40661300 0.01757800 0.02834300
12 0.26416000 0.40770300 0.01855500 0.02907000
14 0.30029300 0.40988400 0.01855500 0.02907000
10 0.33691400 0.41061000 0.01757800 0.02907000
11 0.37304700 0.41061000 0.01757800 0.02907000
8 0.41015600 0.41133700 0.01757800 0.02907000
10 0.47949200 0.41279100 0.01757800 0.02907000
20 0.51757800 0.41351700 0.01757800 0.02907000
18 0.55224600 0.41351700 0.01855500 0.02907000
19 0.58740200 0.41351700 0.01855500 0.02907000
8 0.69238300 0.41388100 0.01757800 0.02834300
3 0.76220700 0.41351700 0.01660200 0.02761600
4 0.79541000 0.41388100 0.01660200 0.02689000
17 0.16357400 0.45603200 0.01855500 0.02834300
4 0.19482400 0.45675900 0.01855500 0.02834300
22 0.23095700 0.45821200 0.01855500 0.02834300
11 0.44482400 0.46148300 0.01855500 0.02907000
4 0.47998000 0.46220900 0.01855500 0.02907000
18 0.51562500 0.46220900 0.01757800 0.02907000
15 0.58544900 0.46329900 0.01855500 0.02834300
17 0.62011700 0.46366300 0.01757800 0.02907000
8 0.65527300 0.46293600 0.01757800 0.02761600
19 0.68945300 0.46293600 0.01757800 0.02761600
8 0.72314500 0.46293600 0.01855500 0.02761600
7 0.75732400 0.46293600 0.01855500 0.02761600
8 0.19580100 0.50690400 0.01855500 0.02834300
22 0.26709000 0.50799400 0.01855500 0.02761600
3 0.30273400 0.50908400 0.01757800 0.02834300
17 0.33837900 0.50908400 0.01855500 0.02834300
20 0.37402300 0.50981100 0.01757800 0.02834300
6 0.40966800 0.50981100 0.01855500 0.02834300
11 0.47900400 0.51053800 0.01855500 0.02834300
4 0.51416000 0.51053800 0.01855500 0.02834300
18 0.54785200 0.51090100 0.01757800 0.02761600
13 0.58300800 0.51090100 0.01757800 0.02761600
20 0.61718800 0.51090100 0.01757800 0.02761600
19 0.71826200 0.51053800 0.01660200 0.02689000
8 0.75293000 0.51053800 0.01757800 0.02689000
8 0.81933600 0.50981100 0.01757800 0.02689000
13 0.85009800 0.50981100 0.01660200 0.02689000
20 0.88134800 0.50944800 0.01660200 0.02616300
13 0.16308600 0.55414200 0.01757800 0.02834300
0 0.19677700 0.55632300 0.01855500 0.02834300
17 0.26660200 0.55668600 0.01757800 0.02761600
20 0.30175800 0.55704900 0.01757800 0.02834300
0 0.37255900 0.55741300 0.01855500 0.02761600
4 0.40918000 0.55814000 0.01757800 0.02761600
19 0.44433600 0.55814000 0.01757800 0.02761600
1 0.51171900 0.55777600 0.01757800 0.02689000
14 0.54687500 0.55777600 0.01757800 0.02689000
17 0.58105500 0.55777600 0.01757800 0.02689000
12 0.61523400 0.55777600 0.01757800 0.02689000
14 0.64892600 0.55777600 0.01660200 0.02689000
19 0.68164100 0.55814000 0.01757800 0.02761600
0 0.71484400 0.55814000 0.01757800 0.02761600
13 0.74804700 0.55668600 0.01757800 0.02616300
8 0.78173800 0.55632300 0.01660200 0.02689000
4 0.81445300 0.55632300 0.01757800 0.02689000
19 0.16357400 0.60101700 0.01855500 0.02761600
4 0.19677700 0.60210800 0.01855500 0.02689000
19 0.23193400 0.60319800 0.01855500 0.02761600
4 0.26611300 0.60392400 0.01855500 0.02761600
17 0.30224600 0.60392400 0.01855500 0.02761600
4 0.33837900 0.60392400 0.01855500 0.02761600
22 0.37353500 0.60428800 0.01855500 0.02689000
0 0.40771500 0.60428800 0.01855500 0.02689000
15 0.54589800 0.60428800 0.01757800 0.02689000
4 0.58007800 0.60428800 0.01757800 0.02689000
22 0.61328100 0.60392400 0.01757800 0.02616300
16 0.64648400 0.60428800 0.01757800 0.02689000
8 0.67968800 0.60428800 0.01757800 0.02689000
3 0.77832000 0.60247100 0.01757800 0.02616300
17 0.81005900 0.60174400 0.01660200 0.02616300
14 0.84130900 0.60138100 0.01660200 0.02543600
25 0.87304700 0.60101700 0.01757800 0.02616300
3 0.90380900 0.60029100 0.01660200 0.02616300
14 0.16455100 0.64898300 0.01855500 0.02761600
19 0.19824200 0.64898300 0.01953100 0.02761600
10 0.26611300 0.65007300 0.01855500 0.02689000
11 0.30224600 0.65007300 0.01855500 0.02689000
8 0.33740200 0.65007300 0.01855500 0.02689000
10 0.37158200 0.65007300 0.01855500 0.02689000
13 0.40673800 0.65007300 0.01855500 0.02689000
20 0.44043000 0.65007300 0.01757800 0.02689000
11 0.47460900 0.65007300 0.01757800 0.02689000
18 0.51074200 0.64970900 0.01757800 0.02616300
15 0.64502000 0.64898300 0.01660200 0.02616300
17 0.67724600 0.64861900 0.01660200 0.02543600
14 0.70996100 0.64825600 0.01757800 0.02616300
18 0.77441400 0.64752900 0.01757800 0.02616300
22 0.80664100 0.64643900 0.01562500 0.02543600
8 0.83740200 0.64571200 0.01660200 0.02543600
18 0.86865200 0.64498500 0.01660200 0.02543600
19 0.16650400 0.69404100 0.01855500 0.02616300
4 0.19970700 0.69404100 0.01855500 0.02616300
11 0.23388700 0.69476700 0.01855500 0.02616300
18 0.30322300 0.69549400 0.01855500 0.02616300
22 0.33789100 0.69585800 0.01757800 0.02543600
14 0.37304700 0.69549400 0.01757800 0.02616300
15 0.47460900 0.69513100 0.01757800 0.02543600
4 0.50878900 0.69476700 0.01757800 0.02616300
18 0.54199200 0.69440400 0.01757800 0.02543600
13 0.57617200 0.69440400 0.01757800 0.02543600
25 0.73877000 0.69149700 0.01660200 0.02543600
0 0.76953100 0.69040700 0.01562500 0.02470900
19 0.80175800 0.68968000 0.01562500 0.02470900
4 0.83300800 0.68895300 0.01562500 0.02470900
13 0.86425800 0.68822700 0.01562500 0.02470900
10 0.16699200 0.73764500 0.01953100 0.02616300
0 0.20068400 0.73909900 0.01855500 0.02616300
11 0.23486300 0.73982600 0.01855500 0.02616300
0 0.26855500 0.73946200 0.01953100 0.02543600
15 0.33837900 0.73946200 0.01855500 0.02543600
4 0.37255900 0.73909900 0.01855500 0.02616300
13 0.40625000 0.73909900 0.01953100 0.02616300
14 0.43994100 0.73946200 0.01855500 0.02543600
16 0.47363300 0.73982600 0.01757800 0.02616300
10 0.50585900 0.73982600 0.01757800 0.02616300
0 0.54052700 0.73982600 0.01660200 0.02616300
8 0.67187500 0.73655500 0.01757800 0.02543600
13 0.73535200 0.73473800 0.01757800 0.02616300
0 0.76709000 0.73364800 0.01660200 0.02543600
14 0.82861300 0.73183100 0.01660200 0.02470900
15 0.17041000 0.78161300 0.02050800 0.02543600
20 0.20361300 0.78161300 0.02050800 0.02543600
10 0.27050800 0.78197700 0.01953100 0.02470900
4 0.30468800 0.78234000 0.01953100 0.02543600
8 0.40527300 0.78234000 0.01757800 0.02543600
22 0.47265600 0.78234000 0.01757800 0.02543600
6 0.53906200 0.78234000 0.01757800 0.02543600
11 0.57177700 0.78197700 0.01660200 0.02470900
20 0.60449200 0.78125000 0.01757800 0.02470900
1 0.63720700 0.78052300 0.01660200 0.02470900
8 0.66943400 0.78016000 0.01660200 0.02398300
13 0.70068400 0.77870600 0.01660200 0.02398300
4 0.73242200 0.77761600 0.01757800 0.02470900
11 0.79638700 0.77543600 0.01660200 0.02470900
4 0.82568400 0.77434600 0.01660200 0.02398300
18 0.85742200 0.77289200 0.01757800 0.02398300
0 0.88427700 0.77289200 0.01660200 0.02398300
15 0.17187500 0.82412800 0.01953100 0.02470900
14 0.20605500 0.82376500 0.01953100 0.02398300
18 0.27294900 0.82340100 0.01855500 0.02470900
11 0.30615200 0.82376500 0.01855500 0.02398300
0 0.40527300 0.82412800 0.01757800 0.02470900
11 0.43847700 0.82412800 0.01757800 0.02470900
8 0.47168000 0.82449100 0.01757800 0.02398300
18 0.50488300 0.82376500 0.01757800 0.02398300
15 0.60253900 0.82267400 0.01757800 0.02470900
19 0.63476600 0.82158400 0.01757800 0.02398300
8 0.66699200 0.82085800 0.01757800 0.02398300
16 0.69726600 0.82013100 0.01757800 0.02398300
8 0.75976600 0.81831400 0.01757800 0.02470900
6 0.82177700 0.81649700 0.01660200 0.02398300
14 0.85205100 0.81468000 0.01660200 0.02325600
11 0.17382800 0.86482600 0.01953100 0.02470900
14 0.20800800 0.86446200 0.01953100 0.02398300
18 0.24072300 0.86409900 0.01855500 0.02470900
0 0.27343800 0.86373500 0.01953100 0.02398300
19 0.43798800 0.86373500 0.01855500 0.02398300
14 0.47070300 0.86373500 0.01757800 0.02398300
15 0.53515600 0.86409900 0.01757800 0.02325600
17 0.56738300 0.86337200 0.01757800 0.02325600
14 0.59960900 0.86337200 0.01757800 0.02325600
23 0.66357400 0.86155500 0.01660200 0.02398300
0 0.69384800 0.86082800 0.01660200 0.02398300
11 0.72460900 0.86010200 0.01757800 0.02398300
13 0.78759800 0.85792200 0.01660200 0.02398300
4 0.84863300 0.85610500 0.01562500 0.02325600
15 0.17675800 0.90334300 0.01953100 0.02325600
4 0.20898400 0.90261600 0.01953100 0.02325600
18 0.24121100 0.90189000 0.01953100 0.02325600
13 0.27490200 0.90225300 0.01855500 0.02252900
8 0.30664100 0.90152600 0.01757800 0.02252900
15 0.37353500 0.90189000 0.01855500 0.02180200
19 0.40527300 0.90189000 0.01757800 0.02180200
8 0.43750000 0.90225300 0.01757800 0.02252900
2 0.46972700 0.90225300 0.01757800 0.02252900
14 0.66162100 0.90152600 0.01660200 0.02252900
18 0.69189500 0.90079900 0.01660200 0.02252900
4 0.72314500 0.90007300 0.01660200 0.02252900
13 0.75439500 0.89861900 0.01660200 0.02252900
13 0.84521500 0.89643900 0.01660200 0.02252900
8 0.90478500 0.89353200 0.01660200 0.02252900
