15 0.20654300 0.06213700 0.02441400 0.02689000
0 0.23877000 0.06177300 0.02441400 0.02616300
15 0.26904300 0.06104700 0.02441400 0.02616300
0 0.30078100 0.06104700 0.02343800 0.02616300
18 0.36621100 0.06032000 0.02343800 0.02616300
3 0.42968800 0.06032000 0.02343800 0.02616300
4 0.46044900 0.06032000 0.02441400 0.02616300
17 0.49169900 0.06032000 0.02441400 0.02616300
4 0.52392600 0.06104700 0.02441400 0.02616300
22 0.55517600 0.06141000 0.02441400 0.02689000
0 0.58740200 0.06213700 0.02441400 0.02689000
18 0.64843800 0.06322700 0.02343800 0.02616300
14 0.67919900 0.06359000 0.02441400 0.02689000
17 0.71044900 0.06431700 0.02441400 0.02689000
22 0.74169900 0.06431700 0.02441400 0.02689000
19 0.80419900 0.06577000 0.02441400 0.02689000
12 0.20654300 0.13771800 0.02441400 0.02834300
0 0.23779300 0.13808100 0.02441400 0.02761600
4 0.30127000 0.13808100 0.02441400 0.02761600
6 0.39648400 0.13699100 0.02343800 0.02689000
0 0.42968800 0.13699100 0.02343800 0.02689000
12 0.45996100 0.13699100 0.02343800 0.02689000
0 0.49169900 0.13808100 0.02441400 0.02616300
8 0.55615200 0.13880800 0.02441400 0.02616300
25 0.20459000 0.21511600 0.02441400 0.02761600
8 0.23681600 0.21548000 0.02441400 0.02689000
13 0.26806600 0.21548000 0.02441400 0.02689000
10 0.29931600 0.21584300 0.02441400 0.02761600
4 0.33154300 0.21584300 0.02441400 0.02761600
1 0.42822300 0.21620600 0.02441400 0.02689000
14 0.45947300 0.21620600 0.02441400 0.02689000
19 0.49121100 0.21657000 0.02539100 0.02761600
8 0.52343800 0.21657000 0.02539100 0.02761600
13 0.55517600 0.21657000 0.02441400 0.02761600
10 0.58642600 0.21693300 0.02441400 0.02689000
8 0.61767600 0.21729700 0.02441400 0.02761600
13 0.20507800 0.29505800 0.02343800 0.02761600
8 0.23681600 0.29396800 0.02441400 0.02834300
13 0.26806600 0.29433100 0.02441400 0.02761600
10 0.29931600 0.29433100 0.02441400 0.02761600
4 0.33203100 0.29433100 0.02343800 0.02761600
16 0.42822300 0.29505800 0.02441400 0.02761600
20 0.45947300 0.29505800 0.02441400 0.02761600
11 0.49072300 0.29542200 0.02441400 0.02689000
10 0.52294900 0.29578500 0.02441400 0.02761600
8 0.55419900 0.29614800 0.02441400 0.02689000
0 0.20459000 0.37209300 0.02441400 0.02616300
3 0.26904300 0.37209300 0.02441400 0.02616300
11 0.29931600 0.37173000 0.02441400 0.02689000
12 0.39648400 0.37318300 0.02343800 0.02689000
20 0.42773400 0.37318300 0.02343800 0.02689000
17 0.45898400 0.37354700 0.02539100 0.02761600
14 0.49072300 0.37354700 0.02441400 0.02761600
16 0.52197300 0.37354700 0.02441400 0.02761600
10 0.55322300 0.37391000 0.02441400 0.02834300
8 0.58544900 0.37391000 0.02441400 0.02834300
19 0.64599600 0.37427300 0.02441400 0.02761600
0 0.67773400 0.37391000 0.02539100 0.02834300
10 0.70849600 0.37427300 0.02441400 0.02761600
8 0.74072300 0.37500000 0.02441400 0.02761600
4 0.77246100 0.37354700 0.02539100 0.02761600
10 0.20459000 0.45058100 0.02441400 0.02761600
17 0.23584000 0.45058100 0.02441400 0.02761600
14 0.26757800 0.45058100 0.02539100 0.02761600
7 0.30029300 0.45058100 0.02441400 0.02761600
14 0.33203100 0.45058100 0.02539100 0.02761600
19 0.36377000 0.45058100 0.02441400 0.02761600
13 0.39502000 0.45094500 0.02441400 0.02689000
4 0.45898400 0.45094500 0.02343800 0.02689000
6 0.52050800 0.45167200 0.02343800 0.02689000
14 0.55224600 0.45167200 0.02441400 0.02689000
11 0.58349600 0.45167200 0.02441400 0.02689000
20 0.61425800 0.45167200 0.02343800 0.02689000
1 0.64550800 0.45167200 0.02343800 0.02689000
4 0.70849600 0.45203500 0.02441400 0.02761600
22 0.20459000 0.52870600 0.02441400 0.02689000
25 0.26757800 0.52870600 0.02343800 0.02689000
0 0.29882800 0.52870600 0.02343800 0.02689000
13 0.33007800 0.52870600 0.02343800 0.02689000
4 0.39550800 0.52798000 0.02343800 0.02689000
1 0.45849600 0.52870600 0.02441400 0.02689000
0 0.48974600 0.52870600 0.02441400 0.02689000
12 0.55224600 0.52907000 0.02441400 0.02761600
0 0.58349600 0.52907000 0.02441400 0.02761600
16 0.61328100 0.52907000 0.02539100 0.02761600
10 0.64502000 0.52943300 0.02441400 0.02689000
8 0.67724600 0.52943300 0.02441400 0.02689000
8 0.20361300 0.60719500 0.02636700 0.02834300
18 0.26757800 0.60683100 0.02539100 0.02761600
15 0.33007800 0.60646800 0.02539100 0.02834300
14 0.36132800 0.60646800 0.02539100 0.02834300
12 0.39453100 0.60610500 0.02539100 0.02761600
15 0.42627000 0.60610500 0.02441400 0.02761600
14 0.45752000 0.60610500 0.02441400 0.02761600
13 0.48925800 0.60610500 0.02539100 0.02761600
16 0.52002000 0.60610500 0.02441400 0.02761600
8 0.55175800 0.60610500 0.02539100 0.02761600
10 0.58349600 0.60610500 0.02441400 0.02761600
0 0.61425800 0.60610500 0.02539100 0.02761600
12 0.64502000 0.60719500 0.02441400 0.02689000
8 0.67627000 0.60683100 0.02441400 0.02761600
22 0.20068400 0.68677300 0.02441400 0.02761600
14 0.23291000 0.68677300 0.02441400 0.02761600
19 0.26513700 0.68604700 0.02441400 0.02761600
10 0.33007800 0.68532000 0.02539100 0.02761600
0 0.36181600 0.68532000 0.02441400 0.02761600
10 0.39404300 0.68532000 0.02441400 0.02761600
14 0.42627000 0.68532000 0.02441400 0.02761600
4 0.45800800 0.68532000 0.02343800 0.02761600
3 0.52099600 0.68459300 0.02441400 0.02761600
4 0.55224600 0.68495600 0.02441400 0.02834300
17 0.58252000 0.68495600 0.02441400 0.02834300
4 0.61474600 0.68495600 0.02441400 0.02834300
22 0.64502000 0.68495600 0.02441400 0.02834300
14 0.67627000 0.68495600 0.02441400 0.02834300
16 0.20019500 0.76489800 0.02539100 0.02834300
20 0.23242200 0.76489800 0.02539100 0.02834300
3 0.26464800 0.76489800 0.02539100 0.02834300
4 0.29589800 0.76489800 0.02539100 0.02834300
18 0.32812500 0.76489800 0.02539100 0.02834300
13 0.36035200 0.76417200 0.02539100 0.02834300
14 0.39257800 0.76417200 0.02539100 0.02834300
4 0.42578100 0.76417200 0.02539100 0.02834300
3 0.48925800 0.76489800 0.02539100 0.02834300
4 0.52002000 0.76380800 0.02441400 0.02761600
17 0.55127000 0.76417200 0.02441400 0.02834300
4 0.58349600 0.76417200 0.02441400 0.02834300
22 0.61425800 0.76417200 0.02343800 0.02834300
14 0.64502000 0.76453500 0.02441400 0.02761600
22 0.29589800 0.84411300 0.02539100 0.02689000
17 0.39257800 0.84411300 0.02539100 0.02689000
4 0.42431600 0.84411300 0.02441400 0.02689000
1 0.45556600 0.84447700 0.02441400 0.02761600
19 0.51855500 0.84338700 0.02539100 0.02689000
10 0.55029300 0.84338700 0.02441400 0.02689000
8 0.58252000 0.84302300 0.02441400 0.02761600
6 0.19970700 0.92441900 0.02441400 0.02761600
14 0.23095700 0.92405500 0.02441400 0.02834300
11 0.26269500 0.92369200 0.02539100 0.02761600
4 0.32763700 0.92332800 0.02441400 0.02834300
15 0.39209000 0.92332800 0.02441400 0.02834300
19 0.45507800 0.92332800 0.02539100 0.02834300
10 0.48632800 0.92260200 0.02539100 0.02834300
8 0.51904300 0.92260200 0.02441400 0.02834300
