8 0.18066400 0.17513000 0.02343800 0.02343800
8 0.20996100 0.17513000 0.02343800 0.02343800
6 0.88720700 0.18815100 0.02246100 0.02083300
8 0.91210900 0.18815100 0.02148400 0.02083300
5 0.23974600 0.20768200 0.02246100 0.02213500
20 0.32763700 0.20768200 0.02246100 0.02213500
0 0.38671900 0.20931000 0.02343800 0.02278600
11 0.41650400 0.20996100 0.02246100 0.02278600
8 0.50244100 0.21093800 0.02246100 0.02213500
13 0.53076200 0.21158900 0.02246100 0.02213500
14 0.56005900 0.21224000 0.02246100 0.02213500
18 0.64355500 0.21354200 0.02148400 0.02213500
14 0.67089800 0.21419300 0.02148400 0.02213500
1 0.69873000 0.21484400 0.02246100 0.02213500
0 0.72607400 0.21549500 0.02246100 0.02213500
10 0.75341800 0.21614600 0.02246100 0.02213500
8 0.78076200 0.21647100 0.02246100 0.02148400
17 0.12158200 0.27213500 0.02246100 0.02213500
14 0.15136700 0.27213500 0.02343800 0.02213500
3 0.18066400 0.27213500 0.02343800 0.02213500
8 0.20996100 0.27213500 0.02343800 0.02213500
11 0.24023400 0.27213500 0.02343800 0.02213500
8 0.26953100 0.27213500 0.02343800 0.02213500
18 0.29931600 0.27213500 0.02246100 0.02213500
6 0.41601600 0.27376300 0.02148400 0.02278600
23 0.47412100 0.27474000 0.02246100 0.02213500
4 0.50244100 0.27474000 0.02246100 0.02213500
13 0.53076200 0.27539100 0.02246100 0.02213500
10 0.55908200 0.27539100 0.02246100 0.02213500
14 0.58740200 0.27604200 0.02246100 0.02213500
22 0.61523400 0.27669300 0.02148400 0.02213500
3 0.12207000 0.33593800 0.02343800 0.02213500
11 0.15234400 0.33593800 0.02343800 0.02213500
4 0.27002000 0.33593800 0.02246100 0.02343800
23 0.32959000 0.33626300 0.02246100 0.02278600
4 0.35839800 0.33691400 0.02343800 0.02278600
13 0.38769500 0.33691400 0.02343800 0.02278600
10 0.41601600 0.33724000 0.02343800 0.02343800
14 0.44433600 0.33724000 0.02148400 0.02213500
22 0.47314500 0.33789100 0.02246100 0.02213500
14 0.53027300 0.33854200 0.02148400 0.02213500
13 0.55810500 0.33854200 0.02246100 0.02213500
20 0.61474600 0.33919300 0.02246100 0.02213500
9 0.64209000 0.33951800 0.02246100 0.02148400
4 0.66992200 0.33984400 0.02148400 0.02213500
13 0.72460900 0.34016900 0.02148400 0.02148400
0 0.75195300 0.34049500 0.02148400 0.02213500
11 0.83398400 0.34082000 0.02148400 0.02148400
7 0.12255900 0.40136700 0.02246100 0.02278600
14 0.15234400 0.40136700 0.02343800 0.02278600
17 0.18164100 0.40136700 0.02343800 0.02278600
14 0.21142600 0.40136700 0.02246100 0.02278600
8 0.27002000 0.40136700 0.02246100 0.02278600
7 0.29980500 0.40136700 0.02343800 0.02278600
7 0.35839800 0.40136700 0.02343800 0.02278600
14 0.38720700 0.40136700 0.02246100 0.02278600
25 0.41552700 0.40136700 0.02246100 0.02278600
4 0.47363300 0.40169300 0.02148400 0.02213500
22 0.50195300 0.40169300 0.02148400 0.02213500
18 0.58593800 0.40201800 0.02148400 0.02148400
10 0.61425800 0.40234400 0.02148400 0.02213500
14 0.64160200 0.40234400 0.02148400 0.02213500
11 0.66992200 0.40234400 0.02148400 0.02213500
10 0.72460900 0.40266900 0.02148400 0.02148400
14 0.75195300 0.40266900 0.02148400 0.02148400
4 0.80664100 0.40299500 0.02148400 0.02213500
23 0.83300800 0.40299500 0.02148400 0.02213500
23 0.12304700 0.46582000 0.02343800 0.02278600
4 0.15234400 0.46582000 0.02343800 0.02278600
13 0.18261700 0.46582000 0.02343800 0.02278600
10 0.21191400 0.46582000 0.02343800 0.02278600
14 0.24169900 0.46549500 0.02441400 0.02343800
22 0.27099600 0.46549500 0.02246100 0.02213500
14 0.32910200 0.46549500 0.02148400 0.02213500
18 0.35888700 0.46549500 0.02246100 0.02213500
19 0.38769500 0.46516900 0.02148400 0.02148400
0 0.41748000 0.46516900 0.02246100 0.02148400
11 0.44531200 0.46516900 0.02148400 0.02148400
14 0.47412100 0.46484400 0.02246100 0.02213500
18 0.50244100 0.46484400 0.02246100 0.02213500
6 0.24267600 0.56184900 0.02246100 0.02213500
15 0.33105500 0.56119800 0.02343800 0.02213500
14 0.35986300 0.56054700 0.02246100 0.02213500
16 0.38867200 0.56054700 0.02343800 0.02213500
19 0.41699200 0.55989600 0.02343800 0.02213500
0 0.44580100 0.55924500 0.02246100 0.02213500
11 0.47509800 0.55924500 0.02246100 0.02213500
14 0.53076200 0.55924500 0.02246100 0.02213500
13 0.55908200 0.55924500 0.02246100 0.02213500
3 0.61572300 0.55891900 0.02246100 0.02148400
14 0.64355500 0.55794300 0.02148400 0.02213500
11 0.67089800 0.55761700 0.02148400 0.02148400
9 0.69921900 0.55696600 0.02148400 0.02148400
4 0.72656200 0.55696600 0.02148400 0.02148400
13 0.75390600 0.55631500 0.02148400 0.02148400
17 0.12402300 0.62727900 0.02343800 0.02148400
0 0.15429700 0.62695300 0.02343800 0.02213500
25 0.18505900 0.62662800 0.02246100 0.02148400
13 0.21435500 0.62662800 0.02246100 0.02148400
4 0.24267600 0.62597700 0.02246100 0.02148400
18 0.27294900 0.62597700 0.02246100 0.02148400
19 0.30224600 0.62532600 0.02246100 0.02148400
8 0.33154300 0.62532600 0.02246100 0.02148400
15 0.38916000 0.62434900 0.02246100 0.02213500
14 0.41845700 0.62369800 0.02246100 0.02213500
0 0.47509800 0.62304700 0.02246100 0.02213500
3 0.50341800 0.62207000 0.02246100 0.02148400
17 0.53222700 0.62207000 0.02148400 0.02148400
4 0.56054700 0.62141900 0.02148400 0.02148400
18 0.58886700 0.62141900 0.02148400 0.02148400
0 0.61621100 0.62076800 0.02148400 0.02148400
12 0.64453100 0.62044300 0.02148400 0.02213500
7 0.72753900 0.61914100 0.02148400 0.02213500
15 0.78222700 0.61816400 0.02148400 0.02148400
8 0.80859400 0.61783900 0.02148400 0.02213500
18 0.83593800 0.61718800 0.02148400 0.02213500
4 0.86279300 0.61686200 0.02050800 0.02148400
12 0.88964800 0.61653600 0.02148400 0.02213500
14 0.12548800 0.69140600 0.02246100 0.02213500
13 0.15478500 0.69140600 0.02246100 0.02213500
20 0.21533200 0.69010400 0.02246100 0.02213500
9 0.24462900 0.68977900 0.02246100 0.02278600
4 0.27343800 0.68945300 0.02343800 0.02213500
17 0.33203100 0.68815100 0.02343800 0.02213500
0 0.36084000 0.68815100 0.02246100 0.02213500
25 0.39013700 0.68750000 0.02246100 0.02213500
13 0.41845700 0.68684900 0.02246100 0.02213500
18 0.47656200 0.68587200 0.02148400 0.02148400
5 0.56152300 0.68391900 0.02148400 0.02148400
15 0.61816400 0.68294300 0.02148400 0.02213500
8 0.64550800 0.68261700 0.02148400 0.02148400
18 0.67334000 0.68196600 0.02246100 0.02148400
4 0.70117200 0.68131500 0.02148400 0.02148400
12 0.72900400 0.68099000 0.02246100 0.02083300
18 0.12597700 0.75683600 0.02343800 0.02278600
10 0.15625000 0.75618500 0.02343800 0.02278600
14 0.18603500 0.75553400 0.02246100 0.02278600
11 0.21679700 0.75488300 0.02343800 0.02278600
10 0.27490200 0.75358100 0.02246100 0.02278600
14 0.30419900 0.75325500 0.02246100 0.02213500
15 0.36279300 0.75162800 0.02246100 0.02278600
8 0.39160200 0.75097700 0.02343800 0.02278600
18 0.42041000 0.75032600 0.02246100 0.02278600
4 0.44873000 0.74934900 0.02246100 0.02213500
12 0.47705100 0.74869800 0.02246100 0.02213500
4 0.53418000 0.74739600 0.02148400 0.02213500
12 0.56250000 0.74674500 0.02148400 0.02213500
20 0.59130900 0.74609400 0.02246100 0.02213500
4 0.64697300 0.74479200 0.02246100 0.02213500
23 0.67480500 0.74446600 0.02148400 0.02148400
13 0.75683600 0.74251300 0.02148400 0.02148400
0 0.78418000 0.74186200 0.02148400 0.02148400
3 0.81152300 0.74121100 0.02148400 0.02148400
14 0.83886700 0.74056000 0.02148400 0.02148400
17 0.12744100 0.82096400 0.02246100 0.02213500
0 0.15673800 0.82063800 0.02246100 0.02278600
25 0.18750000 0.82031200 0.02343800 0.02213500
13 0.21679700 0.81966100 0.02343800 0.02213500
4 0.24658200 0.81901000 0.02246100 0.02213500
18 0.27636700 0.81803400 0.02343800 0.02278600
19 0.30566400 0.81705700 0.02343800 0.02213500
8 0.33447300 0.81673200 0.02246100 0.02278600
