1 0.46484400 0.06795100 0.02539100 0.02689000
5 0.49707000 0.06867700 0.02539100 0.02689000
8 0.56054700 0.06940400 0.02539100 0.02689000
11 0.62011700 0.07049400 0.02539100 0.02761600
3 0.37158200 0.10901200 0.02636700 0.02761600
14 0.40332000 0.10901200 0.02539100 0.02761600
12 0.43457000 0.10864800 0.02539100 0.02689000
0 0.46630900 0.10828500 0.02636700 0.02761600
13 0.52978500 0.10901200 0.02636700 0.02761600
8 0.56152300 0.10901200 0.02539100 0.02761600
8 0.59179700 0.10973800 0.02539100 0.02761600
9 0.65478500 0.11046500 0.02636700 0.02761600
8 0.68457000 0.11155500 0.02539100 0.02689000
22 0.71679700 0.11191900 0.02539100 0.02761600
14 0.74707000 0.11228200 0.02539100 0.02689000
19 0.77832000 0.11300900 0.02539100 0.02689000
13 0.80957000 0.11373500 0.02539100 0.02689000
4 0.86914100 0.11446200 0.02539100 0.02689000
11 0.27636700 0.15079900 0.02539100 0.02689000
14 0.30761700 0.15043600 0.02539100 0.02761600
0 0.40283200 0.14861900 0.02636700 0.02834300
3 0.44287100 0.14861900 0.02636700 0.02834300
22 0.53027300 0.14934600 0.02539100 0.02834300
14 0.56103500 0.14934600 0.02636700 0.02834300
25 0.59277300 0.14970900 0.02539100 0.02761600
8 0.62402300 0.15007300 0.02539100 0.02834300
19 0.65478500 0.15007300 0.02636700 0.02834300
19 0.71777300 0.15079900 0.02539100 0.02834300
9 0.77929700 0.15189000 0.02539100 0.02761600
4 0.81054700 0.15225300 0.02539100 0.02689000
18 0.84179700 0.15298000 0.02539100 0.02689000
19 0.87255900 0.15334300 0.02441400 0.02761600
8 0.90283200 0.15370600 0.02441400 0.02689000
10 0.24511700 0.19331400 0.02539100 0.02761600
14 0.27734400 0.19295100 0.02539100 0.02834300
14 0.30908200 0.19149700 0.02636700 0.02834300
17 0.34033200 0.19113400 0.02636700 0.02907000
14 0.37158200 0.19149700 0.02636700 0.02834300
0 0.40283200 0.19149700 0.02636700 0.02834300
3 0.46679700 0.19149700 0.02539100 0.02834300
0 0.49804700 0.19149700 0.02539100 0.02834300
19 0.56152300 0.19149700 0.02539100 0.02834300
12 0.62451200 0.19222400 0.02636700 0.02834300
14 0.65527300 0.19258700 0.02539100 0.02761600
11 0.68652300 0.19295100 0.02539100 0.02834300
14 0.71875000 0.19295100 0.02539100 0.02834300
10 0.75000000 0.19331400 0.02539100 0.02761600
14 0.78222700 0.19367700 0.02539100 0.02834300
22 0.27636700 0.23473800 0.02539100 0.02761600
4 0.30859400 0.23473800 0.02539100 0.02761600
13 0.33984400 0.23437500 0.02539100 0.02834300
18 0.46679700 0.23437500 0.02539100 0.02834300
22 0.49902300 0.23437500 0.02539100 0.02834300
8 0.56152300 0.23473800 0.02539100 0.02761600
13 0.59375000 0.23510200 0.02539100 0.02834300
3 0.72021500 0.23582800 0.02441400 0.02834300
0 0.75195300 0.23582800 0.02539100 0.02834300
19 0.81445300 0.23582800 0.02539100 0.02834300
12 0.87695300 0.23582800 0.02539100 0.02834300
18 0.21386700 0.27870600 0.02539100 0.02834300
14 0.24414100 0.27870600 0.02539100 0.02834300
8 0.30761700 0.27798000 0.02539100 0.02834300
23 0.37207000 0.27761600 0.02539100 0.02907000
4 0.40380900 0.27725300 0.02636700 0.02834300
19 0.43554700 0.27725300 0.02539100 0.02834300
8 0.46679700 0.27761600 0.02539100 0.02907000
13 0.49902300 0.27761600 0.02539100 0.02907000
20 0.53125000 0.27798000 0.02539100 0.02834300
14 0.24316400 0.32158400 0.02539100 0.02834300
22 0.27539100 0.32085800 0.02539100 0.02834300
2 0.30761700 0.32049400 0.02539100 0.02907000
3 0.40380900 0.32085800 0.02636700 0.02834300
14 0.43554700 0.32122100 0.02539100 0.02907000
19 0.49902300 0.32158400 0.02539100 0.02834300
4 0.59472700 0.32194800 0.02539100 0.02761600
17 0.62646500 0.32194800 0.02441400 0.02761600
18 0.65869100 0.32194800 0.02441400 0.02761600
19 0.68994100 0.32194800 0.02441400 0.02761600
8 0.78662100 0.32158400 0.02441400 0.02689000
12 0.21191400 0.36591600 0.02539100 0.02834300
18 0.27343800 0.36482600 0.02539100 0.02907000
14 0.30664100 0.36446200 0.02539100 0.02834300
18 0.24121100 0.40915700 0.02539100 0.02907000
0 0.27246100 0.40915700 0.02539100 0.02907000
1 0.30468800 0.40915700 0.02539100 0.02907000
0 0.33886700 0.40915700 0.02539100 0.02907000
10 0.37060500 0.40952000 0.02636700 0.02834300
0 0.40234400 0.40915700 0.02539100 0.02907000
18 0.46826200 0.40879400 0.02636700 0.02834300
19 0.53222700 0.40843000 0.02539100 0.02907000
14 0.56445300 0.40806700 0.02539100 0.02834300
17 0.59668000 0.40843000 0.02539100 0.02907000
9 0.62890600 0.40879400 0.02539100 0.02834300
8 0.66113300 0.40879400 0.02539100 0.02834300
19 0.69335900 0.40879400 0.02539100 0.02834300
3 0.75781200 0.40879400 0.02539100 0.02834300
14 0.78906200 0.40879400 0.02539100 0.02834300
12 0.82226600 0.40879400 0.02539100 0.02834300
10 0.23925800 0.45421500 0.02539100 0.02907000
14 0.27246100 0.45348800 0.02539100 0.02907000
10 0.33789100 0.45348800 0.02539100 0.02907000
0 0.37011700 0.45348800 0.02539100 0.02907000
11 0.43359400 0.45312500 0.02539100 0.02979700
14 0.46777300 0.45276200 0.02539100 0.02907000
22 0.50097700 0.45276200 0.02539100 0.02907000
8 0.53320300 0.45167200 0.02539100 0.02834300
19 0.56543000 0.45167200 0.02539100 0.02834300
12 0.62988300 0.45239800 0.02539100 0.02834300
4 0.72705100 0.45239800 0.02441400 0.02834300
13 0.20752000 0.49891000 0.02441400 0.02979700
3 0.33789100 0.49782000 0.02539100 0.02907000
0 0.23632800 0.54542200 0.02539100 0.02979700
0 0.26953100 0.54542200 0.02539100 0.02979700
0 0.40234400 0.54396800 0.02539100 0.02979700
9 0.43554700 0.54396800 0.02539100 0.02979700
0 0.56738300 0.54396800 0.02539100 0.02979700
1 0.23535200 0.59048000 0.02539100 0.02979700
4 0.30224600 0.59011600 0.02636700 0.03052300
3 0.43554700 0.58975300 0.02539100 0.02979700
1 0.56738300 0.58866300 0.02539100 0.02907000
8 0.60107400 0.58866300 0.02636700 0.02907000
0 0.23437500 0.63735500 0.02539100 0.03052300
9 0.26709000 0.63735500 0.02636700 0.03052300
1 0.36767600 0.63699100 0.02636700 0.02979700
1 0.50244100 0.63590100 0.02636700 0.03052300
9 0.53564500 0.63590100 0.02636700 0.03052300
1 0.23291000 0.68495600 0.02636700 0.02979700
9 0.26709000 0.68423000 0.02636700 0.02979700
0 0.40185500 0.68350300 0.02636700 0.02979700
9 0.43554700 0.68350300 0.02539100 0.02979700
1 0.56933600 0.68314000 0.02539100 0.03052300
