18 0.11718750 0.52343750 0.09843750 0.19687500
4 0.14375000 0.81250000 0.10937500 0.21562500
18 0.09218750 0.25000000 0.10000000 0.20781250
7 0.21562500 0.22500000 0.11250000 0.21250000
3 0.27500000 0.77343750 0.10312500 0.21875000
0 0.24218750 0.49218750 0.09843750 0.20781250
16 0.37656250 0.47187500 0.10312500 0.21875000
18 0.50937500 0.42500000 0.09531250 0.21875000
4 0.34218750 0.18437500 0.10468750 0.19843750
16 0.47031250 0.15937500 0.10937500 0.19843750
18 0.53906250 0.70312500 0.10468750 0.22500000
4 0.62500000 0.39687500 0.09843750 0.19843750
