3 0.04218750 0.23593750 0.08281250 0.16093750
18 0.31093750 0.77187500 0.08593750 0.15000000
19 0.29687500 0.12343750 0.08750000 0.15312500
4 0.11562500 0.21093750 0.08125000 0.15625000
16 0.44375000 0.92656250 0.08125000 0.13593750
7 0.40625000 0.73750000 0.07812500 0.14843750
4 0.53437500 0.89375000 0.07812500 0.13437500
4 0.50312500 0.70000000 0.08593750 0.15000000
4 0.62187500 0.85625000 0.07343750 0.14062500
15 0.38750000 0.09687500 0.08281250 0.15312500
11 0.66875000 0.63906250 0.08281250 0.14375000
13 0.15312500 0.82500000 0.07812500 0.14843750
5 0.36562500 0.53593750 0.07812500 0.15312500
11 0.47500000 0.50468750 0.09375000 0.13593750
19 0.56718750 0.48281250 0.08750000 0.13437500
