2 0.04687500 0.06597222 0.03125000 0.10763889
11 0.08750000 0.06944444 0.03437500 0.11458333
14 0.12812500 0.06597222 0.03281250 0.11111111
18 0.17343750 0.06597222 0.03593750 0.11805556
14 0.30625000 0.06944444 0.03437500 0.11805556
21 0.35000000 0.06944444 0.03437500 0.12500000
0 0.48281250 0.07291667 0.03593750 0.11111111
11 0.52812500 0.07638889 0.03593750 0.11805556
11 0.57187500 0.07638889 0.03750000 0.11805556
13 0.30468750 0.23263889 0.03593750 0.11805556
13 0.78906250 0.24652778 0.03593750 0.11805556
17 0.95937500 0.25694444 0.03437500 0.11458333
1 0.26093750 0.39930556 0.03906250 0.12500000
13 0.83437500 0.40972222 0.03437500 0.12152778
11 0.04843750 0.55902778 0.04687500 0.11805556
0 0.12656250 0.55902778 0.04062500 0.11805556
18 0.21250000 0.56250000 0.04062500 0.12847222
22 0.25937500 0.56597222 0.03593750 0.11805556
14 0.30312500 0.56944444 0.03593750 0.12152778
17 0.34843750 0.56597222 0.03593750 0.11805556
3 0.48281250 0.56944444 0.03437500 0.12152778
17 0.52500000 0.57291667 0.03437500 0.12152778
21 0.61406250 0.57291667 0.03750000 0.12152778
14 0.79062500 0.57986111 0.03437500 0.12500000
12 0.83437500 0.57638889 0.03437500 0.12500000
5 0.04062500 0.72569444 0.03281250 0.11805556
0 0.08125000 0.72569444 0.03281250 0.11111111
3 0.12343750 0.72916667 0.03437500 0.12152778
14 0.43593750 0.73611111 0.03593750 0.12500000
1 0.57031250 0.73611111 0.03437500 0.11458333
17 0.65781250 0.73958333 0.03281250 0.12500000
24 0.79218750 0.74652778 0.03593750 0.12152778
18 0.87968750 0.74652778 0.03437500 0.11805556
23 0.07812500 0.89236111 0.03125000 0.11805556
20 0.20937500 0.90277778 0.03437500 0.12500000
0 0.34375000 0.89930556 0.03437500 0.11458333
15 0.47968750 0.90277778 0.03437500 0.12152778
8 0.52656250 0.90277778 0.03593750 0.12152778
11 0.70312500 0.90972222 0.03437500 0.11805556
11 0.79218750 0.90972222 0.03437500 0.11458333
8 0.96406250 0.90625000 0.03125000 0.11805556
