1 0.83300800 0.09629400 0.02148400 0.02398300
2 0.85986300 0.09629400 0.02246100 0.02398300
8 0.13330100 0.11446200 0.02246100 0.02398300
11 0.34814500 0.13372100 0.02246100 0.02470900
4 0.37744100 0.13299400 0.02246100 0.02470900
1 0.40673800 0.13226700 0.02246100 0.02470900
4 0.43457000 0.13226700 0.02148400 0.02470900
3 0.46435500 0.13226700 0.02246100 0.02470900
4 0.49267600 0.13190400 0.02246100 0.02398300
13 0.52099600 0.13154100 0.02246100 0.02470900
14 0.55029300 0.13154100 0.02246100 0.02470900
10 0.57812500 0.13154100 0.02343800 0.02616300
14 0.08007800 0.18350300 0.02148400 0.02398300
19 0.10644500 0.18168600 0.02148400 0.02325600
16 0.13183600 0.17986900 0.02148400 0.02398300
4 0.15820300 0.17805200 0.02148400 0.02325600
6 0.18408200 0.17623500 0.02050800 0.02398300
14 0.21093800 0.17441900 0.02148400 0.02325600
19 0.26464800 0.17078500 0.02148400 0.02325600
4 0.29248000 0.17078500 0.02246100 0.02470900
16 0.32080100 0.17005800 0.02246100 0.02470900
4 0.34960900 0.16933100 0.02148400 0.02470900
19 0.37793000 0.16860500 0.02148400 0.02470900
22 0.43554700 0.16787800 0.02148400 0.02470900
14 0.46386700 0.16787800 0.02148400 0.02470900
3 0.49316400 0.16787800 0.02148400 0.02470900
0 0.52050800 0.16715100 0.02148400 0.02470900
18 0.07959000 0.21584300 0.02050800 0.02325600
19 0.15771500 0.21148300 0.02050800 0.02325600
14 0.18457000 0.21002900 0.01953100 0.02325600
6 0.21093800 0.20857600 0.01953100 0.02325600
14 0.23779300 0.20712200 0.02050800 0.02325600
12 0.29394500 0.20530500 0.02148400 0.02543600
11 0.32226600 0.20494200 0.02148400 0.02470900
0 0.35009800 0.20421500 0.02246100 0.02470900
3 0.37890600 0.20385200 0.02148400 0.02543600
4 0.40771500 0.20385200 0.02246100 0.02543600
13 0.43652300 0.20385200 0.02148400 0.02543600
2 0.46484400 0.20348800 0.02148400 0.02470900
0 0.49365200 0.20348800 0.02246100 0.02470900
14 0.07861300 0.24963700 0.02050800 0.02398300
13 0.10498000 0.24818300 0.02050800 0.02398300
13 0.15722700 0.24527600 0.02148400 0.02398300
4 0.18359400 0.24454900 0.02148400 0.02398300
3 0.21093800 0.24345900 0.02148400 0.02470900
0 0.23828100 0.24200600 0.02148400 0.02470900
22 0.26562500 0.24127900 0.02148400 0.02470900
13 0.29443400 0.24127900 0.02246100 0.02470900
14 0.32226600 0.24055200 0.02148400 0.02470900
8 0.37988300 0.23982600 0.02148400 0.02470900
25 0.40820300 0.23946200 0.02148400 0.02543600
15 0.46630900 0.23982600 0.02246100 0.02470900
17 0.49462900 0.23946200 0.02246100 0.02543600
20 0.52294900 0.23946200 0.02246100 0.02543600
3 0.55127000 0.23946200 0.02246100 0.02543600
0 0.57959000 0.23946200 0.02246100 0.02543600
3 0.07910200 0.28306700 0.02148400 0.02398300
0 0.10498000 0.28197700 0.02050800 0.02325600
19 0.15722700 0.27979700 0.02148400 0.02325600
4 0.18359400 0.27870600 0.02148400 0.02398300
15 0.23828100 0.27616300 0.02148400 0.02325600
14 0.26660200 0.27689000 0.02148400 0.02470900
11 0.29492200 0.27616300 0.02148400 0.02470900
14 0.32373000 0.27543600 0.02246100 0.02470900
19 0.35205100 0.27543600 0.02246100 0.02470900
4 0.38037100 0.27543600 0.02246100 0.02470900
13 0.40966800 0.27543600 0.02246100 0.02470900
2 0.43750000 0.27543600 0.02148400 0.02470900
4 0.46630900 0.27543600 0.02246100 0.02470900
15 0.38281200 0.34593000 0.02148400 0.02470900
8 0.41064500 0.34629400 0.02246100 0.02543600
13 0.43896500 0.34629400 0.02246100 0.02543600
6 0.46826200 0.34629400 0.02246100 0.02543600
22 0.49609400 0.34629400 0.02148400 0.02543600
8 0.52441400 0.34629400 0.02148400 0.02543600
13 0.55127000 0.34629400 0.02246100 0.02398300
15 0.07714800 0.38517400 0.02148400 0.02470900
17 0.10351600 0.38481100 0.02148400 0.02398300
0 0.12988300 0.38408400 0.02148400 0.02398300
22 0.15722700 0.38372100 0.02148400 0.02470900
3 0.18457000 0.38335800 0.02148400 0.02398300
0 0.21337900 0.38299400 0.02246100 0.02470900
3 0.27002000 0.38226700 0.02246100 0.02470900
4 0.29882800 0.38226700 0.02148400 0.02470900
19 0.32763700 0.38226700 0.02246100 0.02470900
8 0.35546900 0.38226700 0.02148400 0.02470900
7 0.46875000 0.38190400 0.02148400 0.02543600
14 0.49658200 0.38154100 0.02050800 0.02470900
17 0.52441400 0.38154100 0.02148400 0.02470900
14 0.55273400 0.38081400 0.02148400 0.02470900
13 0.07666000 0.41933100 0.02050800 0.02470900
0 0.10400400 0.41896800 0.02050800 0.02398300
1 0.15820300 0.41860500 0.02148400 0.02470900
14 0.18603500 0.41824100 0.02050800 0.02398300
11 0.21435500 0.41824100 0.02050800 0.02398300
14 0.30029300 0.41751500 0.02050800 0.02398300
12 0.38574200 0.41715100 0.02148400 0.02470900
4 0.41406200 0.41715100 0.02148400 0.02470900
14 0.46972700 0.41678800 0.02148400 0.02398300
10 0.49658200 0.41606100 0.02050800 0.02398300
15 0.55322300 0.41606100 0.02050800 0.02398300
14 0.58056600 0.41533400 0.02050800 0.02398300
7 0.60839800 0.41533400 0.02148400 0.02398300
14 0.63525400 0.41497100 0.02050800 0.02325600
9 0.66259800 0.41460800 0.02050800 0.02398300
13 0.12988300 0.45348800 0.02148400 0.02470900
0 0.15820300 0.45312500 0.02148400 0.02398300
12 0.21582000 0.45312500 0.02148400 0.02398300
14 0.24414100 0.45239800 0.02148400 0.02398300
17 0.27343800 0.45239800 0.02148400 0.02398300
7 0.33007800 0.45167200 0.02148400 0.02398300
22 0.38623000 0.45094500 0.02050800 0.02398300
1 0.44287100 0.45094500 0.02050800 0.02398300
11 0.49755900 0.45058100 0.02050800 0.02325600
4 0.55322300 0.44985500 0.02050800 0.02325600
6 0.60839800 0.44985500 0.01953100 0.02325600
14 0.63525400 0.44912800 0.02050800 0.02325600
3 0.66259800 0.44912800 0.02050800 0.02325600
14 0.13183600 0.48800900 0.02148400 0.02398300
1 0.15966800 0.48837200 0.02246100 0.02470900
6 0.18798800 0.48764500 0.02246100 0.02470900
14 0.21777300 0.48728200 0.02148400 0.02398300
13 0.24609400 0.48691900 0.02148400 0.02470900
11 0.30322300 0.48619200 0.02246100 0.02470900
15 0.41552700 0.48510200 0.02050800 0.02398300
0 0.44287100 0.48473800 0.02050800 0.02325600
17 0.47021500 0.48473800 0.02050800 0.02325600
14 0.49755900 0.48401200 0.02050800 0.02325600
7 0.52587900 0.48401200 0.02050800 0.02325600
14 0.55322300 0.48401200 0.02050800 0.02325600
3 0.58056600 0.48328500 0.02050800 0.02325600
0 0.07617200 0.52361900 0.02148400 0.02398300
19 0.13281200 0.52289200 0.02148400 0.02398300
4 0.16210900 0.52289200 0.02148400 0.02398300
15 0.19043000 0.52289200 0.02148400 0.02398300
4 0.21875000 0.52216600 0.02148400 0.02398300
17 0.24755900 0.52180200 0.02246100 0.02325600
25 0.38867200 0.51998500 0.02148400 0.02398300
3 0.41601600 0.51962200 0.01953100 0.02325600
4 0.44384800 0.51889500 0.02050800 0.02325600
18 0.47119100 0.51889500 0.02050800 0.02325600
22 0.55371100 0.51744200 0.01953100 0.02325600
18 0.60791000 0.51671500 0.02050800 0.02325600
0 0.63525400 0.51671500 0.02050800 0.02325600
3 0.66259800 0.51598800 0.02050800 0.02325600
20 0.69091800 0.51598800 0.02050800 0.02325600
19 0.07812500 0.55777600 0.02148400 0.02398300
8 0.10644500 0.55777600 0.02148400 0.02398300
7 0.13574200 0.55704900 0.02148400 0.02398300
14 0.16406200 0.55704900 0.02148400 0.02398300
15 0.22070300 0.55632300 0.02148400 0.02398300
11 0.24902300 0.55559600 0.02148400 0.02398300
0 0.27685500 0.55523300 0.02246100 0.02325600
22 0.30468800 0.55486900 0.02148400 0.02398300
0 0.33300800 0.55450600 0.02148400 0.02325600
22 0.41699200 0.55305200 0.02148400 0.02325600
15 0.47168000 0.55232600 0.02148400 0.02325600
17 0.49951200 0.55159900 0.02050800 0.02325600
20 0.52685500 0.55159900 0.02050800 0.02325600
3 0.55419900 0.55087200 0.02050800 0.02325600
20 0.58154300 0.55087200 0.02050800 0.02325600
22 0.38964800 0.62173000 0.02148400 0.02398300
4 0.41796900 0.62173000 0.02148400 0.02398300
17 0.44531200 0.62100300 0.02148400 0.02398300
1 0.47265600 0.62027600 0.02148400 0.02398300
11 0.50097700 0.61991300 0.02148400 0.02470900
3 0.55566400 0.61882300 0.02148400 0.02398300
1 0.08056600 0.66170100 0.02246100 0.02398300
4 0.10839800 0.66097400 0.02148400 0.02398300
3 0.13623000 0.66097400 0.02246100 0.02398300
13 0.16455100 0.66061000 0.02246100 0.02470900
12 0.27783200 0.65843000 0.02246100 0.02470900
0 0.30615200 0.65770300 0.02246100 0.02470900
11 0.33398400 0.65734000 0.02148400 0.02398300
4 0.36230500 0.65697700 0.02148400 0.02470900
13 0.39013700 0.65661300 0.02050800 0.02398300
10 0.44628900 0.65516000 0.02148400 0.02398300
8 0.47363300 0.65443300 0.02148400 0.02398300
22 0.55712900 0.65298000 0.02050800 0.02398300
4 0.58398400 0.65298000 0.02148400 0.02398300
17 0.61181600 0.65225300 0.02050800 0.02398300
1 0.63916000 0.65152600 0.02050800 0.02398300
11 0.66650400 0.65152600 0.02050800 0.02398300
3 0.72168000 0.65007300 0.02148400 0.02398300
4 0.08105500 0.69622100 0.02148400 0.02470900
18 0.10839800 0.69585800 0.02148400 0.02398300
19 0.13769500 0.69549400 0.02148400 0.02470900
17 0.22168000 0.69440400 0.02148400 0.02398300
4 0.25000000 0.69367700 0.02148400 0.02398300
1 0.27832000 0.69295100 0.02148400 0.02398300
4 0.30664100 0.69295100 0.02148400 0.02398300
13 0.33447300 0.69222400 0.02050800 0.02398300
10 0.36279300 0.69113400 0.02050800 0.02325600
20 0.39111300 0.69077000 0.02050800 0.02398300
13 0.44726600 0.68968000 0.02148400 0.02325600
4 0.47460900 0.68895300 0.02148400 0.02325600
3 0.52978500 0.68786300 0.02050800 0.02398300
0 0.55761700 0.68750000 0.02148400 0.02325600
19 0.61230500 0.68677300 0.02148400 0.02325600
14 0.08105500 0.73110500 0.02148400 0.02470900
13 0.10937500 0.73037800 0.02148400 0.02470900
18 0.16601600 0.72965100 0.02148400 0.02470900
4 0.19433600 0.72965100 0.02148400 0.02470900
6 0.22168000 0.72892400 0.02148400 0.02470900
14 0.25048800 0.72856100 0.02050800 0.02398300
3 0.27880900 0.72819800 0.02050800 0.02470900
13 0.30712900 0.72747100 0.02050800 0.02470900
18 0.39160200 0.72565400 0.02148400 0.02398300
4 0.44775400 0.72420100 0.02050800 0.02398300
11 0.47509800 0.72347400 0.02050800 0.02398300
18 0.53027300 0.72238400 0.02148400 0.02470900
20 0.58544900 0.72129400 0.02050800 0.02398300
19 0.61328100 0.72129400 0.02148400 0.02398300
17 0.64062500 0.72056700 0.02148400 0.02398300
0 0.66748000 0.72020300 0.02050800 0.02470900
19 0.08203100 0.76562500 0.02148400 0.02398300
14 0.10937500 0.76562500 0.02148400 0.02398300
11 0.13769500 0.76489800 0.02148400 0.02398300
10 0.19531200 0.76417200 0.02148400 0.02398300
14 0.22363300 0.76417200 0.02148400 0.02398300
3 0.27929700 0.76271800 0.02148400 0.02398300
22 0.30810500 0.76271800 0.02246100 0.02398300
0 0.33593800 0.76199100 0.02148400 0.02398300
19 0.39257800 0.76053800 0.02148400 0.02398300
0 0.41992200 0.75981100 0.02148400 0.02398300
10 0.44824200 0.75908400 0.02148400 0.02398300
8 0.47558600 0.75835800 0.02148400 0.02398300
7 0.50390600 0.75799400 0.02148400 0.02325600
22 0.55957000 0.75690400 0.02148400 0.02398300
4 0.58691400 0.75617700 0.02148400 0.02398300
3 0.61425800 0.75545100 0.02148400 0.02398300
17 0.64160200 0.75472400 0.02148400 0.02398300
0 0.66943400 0.75327000 0.02050800 0.02398300
18 0.27978500 0.83175900 0.02246100 0.02398300
10 0.30859400 0.83103200 0.02148400 0.02398300
8 0.33691400 0.83030500 0.02148400 0.02398300
12 0.36474600 0.82957800 0.02246100 0.02398300
14 0.39257800 0.82921500 0.02148400 0.02470900
18 0.42187500 0.82885200 0.02148400 0.02398300
18 0.44921900 0.82812500 0.02148400 0.02398300
10 0.47753900 0.82739800 0.02148400 0.02398300
0 0.50488300 0.82739800 0.02148400 0.02398300
18 0.58886700 0.82449100 0.02148400 0.02398300
14 0.61523400 0.82376500 0.02148400 0.02398300
1 0.64306600 0.82303800 0.02246100 0.02398300
0 0.67138700 0.82231100 0.02246100 0.02398300
10 0.69824200 0.82158400 0.02148400 0.02398300
0 0.72216800 0.82085800 0.02246100 0.02398300
13 0.08398400 0.86954900 0.02148400 0.02398300
0 0.11230500 0.86954900 0.02148400 0.02398300
15 0.16894500 0.86882300 0.02148400 0.02398300
17 0.19775400 0.86809600 0.02246100 0.02398300
20 0.22509800 0.86809600 0.02246100 0.02398300
19 0.25390600 0.86736900 0.02148400 0.02398300
8 0.28125000 0.86736900 0.02148400 0.02398300
10 0.31054700 0.86591600 0.02148400 0.02398300
4 0.33837900 0.86591600 0.02246100 0.02398300
25 0.39453100 0.86446200 0.02148400 0.02398300
0 0.42285200 0.86373500 0.02148400 0.02398300
15 0.45068400 0.86191900 0.02050800 0.02325600
8 0.47851600 0.86191900 0.02148400 0.02325600
18 0.50585900 0.86119200 0.02148400 0.02325600
10 0.53369100 0.86010200 0.02050800 0.02398300
0 0.56103500 0.85937500 0.02050800 0.02398300
13 0.11279300 0.90298000 0.02246100 0.02398300
4 0.14111300 0.90298000 0.02246100 0.02398300
15 0.19824200 0.90225300 0.02148400 0.02398300
14 0.22656200 0.90189000 0.02148400 0.02470900
3 0.25439500 0.90152600 0.02246100 0.02398300
7 0.28271500 0.90152600 0.02246100 0.02398300
14 0.31005900 0.90079900 0.02246100 0.02398300
3 0.33935500 0.89934600 0.02246100 0.02398300
8 0.36718800 0.89861900 0.02148400 0.02398300
19 0.39550800 0.89789200 0.02148400 0.02398300
4 0.42285200 0.89716600 0.02148400 0.02398300
1 0.47949200 0.89534900 0.02148400 0.02325600
11 0.50634800 0.89462200 0.02246100 0.02325600
8 0.53418000 0.89353200 0.02148400 0.02398300
25 0.56152300 0.89316900 0.02148400 0.02470900
10 0.58935500 0.89280500 0.02050800 0.02398300
14 0.61718800 0.89171500 0.02148400 0.02470900
