11 0.04375000 0.22031250 0.08750000 0.17500000
19 0.12812500 0.19062500 0.09375000 0.17500000
17 0.22656250 0.15312500 0.08750000 0.17968750
4 0.04531250 0.43593750 0.07656250 0.17031250
11 0.10625000 0.88281250 0.08750000 0.17031250
7 0.31875000 0.14218750 0.09531250 0.18437500
12 0.19375000 0.86875000 0.09531250 0.19375000
4 0.07812500 0.65937500 0.08281250 0.16093750
11 0.24843750 0.39531250 0.09375000 0.16718750
4 0.17500000 0.65000000 0.09375000 0.17187500
14 0.30312500 0.86250000 0.10468750 0.17968750
14 0.35156250 0.37500000 0.08750000 0.16718750
18 0.52343750 0.10781250 0.08281250 0.17656250
14 0.45625000 0.36250000 0.09062500 0.16718750
3 0.38437500 0.58437500 0.09843750 0.17656250
18 0.50468750 0.78906250 0.08281250 0.19375000
14 0.60312500 0.76562500 0.09531250 0.17500000
23 0.57656250 0.53906250 0.09531250 0.17187500
0 0.47968750 0.57031250 0.07812500 0.16250000
7 0.62187500 0.10000000 0.08281250 0.17500000
4 0.72187500 0.09843750 0.09531250 0.18906250
17 0.66718750 0.52812500 0.07812500 0.18125000
