3 0.17919900 0.07519500 0.02441400 0.02539100
20 0.11718800 0.11295600 0.02539100 0.02539100
19 0.17773400 0.11686200 0.02539100 0.02539100
4 0.20703100 0.11816400 0.02539100 0.02539100
1 0.23535200 0.12011700 0.02539100 0.02539100
13 0.32177700 0.12532600 0.02441400 0.02408900
0 0.34912100 0.12695300 0.02441400 0.02474000
4 0.43310500 0.13216100 0.02441400 0.02474000
4 0.46093800 0.13378900 0.02343800 0.02408900
22 0.51269500 0.13704400 0.02343800 0.02408900
0 0.53857400 0.13899700 0.02246100 0.02408900
10 0.56445300 0.14029900 0.02343800 0.02408900
18 0.59033200 0.14225300 0.02246100 0.02408900
0 0.61669900 0.14388000 0.02246100 0.02343800
20 0.20654300 0.15885400 0.02441400 0.02604200
19 0.26416000 0.16210900 0.02441400 0.02604200
4 0.29248000 0.16341100 0.02441400 0.02604200
1 0.32128900 0.16471400 0.02343800 0.02474000
15 0.40527300 0.16959600 0.02343800 0.02408900
14 0.43212900 0.17089800 0.02246100 0.02408900
3 0.45947300 0.17220100 0.02246100 0.02408900
13 0.51318400 0.17545600 0.02246100 0.02408900
14 0.53857400 0.17675800 0.02246100 0.02408900
18 0.56445300 0.17806000 0.02343800 0.02408900
14 0.59033200 0.17968800 0.02050800 0.02213500
12 0.61621100 0.18099000 0.02148400 0.02213500
10 0.66601600 0.18424500 0.02148400 0.02213500
11 0.69091800 0.18554700 0.02050800 0.02213500
10 0.73925800 0.18815100 0.02148400 0.02213500
18 0.76318400 0.18945300 0.02050800 0.02213500
0 0.78759800 0.19075500 0.02050800 0.02213500
20 0.11572300 0.19563800 0.02441400 0.02539100
19 0.17627000 0.19889300 0.02441400 0.02539100
4 0.20556600 0.20019500 0.02441400 0.02539100
1 0.23437500 0.20117200 0.02343800 0.02604200
19 0.32080100 0.20475300 0.02441400 0.02539100
0 0.34814500 0.20605500 0.02441400 0.02539100
10 0.37646500 0.20735700 0.02441400 0.02539100
8 0.40429700 0.20898400 0.02343800 0.02474000
4 0.43261700 0.21093800 0.02148400 0.02343800
17 0.48632800 0.21321600 0.02148400 0.02408900
20 0.51269500 0.21451800 0.02148400 0.02408900
10 0.53808600 0.21582000 0.02148400 0.02408900
8 0.56445300 0.21679700 0.02148400 0.02343800
16 0.20507800 0.24121100 0.02343800 0.02539100
19 0.23437500 0.24218800 0.02343800 0.02474000
14 0.26367200 0.24316400 0.02343800 0.02539100
18 0.32031200 0.24576800 0.02343800 0.02539100
1 0.34814500 0.24641900 0.02246100 0.02539100
4 0.37646500 0.24772100 0.02246100 0.02539100
9 0.40429700 0.24869800 0.02343800 0.02474000
0 0.43115200 0.24967400 0.02246100 0.02539100
11 0.45849600 0.25065100 0.02246100 0.02474000
8 0.48584000 0.25227900 0.02246100 0.02408900
3 0.53857400 0.25423200 0.02246100 0.02408900
0 0.56445300 0.25488300 0.02148400 0.02408900
9 0.59082000 0.25585900 0.02148400 0.02474000
4 0.61669900 0.25683600 0.02246100 0.02408900
1 0.66699200 0.25911500 0.02148400 0.02343700
17 0.69140600 0.26041700 0.02148400 0.02343800
10 0.74072300 0.26269500 0.02050800 0.02278600
8 0.76513700 0.26367200 0.02050800 0.02213500
3 0.11523400 0.28092400 0.02539100 0.02669300
0 0.14502000 0.28190100 0.02441400 0.02604200
9 0.17529300 0.28287800 0.02441400 0.02669300
4 0.20459000 0.28385400 0.02441400 0.02604200
1 0.26318400 0.28548200 0.02441400 0.02669300
17 0.29248000 0.28580700 0.02246100 0.02474000
10 0.34814500 0.28743500 0.02246100 0.02539100
8 0.37695300 0.28808600 0.02343800 0.02539100
3 0.43212900 0.29003900 0.02246100 0.02539100
0 0.45947300 0.29134100 0.02246100 0.02408900
9 0.48632800 0.29199200 0.02148400 0.02408900
4 0.51220700 0.29264300 0.02246100 0.02408900
1 0.56494100 0.29459600 0.02246100 0.02408900
17 0.59082000 0.29557300 0.02148400 0.02343800
10 0.64160200 0.29720100 0.02148400 0.02408900
8 0.66748000 0.29817700 0.02050800 0.02343800
20 0.20507800 0.32454400 0.02343800 0.02539100
1 0.23437500 0.32584600 0.02343800 0.02539100
4 0.26318400 0.32649700 0.02441400 0.02539100
9 0.29199200 0.32714800 0.02343800 0.02539100
0 0.32031200 0.32779900 0.02343800 0.02539100
11 0.34814500 0.32747400 0.02246100 0.02474000
8 0.37646500 0.32779900 0.02246100 0.02408900
14 0.43261700 0.32942700 0.02148400 0.02343800
19 0.45996100 0.33007800 0.02148400 0.02343800
19 0.51318400 0.33138000 0.02246100 0.02343800
4 0.53955100 0.33203100 0.02246100 0.02343800
1 0.56591800 0.33268200 0.02246100 0.02343800
17 0.11572300 0.40755200 0.02441400 0.02604200
0 0.14502000 0.40787800 0.02441400 0.02539100
13 0.17480500 0.40787800 0.02343800 0.02539100
14 0.20507800 0.40820300 0.02343800 0.02474000
20 0.26416000 0.40852900 0.02441400 0.02539100
19 0.29296900 0.40885400 0.02343800 0.02474000
17 0.32080100 0.40885400 0.02246100 0.02474000
14 0.34912100 0.40885400 0.02246100 0.02474000
12 0.37744100 0.40950500 0.02246100 0.02474000
13 0.43310500 0.40983100 0.02246100 0.02408900
0 0.46044900 0.41015600 0.02246100 0.02474000
17 0.51367200 0.41080700 0.02148400 0.02474000
0 0.54003900 0.41080700 0.02148400 0.02474000
18 0.56591800 0.41113300 0.02050800 0.02278600
18 0.59228500 0.41113300 0.02050800 0.02278600
22 0.61816400 0.41145800 0.02148400 0.02343800
4 0.64404300 0.41145800 0.02050800 0.02343800
19 0.66894500 0.41178400 0.02148400 0.02278600
4 0.69384800 0.41210900 0.02050800 0.02343800
20 0.20605500 0.45019500 0.02343800 0.02539100
12 0.23535200 0.45019500 0.02343800 0.02539100
22 0.29394500 0.44987000 0.02343800 0.02604200
0 0.32226600 0.44987000 0.02343800 0.02604200
19 0.37841800 0.44954400 0.02246100 0.02539100
18 0.40625000 0.44954400 0.02343800 0.02539100
12 0.48779300 0.44987000 0.02246100 0.02474000
0 0.56689500 0.44987000 0.02246100 0.02474000
19 0.59277300 0.44954400 0.02148400 0.02539100
0 0.61816400 0.45019500 0.02148400 0.02408900
8 0.11816400 0.49316400 0.02343800 0.02539100
10 0.17773400 0.49251300 0.02343800 0.02539100
14 0.20703100 0.49251300 0.02343800 0.02539100
19 0.23632800 0.49251300 0.02343800 0.02539100
19 0.29394500 0.49218800 0.02343800 0.02474000
0 0.32226600 0.49186200 0.02343800 0.02539100
8 0.37841800 0.49088500 0.02246100 0.02474000
20 0.43408200 0.49023400 0.02246100 0.02474000
19 0.46142600 0.49023400 0.02246100 0.02474000
19 0.51416000 0.48958300 0.02246100 0.02474000
0 0.54150400 0.48958300 0.02246100 0.02474000
8 0.20800800 0.53418000 0.02343800 0.02539100
9 0.26660200 0.53287800 0.02343800 0.02539100
20 0.29492200 0.53222700 0.02343800 0.02539100
16 0.32324200 0.53157600 0.02343800 0.02539100
10 0.35107400 0.53125000 0.02246100 0.02474000
8 0.37939500 0.53092400 0.02246100 0.02539100
8 0.43505900 0.52994800 0.02246100 0.02474000
15 0.48828100 0.52897100 0.02148400 0.02408900
0 0.51464800 0.52864600 0.02148400 0.02474000
20 0.54101600 0.52832000 0.02148400 0.02408900
16 0.56738300 0.52799500 0.02148400 0.02474000
10 0.59326200 0.52766900 0.02050800 0.02278600
8 0.61914100 0.52701800 0.02148400 0.02278600
19 0.11962900 0.57682300 0.02441400 0.02604200
14 0.20947300 0.57487000 0.02441400 0.02604200
3 0.23828100 0.57454400 0.02343800 0.02539100
8 0.26757800 0.57389300 0.02343800 0.02539100
13 0.29589800 0.57324200 0.02343800 0.02539100
13 0.35253900 0.57161500 0.02343800 0.02474000
4 0.38085900 0.57063800 0.02343800 0.02539100
20 0.43554700 0.56933600 0.02343800 0.02539100
12 0.46289100 0.56868500 0.02148400 0.02408900
22 0.51562500 0.56738300 0.02148400 0.02408900
0 0.54150400 0.56673200 0.02246100 0.02408900
11 0.56689500 0.56608100 0.02246100 0.02408900
18 0.59375000 0.56543000 0.02148400 0.02408900
8 0.21093800 0.61621100 0.02343800 0.02539100
6 0.26855500 0.61458300 0.02343800 0.02604200
17 0.29736300 0.61360700 0.02246100 0.02539100
25 0.35351600 0.61230500 0.02343800 0.02539100
13 0.38134800 0.61132800 0.02246100 0.02474000
20 0.40820300 0.61035200 0.02343800 0.02539100
11 0.43554700 0.60937500 0.02148400 0.02474000
4 0.46337900 0.60872400 0.02246100 0.02474000
14 0.54199200 0.60612000 0.02148400 0.02343800
18 0.56835900 0.60514300 0.02148400 0.02408900
19 0.59375000 0.60416700 0.02148400 0.02343800
0 0.61914100 0.60351600 0.02148400 0.02343800
11 0.64453100 0.60253900 0.02148400 0.02408900
18 0.66992200 0.60156200 0.02148400 0.02343800
8 0.12353500 0.66080700 0.02441400 0.02604200
18 0.18212900 0.65852900 0.02441400 0.02539100
1 0.21191400 0.65787800 0.02343800 0.02539100
4 0.24121100 0.65657600 0.02343800 0.02539100
9 0.26953100 0.65527300 0.02343800 0.02539100
0 0.29736300 0.65429700 0.02441400 0.02474000
11 0.32617200 0.65332000 0.02343800 0.02539100
8 0.35449200 0.65201800 0.02343800 0.02539100
14 0.40966800 0.64974000 0.02246100 0.02474000
19 0.43701200 0.64908900 0.02246100 0.02474000
6 0.49169900 0.64648400 0.02246100 0.02474000
17 0.51709000 0.64550800 0.02246100 0.02408900
25 0.56933600 0.64355500 0.02148400 0.02408900
13 0.59472700 0.64257800 0.02148400 0.02343800
20 0.61962900 0.64160200 0.02050800 0.02408900
11 0.64453100 0.64062500 0.02148400 0.02343800
8 0.67089800 0.63932300 0.02148400 0.02343800
8 0.21386700 0.69856800 0.02343800 0.02474000
16 0.27050800 0.69596400 0.02343800 0.02474000
20 0.29931600 0.69433600 0.02246100 0.02408900
11 0.32714800 0.69303400 0.02343800 0.02408900
10 0.35498000 0.69173200 0.02246100 0.02408900
8 0.38330100 0.69108100 0.02246100 0.02408900
8 0.43847700 0.68847700 0.02343800 0.02408900
1 0.49121100 0.68587200 0.02343800 0.02408900
0 0.51757800 0.68424500 0.02148400 0.02343800
12 0.56982400 0.68196600 0.02246100 0.02278600
0 0.59521500 0.68066400 0.02246100 0.02278600
10 0.62011700 0.67968800 0.02148400 0.02213500
8 0.64550800 0.67838500 0.02148400 0.02213500
22 0.21728500 0.77929700 0.02441400 0.02474000
4 0.24658200 0.77734400 0.02441400 0.02474000
11 0.27392600 0.77571600 0.02441400 0.02539100
8 0.30224600 0.77408900 0.02441400 0.02474000
10 0.33007800 0.77246100 0.02343800 0.02408900
8 0.35791000 0.77083300 0.02441400 0.02474000
20 0.43994100 0.76595100 0.02246100 0.02408900
12 0.46630900 0.76399700 0.02246100 0.02408900
22 0.51953100 0.76074200 0.02343800 0.02408900
0 0.54541000 0.75911500 0.02246100 0.02343800
11 0.57080100 0.75748700 0.02246100 0.02278600
13 0.62207000 0.75423200 0.02148400 0.02278600
8 0.64648400 0.75293000 0.02148400 0.02278600
10 0.67089800 0.75162800 0.02148400 0.02278600
25 0.13037100 0.82389300 0.02441400 0.02408900
13 0.16064500 0.82226600 0.02441400 0.02474000
0 0.18994100 0.82063800 0.02441400 0.02408900
12 0.21923800 0.81933600 0.02441400 0.02408900
4 0.24853500 0.81738300 0.02441400 0.02408900
13 0.27587900 0.81543000 0.02441400 0.02408900
8 0.30468800 0.81315100 0.02343800 0.02343800
19 0.33203100 0.81152300 0.02343800 0.02408900
12 0.44091800 0.80403600 0.02246100 0.02343800
14 0.46728500 0.80240900 0.02246100 0.02278600
3 0.52099600 0.79850300 0.02246100 0.02278600
14 0.54589800 0.79720100 0.02148400 0.02278600
3 0.57177700 0.79492200 0.02050800 0.02213500
17 0.62207000 0.79166700 0.02148400 0.02213500
