8 0.20214800 0.13626500 0.01953100 0.02252900
4 0.81689500 0.17260200 0.01855500 0.01962200
22 0.15722700 0.17151200 0.01953100 0.02180200
14 0.18017600 0.16969500 0.02050800 0.02252900
11 0.20068400 0.16678800 0.02050800 0.02252900
18 0.27294900 0.16242700 0.02050800 0.02252900
12 0.29931600 0.16061000 0.02050800 0.02180200
4 0.32568400 0.15915700 0.02050800 0.02180200
13 0.37939500 0.16133700 0.02050800 0.02325600
14 0.40673800 0.16170100 0.02050800 0.02252900
6 0.43359400 0.16351700 0.02148400 0.02325600
14 0.46044900 0.16460800 0.02050800 0.02252900
10 0.51318400 0.16933100 0.02050800 0.02325600
14 0.53955100 0.17187500 0.02050800 0.02252900
12 0.56396500 0.17405500 0.02050800 0.02252900
8 0.58837900 0.17696200 0.02050800 0.02252900
16 0.61279300 0.17914200 0.02050800 0.02252900
4 0.63720700 0.18204900 0.02050800 0.02252900
18 0.66015600 0.18495600 0.01953100 0.02252900
10 0.68408200 0.18786300 0.02050800 0.02252900
14 0.70703100 0.18968000 0.01953100 0.02180200
6 0.72949200 0.19258700 0.01953100 0.02180200
14 0.75097700 0.19549400 0.01757800 0.02034900
18 0.79541000 0.20021800 0.01855500 0.02107600
19 0.81689500 0.20239800 0.01855500 0.02107600
8 0.83740200 0.20530500 0.01855500 0.02107600
7 0.15673800 0.20239800 0.02050800 0.02252900
8 0.17871100 0.19949100 0.01953100 0.02252900
12 0.22265600 0.19694800 0.01953100 0.02325600
0 0.24707000 0.19513100 0.01953100 0.02252900
17 0.27197300 0.19367700 0.02050800 0.02252900
0 0.32470700 0.19367700 0.02050800 0.02252900
10 0.35107400 0.19331400 0.02050800 0.02325600
0 0.37841800 0.19331400 0.02050800 0.02325600
11 0.43261700 0.19585800 0.01953100 0.02252900
4 0.45947300 0.19731100 0.02050800 0.02252900
6 0.48535200 0.19949100 0.02148400 0.02252900
10 0.51074200 0.20130800 0.02148400 0.02325600
14 0.53662100 0.20312500 0.02050800 0.02252900
25 0.58740200 0.20712200 0.01855500 0.02180200
0 0.61132800 0.21002900 0.01953100 0.02180200
15 0.63671900 0.21293600 0.01953100 0.02180200
14 0.65918000 0.21584300 0.01953100 0.02180200
12 0.68261700 0.21838700 0.01757800 0.02107600
8 0.70507800 0.22093000 0.01757800 0.02180200
13 0.72753900 0.22311000 0.01757800 0.02180200
0 0.75048800 0.22601700 0.01855500 0.02180200
19 0.79394500 0.23001500 0.01757800 0.02107600
18 0.81543000 0.23219500 0.01757800 0.02107600
22 0.17431600 0.23074100 0.02050800 0.02252900
15 0.22119100 0.22819800 0.02050800 0.02325600
14 0.24560500 0.22747100 0.02050800 0.02325600
18 0.26953100 0.22492700 0.02148400 0.02252900
11 0.29687500 0.22529100 0.02148400 0.02325600
4 0.32373000 0.22565400 0.02050800 0.02252900
3 0.35058600 0.22565400 0.02148400 0.02252900
20 0.37744100 0.22601700 0.02050800 0.02325600
23 0.43164100 0.22819800 0.02148400 0.02325600
8 0.45800800 0.22965100 0.02148400 0.02325600
4 0.48486300 0.23110500 0.02050800 0.02325600
6 0.53613300 0.23437500 0.01953100 0.02252900
14 0.56054700 0.23655500 0.01953100 0.02252900
3 0.58691400 0.23946200 0.01953100 0.02252900
12 0.65869100 0.24673000 0.01855500 0.02252900
0 0.68212900 0.24927300 0.01855500 0.02180200
17 0.70459000 0.25145300 0.01855500 0.02180200
0 0.75000000 0.25581400 0.01757800 0.02180200
10 0.77148400 0.25799400 0.01757800 0.02180200
13 0.81445300 0.26271800 0.01757800 0.02107600
0 0.83593800 0.26489800 0.01757800 0.02107600
17 0.15380900 0.26562500 0.01855500 0.02252900
3 0.19580100 0.26235500 0.01855500 0.02180200
20 0.21923800 0.26053800 0.01855500 0.02252900
18 0.26904300 0.25654100 0.01855500 0.02180200
10 0.32226600 0.25726700 0.02148400 0.02325600
13 0.34912100 0.25726700 0.02050800 0.02325600
8 0.37646500 0.25835800 0.02050800 0.02252900
6 0.40332000 0.25981100 0.02148400 0.02252900
0 0.43017600 0.26090100 0.02050800 0.02325600
12 0.45703100 0.26199100 0.01953100 0.02252900
8 0.48339800 0.26344500 0.01953100 0.02252900
3 0.53564500 0.26744200 0.02050800 0.02325600
11 0.56103500 0.26925900 0.02050800 0.02252900
12 0.63378900 0.27579900 0.01953100 0.02252900
0 0.65771500 0.27798000 0.01855500 0.02252900
11 0.68115200 0.28016000 0.01855500 0.02252900
4 0.74853500 0.28633700 0.01855500 0.02180200
18 0.15185500 0.29723800 0.01855500 0.02180200
10 0.17236300 0.29505800 0.01855500 0.02180200
0 0.19433600 0.29396800 0.01953100 0.02252900
25 0.21826200 0.29324100 0.01855500 0.02252900
10 0.24316400 0.29178800 0.01953100 0.02252900
0 0.26806600 0.29106100 0.01855500 0.02252900
12 0.29443400 0.28960800 0.01855500 0.02252900
8 0.32080100 0.29106100 0.02050800 0.02252900
18 0.37500000 0.29215100 0.02148400 0.02325600
16 0.40234400 0.29287800 0.02148400 0.02325600
8 0.42871100 0.29433100 0.02148400 0.02325600
19 0.45556600 0.29542200 0.02050800 0.02252900
0 0.48339800 0.29687500 0.01953100 0.02252900
11 0.50976600 0.29832800 0.01953100 0.02252900
10 0.53466800 0.29978200 0.02050800 0.02252900
0 0.55957000 0.30159900 0.01953100 0.02325600
12 0.58544900 0.30305200 0.02050800 0.02325600
8 0.60937500 0.30450600 0.01953100 0.02325600
25 0.65722700 0.30923000 0.01953100 0.02252900
0 0.67968800 0.31068300 0.01953100 0.02252900
6 0.70263700 0.31322700 0.01855500 0.02180200
0 0.72509800 0.31504400 0.01660200 0.02107600
3 0.74804700 0.31686000 0.01757800 0.02034900
10 0.76953100 0.31831400 0.01757800 0.02034900
0 0.79101600 0.32013100 0.01757800 0.02107600
12 0.81250000 0.32194800 0.01757800 0.02034900
8 0.83300800 0.32340100 0.01757800 0.02034900
15 0.14892600 0.32885200 0.01855500 0.02252900
8 0.17138700 0.32739800 0.01855500 0.02252900
4 0.21679700 0.32594500 0.01953100 0.02252900
19 0.24121100 0.32521800 0.01953100 0.02252900
8 0.29296900 0.32303800 0.01953100 0.02252900
3 0.34716800 0.32412800 0.02050800 0.02325600
11 0.37451200 0.32485500 0.02050800 0.02325600
17 0.45605500 0.32812500 0.02148400 0.02252900
4 0.48193400 0.32921500 0.02050800 0.02325600
1 0.50830100 0.32994200 0.02050800 0.02325600
19 0.55957000 0.33321200 0.01953100 0.02252900
15 0.60937500 0.33720900 0.01953100 0.02180200
14 0.63281200 0.33902600 0.01953100 0.02252900
18 0.65625000 0.34048000 0.01953100 0.02252900
19 0.67919900 0.34193300 0.01855500 0.02252900
0 0.70214800 0.34338700 0.01757800 0.02107600
17 0.72460900 0.34556700 0.01757800 0.02107600
4 0.76855500 0.34847400 0.01757800 0.02107600
10 0.16894500 0.35937500 0.01953100 0.02398300
14 0.19140600 0.35901200 0.01953100 0.02325600
11 0.21484400 0.35828500 0.01953100 0.02325600
13 0.26562500 0.35683100 0.02148400 0.02325600
8 0.29248000 0.35719500 0.02050800 0.02252900
10 0.31884800 0.35755800 0.02050800 0.02325600
14 0.34619100 0.35755800 0.02050800 0.02325600
22 0.37353500 0.35828500 0.02050800 0.02325600
14 0.45507800 0.36119200 0.01953100 0.02325600
13 0.48144500 0.36228200 0.01953100 0.02252900
18 0.53320300 0.36446200 0.01953100 0.02252900
14 0.55859400 0.36591600 0.01953100 0.02252900
25 0.58300800 0.36700600 0.01953100 0.02180200
3 0.60839800 0.36809600 0.01953100 0.02252900
0 0.63281200 0.36954900 0.01953100 0.02252900
4 0.65576200 0.37209300 0.01855500 0.02180200
19 0.67968800 0.37391000 0.01757800 0.02107600
19 0.72460900 0.37681700 0.01757800 0.02107600
0 0.74658200 0.37754400 0.01855500 0.02107600
10 0.76855500 0.37899700 0.01757800 0.02107600
8 0.79003900 0.38045100 0.01757800 0.02107600
4 0.81152300 0.38190400 0.01757800 0.02107600
2 0.14697300 0.39244200 0.01855500 0.02180200
8 0.16845700 0.39207800 0.01855500 0.02252900
10 0.19043000 0.39135200 0.01953100 0.02252900
11 0.21337900 0.39062500 0.02050800 0.02252900
18 0.29150400 0.39062500 0.02050800 0.02252900
19 0.31787100 0.39062500 0.02050800 0.02252900
8 0.34521500 0.39062500 0.02050800 0.02252900
7 0.37255900 0.39135200 0.02050800 0.02252900
14 0.39990200 0.39171500 0.02050800 0.02325600
22 0.42724600 0.39316900 0.02050800 0.02325600
10 0.48095700 0.39534900 0.02050800 0.02325600
0 0.50732400 0.39607600 0.02050800 0.02325600
10 0.53271500 0.39752900 0.02050800 0.02325600
7 0.60791000 0.40043600 0.01855500 0.02180200
14 0.63183600 0.40189000 0.01757800 0.02180200
17 0.65576200 0.40334300 0.01855500 0.02180200
14 0.67871100 0.40479700 0.01757800 0.02180200
8 0.72412100 0.40734000 0.01855500 0.02107600
3 0.14550800 0.42405500 0.01953100 0.02252900
4 0.16650400 0.42478200 0.01855500 0.02252900
13 0.18896500 0.42405500 0.01855500 0.02252900
3 0.31689500 0.42441900 0.02050800 0.02325600
17 0.34423800 0.42441900 0.02050800 0.02325600
20 0.37158200 0.42441900 0.02050800 0.02325600
25 0.39892600 0.42514500 0.02050800 0.02325600
19 0.50585900 0.42877900 0.01953100 0.02325600
14 0.53173800 0.42986900 0.02050800 0.02252900
22 0.55712900 0.43059600 0.01855500 0.02252900
0 0.58252000 0.43168600 0.01855500 0.02180200
17 0.60693400 0.43241300 0.01855500 0.02180200
8 0.63085900 0.43350300 0.01953100 0.02252900
23 0.65478500 0.43459300 0.01855500 0.02180200
8 0.67871100 0.43568300 0.01757800 0.02107600
22 0.16552700 0.45639500 0.01855500 0.02325600
4 0.18798800 0.45639500 0.01855500 0.02325600
18 0.21093800 0.45675900 0.01953100 0.02252900
4 0.23584000 0.45675900 0.01855500 0.02252900
11 0.26171900 0.45675900 0.01953100 0.02252900
14 0.28857400 0.45675900 0.02050800 0.02252900
4 0.31543000 0.45748500 0.02148400 0.02252900
15 0.37060500 0.45821200 0.02050800 0.02252900
20 0.39794900 0.45893900 0.02050800 0.02252900
19 0.42480500 0.45930200 0.02148400 0.02325600
4 0.45263700 0.45966600 0.02050800 0.02252900
4 0.50488300 0.46111900 0.01953100 0.02252900
18 0.53076200 0.46184600 0.02050800 0.02252900
19 0.55615200 0.46257300 0.02050800 0.02252900
22 0.58105500 0.46329900 0.01953100 0.02252900
8 0.60595700 0.46402600 0.01855500 0.02252900
4 0.63037100 0.46511600 0.01855500 0.02180200
14 0.67822300 0.46657000 0.01855500 0.02180200
19 0.70068400 0.46729700 0.01855500 0.02180200
0 0.76757800 0.46984000 0.01757800 0.02107600
3 0.81054700 0.47129400 0.01757800 0.02107600
14 0.83203100 0.47202000 0.01757800 0.02107600
0 0.28759800 0.49055200 0.02050800 0.02325600
8 0.31396500 0.49055200 0.02050800 0.02325600
4 0.34228500 0.49127900 0.02050800 0.02325600
1 0.36962900 0.49127900 0.02050800 0.02325600
11 0.45166000 0.49309600 0.02050800 0.02252900
8 0.47802700 0.49345900 0.02050800 0.02325600
17 0.50390600 0.49382300 0.01953100 0.02252900
8 0.53027300 0.49454900 0.01953100 0.02252900
16 0.55566400 0.49527600 0.01953100 0.02252900
4 0.58105500 0.49600300 0.01953100 0.02252900
18 0.60546900 0.49673000 0.01953100 0.02252900
10 0.62988300 0.49673000 0.01953100 0.02252900
8 0.65380900 0.49782000 0.01855500 0.02180200
10 0.72265600 0.49927300 0.01757800 0.02180200
0 0.74511700 0.49963700 0.01757800 0.02107600
11 0.76757800 0.50036300 0.01757800 0.02107600
4 0.78906200 0.50109000 0.01757800 0.02107600
13 0.81054700 0.50181700 0.01757800 0.02107600
3 0.14160200 0.52071200 0.01953100 0.02252900
0 0.16259800 0.52143900 0.02050800 0.02252900
17 0.18505900 0.52252900 0.02050800 0.02325600
15 0.25976600 0.52325600 0.01953100 0.02325600
17 0.28613300 0.52398300 0.01953100 0.02325600
8 0.31347700 0.52470900 0.02148400 0.02325600
17 0.34082000 0.52470900 0.02148400 0.02325600
14 0.36865200 0.52470900 0.02050800 0.02325600
3 0.39599600 0.52543600 0.02050800 0.02325600
10 0.50341800 0.52689000 0.02050800 0.02325600
17 0.52929700 0.52725300 0.01953100 0.02252900
20 0.55468800 0.52798000 0.01953100 0.02252900
6 0.58007800 0.52798000 0.01953100 0.02252900
11 0.60546900 0.52870600 0.01953100 0.02252900
6 0.70068400 0.53016000 0.01855500 0.02107600
14 0.72363300 0.53052300 0.01757800 0.02180200
3 0.74560500 0.53088700 0.01855500 0.02107600
0 0.18359400 0.55595900 0.01953100 0.02325600
8 0.20654300 0.55668600 0.02050800 0.02325600
3 0.23193400 0.55704900 0.02050800 0.02398300
4 0.25830100 0.55741300 0.02050800 0.02325600
8 0.33935500 0.55850300 0.02050800 0.02398300
12 0.39502000 0.55923000 0.02050800 0.02398300
13 0.42187500 0.55886600 0.02148400 0.02325600
14 0.44921900 0.55995600 0.01953100 0.02252900
6 0.47558600 0.55995600 0.01953100 0.02252900
14 0.50195300 0.55995600 0.01953100 0.02252900
4 0.52832000 0.55995600 0.01953100 0.02252900
3 0.57959000 0.56068300 0.01855500 0.02252900
17 0.60449200 0.56104700 0.01953100 0.02325600
20 0.62890600 0.56141000 0.01953100 0.02252900
6 0.65283200 0.56141000 0.01855500 0.02252900
14 0.67675800 0.56177300 0.01757800 0.02180200
4 0.70068400 0.56177300 0.01855500 0.02180200
3 0.15869100 0.58866300 0.02050800 0.02325600
17 0.18164100 0.58939000 0.01953100 0.02325600
0 0.20507800 0.59011600 0.01953100 0.02325600
12 0.23046900 0.59084300 0.01953100 0.02325600
0 0.25634800 0.59120600 0.02050800 0.02398300
19 0.28271500 0.59193300 0.02050800 0.02398300
20 0.31054700 0.59193300 0.02148400 0.02398300
17 0.33837900 0.59266000 0.02050800 0.02398300
6 0.36572300 0.59266000 0.02050800 0.02398300
8 0.39355500 0.59338700 0.02148400 0.02398300
12 0.47509800 0.59302300 0.02050800 0.02325600
0 0.50097700 0.59302300 0.01953100 0.02325600
17 0.52734400 0.59375000 0.01953100 0.02325600
0 0.57910200 0.59302300 0.01953100 0.02325600
10 0.60351600 0.59302300 0.01953100 0.02325600
0 0.62841800 0.59302300 0.02050800 0.02325600
15 0.70019500 0.59375000 0.01757800 0.02180200
4 0.74511700 0.59302300 0.01757800 0.02180200
18 0.76757800 0.59302300 0.01757800 0.02180200
18 0.13574200 0.61991300 0.01953100 0.02325600
10 0.15722700 0.62136600 0.01953100 0.02325600
0 0.17968800 0.62209300 0.01953100 0.02325600
25 0.20410200 0.62354700 0.01953100 0.02325600
10 0.22851600 0.62463700 0.01953100 0.02398300
8 0.25390600 0.62572700 0.01953100 0.02325600
14 0.33691400 0.62645300 0.02148400 0.02470900
17 0.36425800 0.62681700 0.02148400 0.02398300
6 0.39257800 0.62718000 0.02148400 0.02470900
0 0.41943400 0.62863400 0.02050800 0.02325600
13 0.44726600 0.62790700 0.01953100 0.02325600
8 0.47412100 0.62754400 0.02050800 0.02398300
16 0.50097700 0.62718000 0.01953100 0.02325600
13 0.52734400 0.62681700 0.01953100 0.02252900
0 0.55273400 0.62645300 0.01953100 0.02325600
16 0.62793000 0.62572700 0.01953100 0.02325600
0 0.65234400 0.62609000 0.01757800 0.02252900
18 0.67627000 0.62572700 0.01855500 0.02180200
19 0.70019500 0.62500000 0.01757800 0.02180200
4 0.76757800 0.62427300 0.01757800 0.02180200
6 0.78955100 0.62427300 0.01855500 0.02180200
14 0.81054700 0.62391000 0.01757800 0.02252900
12 0.13378900 0.65334300 0.01953100 0.02325600
13 0.15625000 0.65479700 0.01953100 0.02325600
14 0.17871100 0.65625000 0.01953100 0.02325600
6 0.20214800 0.65770300 0.01953100 0.02325600
14 0.22753900 0.65915700 0.01953100 0.02325600
14 0.25244100 0.65952000 0.02050800 0.02398300
1 0.27978500 0.66097400 0.02050800 0.02398300
17 0.30810500 0.66170100 0.02050800 0.02398300
0 0.33496100 0.66170100 0.02148400 0.02398300
25 0.36279300 0.66133700 0.02050800 0.02470900
13 0.39013700 0.66097400 0.02050800 0.02398300
14 0.41845700 0.66097400 0.02050800 0.02398300
6 0.44580100 0.66133700 0.02050800 0.02325600
14 0.47314500 0.66097400 0.02050800 0.02398300
19 0.52636700 0.66024700 0.01953100 0.02398300
22 0.55224600 0.65988400 0.02050800 0.02325600
14 0.57812500 0.65952000 0.01953100 0.02398300
17 0.60205100 0.65915700 0.02050800 0.02325600
16 0.62793000 0.65915700 0.01953100 0.02325600
4 0.65185500 0.65806700 0.01855500 0.02252900
18 0.67627000 0.65770300 0.01855500 0.02180200
10 0.70019500 0.65697700 0.01757800 0.02180200
14 0.72265600 0.65697700 0.01757800 0.02180200
6 0.74609400 0.65625000 0.01757800 0.02180200
14 0.76757800 0.65588700 0.01757800 0.02107600
13 0.81152300 0.65443300 0.01757800 0.02107600
0 0.83300800 0.65443300 0.01757800 0.02107600
18 0.13232400 0.68677300 0.01855500 0.02325600
11 0.15332000 0.68822700 0.01953100 0.02325600
4 0.17578100 0.69004400 0.01953100 0.02398300
3 0.20019500 0.69186000 0.01953100 0.02325600
8 0.22558600 0.69404100 0.01953100 0.02325600
14 0.30664100 0.69513100 0.02148400 0.02398300
13 0.33398400 0.69549400 0.02148400 0.02470900
0 0.36181600 0.69585800 0.02050800 0.02398300
19 0.41650400 0.69513100 0.02050800 0.02398300
4 0.44482400 0.69513100 0.02050800 0.02398300
18 0.47216800 0.69513100 0.02050800 0.02398300
13 0.49853500 0.69513100 0.02050800 0.02398300
14 0.52539100 0.69404100 0.01953100 0.02325600
18 0.57617200 0.69295100 0.01953100 0.02398300
22 0.60302700 0.69222400 0.01855500 0.02252900
25 0.65185500 0.69077000 0.01855500 0.02252900
0 0.67627000 0.69077000 0.01855500 0.02252900
13 0.69970700 0.69004400 0.01855500 0.02252900
0 0.72265600 0.68895300 0.01757800 0.02180200
18 0.76806600 0.68750000 0.01855500 0.02180200
15 0.81201200 0.68604700 0.01855500 0.02180200
14 0.83300800 0.68459300 0.01757800 0.02180200
18 0.13085900 0.72056700 0.01953100 0.02398300
19 0.15234400 0.72202000 0.01953100 0.02398300
14 0.17480500 0.72383700 0.01953100 0.02325600
13 0.22363300 0.72783400 0.01953100 0.02398300
13 0.25000000 0.73001500 0.01953100 0.02398300
12 0.30468800 0.73037800 0.02148400 0.02470900
8 0.36035200 0.73037800 0.02148400 0.02470900
13 0.38867200 0.73037800 0.02148400 0.02470900
19 0.41699200 0.73037800 0.02148400 0.02470900
4 0.44335900 0.73037800 0.02148400 0.02470900
17 0.47119100 0.72965100 0.02050800 0.02325600
4 0.49755900 0.72892400 0.02050800 0.02325600
18 0.52441400 0.72819800 0.01953100 0.02325600
14 0.54980500 0.72710800 0.01953100 0.02252900
12 0.57617200 0.72638100 0.01953100 0.02252900
15 0.62695300 0.72456400 0.01953100 0.02325600
8 0.65136700 0.72383700 0.01953100 0.02325600
18 0.67529300 0.72311000 0.01855500 0.02325600
0 0.69873000 0.72202000 0.01855500 0.02252900
19 0.72216800 0.72129400 0.01855500 0.02252900
4 0.74462900 0.71984000 0.01855500 0.02252900
11 0.76709000 0.71911300 0.01855500 0.02252900
10 0.83203100 0.71511600 0.01757800 0.02180200
5 0.12890600 0.75363400 0.01953100 0.02470900
14 0.15039100 0.75581400 0.01953100 0.02470900
11 0.17334000 0.75799400 0.02050800 0.02470900
10 0.22168000 0.76235500 0.01953100 0.02470900
11 0.24853500 0.76380800 0.02050800 0.02470900
14 0.27539100 0.76417200 0.02148400 0.02398300
17 0.30371100 0.76489800 0.02148400 0.02398300
20 0.33105500 0.76526200 0.02148400 0.02470900
18 0.38720700 0.76562500 0.02050800 0.02398300
4 0.44238300 0.76417200 0.02148400 0.02398300
6 0.47021500 0.76380800 0.02050800 0.02470900
14 0.49707000 0.76344500 0.02148400 0.02398300
15 0.55078100 0.76199100 0.02148400 0.02398300
4 0.57519500 0.76017400 0.01953100 0.02325600
17 0.60107400 0.75872100 0.02050800 0.02325600
4 0.62695300 0.75799400 0.01953100 0.02325600
22 0.65136700 0.75654100 0.01953100 0.02325600
14 0.67529300 0.75508700 0.01855500 0.02180200
3 0.69873000 0.75399700 0.01855500 0.02252900
16 0.72168000 0.75254400 0.01953100 0.02252900
4 0.74365200 0.75145300 0.01855500 0.02180200
18 0.76611300 0.75000000 0.01855500 0.02180200
10 0.78857400 0.74891000 0.01855500 0.02107600
14 0.81005900 0.74745600 0.01855500 0.02107600
3 0.12695300 0.78670100 0.01953100 0.02398300
4 0.14941400 0.78960800 0.01953100 0.02398300
19 0.19677700 0.79505800 0.02050800 0.02470900
4 0.22070300 0.79723800 0.02148400 0.02470900
11 0.24755900 0.79796500 0.02050800 0.02470900
13 0.30273400 0.80014500 0.02148400 0.02470900
14 0.33007800 0.80087200 0.02148400 0.02470900
18 0.35839800 0.80123500 0.02148400 0.02398300
19 0.38574200 0.80050900 0.02148400 0.02398300
15 0.14697300 0.82449100 0.02050800 0.02398300
4 0.16992200 0.82848800 0.02148400 0.02470900
17 0.19433600 0.82994200 0.02148400 0.02470900
22 0.21972700 0.83139500 0.02148400 0.02470900
4 0.27343800 0.83466600 0.02148400 0.02543600
3 0.32910200 0.83793600 0.02148400 0.02470900
17 0.35693400 0.83502900 0.02246100 0.02470900
0 0.38574200 0.83466600 0.02148400 0.02398300
12 0.41357400 0.83430200 0.02246100 0.02470900
0 0.44043000 0.83357600 0.02148400 0.02470900
19 0.46875000 0.83284900 0.02148400 0.02470900
20 0.49511700 0.83175900 0.02148400 0.02398300
17 0.52197300 0.83066900 0.02050800 0.02470900
6 0.54882800 0.82921500 0.02148400 0.02325600
8 0.57421900 0.82739800 0.02148400 0.02398300
16 0.59960900 0.82594500 0.02148400 0.02398300
4 0.62500000 0.82449100 0.02148400 0.02398300
18 0.64990200 0.82267400 0.02050800 0.02325600
10 0.67285200 0.82085800 0.01953100 0.02252900
8 0.69677700 0.81940400 0.01855500 0.02252900
4 0.72021500 0.81758700 0.01855500 0.02180200
14 0.76513700 0.81395300 0.01855500 0.02180200
15 0.78759800 0.81213700 0.01855500 0.02252900
19 0.12353500 0.85574100 0.02050800 0.02398300
12 0.19238300 0.86446200 0.02148400 0.02543600
0 0.21875000 0.86627900 0.02148400 0.02470900
17 0.24511700 0.86845900 0.02148400 0.02470900
0 0.29980500 0.87209300 0.02148400 0.02470900
10 0.32763700 0.87136600 0.02246100 0.02470900
0 0.35546900 0.87064000 0.02148400 0.02470900
14 0.41259800 0.86918600 0.02246100 0.02470900
19 0.44043000 0.86954900 0.02148400 0.02398300
13 0.46777300 0.86809600 0.02148400 0.02398300
14 0.49414100 0.86627900 0.02148400 0.02470900
18 0.52148400 0.86482600 0.02148400 0.02470900
19 0.57373000 0.86191900 0.02050800 0.02325600
18 0.59960900 0.85973800 0.01953100 0.02325600
10 0.67382800 0.85356100 0.01953100 0.02398300
13 0.72021500 0.84956400 0.02050800 0.02325600
0 0.74316400 0.84811000 0.01757800 0.02180200
16 0.76660200 0.84593000 0.01757800 0.02180200
0 0.78759800 0.84447700 0.01855500 0.02180200
11 0.81054700 0.84229700 0.01757800 0.02180200
20 0.83203100 0.84011600 0.01757800 0.02180200
1 0.14306600 0.89244200 0.02050800 0.02325600
9 0.16650400 0.89571200 0.02050800 0.02252900
7 0.21679700 0.90261600 0.02148400 0.02470900
6 0.27050800 0.90479700 0.02148400 0.02470900
14 0.29882800 0.90770300 0.02148400 0.02470900
3 0.32617200 0.90697700 0.02148400 0.02470900
14 0.35449200 0.90625000 0.02148400 0.02470900
22 0.38281200 0.90552300 0.02148400 0.02470900
4 0.43945300 0.90407000 0.02148400 0.02470900
6 0.46679700 0.90225300 0.02148400 0.02398300
14 0.49462900 0.90116300 0.02246100 0.02470900
15 0.54785200 0.89752900 0.02148400 0.02325600
4 0.59960900 0.89389500 0.02148400 0.02325600
18 0.62451200 0.89207800 0.02050800 0.02398300
13 0.69677700 0.88517400 0.02050800 0.02325600
0 0.72070300 0.88299400 0.01953100 0.02325600
15 0.74365200 0.87936000 0.01855500 0.02180200
8 0.76611300 0.87754400 0.01855500 0.02107600
18 0.78808600 0.87572700 0.01757800 0.02180200
0 0.81005900 0.87391000 0.01855500 0.02107600
13 0.83203100 0.87209300 0.01757800 0.02180200
13 0.12207000 0.92369200 0.01953100 0.02325600
4 0.16455100 0.92950600 0.02050800 0.02325600
22 0.21435500 0.93604700 0.02050800 0.02325600
19 0.26855500 0.94404100 0.01953100 0.02325600
4 0.29687500 0.94331400 0.02148400 0.02470900
6 0.35449200 0.94222400 0.02148400 0.02398300
14 0.38281200 0.94113400 0.02148400 0.02470900
3 0.41113300 0.94004400 0.02148400 0.02398300
16 0.49365200 0.93568300 0.02246100 0.02398300
0 0.52050800 0.93423000 0.02148400 0.02398300
18 0.54736300 0.93204900 0.02246100 0.02398300
19 0.57373000 0.93023300 0.02246100 0.02470900
8 0.59960900 0.92768900 0.02148400 0.02252900
16 0.62500000 0.92514500 0.02148400 0.02325600
13 0.64892600 0.92296500 0.02050800 0.02325600
14 0.67334000 0.92042200 0.02050800 0.02252900
22 0.72119100 0.91569800 0.02050800 0.02325600
18 0.76562500 0.91097400 0.02148400 0.02252900
14 0.78808600 0.90843000 0.01953100 0.02325600
