18 0.17500000 0.09027778 0.02812500 0.11458333
15 0.21562500 0.08680556 0.03125000 0.11458333
10 0.29843750 0.08680556 0.03125000 0.11458333
18 0.68750000 0.08680556 0.03281250 0.11111111
23 0.05625000 0.25000000 0.03281250 0.11805556
2 0.21562500 0.25000000 0.03125000 0.11111111
0 0.25625000 0.25000000 0.02968750 0.11111111
11 0.29843750 0.24652778 0.03125000 0.11458333
11 0.34062500 0.24652778 0.02968750 0.10763889
0 0.47031250 0.24305556 0.03281250 0.10763889
3 0.60156250 0.25000000 0.03125000 0.11458333
8 0.64531250 0.25000000 0.03125000 0.11111111
17 0.68750000 0.25000000 0.03125000 0.11111111
19 0.73125000 0.25000000 0.02968750 0.10763889
24 0.97187500 0.42708333 0.02812500 0.11111111
0 0.93437500 0.42708333 0.02343750 0.11111111
22 0.89843750 0.42361111 0.02968750 0.11111111
24 0.85937500 0.42361111 0.03125000 0.11805556
13 0.81875000 0.41666667 0.03281250 0.10763889
0 0.77656250 0.41319444 0.03125000 0.11805556
23 0.69062500 0.41319444 0.03750000 0.11458333
4 0.73125000 0.57291667 0.03125000 0.10763889
3 0.68750000 0.57638889 0.02812500 0.11111111
8 0.77656250 0.74652778 0.03281250 0.12152778
18 0.51093750 0.57638889 0.02656250 0.11111111
3 0.51406250 0.40972222 0.02968750 0.12152778
17 0.42656250 0.57291667 0.02968750 0.11458333
7 0.38437500 0.42013889 0.02968750 0.13194444
8 0.51093750 0.73611111 0.03125000 0.10763889
13 0.46718750 0.73611111 0.02812500 0.10416667
18 0.29843750 0.40972222 0.02968750 0.12152778
4 0.25625000 0.41319444 0.02968750 0.11458333
19 0.17500000 0.40972222 0.02343750 0.11111111
4 0.21250000 0.73263889 0.02812500 0.11458333
3 0.17031250 0.72916667 0.02500000 0.10763889
22 0.09375000 0.40972222 0.02656250 0.11111111
8 0.13437500 0.40625000 0.02968750 0.11458333
20 0.21406250 0.57291667 0.03125000 0.11111111
4 0.09062500 0.88541667 0.02968750 0.11805556
4 0.29531250 0.89236111 0.03437500 0.11111111
17 0.50937500 0.90625000 0.03281250 0.11805556
24 0.97812500 0.90625000 0.02968750 0.11458333
