3 0.05156250 0.22916667 0.03750000 0.12847222
18 0.10156250 0.08333333 0.04062500 0.12152778
2 0.22500000 0.07986111 0.03593750 0.11111111
17 0.30156250 0.07638889 0.03593750 0.11458333
0 0.34687500 0.07986111 0.03281250 0.10416667
6 0.38750000 0.07986111 0.03437500 0.12152778
4 0.42812500 0.07986111 0.03437500 0.12152778
18 0.51250000 0.07638889 0.03750000 0.12847222
18 0.17343750 0.22916667 0.03906250 0.12847222
12 0.21562500 0.22916667 0.04218750 0.12500000
8 0.25937500 0.22569444 0.03750000 0.12152778
11 0.30000000 0.22222222 0.03281250 0.12152778
19 0.03906250 0.37152778 0.03906250 0.12847222
14 0.07968750 0.37847222 0.04218750 0.12847222
12 0.12500000 0.37500000 0.04062500 0.12847222
15 0.25156250 0.37152778 0.03750000 0.12847222
11 0.29531250 0.36805556 0.03593750 0.12847222
0 0.33437500 0.37847222 0.03281250 0.12500000
19 0.37812500 0.37847222 0.03906250 0.12847222
19 0.42656250 0.37500000 0.04218750 0.13888889
13 0.02968750 0.53472222 0.04531250 0.12847222
22 0.29218750 0.53472222 0.04062500 0.13541667
11 0.55781250 0.52083333 0.04843750 0.13194444
4 0.72656250 0.53472222 0.05312500 0.14236111
4 0.06250000 0.69444444 0.03437500 0.12500000
0 0.82031250 0.52777778 0.03281250 0.11805556
6 0.86562500 0.53125000 0.03750000 0.12847222
14 0.90625000 0.52430556 0.03750000 0.12847222
1 0.10468750 0.69444444 0.03750000 0.13194444
8 0.19531250 0.69791667 0.03281250 0.13194444
0 0.23750000 0.70138889 0.03593750 0.12152778
18 0.42187500 0.69097222 0.04062500 0.13541667
22 0.51093750 0.69444444 0.04218750 0.13888889
4 0.55625000 0.69097222 0.03906250 0.13541667
18 0.64843750 0.69791667 0.04375000 0.14930556
4 0.69218750 0.69791667 0.03593750 0.14236111
11 0.73750000 0.69791667 0.03281250 0.12500000
11 0.78437500 0.69097222 0.03906250 0.13541667
17 0.91875000 0.70138889 0.04375000 0.14236111
18 0.05468750 0.86805556 0.04062500 0.14583333
4 0.23593750 0.86805556 0.03906250 0.14583333
7 0.27812500 0.87152778 0.03593750 0.14236111
0 0.55781250 0.86458333 0.03593750 0.13888889
19 0.60156250 0.86805556 0.03906250 0.13541667
