0 0.80224600 0.04941900 0.02246100 0.02325600
4 0.82959000 0.04905500 0.02050800 0.02252900
25 0.08691400 0.09556700 0.02148400 0.02252900
0 0.11279300 0.09447700 0.02050800 0.02180200
16 0.16601600 0.09266000 0.02148400 0.02252900
8 0.19287100 0.09193300 0.02050800 0.02252900
10 0.21972700 0.09120600 0.02148400 0.02252900
8 0.24707000 0.09048000 0.02148400 0.02252900
22 0.08691400 0.16024700 0.02148400 0.02398300
19 0.13964800 0.15879400 0.02148400 0.02398300
17 0.16699200 0.15806700 0.02148400 0.02398300
0 0.19433600 0.15734000 0.02148400 0.02398300
12 0.22119100 0.15625000 0.02246100 0.02470900
22 0.24853500 0.15552300 0.02246100 0.02470900
0 0.27539100 0.15443300 0.02148400 0.02398300
16 0.32910200 0.15407000 0.02148400 0.02325600
8 0.35644500 0.15334300 0.02148400 0.02325600
10 0.38378900 0.15298000 0.02148400 0.02398300
4 0.41015600 0.15261600 0.02148400 0.02325600
9 0.08886700 0.22674400 0.02148400 0.02470900
0 0.11474600 0.22565400 0.02050800 0.02398300
1 0.14111300 0.22492700 0.02246100 0.02398300
0 0.16845700 0.22456400 0.02246100 0.02470900
13 0.22265600 0.22238400 0.02148400 0.02325600
0 0.25000000 0.22165700 0.02148400 0.02325600
12 0.30468800 0.22093000 0.02148400 0.02325600
4 0.33154300 0.22056700 0.02050800 0.02252900
19 0.35888700 0.21984000 0.02050800 0.02252900
11 0.38525400 0.21911300 0.02050800 0.02252900
4 0.41259800 0.21838700 0.02050800 0.02252900
4 0.08935500 0.29215100 0.02050800 0.02325600
3 0.11572300 0.29178800 0.02050800 0.02398300
20 0.14209000 0.29142400 0.02050800 0.02325600
19 0.16894500 0.28997100 0.02148400 0.02470900
8 0.22558600 0.28924400 0.02148400 0.02470900
18 0.27880900 0.28851700 0.02050800 0.02470900
12 0.30664100 0.28779100 0.02148400 0.02470900
4 0.33300800 0.28779100 0.02148400 0.02470900
19 0.38769500 0.28706400 0.02148400 0.02470900
18 0.41503900 0.28633700 0.02148400 0.02470900
15 0.08935500 0.36046500 0.02050800 0.02325600
17 0.11621100 0.35973800 0.02148400 0.02325600
13 0.17138700 0.35755800 0.02050800 0.02325600
8 0.19824200 0.35683100 0.02148400 0.02325600
10 0.22656200 0.35537800 0.02148400 0.02325600
8 0.25341800 0.35574100 0.02050800 0.02252900
9 0.30908200 0.35537800 0.02246100 0.02325600
20 0.33593800 0.35428800 0.02148400 0.02398300
19 0.39013700 0.35283400 0.02246100 0.02398300
22 0.09033200 0.42768900 0.02246100 0.02398300
3 0.11816400 0.42696200 0.02148400 0.02398300
17 0.14502000 0.42623500 0.02246100 0.02398300
20 0.17285200 0.42550900 0.02148400 0.02398300
6 0.20019500 0.42550900 0.02148400 0.02398300
8 0.25634800 0.42405500 0.02246100 0.02398300
25 0.28369100 0.42332800 0.02246100 0.02398300
15 0.33886700 0.42187500 0.02148400 0.02398300
14 0.36523400 0.42114800 0.02148400 0.02398300
3 0.39355500 0.42078500 0.02148400 0.02470900
22 0.41992200 0.42042200 0.02148400 0.02398300
14 0.44726600 0.41969500 0.02148400 0.02398300
17 0.47363300 0.41969500 0.02148400 0.02398300
14 0.50000000 0.41896800 0.02148400 0.02398300
19 0.52636700 0.41824100 0.02148400 0.02398300
13 0.55371100 0.41751500 0.02148400 0.02398300
8 0.58105500 0.41678800 0.02148400 0.02398300
18 0.09179700 0.49527600 0.02148400 0.02398300
19 0.11816400 0.49527600 0.02148400 0.02398300
17 0.14697300 0.49454900 0.02246100 0.02398300
0 0.17431600 0.49382300 0.02246100 0.02398300
13 0.22998000 0.49164200 0.02246100 0.02398300
22 0.34082000 0.48982600 0.02148400 0.02325600
4 0.36865200 0.48946200 0.02246100 0.02398300
11 0.39550800 0.48873500 0.02148400 0.02398300
8 0.42334000 0.48837200 0.02246100 0.02325600
10 0.45019500 0.48764500 0.02148400 0.02325600
0 0.47607400 0.48691900 0.02246100 0.02325600
13 0.50195300 0.48546500 0.02148400 0.02325600
17 0.09130900 0.56468000 0.02246100 0.02470900
9 0.14697300 0.56359000 0.02246100 0.02398300
8 0.17529300 0.56286300 0.02246100 0.02398300
8 0.25927700 0.56068300 0.02246100 0.02398300
20 0.31543000 0.55814000 0.02148400 0.02325600
18 0.34326200 0.55923000 0.02246100 0.02398300
0 0.37109400 0.55814000 0.02148400 0.02470900
19 0.39794900 0.55704900 0.02246100 0.02398300
19 0.09228500 0.63735500 0.02246100 0.02470900
0 0.12109400 0.63590100 0.02148400 0.02470900
17 0.17627000 0.63444800 0.02246100 0.02470900
0 0.20459000 0.63299400 0.02246100 0.02470900
10 0.26074200 0.63190400 0.02148400 0.02398300
0 0.28857400 0.63045100 0.02246100 0.02398300
13 0.31689500 0.63008700 0.02246100 0.02325600
19 0.09082000 0.70675900 0.02343800 0.02543600
0 0.12011700 0.70748500 0.02343800 0.02543600
17 0.14746100 0.70603200 0.02343800 0.02543600
0 0.17675800 0.70494200 0.02343800 0.02616300
10 0.20507800 0.70385200 0.02343800 0.02543600
0 0.23388700 0.70312500 0.02246100 0.02543600
13 0.26123000 0.70276200 0.02246100 0.02470900
19 0.31738300 0.69985500 0.02343800 0.02470900
0 0.34521500 0.69912800 0.02246100 0.02470900
17 0.37353500 0.69840100 0.02246100 0.02470900
0 0.40283200 0.69767400 0.02246100 0.02470900
10 0.43017600 0.69694800 0.02246100 0.02470900
0 0.45752000 0.69658400 0.02246100 0.02398300
13 0.48486300 0.69585800 0.02246100 0.02543600
19 0.53906200 0.69476700 0.02148400 0.02616300
0 0.56689500 0.69404100 0.02246100 0.02616300
17 0.59521500 0.69186000 0.02246100 0.02616300
0 0.62304700 0.69186000 0.02343800 0.02616300
10 0.65136700 0.69149700 0.02343800 0.02543600
0 0.68017600 0.69149700 0.02246100 0.02543600
13 0.70752000 0.69113400 0.02246100 0.02616300
8 0.73584000 0.69113400 0.02246100 0.02616300
23 0.76318400 0.68968000 0.02246100 0.02616300
4 0.79150400 0.68895300 0.02246100 0.02616300
14 0.09228500 0.77907000 0.02246100 0.02470900
13 0.11962900 0.77834300 0.02246100 0.02470900
17 0.17675800 0.77689000 0.02343800 0.02616300
16 0.23388700 0.77543600 0.02246100 0.02470900
8 0.26269500 0.77470900 0.02148400 0.02470900
19 0.29101600 0.77398300 0.02148400 0.02470900
8 0.34814500 0.77252900 0.02246100 0.02470900
10 0.40380900 0.77071200 0.02246100 0.02543600
17 0.43212900 0.76998500 0.02246100 0.02543600
8 0.46044900 0.76925900 0.02246100 0.02543600
16 0.48779300 0.76853200 0.02246100 0.02543600
8 0.51513700 0.76744200 0.02246100 0.02470900
19 0.54150400 0.76635200 0.02246100 0.02543600
8 0.09375000 0.85319800 0.02343800 0.02761600
20 0.14941400 0.85138100 0.02343800 0.02834300
18 0.17773400 0.85065400 0.02343800 0.02834300
0 0.20703100 0.84956400 0.02343800 0.02616300
12 0.23535200 0.84883700 0.02343800 0.02616300
8 0.26611300 0.84774700 0.02246100 0.02689000
4 0.35009800 0.84556700 0.02246100 0.02689000
22 0.37841800 0.84447700 0.02246100 0.02616300
4 0.40673800 0.84375000 0.02246100 0.02616300
11 0.43457000 0.84375000 0.02343800 0.02616300
8 0.46337900 0.84302300 0.02246100 0.02616300
19 0.49121100 0.84120600 0.02343800 0.02689000
