14 0.04531250 0.22500000 0.09062500 0.16093750
14 0.13593750 0.20156250 0.09531250 0.16562500
3 0.04843750 0.43906250 0.09531250 0.17500000
0 0.13750000 0.42031250 0.08125000 0.17031250
23 0.24843750 0.40312500 0.09843750 0.17656250
17 0.35781250 0.38750000 0.08750000 0.17500000
18 0.15625000 0.66718750 0.10000000 0.17656250
17 0.17812500 0.90781250 0.09531250 0.18125000
0 0.27343750 0.88906250 0.08593750 0.17968750
14 0.26093750 0.64375000 0.09375000 0.18125000
8 0.38125000 0.86718750 0.08750000 0.19375000
3 0.50000000 0.83281250 0.09375000 0.18906250
6 0.48437500 0.59375000 0.09531250 0.18125000
14 0.55000000 0.36250000 0.08593750 0.16718750
5 0.64843750 0.35312500 0.08593750 0.17500000
4 0.57812500 0.58593750 0.09062500 0.18125000
18 0.67187500 0.55781250 0.08125000 0.17187500
