11 0.06875000 0.08671875 0.02656250 0.11484375
6 0.30781250 0.08671875 0.03281250 0.10781250
4 0.42656250 0.09062500 0.03281250 0.11484375
18 0.58125000 0.10078125 0.03125000 0.11093750
15 0.69375000 0.10781250 0.02656250 0.10390625
12 0.10781250 0.23281250 0.03437500 0.11093750
8 0.14843750 0.22890625 0.03125000 0.10781250
19 0.22812500 0.23281250 0.03437500 0.11093750
19 0.46718750 0.23281250 0.03125000 0.10781250
4 0.58125000 0.23984375 0.03281250 0.11093750
24 0.35000000 0.38515625 0.03593750 0.11484375
24 0.58125000 0.39218750 0.03281250 0.10781250
14 0.03125000 0.53125000 0.03125000 0.10390625
13 0.22812500 0.52812500 0.03125000 0.10390625
18 0.62031250 0.53437500 0.03281250 0.10390625
13 0.76406250 0.53437500 0.02812500 0.10078125
14 0.79843750 0.53125000 0.02500000 0.09687500
13 0.10625000 0.67734375 0.03437500 0.11484375
4 0.14687500 0.68046875 0.03125000 0.10781250
1 0.26718750 0.67734375 0.03125000 0.10078125
17 0.34687500 0.68046875 0.03125000 0.10390625
18 0.38750000 0.67734375 0.03281250 0.10390625
13 0.54218750 0.67343750 0.02968750 0.10390625
24 0.65625000 0.67343750 0.02812500 0.10078125
15 0.02968750 0.82656250 0.03125000 0.10390625
14 0.34531250 0.82656250 0.03125000 0.10781250
11 0.72812500 0.81562500 0.02656250 0.09375000
8 0.69375000 0.81250000 0.03125000 0.09062500
