19 0.05625000 0.09062500 0.03906250 0.12812500
17 0.28437500 0.09375000 0.03750000 0.11796875
0 0.51718750 0.09375000 0.03437500 0.11796875
2 0.60781250 0.09062500 0.03437500 0.11796875
11 0.65468750 0.09687500 0.03437500 0.11796875
8 0.70000000 0.09687500 0.03750000 0.12187500
2 0.74375000 0.10078125 0.03281250 0.12500000
11 0.65468750 0.27109375 0.03750000 0.12500000
11 0.61250000 0.27109375 0.03906250 0.13203125
4 0.56406250 0.26718750 0.04218750 0.13906250
1 0.51875000 0.27109375 0.03750000 0.13203125
19 0.33281250 0.26406250 0.04062500 0.13515625
0 0.28593750 0.26718750 0.03750000 0.13203125
24 0.19375000 0.26406250 0.04375000 0.13515625
11 0.14687500 0.26015625 0.04062500 0.13906250
17 0.05312500 0.26015625 0.03906250 0.13203125
0 0.14687500 0.43750000 0.03906250 0.13515625
13 0.33125000 0.43750000 0.03750000 0.13515625
24 0.37656250 0.43750000 0.03750000 0.12500000
12 0.47031250 0.44062500 0.03281250 0.12500000
20 0.56093750 0.44062500 0.03593750 0.13515625
19 0.60625000 0.43750000 0.03593750 0.13515625
2 0.91875000 0.61093750 0.03437500 0.12187500
0 0.87656250 0.61796875 0.03593750 0.13906250
4 0.74531250 0.61796875 0.03750000 0.12500000
12 0.70000000 0.61093750 0.03593750 0.11796875
0 0.65312500 0.61484375 0.03750000 0.12500000
2 0.60937500 0.61093750 0.03750000 0.12812500
22 0.51718750 0.61093750 0.03750000 0.13515625
17 0.42500000 0.61093750 0.03593750 0.12812500
25 0.19062500 0.61484375 0.04062500 0.12812500
11 0.10000000 0.61093750 0.03750000 0.13515625
0 0.14531250 0.78437500 0.03125000 0.12812500
18 0.37812500 0.78125000 0.03750000 0.11796875
3 0.42343750 0.78125000 0.03281250 0.12500000
3 0.56093750 0.78437500 0.03593750 0.12500000
13 0.65312500 0.78437500 0.03593750 0.12500000
0 0.87812500 0.94453125 0.04062500 0.10781250
20 0.74531250 0.94453125 0.03750000 0.11093750
3 0.65468750 0.94765625 0.03281250 0.10078125
6 0.51718750 0.94765625 0.03750000 0.10390625
0 0.28281250 0.94453125 0.03593750 0.11093750
7 0.24062500 0.95156250 0.03593750 0.09687500
13 0.05781250 0.94453125 0.03906250 0.11093750
