22 0.18437500 0.10390625 0.03906250 0.12500000
4 0.22812500 0.10078125 0.03906250 0.13515625
11 0.27343750 0.09687500 0.04218750 0.14218750
11 0.32343750 0.09375000 0.04375000 0.13906250
23 0.46718750 0.08671875 0.03906250 0.13906250
12 0.55937500 0.08359375 0.03906250 0.12812500
8 0.60781250 0.08359375 0.03750000 0.13203125
19 0.70312500 0.08359375 0.04062500 0.12500000
7 0.79531250 0.08359375 0.03593750 0.11796875
5 0.27187500 0.26015625 0.03593750 0.12812500
8 0.32187500 0.26015625 0.03750000 0.13203125
21 0.37031250 0.26015625 0.03750000 0.13203125
4 0.41718750 0.26015625 0.03906250 0.13515625
7 0.51406250 0.25703125 0.03750000 0.13203125
20 0.56250000 0.25703125 0.03750000 0.13515625
13 0.61250000 0.25703125 0.03437500 0.13515625
3 0.65937500 0.25312500 0.04062500 0.14218750
17 0.70625000 0.25000000 0.03750000 0.13515625
17 0.93906250 0.25703125 0.03906250 0.13515625
18 0.98281250 0.26015625 0.03281250 0.12812500
5 0.12968750 0.45156250 0.03906250 0.13515625
8 0.22343750 0.44765625 0.03593750 0.13203125
11 0.36875000 0.44062500 0.03750000 0.13906250
4 0.46875000 0.43750000 0.04218750 0.14921875
4 0.71406250 0.43046875 0.03906250 0.12812500
24 0.76250000 0.43046875 0.03906250 0.13906250
14 0.85781250 0.43046875 0.04375000 0.14218750
5 0.22031250 0.62812500 0.04375000 0.14218750
17 0.31406250 0.62812500 0.04062500 0.13515625
6 0.46718750 0.61796875 0.03750000 0.13515625
17 0.51718750 0.62187500 0.03906250 0.14609375
17 0.56562500 0.61796875 0.03750000 0.14609375
3 0.61875000 0.62187500 0.04218750 0.15312500
4 0.66875000 0.61796875 0.03906250 0.14921875
19 0.76875000 0.61796875 0.04062500 0.13906250
22 0.31093750 0.81953125 0.03906250 0.15312500
4 0.36093750 0.81953125 0.04218750 0.14921875
11 0.41250000 0.81562500 0.04218750 0.15625000
11 0.46562500 0.81953125 0.04218750 0.15312500
6 0.77500000 0.80937500 0.04062500 0.15312500
20 0.82500000 0.81250000 0.03906250 0.14609375
4 0.87343750 0.80937500 0.04062500 0.14609375
18 0.92031250 0.80546875 0.04062500 0.14921875
18 0.96718750 0.80937500 0.03750000 0.13906250
