18 0.12343750 0.34843750 0.09062500 0.16718750
4 0.08750000 0.85625000 0.08750000 0.16718750
11 0.18125000 0.85156250 0.10000000 0.18906250
11 0.15156250 0.59218750 0.09062500 0.15781250
7 0.23593750 0.32656250 0.10468750 0.17968750
14 0.25468750 0.56406250 0.09531250 0.16562500
14 0.40468750 0.77500000 0.09843750 0.17500000
12 0.28750000 0.81093750 0.08593750 0.17656250
0 0.34218750 0.30468750 0.08593750 0.17187500
18 0.45468750 0.30000000 0.09062500 0.17968750
17 0.38750000 0.53750000 0.08593750 0.16250000
18 0.49062500 0.51562500 0.09375000 0.17968750
