18 0.38134800 0.24927300 0.02050800 0.02325600
12 0.51318400 0.24818300 0.02050800 0.02398300
0 0.53906200 0.24891000 0.02148400 0.02398300
17 0.56591800 0.24818300 0.02050800 0.02398300
0 0.61914100 0.24818300 0.02148400 0.02398300
10 0.64502000 0.24818300 0.02050800 0.02398300
18 0.35986300 0.38045100 0.02050800 0.02252900
10 0.38476600 0.38008700 0.01953100 0.02180200
0 0.41113300 0.38008700 0.01953100 0.02180200
25 0.43701200 0.38008700 0.02050800 0.02180200
10 0.46240200 0.37972400 0.02050800 0.02252900
8 0.48779300 0.37972400 0.02050800 0.02252900
15 0.53906200 0.37972400 0.01953100 0.02252900
4 0.56543000 0.37972400 0.01953100 0.02252900
18 0.59082000 0.38008700 0.01953100 0.02180200
13 0.61621100 0.38008700 0.01953100 0.02180200
8 0.64257800 0.37972400 0.01953100 0.02252900
25 0.43554700 0.41206400 0.01953100 0.02180200
0 0.46093800 0.41170100 0.01953100 0.02252900
6 0.48730500 0.41206400 0.01953100 0.02180200
0 0.51367200 0.41206400 0.01953100 0.02180200
3 0.53808600 0.41206400 0.01953100 0.02180200
10 0.56445300 0.41206400 0.01953100 0.02180200
8 0.59082000 0.41206400 0.01953100 0.02180200
18 0.35888700 0.47565400 0.02050800 0.02252900
19 0.38476600 0.47565400 0.01953100 0.02252900
8 0.41064500 0.47529100 0.02050800 0.02180200
7 0.43603500 0.47492700 0.02050800 0.02252900
14 0.46191400 0.47529100 0.01953100 0.02180200
19 0.48779300 0.47529100 0.02050800 0.02180200
22 0.51318400 0.47529100 0.02050800 0.02180200
14 0.53906200 0.47529100 0.01953100 0.02180200
17 0.56494100 0.47565400 0.02050800 0.02252900
4 0.59033200 0.47565400 0.02050800 0.02252900
13 0.61572300 0.47565400 0.02050800 0.02252900
8 0.64209000 0.47565400 0.02050800 0.02252900
22 0.33252000 0.60283400 0.02050800 0.02252900
16 0.38378900 0.60174400 0.01953100 0.02180200
4 0.40918000 0.60174400 0.01953100 0.02180200
19 0.43554700 0.60174400 0.01953100 0.02180200
17 0.48779300 0.60174400 0.02050800 0.02180200
4 0.51318400 0.60210800 0.02050800 0.02252900
7 0.53808600 0.60174400 0.01953100 0.02180200
10 0.58984400 0.60138100 0.01953100 0.02252900
13 0.61523400 0.60138100 0.01953100 0.02252900
8 0.64111300 0.60101700 0.02050800 0.02180200
6 0.66699200 0.60174400 0.01953100 0.02180200
0 0.69189500 0.60065400 0.02050800 0.02252900
7 0.71826200 0.60101700 0.02050800 0.02180200
10 0.38378900 0.63372100 0.01953100 0.02180200
13 0.41015600 0.63444800 0.01953100 0.02180200
8 0.43603500 0.63444800 0.02050800 0.02180200
6 0.46191400 0.63372100 0.01953100 0.02180200
0 0.48681600 0.63408400 0.02050800 0.02252900
15 0.53857400 0.63335800 0.02050800 0.02252900
4 0.56494100 0.63335800 0.02050800 0.02252900
17 0.59033200 0.63299400 0.02050800 0.02180200
22 0.61572300 0.63299400 0.02050800 0.02180200
0 0.64160200 0.63299400 0.01953100 0.02180200
12 0.46142600 0.82558100 0.02050800 0.02180200
14 0.48681600 0.82521800 0.02050800 0.02252900
18 0.51269500 0.82521800 0.01953100 0.02252900
10 0.53906200 0.82521800 0.01953100 0.02252900
22 0.56445300 0.82485500 0.01953100 0.02180200
0 0.58935500 0.82449100 0.02050800 0.02252900
12 0.40918000 0.85828500 0.01953100 0.02180200
8 0.43457000 0.85792200 0.01953100 0.02252900
15 0.46093800 0.85792200 0.01953100 0.02252900
14 0.48535200 0.85792200 0.01953100 0.02252900
17 0.53857400 0.85719500 0.02050800 0.02252900
4 0.56396500 0.85646800 0.02050800 0.02252900
15 0.58984400 0.85646800 0.01953100 0.02252900
17 0.61572300 0.85574100 0.02050800 0.02252900
14 0.64160200 0.85537800 0.01953100 0.02180200
1 0.48632800 0.88953500 0.01953100 0.02180200
9 0.51367200 0.88917200 0.01953100 0.02252900
9 0.53710900 0.88844500 0.01953100 0.02252900
4 0.56445300 0.88844500 0.01953100 0.02252900
