18 0.12187500 0.21406250 0.07343750 0.16250000
7 0.20781250 0.19687500 0.07812500 0.16093750
4 0.30000000 0.18437500 0.07656250 0.17187500
3 0.22656250 0.61250000 0.09375000 0.17031250
0 0.32187500 0.59531250 0.08281250 0.16093750
12 0.39531250 0.16093750 0.08281250 0.16562500
3 0.57031250 0.12968750 0.07656250 0.16718750
14 0.65625000 0.12343750 0.08125000 0.16093750
3 0.42812500 0.57343750 0.09062500 0.17187500
0 0.40468750 0.36718750 0.07812500 0.15312500
5 0.49843750 0.36093750 0.07812500 0.17187500
18 0.59687500 0.33906250 0.08750000 0.17656250
21 0.75312500 0.12656250 0.07812500 0.16562500
13 0.82343750 0.11718750 0.06875000 0.14843750
11 0.63125000 0.77187500 0.08281250 0.17187500
0 0.53906250 0.77968750 0.10000000 0.17187500
18 0.60625000 0.53437500 0.09375000 0.16718750
4 0.68906250 0.33281250 0.08593750 0.17187500
16 0.77343750 0.31562500 0.08125000 0.15625000
