19 0.47343750 0.28750000 0.05156250 0.15000000
19 0.54843750 0.62812500 0.05468750 0.13593750
13 0.60625000 0.62500000 0.04687500 0.13125000
13 0.89843750 0.75625000 0.04687500 0.13125000
13 0.82500000 0.42968750 0.04687500 0.13437500
14 0.70156250 0.27187500 0.05156250 0.13437500
14 0.71093750 0.44062500 0.05156250 0.13437500
14 0.84218750 0.76718750 0.05156250 0.13125000
11 0.72187500 0.61406250 0.05625000 0.13906250
20 0.61718750 0.79375000 0.04687500 0.14375000
0 0.55937500 0.79687500 0.04687500 0.13437500
15 0.53750000 0.27812500 0.05000000 0.13593750
18 0.65312500 0.26718750 0.05156250 0.14375000
8 0.81718750 0.25937500 0.05937500 0.15312500
17 0.65468750 0.44531250 0.05468750 0.13906250
9 0.48906250 0.64218750 0.05156250 0.13906250
6 0.66406250 0.61718750 0.05468750 0.13437500
4 0.77968750 0.59687500 0.04687500 0.13593750
4 0.67500000 0.78437500 0.04687500 0.13593750
7 0.50156250 0.81093750 0.05156250 0.13906250
12 0.78437500 0.75781250 0.04687500 0.12500000
10 0.95468750 0.75312500 0.05000000 0.13593750
1 0.96093750 0.90468750 0.04687500 0.13125000
7 0.88906250 0.59687500 0.05156250 0.13906250
