0 0.17822300 0.06005900 0.02246100 0.03418000
15 0.23632800 0.06005900 0.02343800 0.03418000
10 0.26562500 0.06005900 0.02343800 0.03418000
13 0.29492200 0.06005900 0.02343800 0.03418000
10 0.32275400 0.06005900 0.02246100 0.03418000
19 0.35156200 0.06005900 0.02343800 0.03418000
15 0.18017600 0.11377000 0.02246100 0.03613300
4 0.20752000 0.11328100 0.02246100 0.03515600
17 0.23632800 0.11328100 0.02343800 0.03515600
4 0.26513700 0.11328100 0.02246100 0.03515600
10 0.29541000 0.11328100 0.02246100 0.03515600
20 0.32421900 0.11230500 0.02343800 0.03515600
15 0.35302700 0.11230500 0.02246100 0.03515600
13 0.38134800 0.11328100 0.02246100 0.03515600
14 0.41064500 0.11230500 0.02246100 0.03515600
15 0.49853500 0.11181600 0.02246100 0.03418000
4 0.52685500 0.11132800 0.02246100 0.03515600
17 0.55566400 0.11132800 0.02343800 0.03515600
4 0.58447300 0.11132800 0.02246100 0.03515600
20 0.61279300 0.11084000 0.02246100 0.03418000
11 0.64160200 0.11084000 0.02343800 0.03418000
14 0.67041000 0.10986300 0.02246100 0.03418000
10 0.69824200 0.10986300 0.02343800 0.03418000
13 0.75830100 0.10888700 0.02246100 0.03418000
4 0.78613300 0.10742200 0.02343800 0.03320300
8 0.18115200 0.16699200 0.02246100 0.03515600
17 0.20849600 0.16699200 0.02246100 0.03515600
14 0.23681600 0.16650400 0.02246100 0.03418000
10 0.26709000 0.16650400 0.02246100 0.03418000
0 0.29589800 0.16650400 0.02148400 0.03418000
15 0.44140600 0.16552700 0.02148400 0.03418000
4 0.46923800 0.16503900 0.02246100 0.03515600
17 0.49853500 0.16503900 0.02246100 0.03515600
4 0.52734400 0.16503900 0.02148400 0.03515600
10 0.55615200 0.16503900 0.02246100 0.03515600
17 0.58447300 0.16455100 0.02246100 0.03418000
18 0.64306600 0.16357400 0.02246100 0.03418000
19 0.67138700 0.16357400 0.02246100 0.03418000
14 0.70068400 0.16259800 0.02246100 0.03418000
10 0.72900400 0.16259800 0.02246100 0.03418000
18 0.15234400 0.21972700 0.02343800 0.03515600
13 0.23974600 0.21826200 0.02246100 0.03418000
4 0.26904300 0.21826200 0.02246100 0.03418000
22 0.29834000 0.21826200 0.02246100 0.03418000
8 0.32666000 0.21875000 0.02246100 0.03515600
10 0.35400400 0.21875000 0.02246100 0.03515600
8 0.38427700 0.21875000 0.02246100 0.03515600
12 0.41308600 0.21875000 0.02343800 0.03515600
15 0.47021500 0.21826200 0.02246100 0.03418000
17 0.49951200 0.21826200 0.02246100 0.03418000
14 0.52783200 0.21826200 0.02246100 0.03418000
18 0.55761700 0.21777300 0.02343800 0.03515600
15 0.58642600 0.21777300 0.02246100 0.03515600
4 0.61474600 0.21728500 0.02246100 0.03418000
10 0.64355500 0.21777300 0.02343800 0.03515600
19 0.67285200 0.21679700 0.02343800 0.03515600
14 0.70117200 0.21582000 0.02343800 0.03515600
12 0.73046900 0.21533200 0.02343800 0.03418000
1 0.18212900 0.27539100 0.02246100 0.03515600
15 0.47265600 0.27148400 0.02343800 0.03515600
4 0.50146500 0.27148400 0.02246100 0.03515600
17 0.53027300 0.27099600 0.02343800 0.03613300
4 0.55908200 0.27099600 0.02246100 0.03613300
7 0.58837900 0.27050800 0.02246100 0.03515600
14 0.61718800 0.27050800 0.02343800 0.03515600
9 0.64550800 0.26953100 0.02343800 0.03515600
20 0.67480500 0.26904300 0.02343800 0.03418000
18 0.73291000 0.26806600 0.02246100 0.03418000
16 0.15527300 0.32910200 0.02343800 0.03515600
14 0.18310500 0.33007800 0.02246100 0.03515600
19 0.21240200 0.32861300 0.02246100 0.03418000
13 0.24169900 0.32763700 0.02246100 0.03418000
14 0.27002000 0.32666000 0.02246100 0.03418000
13 0.35791000 0.32324200 0.02246100 0.03515600
0 0.38671900 0.32617200 0.02343800 0.03515600
13 0.44580100 0.32519500 0.02246100 0.03515600
4 0.47314500 0.32421900 0.02246100 0.03515600
16 0.50244100 0.32470700 0.02246100 0.03418000
14 0.53173800 0.32470700 0.02246100 0.03418000
19 0.56005900 0.32421900 0.02246100 0.03515600
13 0.58935500 0.32373000 0.02246100 0.03418000
20 0.61865200 0.32373000 0.02246100 0.03418000
2 0.18310500 0.38085900 0.02246100 0.03515600
13 0.30127000 0.37890600 0.02246100 0.03515600
4 0.32959000 0.37890600 0.02246100 0.03515600
22 0.35791000 0.37890600 0.02246100 0.03515600
18 0.38720700 0.37841800 0.02246100 0.03418000
10 0.41552700 0.37841800 0.02246100 0.03418000
8 0.44482400 0.37793000 0.02246100 0.03515600
15 0.53173800 0.37695300 0.02246100 0.03515600
17 0.56005900 0.37646500 0.02246100 0.03418000
14 0.58886700 0.37646500 0.02343800 0.03418000
18 0.61767600 0.37646500 0.02246100 0.03418000
15 0.64697300 0.37597700 0.02246100 0.03515600
4 0.67529300 0.37548800 0.02246100 0.03418000
10 0.70459000 0.37451200 0.02246100 0.03418000
19 0.73291000 0.37451200 0.02246100 0.03418000
8 0.18457000 0.43554700 0.02343800 0.03515600
17 0.21435500 0.43505900 0.02246100 0.03613300
14 0.24365200 0.43505900 0.02246100 0.03613300
10 0.27294900 0.43457000 0.02246100 0.03515600
8 0.30224600 0.43408200 0.02246100 0.03613300
3 0.41845700 0.43261700 0.02246100 0.03515600
15 0.47607400 0.43115200 0.02246100 0.03613300
14 0.50439500 0.43066400 0.02246100 0.03515600
11 0.53320300 0.42968800 0.02343800 0.03515600
14 0.56201200 0.42871100 0.02246100 0.03515600
18 0.59130900 0.42968800 0.02246100 0.03515600
8 0.62109400 0.42773400 0.02343800 0.03515600
18 0.67773400 0.42724600 0.02343800 0.03418000
8 0.70703100 0.42675800 0.02343800 0.03515600
11 0.73584000 0.42675800 0.02246100 0.03515600
13 0.15722700 0.48974600 0.02343800 0.03613300
14 0.18652300 0.48925800 0.02343800 0.03515600
6 0.21679700 0.48974600 0.02343800 0.03613300
14 0.24462900 0.48877000 0.02246100 0.03613300
3 0.30419900 0.48779300 0.02246100 0.03613300
22 0.33349600 0.48730500 0.02246100 0.03515600
8 0.36181600 0.48681600 0.02246100 0.03613300
9 0.41943400 0.48535200 0.02246100 0.03515600
4 0.44873000 0.48437500 0.02246100 0.03515600
13 0.47705100 0.48437500 0.02246100 0.03515600
8 0.62304700 0.48193400 0.02343800 0.03418000
23 0.65185500 0.48144500 0.02246100 0.03515600
12 0.15918000 0.54443400 0.02343800 0.03613300
4 0.18896500 0.54345700 0.02246100 0.03613300
18 0.21777300 0.54296900 0.02343800 0.03515600
19 0.24658200 0.54296900 0.02246100 0.03515600
0 0.27636700 0.54296900 0.02343800 0.03515600
3 0.33496100 0.54248000 0.02343800 0.03613300
11 0.39209000 0.53906200 0.02246100 0.03515600
15 0.47900400 0.53759800 0.02246100 0.03418000
14 0.50781200 0.53710900 0.02148400 0.03515600
17 0.53662100 0.53710900 0.02246100 0.03515600
10 0.56543000 0.53613300 0.02343800 0.03515600
14 0.59423800 0.53613300 0.02246100 0.03515600
22 0.62451200 0.53515600 0.02246100 0.03515600
10 0.65380900 0.53515600 0.02246100 0.03515600
8 0.68164100 0.53515600 0.02343800 0.03515600
12 0.74023400 0.53320300 0.02343800 0.03515600
0 0.76855500 0.53222700 0.02343800 0.03515600
8 0.19043000 0.59765600 0.02343800 0.03515600
13 0.21972700 0.59765600 0.02343800 0.03515600
18 0.27783200 0.59668000 0.02246100 0.03515600
14 0.33593800 0.59472700 0.02343800 0.03515600
1 0.36425800 0.59375000 0.02343800 0.03515600
4 0.39355500 0.59375000 0.02343800 0.03515600
4 0.42236300 0.59277300 0.02246100 0.03515600
7 0.45117200 0.59277300 0.02343800 0.03515600
18 0.50976600 0.59179700 0.02343800 0.03515600
19 0.53808600 0.59082000 0.02343800 0.03515600
17 0.56689500 0.58984400 0.02246100 0.03515600
14 0.59619100 0.58886700 0.02246100 0.03515600
13 0.62548800 0.58789100 0.02246100 0.03515600
15 0.74072300 0.58593800 0.02441400 0.03515600
4 0.76953100 0.58496100 0.02343800 0.03515600
17 0.16113300 0.65087900 0.02343800 0.03418000
4 0.19140600 0.64990200 0.02343800 0.03418000
10 0.22070300 0.64990200 0.02343800 0.03418000
17 0.24902300 0.64941400 0.02343800 0.03515600
18 0.30859400 0.64843800 0.02343800 0.03515600
19 0.33789100 0.64794900 0.02343800 0.03418000
14 0.36523400 0.64746100 0.02343800 0.03515600
10 0.39453100 0.64648400 0.02343800 0.03515600
18 0.45263700 0.64550800 0.02246100 0.03515600
14 0.48193400 0.64453100 0.02246100 0.03515600
18 0.53906200 0.64355500 0.02343800 0.03515600
22 0.56884800 0.64257800 0.02246100 0.03515600
8 0.59765600 0.64306600 0.02343800 0.03418000
19 0.62695300 0.64257800 0.02343800 0.03515600
14 0.65576200 0.64160200 0.02246100 0.03515600
17 0.68457000 0.64062500 0.02343800 0.03515600
14 0.71386700 0.64062500 0.02343800 0.03515600
12 0.74267600 0.63964800 0.02246100 0.03515600
18 0.19335900 0.70263700 0.02343800 0.03613300
22 0.22168000 0.70263700 0.02343800 0.03613300
4 0.25097700 0.70263700 0.02343800 0.03613300
19 0.27978500 0.70214800 0.02246100 0.03515600
14 0.30908200 0.70214800 0.02246100 0.03515600
5 0.33837900 0.70166000 0.02246100 0.03613300
14 0.36718800 0.70117200 0.02343800 0.03515600
17 0.39599600 0.70019500 0.02246100 0.03515600
6 0.45410200 0.69921900 0.02343800 0.03515600
14 0.48291000 0.69873000 0.02246100 0.03418000
11 0.51220700 0.69775400 0.02246100 0.03418000
14 0.54150400 0.69677700 0.02246100 0.03418000
18 0.56982400 0.69580100 0.02246100 0.03418000
14 0.59912100 0.69531200 0.02246100 0.03515600
22 0.62841800 0.69482400 0.02246100 0.03418000
14 0.65673800 0.69433600 0.02246100 0.03515600
0 0.19482400 0.75585900 0.02246100 0.03515600
4 0.22363300 0.75585900 0.02343800 0.03515600
18 0.28222700 0.75683600 0.02343800 0.03515600
8 0.31054700 0.75585900 0.02343800 0.03515600
10 0.33984400 0.75537100 0.02343800 0.03613300
20 0.36865200 0.75439500 0.02246100 0.03613300
13 0.39746100 0.75341800 0.02343800 0.03613300
19 0.42675800 0.75293000 0.02343800 0.03515600
13 0.48388700 0.75146500 0.02246100 0.03418000
0 0.51367200 0.75048800 0.02343800 0.03418000
15 0.57128900 0.74902300 0.02343800 0.03515600
4 0.60009800 0.74902300 0.02246100 0.03515600
17 0.62890600 0.74902300 0.02343800 0.03515600
4 0.65869100 0.74804700 0.02246100 0.03515600
7 0.68750000 0.74804700 0.02343800 0.03515600
14 0.71582000 0.74804700 0.02343800 0.03515600
19 0.74462900 0.74755900 0.02246100 0.03613300
13 0.16845700 0.81298800 0.02246100 0.03613300
4 0.19628900 0.81347700 0.02343800 0.03515600
22 0.22558600 0.81152300 0.02343800 0.03515600
18 0.25488300 0.81250000 0.02343800 0.03515600
10 0.28418000 0.81005900 0.02343800 0.03418000
14 0.31445300 0.80908200 0.02343800 0.03418000
6 0.34228500 0.80908200 0.02246100 0.03418000
14 0.37255900 0.80712900 0.02246100 0.03418000
15 0.48535200 0.80468800 0.02343800 0.03515600
14 0.51367200 0.80468800 0.02343800 0.03515600
22 0.54248000 0.80322300 0.02441400 0.03613300
14 0.57128900 0.80273400 0.02343800 0.03515600
17 0.60058600 0.80224600 0.02343800 0.03613300
0 0.62890600 0.80175800 0.02343800 0.03515600
16 0.65869100 0.80078100 0.02441400 0.03515600
8 0.69043000 0.80029300 0.02343800 0.03613300
22 0.71777300 0.80029300 0.02343800 0.03613300
0 0.74707000 0.80224600 0.02343800 0.03613300
13 0.16113300 0.86230500 0.02343800 0.03515600
0 0.18896500 0.86132800 0.02441400 0.03515600
15 0.24707000 0.86035200 0.02343800 0.03515600
0 0.27636700 0.85986300 0.02343800 0.03613300
22 0.30371100 0.85937500 0.02343800 0.03515600
14 0.33300800 0.85937500 0.02343800 0.03515600
7 0.44824200 0.85693400 0.02343800 0.03613300
14 0.47753900 0.85693400 0.02343800 0.03613300
17 0.50585900 0.85693400 0.02343800 0.03613300
14 0.53515600 0.85595700 0.02343800 0.03613300
14 0.59228500 0.85498000 0.02441400 0.03613300
14 0.65185500 0.85595700 0.02441400 0.03613300
18 0.68212900 0.85644500 0.02441400 0.03515600
22 0.71044900 0.85644500 0.02441400 0.03515600
4 0.74072300 0.85742200 0.02246100 0.03515600
23 0.76953100 0.85742200 0.02539100 0.03515600
13 0.82666000 0.85644500 0.02246100 0.03515600
13 0.15918000 0.91406200 0.02343800 0.03320300
4 0.18896500 0.91357400 0.02246100 0.03222700
22 0.21826200 0.91308600 0.02246100 0.03320300
18 0.24707000 0.91259800 0.02343800 0.03222700
10 0.27685500 0.91210900 0.02246100 0.03320300
4 0.30419900 0.91210900 0.02246100 0.03320300
15 0.39209000 0.91113300 0.02246100 0.03320300
14 0.42089800 0.91015600 0.02343800 0.03320300
18 0.45068400 0.90966800 0.02246100 0.03418000
15 0.47802700 0.90918000 0.02246100 0.03320300
4 0.50781200 0.90918000 0.02148400 0.03320300
10 0.53613300 0.90869100 0.02148400 0.03418000
19 0.56494100 0.90918000 0.02246100 0.03320300
