18 0.12187500 0.34531250 0.09062500 0.16718750
4 0.09531250 0.84218750 0.08750000 0.16718750
11 0.19062500 0.82500000 0.10000000 0.18906250
11 0.14531250 0.57812500 0.09062500 0.16093750
7 0.22968750 0.32656250 0.10468750 0.17968750
14 0.26406250 0.56093750 0.09531250 0.16718750
14 0.41250000 0.75781250 0.09843750 0.17500000
12 0.30000000 0.78906250 0.08750000 0.17656250
0 0.33593750 0.30312500 0.08593750 0.17187500
18 0.45000000 0.29218750 0.09062500 0.17968750
17 0.37968750 0.52500000 0.08593750 0.16250000
18 0.48593750 0.50625000 0.09375000 0.17968750
25 0.55000000 0.27187500 0.09062500 0.17968750
