19 0.70000000 0.36250000 0.05625000 0.14531250
13 0.75781250 0.36250000 0.05156250 0.15312500
20 0.76093750 0.52812500 0.04687500 0.14062500
0 0.70625000 0.52812500 0.05625000 0.14375000
17 0.80937500 0.18593750 0.06250000 0.15000000
9 0.64218750 0.36093750 0.05156250 0.13906250
6 0.81406250 0.35781250 0.05156250 0.14375000
4 0.82187500 0.53437500 0.05156250 0.15000000
7 0.64375000 0.52500000 0.05156250 0.13906250
14 0.70625000 0.69375000 0.05625000 0.14062500
2 0.64843750 0.69375000 0.05156250 0.14062500
19 0.77031250 0.69375000 0.05625000 0.13593750
16 0.82656250 0.68437500 0.05000000 0.13906250
17 0.88125000 0.69062500 0.04687500 0.15000000
4 0.93437500 0.68437500 0.04687500 0.12656250
17 0.94375000 0.85156250 0.05468750 0.14062500
16 0.83281250 0.86093750 0.05937500 0.13906250
9 0.88437500 0.85625000 0.05156250 0.14062500
8 0.77031250 0.86406250 0.04687500 0.13437500
1 0.71406250 0.85937500 0.05625000 0.14062500
