18 0.19843750 0.70156250 0.10312500 0.20781250
7 0.31562500 0.68593750 0.11406250 0.21562500
8 0.28437500 0.41250000 0.10781250 0.21875000
13 0.40937500 0.39531250 0.10468750 0.23437500
4 0.43593750 0.65625000 0.10781250 0.21250000
18 0.58593750 0.89843750 0.10312500 0.19375000
16 0.56250000 0.63281250 0.10937500 0.21093750
20 0.14531250 0.17500000 0.10937500 0.17656250
4 0.25156250 0.15937500 0.09843750 0.20781250
13 0.37500000 0.12500000 0.10312500 0.22812500
16 0.46562500 0.90000000 0.10937500 0.19843750
4 0.05625000 0.45625000 0.11250000 0.22812500
2 0.64218750 0.33750000 0.10468750 0.23281250
4 0.70156250 0.87968750 0.10000000 0.21562500
