0 0.12812500 0.13867188 0.07031250 0.11523438
1 0.22187500 0.13867188 0.07187500 0.11523438
2 0.31250000 0.13671875 0.06406250 0.12109375
3 0.40625000 0.13671875 0.05937500 0.12500000
4 0.50156250 0.13867188 0.06406250 0.11523438
5 0.59375000 0.13671875 0.05625000 0.11523438
6 0.68593750 0.13867188 0.05937500 0.11523438
7 0.77812500 0.13867188 0.05625000 0.12109375
8 0.87187500 0.13671875 0.05937500 0.11328125
9 0.12812500 0.36914062 0.05625000 0.11523438
10 0.22343750 0.36718750 0.06875000 0.11523438
11 0.31406250 0.36718750 0.06875000 0.11523438
12 0.40781250 0.36718750 0.06406250 0.11914062
13 0.50156250 0.36328125 0.06093750 0.11523438
14 0.59375000 0.36718750 0.06406250 0.12695312
15 0.68906250 0.36523438 0.06562500 0.11328125
16 0.77812500 0.36328125 0.06406250 0.11328125
17 0.87187500 0.36328125 0.05937500 0.10742188
18 0.17187500 0.59570312 0.06562500 0.11328125
19 0.26406250 0.59570312 0.06875000 0.11328125
20 0.35625000 0.59375000 0.06406250 0.10937500
21 0.44687500 0.58984375 0.05625000 0.10546875
22 0.54531250 0.58984375 0.06406250 0.11328125
23 0.63593750 0.59375000 0.06562500 0.11523438
24 0.72656250 0.59570312 0.06562500 0.11328125
25 0.83125000 0.59375000 0.06093750 0.11523438
