19 0.02812500 0.06250000 0.02812500 0.09375000
17 0.31875000 0.06250000 0.03281250 0.09722222
8 0.43281250 0.06250000 0.02812500 0.08680556
19 0.20156250 0.32986111 0.03125000 0.10416667
7 0.04687500 0.61111111 0.02812500 0.11111111
14 0.19687500 0.61805556 0.03593750 0.10763889
2 0.54218750 0.62152778 0.02968750 0.10069444
18 0.04531250 0.75347222 0.03125000 0.10763889
18 0.22968750 0.90972222 0.03281250 0.10763889
13 0.54062500 0.91319444 0.03125000 0.11111111
3 0.65468750 0.91319444 0.02968750 0.10763889
3 0.90000000 0.76736111 0.02500000 0.08680556
24 0.72656250 0.63194444 0.02812500 0.11111111
