6 0.17812500 0.05234375 0.03437500 0.10390625
3 0.29375000 0.05234375 0.03281250 0.10078125
0 0.33281250 0.05234375 0.02656250 0.10078125
8 0.49062500 0.05546875 0.03125000 0.10078125
8 0.52968750 0.05234375 0.03125000 0.10390625
5 0.60781250 0.05234375 0.03281250 0.10078125
19 0.05156250 0.30546875 0.03281250 0.11796875
8 0.08906250 0.30234375 0.03281250 0.11484375
11 0.12812500 0.30546875 0.03125000 0.11796875
11 0.16875000 0.30234375 0.03906250 0.12500000
0 0.25000000 0.30546875 0.03125000 0.11484375
5 0.28906250 0.30234375 0.03281250 0.11484375
18 0.37187500 0.29843750 0.03281250 0.11484375
20 0.41093750 0.30234375 0.03437500 0.11484375
15 0.45156250 0.29843750 0.03281250 0.11796875
15 0.49062500 0.29140625 0.03437500 0.12187500
7 0.77812500 0.29140625 0.03593750 0.12812500
4 0.81562500 0.29140625 0.03281250 0.12500000
11 0.04531250 0.44765625 0.03906250 0.12187500
1 0.24687500 0.44453125 0.03593750 0.11796875
20 0.28750000 0.44765625 0.03281250 0.12812500
14 0.32656250 0.44453125 0.03593750 0.12187500
24 0.37031250 0.44765625 0.03125000 0.12812500
22 0.61875000 0.44453125 0.03437500 0.11796875
4 0.65625000 0.44453125 0.03125000 0.11796875
17 0.73750000 0.44453125 0.03593750 0.11796875
4 0.77968750 0.44062500 0.03593750 0.12500000
13 0.03750000 0.59687500 0.03281250 0.12187500
2 0.07968750 0.60078125 0.03125000 0.12187500
19 0.32656250 0.60078125 0.03281250 0.11796875
13 0.45000000 0.60390625 0.03125000 0.11796875
19 0.61718750 0.59375000 0.03437500 0.11484375
20 0.65937500 0.59375000 0.03593750 0.11796875
17 0.70000000 0.59687500 0.03125000 0.12187500
13 0.74375000 0.59375000 0.03281250 0.11484375
13 0.03281250 0.76406250 0.03593750 0.13515625
13 0.11250000 0.75703125 0.02968750 0.12812500
0 0.15156250 0.75703125 0.03125000 0.12500000
19 0.19531250 0.76015625 0.03281250 0.12812500
20 0.23906250 0.76015625 0.03593750 0.12812500
17 0.27968750 0.75703125 0.03593750 0.12500000
24 0.36406250 0.75703125 0.03593750 0.13515625
17 0.45000000 0.75703125 0.03750000 0.12500000
4 0.49218750 0.75000000 0.03593750 0.13203125
15 0.53593750 0.75312500 0.03750000 0.13203125
19 0.62031250 0.75312500 0.03750000 0.12812500
2 0.19375000 0.92343750 0.03281250 0.12500000
17 0.27656250 0.92031250 0.03593750 0.13515625
8 0.32187500 0.92031250 0.03437500 0.13203125
4 0.36250000 0.92343750 0.03906250 0.13203125
14 0.53593750 0.92343750 0.03593750 0.12187500
22 0.62500000 0.92031250 0.03906250 0.12812500
0 0.66562500 0.91640625 0.03281250 0.13515625
13 0.70781250 0.92031250 0.03437500 0.12187500
19 0.75156250 0.91328125 0.03437500 0.12187500
