0 0.09218750 0.10078125 0.03437500 0.12500000
2 0.30625000 0.09375000 0.03281250 0.12500000
17 0.69218750 0.10078125 0.03593750 0.12500000
0 0.72968750 0.10078125 0.03750000 0.12187500
19 0.81562500 0.10078125 0.03437500 0.12500000
19 0.98125000 0.25703125 0.03750000 0.12500000
17 0.65312500 0.25312500 0.03750000 0.12187500
15 0.39375000 0.25703125 0.03750000 0.11484375
20 0.35156250 0.25312500 0.03750000 0.11484375
14 0.12968750 0.26015625 0.04218750 0.11796875
6 0.09062500 0.26406250 0.03593750 0.12500000
14 0.12500000 0.42343750 0.03593750 0.13203125
11 0.17031250 0.42343750 0.03750000 0.12812500
3 0.39375000 0.57968750 0.03750000 0.11796875
7 0.74375000 0.57656250 0.03281250 0.12187500
11 0.87187500 0.57265625 0.03750000 0.12500000
3 0.48281250 0.73984375 0.03593750 0.12812500
4 0.25937500 0.75000000 0.03750000 0.12500000
1 0.16562500 0.75703125 0.03750000 0.13203125
4 0.07812500 0.92031250 0.03593750 0.12812500
21 0.12031250 0.92343750 0.04062500 0.13906250
0 0.25625000 0.92343750 0.03750000 0.13906250
3 0.35000000 0.91640625 0.03906250 0.13906250
14 0.39062500 0.91640625 0.04062500 0.13906250
17 0.43750000 0.91640625 0.03750000 0.13906250
24 0.48437500 0.91328125 0.03906250 0.14218750
18 0.57187500 0.90937500 0.03906250 0.13515625
19 0.66093750 0.90312500 0.03750000 0.13906250
0 0.70468750 0.90625000 0.03593750 0.13515625
2 0.74843750 0.90625000 0.03593750 0.13203125
10 0.79218750 0.90312500 0.03906250 0.13515625
11 0.83750000 0.90312500 0.04218750 0.14218750
4 0.87812500 0.89921875 0.03750000 0.15312500
