21 0.11406250 0.10763889 0.03593750 0.11458333
8 0.44531250 0.11458333 0.03437500 0.12500000
14 0.61093750 0.11458333 0.03593750 0.11805556
17 0.69531250 0.11458333 0.03593750 0.12152778
20 0.73750000 0.11111111 0.03281250 0.12500000
3 0.94218750 0.11805556 0.02812500 0.11111111
17 0.07656250 0.26388889 0.02968750 0.11805556
20 0.11562500 0.26388889 0.03281250 0.12152778
13 0.15468750 0.26388889 0.03437500 0.11458333
13 0.19531250 0.26041667 0.03281250 0.11458333
20 0.60937500 0.27430556 0.03437500 0.11805556
3 0.81875000 0.27083333 0.03281250 0.11805556
13 0.90000000 0.27083333 0.03281250 0.11111111
19 0.07812500 0.41666667 0.03125000 0.11458333
0 0.11406250 0.41666667 0.02968750 0.11458333
24 0.56562500 0.42708333 0.03125000 0.11458333
22 0.24218750 0.57291667 0.03125000 0.11458333
19 0.81406250 0.58333333 0.03125000 0.10416667
7 0.12187500 0.72222222 0.02968750 0.11458333
1 0.20156250 0.72222222 0.03281250 0.11805556
18 0.40468750 0.72569444 0.02968750 0.10416667
19 0.52343750 0.72569444 0.02968750 0.10416667
15 0.60468750 0.72569444 0.02968750 0.10763889
10 0.12656250 0.86458333 0.03750000 0.11458333
22 0.36406250 0.87152778 0.03281250 0.11458333
0 0.52187500 0.87152778 0.03125000 0.10763889
20 0.72656250 0.88194444 0.03437500 0.11805556
18 0.88593750 0.88194444 0.03281250 0.11111111
