11 0.08437500 0.20625000 0.09531250 0.16250000
19 0.17500000 0.16875000 0.10000000 0.17187500
4 0.26718750 0.15312500 0.09375000 0.19843750
25 0.36718750 0.13125000 0.08750000 0.20312500
5 0.65000000 0.08906250 0.08125000 0.16093750
11 0.74218750 0.08906250 0.07187500 0.16093750
19 0.81875000 0.07656250 0.07343750 0.15000000
17 0.88281250 0.08281250 0.05156250 0.13125000
3 0.08593750 0.39843750 0.07812500 0.14531250
14 0.17812500 0.39843750 0.07812500 0.17500000
21 0.29687500 0.37187500 0.09375000 0.17968750
13 0.38906250 0.36406250 0.08125000 0.19375000
18 0.57343750 0.33125000 0.07812500 0.18125000
7 0.67031250 0.31875000 0.08750000 0.18750000
4 0.76875000 0.31093750 0.08593750 0.18750000
5 0.04062500 0.64687500 0.08125000 0.16250000
18 0.11093750 0.63437500 0.08125000 0.19687500
4 0.20000000 0.62812500 0.08281250 0.18437500
16 0.31250000 0.60000000 0.09375000 0.17968750
18 0.50312500 0.55468750 0.07343750 0.17187500
7 0.59218750 0.53437500 0.08125000 0.18437500
18 0.13281250 0.85937500 0.08281250 0.17968750
14 0.22187500 0.84687500 0.08593750 0.18437500
11 0.32500000 0.82656250 0.09062500 0.17968750
3 0.43437500 0.79375000 0.09375000 0.18437500
16 0.69062500 0.51875000 0.09375000 0.16718750
