18 0.06875000 0.21875000 0.12656250 0.22968750
23 0.21093750 0.20000000 0.11875000 0.22812500
14 0.37812500 0.50625000 0.13125000 0.25156250
20 0.52812500 0.48906250 0.11875000 0.22500000
5 0.37968750 0.86718750 0.11875000 0.26562500
14 0.55312500 0.85625000 0.13437500 0.28750000
16 0.70156250 0.81406250 0.13437500 0.27031250
4 0.65781250 0.45468750 0.11250000 0.22968750
10 0.63906250 0.17812500 0.11406250 0.21093750
16 0.78906250 0.43593750 0.11406250 0.22812500
4 0.75000000 0.17968750 0.09531250 0.19218750
23 0.84375000 0.18593750 0.10000000 0.16718750
