0 0.93701200 0.05159900 0.02246100 0.02325600
6 0.96435500 0.05196200 0.02246100 0.02543600
0 0.15869100 0.07013100 0.02441400 0.02543600
8 0.21826200 0.07049400 0.02441400 0.02616300
25 0.24755900 0.07122100 0.02441400 0.02616300
15 0.30859400 0.07158400 0.02343800 0.02543600
0 0.33886700 0.07194800 0.02343800 0.02616300
18 0.36816400 0.07231100 0.02343800 0.02543600
19 0.39746100 0.07231100 0.02343800 0.02543600
8 0.42724600 0.07267400 0.02441400 0.02616300
8 0.15673800 0.14135200 0.02441400 0.02689000
25 0.18652300 0.14171500 0.02343800 0.02616300
25 0.24951200 0.14171500 0.02441400 0.02616300
20 0.27734400 0.14135200 0.02343800 0.02543600
1 0.30859400 0.14207800 0.02343800 0.02543600
0 0.33984400 0.14244200 0.02343800 0.02616300
18 0.36914100 0.14316900 0.02343800 0.02616300
19 0.39843800 0.14389500 0.02343800 0.02616300
14 0.42773400 0.14389500 0.02343800 0.02616300
18 0.15527300 0.21257300 0.02343800 0.02689000
14 0.18603500 0.21329900 0.02441400 0.02689000
11 0.21679700 0.21366300 0.02343800 0.02616300
13 0.24707000 0.21402600 0.02343800 0.02689000
2 0.27832000 0.21439000 0.02343800 0.02616300
4 0.30859400 0.21439000 0.02343800 0.02616300
22 0.36914100 0.21511600 0.02343800 0.02616300
22 0.42822300 0.21584300 0.02246100 0.02616300
0 0.45800800 0.21620600 0.02343800 0.02543600
11 0.48730500 0.21657000 0.02343800 0.02616300
8 0.51709000 0.21657000 0.02246100 0.02470900
11 0.54589800 0.21657000 0.02148400 0.02470900
14 0.57373000 0.21729700 0.02246100 0.02470900
18 0.60302700 0.21729700 0.02246100 0.02470900
22 0.15576200 0.28633700 0.02441400 0.02761600
13 0.21728500 0.28706400 0.02441400 0.02761600
4 0.24804700 0.28742700 0.02343800 0.02689000
1 0.27832000 0.28779100 0.02343800 0.02616300
14 0.30859400 0.28779100 0.02343800 0.02616300
22 0.36914100 0.28815400 0.02343800 0.02689000
10 0.42968800 0.28815400 0.02343800 0.02689000
0 0.45898400 0.28851700 0.02343800 0.02616300
19 0.48828100 0.28851700 0.02343800 0.02616300
8 0.51855500 0.28851700 0.02343800 0.02616300
11 0.54638700 0.28815400 0.02246100 0.02543600
14 0.57568400 0.28815400 0.02246100 0.02543600
18 0.60449200 0.28815400 0.02343800 0.02543600
15 0.15576200 0.36046500 0.02441400 0.02616300
14 0.18701200 0.36082800 0.02441400 0.02543600
1 0.21728500 0.36119200 0.02441400 0.02616300
4 0.24853500 0.36119200 0.02441400 0.02616300
9 0.27880900 0.36119200 0.02441400 0.02616300
0 0.30957000 0.36119200 0.02343800 0.02470900
11 0.34082000 0.36119200 0.02343800 0.02470900
14 0.37109400 0.36119200 0.02343800 0.02470900
15 0.43017600 0.36191900 0.02246100 0.02470900
14 0.45996100 0.36155500 0.02343800 0.02543600
10 0.51953100 0.36191900 0.02343800 0.02616300
20 0.54834000 0.36228200 0.02246100 0.02543600
18 0.57714800 0.36228200 0.02343800 0.02543600
19 0.60595700 0.36228200 0.02246100 0.02543600
0 0.63525400 0.36228200 0.02246100 0.02543600
12 0.66455100 0.36228200 0.02246100 0.02543600
15 0.15576200 0.43532000 0.02441400 0.02616300
14 0.18701200 0.43532000 0.02441400 0.02616300
1 0.24804700 0.43532000 0.02343800 0.02616300
4 0.27929700 0.43532000 0.02343800 0.02616300
17 0.31054700 0.43532000 0.02343800 0.02616300
25 0.37158200 0.43532000 0.02441400 0.02616300
14 0.40234400 0.43495600 0.02343800 0.02543600
22 0.43164100 0.43495600 0.02343800 0.02543600
12 0.49121100 0.43495600 0.02343800 0.02543600
11 0.54931600 0.43495600 0.02246100 0.02543600
8 0.57812500 0.43532000 0.02343800 0.02616300
18 0.60742200 0.43532000 0.02343800 0.02616300
19 0.63671900 0.43495600 0.02343800 0.02543600
0 0.66650400 0.43459300 0.02246100 0.02616300
12 0.69580100 0.43495600 0.02246100 0.02543600
25 0.15527300 0.50944800 0.02539100 0.02616300
3 0.18701200 0.50944800 0.02441400 0.02616300
17 0.21826200 0.50981100 0.02441400 0.02689000
0 0.24951200 0.50944800 0.02441400 0.02616300
22 0.27978500 0.50944800 0.02441400 0.02616300
18 0.31054700 0.50944800 0.02343800 0.02616300
19 0.34179700 0.50872100 0.02343800 0.02616300
22 0.37207000 0.50835800 0.02343800 0.02689000
20 0.40332000 0.50799400 0.02343800 0.02616300
18 0.49218800 0.50799400 0.02343800 0.02616300
14 0.52099600 0.50799400 0.02246100 0.02616300
11 0.54931600 0.50763100 0.02246100 0.02543600
13 0.57861300 0.50763100 0.02246100 0.02543600
2 0.60888700 0.50763100 0.02246100 0.02543600
4 0.63818400 0.50726700 0.02246100 0.02616300
25 0.69775400 0.50690400 0.02246100 0.02543600
14 0.72705100 0.50654100 0.02246100 0.02616300
11 0.75585900 0.50654100 0.02343800 0.02616300
14 0.78564500 0.50654100 0.02246100 0.02616300
19 0.81396500 0.50617700 0.02246100 0.02689000
14 0.84326200 0.50617700 0.02246100 0.02689000
4 0.87255900 0.50617700 0.02246100 0.02689000
25 0.15429700 0.58575600 0.02539100 0.02761600
3 0.18652300 0.58575600 0.02539100 0.02761600
17 0.21777300 0.58539200 0.02539100 0.02689000
0 0.24951200 0.58466600 0.02441400 0.02689000
22 0.27978500 0.58393900 0.02441400 0.02689000
18 0.31103500 0.58321200 0.02441400 0.02689000
19 0.34228500 0.58321200 0.02441400 0.02689000
22 0.37255900 0.58284900 0.02441400 0.02616300
20 0.40380900 0.58248500 0.02441400 0.02689000
13 0.49316400 0.58175900 0.02343800 0.02689000
4 0.52246100 0.58103200 0.02343800 0.02543600
1 0.55175800 0.58066900 0.02343800 0.02616300
14 0.58056600 0.58175900 0.02246100 0.02543600
6 0.63964800 0.58066900 0.02343800 0.02616300
14 0.66894500 0.58066900 0.02343800 0.02616300
11 0.69873000 0.58030500 0.02246100 0.02543600
20 0.72949200 0.58030500 0.02343800 0.02543600
1 0.75830100 0.57994200 0.02246100 0.02616300
14 0.78808600 0.57957800 0.02343800 0.02543600
4 0.81738300 0.57957800 0.02343800 0.02543600
18 0.15429700 0.66279100 0.02539100 0.02761600
19 0.18505900 0.66242700 0.02441400 0.02834300
0 0.21630900 0.66170100 0.02441400 0.02834300
11 0.24853500 0.66133700 0.02441400 0.02761600
8 0.27978500 0.66061000 0.02441400 0.02761600
15 0.34228500 0.65915700 0.02441400 0.02761600
19 0.37304700 0.65843000 0.02343800 0.02616300
0 0.40380900 0.65806700 0.02441400 0.02689000
10 0.46386700 0.65697700 0.02343800 0.02616300
8 0.49414100 0.65661300 0.02343800 0.02689000
23 0.55371100 0.65552300 0.02343800 0.02616300
4 0.58300800 0.65588700 0.02343800 0.02689000
1 0.61230500 0.65588700 0.02343800 0.02689000
4 0.64209000 0.65588700 0.02441400 0.02689000
19 0.67187500 0.65588700 0.02343800 0.02689000
0 0.70166000 0.65516000 0.02441400 0.02689000
19 0.73193400 0.65443300 0.02441400 0.02689000
25 0.15380900 0.74055200 0.02441400 0.02761600
0 0.18554700 0.73982600 0.02539100 0.02761600
1 0.24755900 0.73837200 0.02441400 0.02761600
20 0.27880900 0.73764500 0.02441400 0.02761600
10 0.31005900 0.73691900 0.02441400 0.02761600
0 0.34228500 0.73619200 0.02441400 0.02761600
10 0.40380900 0.73473800 0.02441400 0.02761600
0 0.43505900 0.73437500 0.02441400 0.02834300
12 0.46533200 0.73401200 0.02441400 0.02761600
8 0.49560500 0.73328500 0.02441400 0.02761600
11 0.55517600 0.73255800 0.02441400 0.02761600
4 0.58447300 0.73219500 0.02441400 0.02689000
19 0.61377000 0.73183100 0.02441400 0.02761600
0 0.64404300 0.73183100 0.02441400 0.02761600
19 0.67431600 0.73146800 0.02441400 0.02834300
18 0.15380900 0.81867700 0.02441400 0.02689000
19 0.18457000 0.81867700 0.02343800 0.02689000
0 0.21582000 0.81795100 0.02343800 0.02689000
11 0.24755900 0.81722400 0.02441400 0.02689000
8 0.27978500 0.81649700 0.02441400 0.02689000
25 0.34228500 0.81504400 0.02441400 0.02689000
0 0.37304700 0.81431700 0.02343800 0.02689000
10 0.43505900 0.81213700 0.02441400 0.02689000
8 0.46630900 0.81141000 0.02441400 0.02689000
13 0.15332000 0.89789200 0.02539100 0.02834300
0 0.18457000 0.89716600 0.02539100 0.02834300
11 0.24804700 0.89571200 0.02539100 0.02834300
20 0.27978500 0.89498500 0.02441400 0.02834300
9 0.31054700 0.89389500 0.02539100 0.02761600
0 0.34228500 0.89316900 0.02441400 0.02761600
10 0.40478500 0.89171500 0.02441400 0.02761600
4 0.43505900 0.89098800 0.02441400 0.02761600
