0 0.17500000 0.54375000 0.06093750 0.08437500
13 0.23906250 0.54218750 0.05156250 0.08437500
3 0.30468750 0.54375000 0.05156250 0.08437500
17 0.37500000 0.54375000 0.05156250 0.07968750
4 0.44375000 0.54218750 0.05156250 0.08125000
0 0.51093750 0.54375000 0.05156250 0.07968750
6 0.61562500 0.54218750 0.05156250 0.07500000
0 0.67968750 0.54218750 0.05156250 0.07656250
8 0.75156250 0.54218750 0.05312500 0.07812500
11 0.81875000 0.54218750 0.05312500 0.08125000
12 0.17031250 0.66562500 0.05156250 0.07500000
0 0.23906250 0.66562500 0.05000000 0.07500000
24 0.30781250 0.66718750 0.05625000 0.07968750
20 0.37656250 0.66718750 0.05312500 0.07812500
6 0.44375000 0.66562500 0.05625000 0.07968750
0 0.50937500 0.66562500 0.05312500 0.07968750
0 0.61406250 0.66562500 0.05156250 0.08125000
11 0.68125000 0.66718750 0.05000000 0.08125000
8 0.75312500 0.66562500 0.05312500 0.08437500
12 0.82031250 0.66562500 0.05625000 0.08593750
