17 0.06093750 0.53125000 0.09531250 0.20312500
8 0.09531250 0.82031250 0.10937500 0.23281250
18 0.20000000 0.49375000 0.09531250 0.19687500
4 0.22656250 0.77187500 0.10937500 0.21562500
18 0.17343750 0.23750000 0.10000000 0.20781250
7 0.29531250 0.19843750 0.11250000 0.21250000
3 0.35625000 0.72968750 0.10312500 0.21875000
0 0.31718750 0.46406250 0.09843750 0.20781250
16 0.45625000 0.42968750 0.10312500 0.21875000
18 0.58125000 0.40468750 0.09531250 0.21875000
4 0.42031250 0.15937500 0.10468750 0.19843750
16 0.54687500 0.13281250 0.10937500 0.19687500
18 0.61406250 0.67187500 0.10468750 0.22500000
