17 0.22656250 0.10078125 0.03125000 0.11093750
4 0.35312500 0.12187500 0.03281250 0.11484375
13 0.05781250 0.24296875 0.03281250 0.10781250
17 0.26718750 0.25703125 0.03437500 0.11093750
4 0.30937500 0.26015625 0.03281250 0.10781250
4 0.35156250 0.26015625 0.03125000 0.10781250
3 0.47187500 0.27421875 0.03125000 0.10781250
18 0.51250000 0.27812500 0.03125000 0.10781250
3 0.66875000 0.28437500 0.02812500 0.10078125
24 0.74531250 0.29531250 0.03125000 0.10781250
11 0.13750000 0.40312500 0.03125000 0.11093750
7 0.30937500 0.41328125 0.03281250 0.11484375
4 0.34843750 0.41640625 0.03281250 0.11093750
19 0.51093750 0.42734375 0.02968750 0.10781250
3 0.13593750 0.55546875 0.03125000 0.11093750
8 0.17812500 0.55546875 0.03125000 0.10781250
18 0.22031250 0.56250000 0.03437500 0.11093750
10 0.26250000 0.56562500 0.03281250 0.11093750
14 0.30312500 0.56562500 0.03281250 0.11093750
17 0.38750000 0.56953125 0.03281250 0.11093750
4 0.42812500 0.57265625 0.02812500 0.10781250
19 0.46875000 0.57656250 0.03281250 0.10390625
14 0.50937500 0.57265625 0.03125000 0.10390625
17 0.54843750 0.57656250 0.02968750 0.10781250
19 0.58750000 0.57968750 0.03125000 0.10781250
4 0.13125000 0.72187500 0.03281250 0.12187500
23 0.25781250 0.72187500 0.03281250 0.11484375
19 0.50625000 0.72890625 0.03125000 0.10781250
24 0.58593750 0.73281250 0.02968750 0.10781250
18 0.70625000 0.73984375 0.02812500 0.10078125
11 0.82500000 0.74296875 0.03281250 0.10781250
11 0.86406250 0.74296875 0.03437500 0.10781250
19 0.04218750 0.86796875 0.02968750 0.11484375
4 0.17031250 0.87500000 0.03281250 0.11796875
14 0.29687500 0.87812500 0.03437500 0.11093750
0 0.46406250 0.88515625 0.03593750 0.12500000
10 0.54375000 0.88515625 0.03281250 0.11484375
