7 0.07812500 0.06944444 0.04062500 0.13888889
4 0.11718750 0.07638889 0.03750000 0.13541667
18 0.27812500 0.07638889 0.03593750 0.13541667
8 0.56718750 0.07986111 0.03750000 0.13541667
5 0.60937500 0.08680556 0.04062500 0.12500000
23 0.69218750 0.08333333 0.04375000 0.12847222
18 0.78281250 0.09375000 0.04375000 0.13541667
0 0.86406250 0.08680556 0.03593750 0.13888889
13 0.90625000 0.09027778 0.04531250 0.13888889
24 0.95000000 0.09027778 0.04375000 0.14236111
18 0.77500000 0.25000000 0.04375000 0.13194444
19 0.60625000 0.25000000 0.04531250 0.13888889
0 0.56406250 0.24652778 0.03906250 0.12847222
19 0.48281250 0.24305556 0.04218750 0.12847222
4 0.44375000 0.24305556 0.03593750 0.12500000
6 0.40312500 0.23611111 0.04375000 0.13888889
18 0.28125000 0.23611111 0.04375000 0.13888889
18 0.19843750 0.22916667 0.03750000 0.13194444
12 0.12343750 0.22916667 0.04375000 0.13888889
0 0.08125000 0.22569444 0.04062500 0.13888889
23 0.20156250 0.38194444 0.04218750 0.12500000
0 0.35937500 0.38194444 0.03750000 0.12152778
11 0.48437500 0.39236111 0.04375000 0.13194444
14 0.52187500 0.38888889 0.03125000 0.12500000
17 0.55937500 0.39583333 0.03750000 0.12500000
13 0.60312500 0.39583333 0.03906250 0.13194444
11 0.68906250 0.40277778 0.04218750 0.14236111
11 0.73125000 0.40277778 0.03906250 0.13888889
9 0.81406250 0.40625000 0.04062500 0.13194444
11 0.90312500 0.41319444 0.03750000 0.12847222
4 0.94687500 0.41666667 0.03906250 0.14930556
18 0.98281250 0.57638889 0.03437500 0.13888889
4 0.94375000 0.57638889 0.04062500 0.13888889
18 0.90000000 0.57291667 0.03906250 0.14236111
20 0.85781250 0.57638889 0.04531250 0.14236111
0 0.81562500 0.56944444 0.03906250 0.14930556
15 0.76875000 0.56597222 0.04062500 0.12500000
5 0.40000000 0.53472222 0.03906250 0.13194444
23 0.28437500 0.54513889 0.03593750 0.14236111
15 0.12343750 0.53125000 0.04062500 0.14236111
12 0.08437500 0.67361111 0.03125000 0.13888889
20 0.12500000 0.67708333 0.04375000 0.13194444
11 0.20625000 0.67708333 0.03906250 0.12500000
17 0.36093750 0.69097222 0.03593750 0.13194444
8 0.39843750 0.68750000 0.03750000 0.13888889
4 0.43593750 0.68750000 0.03750000 0.13194444
10 0.47812500 0.69097222 0.04687500 0.12152778
0 0.60156250 0.70486111 0.03906250 0.12500000
11 0.68437500 0.70833333 0.04218750 0.12152778
18 0.85468750 0.72916667 0.04375000 0.13888889
18 0.93750000 0.73263889 0.04218750 0.13888889
8 0.97968750 0.73611111 0.04062500 0.12847222
13 0.97656250 0.89236111 0.04375000 0.13194444
12 0.89375000 0.88888889 0.04843750 0.13541667
19 0.80781250 0.87847222 0.04375000 0.13541667
19 0.72187500 0.87500000 0.04218750 0.14236111
0 0.68125000 0.87500000 0.03750000 0.13888889
10 0.56093750 0.84722222 0.04375000 0.11805556
18 0.40156250 0.83680556 0.04375000 0.12500000
10 0.36093750 0.82986111 0.03750000 0.11458333
13 0.32187500 0.82986111 0.03750000 0.11805556
