1 0.85351600 0.07049400 0.02148400 0.02325600
2 0.88134800 0.07085800 0.02246100 0.02398300
15 0.11425800 0.10029100 0.02148400 0.02325600
17 0.14257800 0.09847400 0.02148400 0.02252900
8 0.16992200 0.09847400 0.02148400 0.02252900
13 0.19824200 0.09847400 0.02148400 0.02252900
4 0.22460900 0.09847400 0.02148400 0.02252900
18 0.25293000 0.09847400 0.02148400 0.02252900
8 0.28027300 0.09847400 0.02148400 0.02252900
19 0.30908200 0.09920100 0.02246100 0.02252900
4 0.33593800 0.09920100 0.02148400 0.02252900
10 0.39257800 0.10029100 0.02148400 0.02180200
0 0.41992200 0.10029100 0.02148400 0.02180200
12 0.47460900 0.10065400 0.02148400 0.02107600
13 0.50048800 0.10101700 0.02050800 0.02180200
4 0.52783200 0.10065400 0.02050800 0.02252900
25 0.58203100 0.10138100 0.02148400 0.02252900
22 0.61035200 0.10138100 0.02148400 0.02252900
4 0.63867200 0.10138100 0.02148400 0.02252900
17 0.66503900 0.10101700 0.02148400 0.02325600
8 0.69238300 0.10174400 0.02148400 0.02325600
22 0.74707000 0.10210800 0.02148400 0.02252900
0 0.77392600 0.10210800 0.02050800 0.02252900
8 0.82812500 0.10283400 0.02148400 0.02252900
7 0.85546900 0.10283400 0.02148400 0.02252900
3 0.69580100 0.16896800 0.02050800 0.02252900
4 0.72314500 0.16969500 0.02050800 0.02252900
19 0.74902300 0.16896800 0.02148400 0.02252900
20 0.77685500 0.17042200 0.02050800 0.02252900
4 0.83203100 0.16969500 0.01953100 0.02252900
10 0.85937500 0.16969500 0.02148400 0.02252900
18 0.13916000 0.23437500 0.02246100 0.02543600
4 0.16650400 0.23437500 0.02246100 0.02543600
6 0.19482400 0.23510200 0.02246100 0.02543600
14 0.22216800 0.23473800 0.02246100 0.02470900
3 0.25097700 0.23510200 0.02148400 0.02543600
13 0.27880900 0.23510200 0.02246100 0.02543600
8 0.36377000 0.23619200 0.02246100 0.02470900
7 0.39111300 0.23655500 0.02246100 0.02543600
25 0.44677700 0.23619200 0.02246100 0.02470900
0 0.47265600 0.23655500 0.02148400 0.02398300
20 0.52734400 0.23655500 0.02148400 0.02398300
9 0.55566400 0.23655500 0.02148400 0.02398300
8 0.58300800 0.23655500 0.02148400 0.02398300
13 0.61084000 0.23655500 0.02246100 0.02398300
14 0.63867200 0.23655500 0.02148400 0.02398300
12 0.66699200 0.23582800 0.02148400 0.02398300
18 0.69482400 0.30486900 0.02246100 0.02398300
10 0.72216800 0.30450600 0.02246100 0.02470900
20 0.74951200 0.30450600 0.02246100 0.02470900
0 0.80419900 0.30450600 0.02246100 0.02470900
1 0.08056600 0.37500000 0.02246100 0.02616300
4 0.10888700 0.37427300 0.02246100 0.02616300
3 0.13720700 0.37391000 0.02246100 0.02543600
13 0.16552700 0.37391000 0.02246100 0.02543600
4 0.22216800 0.37354700 0.02246100 0.02616300
1 0.27880900 0.37463700 0.02246100 0.02543600
4 0.30712900 0.37463700 0.02246100 0.02543600
3 0.33544900 0.37463700 0.02246100 0.02543600
13 0.36279300 0.37463700 0.02246100 0.02543600
4 0.41845700 0.37463700 0.02246100 0.02543600
25 0.47314500 0.37500000 0.02246100 0.02470900
22 0.50048800 0.37500000 0.02246100 0.02470900
4 0.52783200 0.37500000 0.02246100 0.02470900
17 0.55517600 0.37463700 0.02246100 0.02543600
8 0.58300800 0.37427300 0.02148400 0.02470900
22 0.07959000 0.44476700 0.02246100 0.02470900
14 0.10791000 0.44440400 0.02246100 0.02543600
19 0.16455100 0.44331400 0.02246100 0.02470900
17 0.22216800 0.44404100 0.02246100 0.02470900
3 0.27978500 0.44367700 0.02246100 0.02398300
0 0.30810500 0.44367700 0.02246100 0.02398300
19 0.36279300 0.44404100 0.02246100 0.02470900
17 0.41992200 0.44440400 0.02148400 0.02398300
4 0.44775400 0.44440400 0.02050800 0.02398300
22 0.47363300 0.44404100 0.02148400 0.02325600
20 0.50048800 0.44404100 0.02050800 0.02325600
19 0.52783200 0.44404100 0.02050800 0.02325600
22 0.07812500 0.51417200 0.02343800 0.02543600
10 0.13525400 0.51453500 0.02246100 0.02470900
0 0.16406200 0.51453500 0.02148400 0.02470900
9 0.19189500 0.51453500 0.02246100 0.02470900
3 0.22119100 0.51417200 0.02246100 0.02543600
14 0.25000000 0.51380800 0.02148400 0.02470900
1 0.33447300 0.51417200 0.02246100 0.02543600
4 0.36230500 0.51453500 0.02148400 0.02470900
17 0.39062500 0.51417200 0.02148400 0.02543600
11 0.41894500 0.51380800 0.02148400 0.02470900
14 0.44628900 0.51344500 0.02148400 0.02543600
6 0.47363300 0.51344500 0.02148400 0.02543600
4 0.50048800 0.51308100 0.02246100 0.02470900
8 0.07666000 0.58466600 0.02246100 0.02398300
22 0.13378900 0.58466600 0.02148400 0.02398300
10 0.19189500 0.58466600 0.02246100 0.02398300
0 0.22021500 0.58430200 0.02246100 0.02470900
9 0.24853500 0.58430200 0.02246100 0.02470900
3 0.27685500 0.58393900 0.02246100 0.02398300
14 0.30566400 0.58357600 0.02148400 0.02470900
15 0.39111300 0.58284900 0.02246100 0.02470900
4 0.41796900 0.58284900 0.02148400 0.02470900
23 0.44726600 0.58284900 0.02148400 0.02325600
4 0.47460900 0.58284900 0.02148400 0.02325600
17 0.50097700 0.58284900 0.02148400 0.02325600
4 0.52832000 0.58248500 0.02148400 0.02398300
25 0.07324200 0.65552300 0.02148400 0.02470900
11 0.10302700 0.65770300 0.02246100 0.02470900
14 0.13134800 0.65734000 0.02246100 0.02543600
6 0.16064500 0.65625000 0.02246100 0.02470900
14 0.18896500 0.65552300 0.02246100 0.02470900
14 0.24804700 0.65552300 0.02148400 0.02470900
1 0.27636700 0.65552300 0.02148400 0.02470900
9 0.30419900 0.65552300 0.02246100 0.02470900
14 0.33252000 0.65479700 0.02246100 0.02470900
17 0.36132800 0.65479700 0.02148400 0.02470900
20 0.38964800 0.65479700 0.02148400 0.02470900
10 0.44677700 0.65443300 0.02246100 0.02543600
11 0.47412100 0.65443300 0.02246100 0.02543600
13 0.52929700 0.65443300 0.02148400 0.02543600
20 0.55761700 0.65407000 0.02148400 0.02470900
19 0.58496100 0.65443300 0.02148400 0.02543600
3 0.07519500 0.72928800 0.02343800 0.02543600
0 0.10546900 0.73037800 0.02343800 0.02761600
8 0.16162100 0.73037800 0.02441400 0.02761600
10 0.21826200 0.73001500 0.02441400 0.02689000
0 0.24658200 0.73001500 0.02441400 0.02689000
10 0.27685500 0.73001500 0.02441400 0.02689000
0 0.30468800 0.72965100 0.02343800 0.02761600
9 0.39013700 0.72783400 0.02246100 0.02543600
4 0.41748000 0.72783400 0.02246100 0.02543600
12 0.47412100 0.72710800 0.02246100 0.02543600
0 0.50146500 0.72710800 0.02246100 0.02543600
19 0.52978500 0.72710800 0.02246100 0.02543600
18 0.07128900 0.80377900 0.02343800 0.02616300
14 0.09912100 0.80377900 0.02441400 0.02616300
6 0.12890600 0.80414200 0.02343800 0.02689000
11 0.15820300 0.80450600 0.02343800 0.02616300
0 0.18750000 0.80414200 0.02343800 0.02689000
18 0.21582000 0.80341600 0.02343800 0.02689000
8 0.24511700 0.80305200 0.02343800 0.02616300
19 0.27441400 0.80268900 0.02343800 0.02689000
18 0.30273400 0.80196200 0.02343800 0.02689000
14 0.38916000 0.80196200 0.02246100 0.02689000
19 0.41796900 0.80159900 0.02343800 0.02616300
3 0.44677700 0.80123500 0.02246100 0.02689000
0 0.47412100 0.80087200 0.02246100 0.02616300
19 0.50097700 0.80123500 0.02343800 0.02689000
18 0.07031200 0.87790700 0.02343800 0.02616300
22 0.09960900 0.87790700 0.02343800 0.02616300
14 0.12793000 0.87754400 0.02343800 0.02689000
4 0.15722700 0.87754400 0.02343800 0.02689000
6 0.18554700 0.87754400 0.02343800 0.02689000
14 0.21484400 0.87718000 0.02343800 0.02761600
3 0.27246100 0.87718000 0.02343800 0.02761600
14 0.30127000 0.87718000 0.02246100 0.02761600
17 0.33007800 0.87718000 0.02148400 0.02761600
14 0.35888700 0.87718000 0.02246100 0.02761600
6 0.38818400 0.87718000 0.02246100 0.02761600
14 0.41748000 0.87645300 0.02246100 0.02761600
6 0.44628900 0.87645300 0.02148400 0.02761600
14 0.47412100 0.87681700 0.02246100 0.02689000
17 0.53027300 0.87609000 0.02343800 0.02689000
4 0.55859400 0.87536300 0.02343800 0.02689000
1 0.58886700 0.87536300 0.02343800 0.02689000
13 0.64502000 0.87463700 0.02441400 0.02689000
10 0.67529300 0.87463700 0.02441400 0.02689000
0 0.70507800 0.87463700 0.02343800 0.02689000
