7 0.28515600 0.22638100 0.00976600 0.01235500
8 0.96142600 0.20784900 0.01269500 0.01598800
8 0.26660200 0.24854700 0.00976600 0.01308100
16 0.28222700 0.24818300 0.00976600 0.01380800
10 0.29736300 0.24673000 0.01074200 0.01380800
14 0.31396500 0.24491300 0.01074200 0.01308100
13 0.34716800 0.24018900 0.01074200 0.01380800
4 0.36474600 0.23873500 0.01074200 0.01380800
15 0.39794900 0.23582800 0.01074200 0.01380800
17 0.41650400 0.23437500 0.01074200 0.01380800
14 0.43408200 0.23292200 0.01074200 0.01380800
18 0.45214800 0.23146800 0.01171900 0.01380800
19 0.46972700 0.23001500 0.01171900 0.01380800
14 0.48974600 0.22856100 0.01074200 0.01380800
4 0.50878900 0.22747100 0.01171900 0.01453500
0 0.54687500 0.22529100 0.01171900 0.01453500
25 0.58642600 0.22383700 0.01269500 0.01453500
11 0.64648400 0.22238400 0.01171900 0.01453500
14 0.66601600 0.22311000 0.01171900 0.01453500
19 0.68652300 0.22383700 0.01171900 0.01453500
14 0.70605500 0.22420100 0.01171900 0.01526200
4 0.72656200 0.22492700 0.01171900 0.01526200
1 0.29638700 0.26635200 0.01074200 0.01380800
18 0.34619100 0.26126500 0.01074200 0.01380800
19 0.36181600 0.26017400 0.01074200 0.01453500
0 0.37939500 0.25872100 0.01074200 0.01453500
11 0.39599600 0.25726700 0.01074200 0.01453500
0 0.41455100 0.25545100 0.01074200 0.01380800
17 0.45166000 0.25218000 0.01074200 0.01453500
0 0.46923800 0.25072700 0.01074200 0.01453500
18 0.48828100 0.25000000 0.01171900 0.01453500
19 0.50781200 0.24927300 0.01171900 0.01453500
8 0.52636700 0.24854700 0.01171900 0.01453500
20 0.56543000 0.24636600 0.01171900 0.01453500
18 0.60546900 0.24418600 0.01171900 0.01453500
19 0.62597700 0.24491300 0.01171900 0.01453500
17 0.68554700 0.24636600 0.01171900 0.01453500
8 0.70605500 0.24709300 0.01171900 0.01453500
10 0.72558600 0.24782000 0.01171900 0.01453500
14 0.74511700 0.24927300 0.01171900 0.01453500
22 0.76464800 0.25036300 0.01171900 0.01526200
4 0.94335900 0.27652600 0.01367200 0.01671500
19 0.92187500 0.27761600 0.01367200 0.01598800
10 0.96484400 0.27507300 0.01367200 0.01526200
18 0.98681600 0.27543600 0.01269500 0.01598800
3 0.24462900 0.29106100 0.01074200 0.01380800
14 0.26025400 0.28960800 0.01074200 0.01380800
16 0.27587900 0.28960800 0.01074200 0.01380800
10 0.29150400 0.28815400 0.01074200 0.01380800
0 0.30908200 0.28597400 0.01074200 0.01380800
13 0.34277300 0.28306700 0.01171900 0.01380800
4 0.35986300 0.28088700 0.01074200 0.01380800
15 0.39502000 0.27798000 0.01074200 0.01380800
14 0.41162100 0.27616300 0.01269500 0.01453500
3 0.44873000 0.27398300 0.01269500 0.01453500
13 0.46728500 0.27289200 0.01269500 0.01526200
12 0.50537100 0.27071200 0.01269500 0.01526200
0 0.54443400 0.26925900 0.01269500 0.01526200
15 0.58447300 0.26816900 0.01269500 0.01453500
14 0.60400400 0.26744200 0.01269500 0.01453500
16 0.64502000 0.26635200 0.01269500 0.01526200
18 0.70605500 0.26925900 0.01171900 0.01526200
0 0.72558600 0.27034900 0.01171900 0.01453500
12 0.74560500 0.27143900 0.01269500 0.01526200
18 0.24072300 0.31104700 0.01074200 0.01453500
0 0.25830100 0.30995600 0.01074200 0.01380800
12 0.27294900 0.30923000 0.01074200 0.01380800
0 0.28857400 0.30777600 0.01074200 0.01380800
1 0.32324200 0.30523300 0.01171900 0.01453500
4 0.34082000 0.30450600 0.01171900 0.01453500
11 0.35693400 0.30305200 0.01074200 0.01453500
4 0.37402300 0.30159900 0.01171900 0.01453500
13 0.39257800 0.30014500 0.01171900 0.01453500
10 0.44726600 0.29614800 0.01171900 0.01526200
0 0.46582000 0.29469500 0.01171900 0.01526200
19 0.52294900 0.29251500 0.01269500 0.01526200
14 0.54248000 0.29178800 0.01269500 0.01526200
16 0.56298800 0.29106100 0.01269500 0.01526200
13 0.58252000 0.29033400 0.01269500 0.01526200
14 0.60302700 0.28960800 0.01269500 0.01526200
18 0.64502000 0.28960800 0.01269500 0.01526200
13 0.66455100 0.29033400 0.01269500 0.01526200
4 0.68505900 0.29106100 0.01269500 0.01526200
10 0.23584000 0.33248500 0.01074200 0.01380800
18 0.28564500 0.32921500 0.01074200 0.01453500
0 0.30224600 0.32776200 0.01074200 0.01453500
17 0.33740200 0.32521800 0.01074200 0.01380800
20 0.35449200 0.32412800 0.01171900 0.01453500
18 0.37207000 0.32303800 0.01171900 0.01526200
0 0.39013700 0.32158400 0.01269500 0.01526200
3 0.44482400 0.31867700 0.01269500 0.01526200
14 0.46337900 0.31795100 0.01269500 0.01526200
15 0.50244100 0.31577000 0.01269500 0.01526200
14 0.52197300 0.31431700 0.01269500 0.01526200
18 0.56152300 0.31359000 0.01367200 0.01526200
0 0.58203100 0.31322700 0.01367200 0.01598800
2 0.28320300 0.35029100 0.01171900 0.01453500
11 0.35302700 0.34702000 0.01269500 0.01526200
0 0.36962900 0.34629400 0.01269500 0.01526200
11 0.40576200 0.34375000 0.01269500 0.01598800
18 0.46142600 0.34048000 0.01269500 0.01526200
8 0.48144500 0.33939000 0.01367200 0.01598800
16 0.50048800 0.33793600 0.01269500 0.01598800
10 0.52002000 0.33720900 0.01269500 0.01598800
0 0.54003900 0.33720900 0.01367200 0.01598800
15 0.58105500 0.33684600 0.01367200 0.01526200
14 0.60107400 0.33648300 0.01269500 0.01598800
3 0.64257800 0.33648300 0.01367200 0.01598800
17 0.70459000 0.33793600 0.01269500 0.01598800
14 0.72509800 0.33902600 0.01269500 0.01671500
9 0.74511700 0.34048000 0.01367200 0.01671500
10 0.22949200 0.37427300 0.01171900 0.01453500
4 0.24755900 0.37354700 0.01074200 0.01453500
13 0.28027300 0.37245600 0.01171900 0.01526200
0 0.29736300 0.37100300 0.01269500 0.01526200
11 0.33203100 0.36918600 0.01171900 0.01453500
0 0.34960900 0.36809600 0.01171900 0.01526200
18 0.38427700 0.36700600 0.01269500 0.01598800
10 0.40283200 0.36627900 0.01269500 0.01598800
0 0.42138700 0.36482600 0.01269500 0.01598800
11 0.44043000 0.36409900 0.01367200 0.01598800
14 0.45947300 0.36337200 0.01269500 0.01598800
16 0.47851600 0.36264500 0.01367200 0.01598800
10 0.49804700 0.36191900 0.01367200 0.01598800
20 0.51855500 0.36119200 0.01367200 0.01598800
14 0.27636700 0.39316900 0.01171900 0.01598800
1 0.29394500 0.39244200 0.01171900 0.01598800
18 0.34668000 0.39135200 0.01171900 0.01526200
13 0.36377000 0.39062500 0.01269500 0.01671500
8 0.38232400 0.38989800 0.01269500 0.01671500
19 0.40087900 0.38917200 0.01269500 0.01671500
4 0.42041000 0.38808100 0.01269500 0.01598800
13 0.45800800 0.38699100 0.01367200 0.01671500
0 0.47705100 0.38662800 0.01269500 0.01598800
15 0.49658200 0.38626500 0.01269500 0.01671500
8 0.51660200 0.38553800 0.01367200 0.01671500
18 0.53710900 0.38444800 0.01367200 0.01598800
0 0.55664100 0.38408400 0.01367200 0.01671500
13 0.57763700 0.38408400 0.01269500 0.01671500
8 0.59912100 0.38372100 0.01269500 0.01598800
4 0.62011700 0.38372100 0.01367200 0.01598800
18 0.66210900 0.38481100 0.01367200 0.01671500
11 0.68261700 0.38481100 0.01367200 0.01671500
14 0.70410200 0.38590100 0.01367200 0.01598800
22 0.72460900 0.38699100 0.01367200 0.01671500
18 0.76562500 0.38844500 0.01367200 0.01671500
15 0.22314500 0.41896800 0.01074200 0.01526200
17 0.23974600 0.41824100 0.01074200 0.01526200
14 0.25683600 0.41751500 0.01171900 0.01526200
15 0.27392600 0.41715100 0.01074200 0.01598800
20 0.29052700 0.41642400 0.01074200 0.01598800
23 0.30810500 0.41606100 0.01074200 0.01526200
4 0.32568400 0.41533400 0.01074200 0.01526200
13 0.34423800 0.41424400 0.01269500 0.01598800
13 0.36084000 0.41388100 0.01269500 0.01671500
12 0.39892600 0.41242700 0.01269500 0.01671500
8 0.41845700 0.41206400 0.01269500 0.01598800
1 0.45556600 0.41097400 0.01269500 0.01671500
20 0.47509800 0.41024700 0.01269500 0.01671500
10 0.49511700 0.40952000 0.01367200 0.01671500
22 0.51464800 0.40952000 0.01367200 0.01671500
0 0.53515600 0.40952000 0.01367200 0.01671500
12 0.55566400 0.40915700 0.01367200 0.01598800
8 0.57666000 0.40879400 0.01269500 0.01671500
18 0.27050800 0.43968000 0.01171900 0.01598800
15 0.28710900 0.43968000 0.01171900 0.01598800
8 0.30566400 0.43895300 0.01171900 0.01598800
8 0.34130900 0.43750000 0.01269500 0.01598800
19 0.35937500 0.43677300 0.01171900 0.01598800
4 0.37841800 0.43677300 0.01269500 0.01598800
11 0.41552700 0.43568300 0.01269500 0.01671500
1 0.45410200 0.43495600 0.01367200 0.01671500
14 0.47314500 0.43423000 0.01269500 0.01671500
4 0.49316400 0.43423000 0.01367200 0.01671500
15 0.53369100 0.43350300 0.01269500 0.01671500
17 0.55419900 0.43277600 0.01269500 0.01671500
4 0.57568400 0.43277600 0.01269500 0.01671500
3 0.59668000 0.43314000 0.01367200 0.01744200
11 0.61767600 0.43350300 0.01464800 0.01671500
14 0.63867200 0.43350300 0.01367200 0.01671500
9 0.66015600 0.43386600 0.01367200 0.01744200
4 0.68212900 0.43532000 0.01464800 0.01744200
13 0.70361300 0.43604700 0.01464800 0.01744200
8 0.72460900 0.43677300 0.01367200 0.01744200
4 0.74511700 0.43750000 0.01367200 0.01744200
22 0.21679700 0.46439000 0.01171900 0.01598800
18 0.23291000 0.46366300 0.01074200 0.01598800
19 0.24951200 0.46366300 0.01074200 0.01598800
0 0.26709000 0.46293600 0.01074200 0.01598800
22 0.28418000 0.46220900 0.01171900 0.01598800
11 0.30224600 0.46184600 0.01074200 0.01671500
15 0.37548800 0.45930200 0.01269500 0.01598800
17 0.39355500 0.45966600 0.01171900 0.01671500
14 0.41308600 0.45966600 0.01171900 0.01671500
15 0.43261700 0.45930200 0.01171900 0.01598800
20 0.45214800 0.45893900 0.01171900 0.01671500
23 0.47168000 0.45893900 0.01171900 0.01671500
4 0.49169900 0.45857600 0.01269500 0.01744200
13 0.51171900 0.45821200 0.01367200 0.01671500
13 0.53222700 0.45821200 0.01367200 0.01671500
4 0.57421900 0.45821200 0.01367200 0.01671500
1 0.61718800 0.45821200 0.01367200 0.01671500
20 0.63818400 0.45857600 0.01464800 0.01744200
10 0.65966800 0.45930200 0.01464800 0.01744200
22 0.68115200 0.46002900 0.01464800 0.01744200
22 0.21386700 0.48764500 0.01171900 0.01598800
3 0.24755900 0.48691900 0.01269500 0.01598800
4 0.26464800 0.48619200 0.01171900 0.01598800
11 0.28173800 0.48582800 0.01269500 0.01671500
8 0.30029300 0.48510200 0.01269500 0.01671500
19 0.31787100 0.48510200 0.01269500 0.01671500
4 0.33642600 0.48510200 0.01269500 0.01671500
1 0.37304700 0.48437500 0.01367200 0.01671500
20 0.39111300 0.48401200 0.01269500 0.01744200
10 0.41064500 0.48401200 0.01269500 0.01744200
22 0.43017600 0.48364800 0.01269500 0.01671500
14 0.44970700 0.48364800 0.01269500 0.01671500
18 0.46923800 0.48364800 0.01269500 0.01671500
14 0.48974600 0.48328500 0.01269500 0.01744200
16 0.50976600 0.48328500 0.01367200 0.01744200
4 0.53027300 0.48328500 0.01367200 0.01744200
19 0.55127000 0.48328500 0.01464800 0.01744200
0 0.57324200 0.48328500 0.01367200 0.01744200
13 0.59423800 0.48328500 0.01464800 0.01744200
8 0.61572300 0.48364800 0.01464800 0.01671500
16 0.70263700 0.48655500 0.01464800 0.01816900
10 0.72412100 0.48728200 0.01464800 0.01816900
16 0.21142600 0.51017400 0.01074200 0.01598800
13 0.22851600 0.51053800 0.01171900 0.01671500
7 0.27197300 0.55850300 0.01269500 0.01671500
15 0.32617200 0.55886600 0.01171900 0.01744200
17 0.34472700 0.55923000 0.01171900 0.01671500
14 0.36425800 0.55886600 0.01171900 0.01744200
8 0.38378900 0.55886600 0.01171900 0.01744200
25 0.40283200 0.55923000 0.01269500 0.01816900
13 0.42236300 0.55923000 0.01269500 0.01816900
4 0.44287100 0.55959300 0.01269500 0.01744200
18 0.46289100 0.55959300 0.01171900 0.01744200
8 0.48339800 0.55995600 0.01171900 0.01816900
19 0.50439500 0.56068300 0.01269500 0.01816900
4 0.52539100 0.56068300 0.01367200 0.01816900
18 0.56835900 0.56141000 0.01367200 0.01816900
11 0.58984400 0.56213700 0.01367200 0.01816900
14 0.61230500 0.56286300 0.01367200 0.01816900
22 0.63476600 0.56286300 0.01367200 0.01816900
0 0.65722700 0.56359000 0.01367200 0.01816900
18 0.23242200 0.58212200 0.01171900 0.01744200
10 0.25000000 0.58284900 0.01171900 0.01744200
20 0.26757800 0.58357600 0.01171900 0.01744200
16 0.28613300 0.58430200 0.01171900 0.01744200
13 0.30468800 0.58466600 0.01171900 0.01671500
14 0.32226600 0.58539200 0.01171900 0.01671500
13 0.44091800 0.58575600 0.01269500 0.01744200
0 0.46044900 0.58611900 0.01269500 0.01816900
17 0.48193400 0.58648300 0.01269500 0.01744200
14 0.50244100 0.58684600 0.01269500 0.01816900
16 0.52392600 0.58757300 0.01269500 0.01816900
13 0.54541000 0.58757300 0.01269500 0.01816900
14 0.56738300 0.58829900 0.01367200 0.01816900
10 0.22949200 0.60755800 0.01171900 0.01744200
14 0.24658200 0.60755800 0.01269500 0.01744200
13 0.26464800 0.60828500 0.01171900 0.01744200
4 0.28271500 0.60864800 0.01269500 0.01816900
16 0.30127000 0.60937500 0.01269500 0.01816900
13 0.31982400 0.60937500 0.01269500 0.01816900
14 0.33935500 0.61010200 0.01269500 0.01816900
18 0.43798800 0.61228200 0.01269500 0.01816900
10 0.45898400 0.61264500 0.01367200 0.01889500
22 0.47998000 0.61337200 0.01269500 0.01889500
14 0.50048800 0.61337200 0.01464800 0.01889500
17 0.52197300 0.61409900 0.01464800 0.01889500
4 0.54394500 0.61518900 0.01367200 0.01962200
16 0.56591800 0.61591600 0.01464800 0.01962200
13 0.58789100 0.61700600 0.01367200 0.01889500
8 0.61035200 0.61773300 0.01367200 0.01889500
10 0.63281200 0.61773300 0.01367200 0.01889500
15 0.27929700 0.63481100 0.01171900 0.01816900
14 0.29834000 0.63553800 0.01269500 0.01816900
12 0.31689500 0.63626500 0.01269500 0.01816900
14 0.33642600 0.63662800 0.01269500 0.01744200
23 0.35546900 0.63699100 0.01171900 0.01816900
13 0.37500000 0.63735500 0.01367200 0.01889500
8 0.39453100 0.63808100 0.01367200 0.01889500
10 0.41503900 0.63880800 0.01367200 0.01889500
16 0.52050800 0.64244200 0.01367200 0.01889500
19 0.54248000 0.64280500 0.01269500 0.01962200
14 0.56494100 0.64389500 0.01464800 0.01889500
1 0.58740200 0.64462200 0.01464800 0.01889500
8 0.29443400 0.66133700 0.01269500 0.01889500
16 0.31298800 0.66279100 0.01269500 0.01889500
13 0.33252000 0.66351700 0.01269500 0.01889500
8 0.35205100 0.66497100 0.01269500 0.01889500
2 0.37207000 0.66460800 0.01367200 0.01962200
0 0.39209000 0.66533400 0.01464800 0.01962200
16 0.51855500 0.67042200 0.01367200 0.01962200
19 0.54052700 0.67151200 0.01464800 0.01889500
14 0.56298800 0.67223800 0.01464800 0.01889500
0 0.23486300 0.68568300 0.01269500 0.01816900
15 0.29052700 0.68822700 0.01269500 0.01889500
17 0.31005900 0.68931700 0.01269500 0.01816900
14 0.32959000 0.69040700 0.01269500 0.01889500
22 0.34960900 0.69113400 0.01367200 0.01889500
4 0.36914100 0.69222400 0.01367200 0.01962200
17 0.38964800 0.69331400 0.01367200 0.01889500
19 0.43115200 0.69549400 0.01269500 0.01889500
4 0.45214800 0.69658400 0.01367200 0.01962200
15 0.49511700 0.69840100 0.01367200 0.01889500
14 0.51709000 0.69949100 0.01269500 0.01962200
14 0.56201200 0.70167200 0.01269500 0.01962200
17 0.58496100 0.70276200 0.01367200 0.01889500
5 0.60839800 0.70385200 0.01367200 0.01962200
14 0.63134800 0.70530500 0.01464800 0.01962200
15 0.67773400 0.70675900 0.01367200 0.01962200
8 0.70019500 0.70748500 0.01367200 0.01962200
16 0.72363300 0.70821200 0.01367200 0.01962200
4 0.74560500 0.70893900 0.01464800 0.01962200
18 0.17578100 0.70930200 0.01171900 0.01889500
10 0.19287100 0.70966600 0.01269500 0.01816900
14 0.21240200 0.71075600 0.01269500 0.01889500
12 0.23095700 0.71184600 0.01269500 0.01816900
20 0.24951200 0.71293600 0.01269500 0.01889500
18 0.28662100 0.71548000 0.01269500 0.01816900
11 0.30566400 0.71657000 0.01367200 0.01889500
14 0.32568400 0.71802300 0.01269500 0.01889500
22 0.34570300 0.71875000 0.01367200 0.01889500
0 0.36572300 0.72020300 0.01269500 0.01889500
17 0.38671900 0.72129400 0.01367200 0.01962200
18 0.47119100 0.72638100 0.01269500 0.01962200
21 0.56054700 0.73146800 0.01367200 0.01962200
8 0.58349600 0.73219500 0.01269500 0.01962200
8 0.60693400 0.73364800 0.01464800 0.01962200
8 0.63037100 0.73437500 0.01464800 0.01962200
15 0.69970700 0.73691900 0.01464800 0.02034900
17 0.72265600 0.73764500 0.01367200 0.02034900
0 0.74560500 0.73837200 0.01464800 0.02034900
22 0.17089800 0.73546500 0.01171900 0.01889500
8 0.18945300 0.73691900 0.01171900 0.01889500
11 0.20752000 0.73837200 0.01269500 0.01889500
13 0.24462900 0.74091600 0.01269500 0.01816900
14 0.26416000 0.74200600 0.01269500 0.01889500
11 0.30224600 0.74418600 0.01269500 0.01889500
8 0.32226600 0.74564000 0.01171900 0.01889500
22 0.36328100 0.74891000 0.01367200 0.01962200
15 0.42578100 0.75290700 0.01367200 0.02034900
17 0.44726600 0.75436000 0.01367200 0.02034900
14 0.46875000 0.75581400 0.01367200 0.02034900
8 0.49121100 0.75726700 0.01367200 0.02034900
25 0.51367200 0.75872100 0.01367200 0.02034900
13 0.53613300 0.76017400 0.01367200 0.02034900
4 0.55908200 0.76090100 0.01464800 0.02034900
18 0.58203100 0.76235500 0.01367200 0.02034900
11 0.60498000 0.76344500 0.01464800 0.02107600
8 0.62939500 0.76453500 0.01464800 0.02034900
18 0.67627000 0.76635200 0.01464800 0.02107600
11 0.69970700 0.76707800 0.01464800 0.02107600
14 0.72265600 0.76816900 0.01562500 0.02034900
22 0.74560500 0.76853200 0.01464800 0.02107600
0 0.76806600 0.76889500 0.01464800 0.02034900
20 0.22119100 0.76707800 0.01269500 0.01962200
18 0.24023400 0.76853200 0.01171900 0.01962200
19 0.25927700 0.76998500 0.01269500 0.01962200
13 0.27880900 0.77143900 0.01269500 0.01962200
14 0.29882800 0.77289200 0.01171900 0.01962200
18 0.33935500 0.77616300 0.01269500 0.01889500
14 0.35986300 0.77725300 0.01269500 0.01962200
18 0.38037100 0.77943300 0.01269500 0.01962200
19 0.40136700 0.78088700 0.01367200 0.01962200
0 0.42236300 0.78197700 0.01464800 0.02034900
22 0.44482400 0.78379400 0.01464800 0.01962200
19 0.48877000 0.78670100 0.01464800 0.01962200
4 0.51171900 0.78851700 0.01367200 0.02034900
15 0.55761700 0.79106100 0.01562500 0.02107600
17 0.58105500 0.79215100 0.01562500 0.02034900
4 0.60449200 0.79360500 0.01562500 0.02034900
3 0.62841800 0.79469500 0.01464800 0.02107600
11 0.65185500 0.79578500 0.01464800 0.02034900
14 0.67578100 0.79723800 0.01562500 0.02034900
9 0.69921900 0.79760200 0.01562500 0.02107600
4 0.72265600 0.79869200 0.01562500 0.02034900
13 0.74609400 0.79941900 0.01562500 0.02034900
8 0.76806600 0.79905500 0.01464800 0.01962200
4 0.78955100 0.79941900 0.01464800 0.02034900
18 0.16064500 0.79069800 0.01269500 0.01889500
11 0.19775400 0.79396800 0.01269500 0.01962200
1 0.23584000 0.79687500 0.01269500 0.01962200
12 0.27490200 0.80014500 0.01269500 0.01889500
18 0.31494100 0.80341600 0.01269500 0.01962200
11 0.33593800 0.80523300 0.01367200 0.02034900
14 0.35644500 0.80704900 0.01367200 0.01962200
22 0.37695300 0.80886600 0.01367200 0.02034900
14 0.39843800 0.81032000 0.01367200 0.02034900
12 0.41992200 0.81250000 0.01367200 0.02034900
