21 0.27812500 0.13125000 0.10781250 0.19843750
4 0.39687500 0.12656250 0.11406250 0.20625000
4 0.62500000 0.11250000 0.11406250 0.20625000
4 0.87812500 0.11250000 0.11250000 0.19687500
7 0.14062500 0.40937500 0.10312500 0.19687500
14 0.27968750 0.40468750 0.11250000 0.20625000
19 0.41250000 0.40312500 0.11250000 0.20156250
17 0.53281250 0.40468750 0.11250000 0.20625000
4 0.65468750 0.40312500 0.10468750 0.21093750
1 0.14218750 0.70937500 0.11406250 0.21093750
0 0.27968750 0.70000000 0.10937500 0.21875000
2 0.40937500 0.69531250 0.10937500 0.22500000
10 0.54062500 0.69062500 0.11718750 0.22031250
