8 0.03906250 0.87187500 0.07656250 0.16562500
3 0.11406250 0.85937500 0.09375000 0.18906250
6 0.08437500 0.63281250 0.09531250 0.17968750
14 0.16875000 0.37343750 0.09843750 0.17500000
5 0.28125000 0.34687500 0.09375000 0.17968750
4 0.18593750 0.61250000 0.10312500 0.16250000
18 0.30000000 0.59062500 0.09375000 0.17968750
18 0.48750000 0.32343750 0.09062500 0.16718750
4 0.42500000 0.79531250 0.08750000 0.16250000
11 0.54375000 0.76875000 0.10000000 0.18906250
11 0.51093750 0.52968750 0.08750000 0.14843750
7 0.57656250 0.32031250 0.08125000 0.16718750
14 0.60312500 0.51562500 0.09375000 0.15312500
14 0.72031250 0.71250000 0.09843750 0.17500000
12 0.63281250 0.73750000 0.08593750 0.17031250
0 0.66875000 0.30937500 0.08593750 0.17187500
18 0.76250000 0.28906250 0.07812500 0.17968750
