21 0.05625000 0.16562500 0.10781250 0.19843750
4 0.17031250 0.15937500 0.11406250 0.20781250
4 0.42500000 0.13906250 0.11406250 0.20625000
4 0.65625000 0.12343750 0.11250000 0.19687500
14 0.06562500 0.44375000 0.11250000 0.20625000
19 0.18593750 0.44062500 0.11250000 0.20156250
17 0.31250000 0.42500000 0.11250000 0.20625000
4 0.44062500 0.41718750 0.10781250 0.21093750
0 0.05625000 0.73750000 0.10937500 0.21875000
2 0.19375000 0.73437500 0.10937500 0.22812500
10 0.31562500 0.72656250 0.10468750 0.22343750
13 0.78437500 0.12187500 0.10000000 0.19375000
18 0.58125000 0.68437500 0.10937500 0.22968750
