17 0.06562500 0.19843750 0.12968750 0.22968750
11 0.06718750 0.53281250 0.13437500 0.23281250
11 0.19531250 0.51250000 0.14062500 0.25000000
18 0.20937500 0.18437500 0.11250000 0.22500000
23 0.37187500 0.18125000 0.11250000 0.20781250
14 0.53281250 0.45781250 0.11718750 0.22500000
20 0.66562500 0.45312500 0.11406250 0.20625000
5 0.55468750 0.79843750 0.12500000 0.24218750
14 0.70625000 0.78906250 0.10937500 0.24687500
16 0.83125000 0.73906250 0.09843750 0.21875000
4 0.78593750 0.44062500 0.10312500 0.21875000
10 0.74218750 0.16250000 0.10000000 0.20312500
