3 0.09218750 0.14843750 0.08593750 0.15781250
18 0.26875000 0.11562500 0.08750000 0.15625000
14 0.35937500 0.10468750 0.08593750 0.15312500
11 0.46406250 0.09687500 0.08593750 0.15312500
11 0.26875000 0.32187500 0.08750000 0.15312500
21 0.16875000 0.55781250 0.10000000 0.17656250
13 0.17500000 0.80000000 0.08750000 0.17500000
0 0.08125000 0.80000000 0.08593750 0.17031250
0 0.16718750 0.33125000 0.08593750 0.15000000
11 0.37031250 0.31562500 0.09531250 0.15000000
3 0.27656250 0.79062500 0.09531250 0.18750000
8 0.27812500 0.55000000 0.09531250 0.17187500
11 0.38281250 0.54062500 0.09531250 0.16250000
3 0.55156250 0.08593750 0.08593750 0.14375000
11 0.48750000 0.52343750 0.09531250 0.16250000
18 0.48750000 0.75312500 0.09843750 0.19375000
16 0.55937500 0.30937500 0.09375000 0.16718750
7 0.59062500 0.74531250 0.10468750 0.19843750
8 0.65937500 0.29687500 0.08593750 0.17656250
4 0.70468750 0.73437500 0.10937500 0.19843750
