18 0.06875000 0.73437500 0.10312500 0.20781250
7 0.18593750 0.70156250 0.11250000 0.21562500
8 0.14375000 0.42500000 0.10781250 0.21875000
13 0.27343750 0.39843750 0.10468750 0.23437500
4 0.30625000 0.67031250 0.10781250 0.21250000
16 0.42343750 0.64375000 0.10937500 0.21093750
4 0.11875000 0.15781250 0.09843750 0.20781250
13 0.24531250 0.12187500 0.10312500 0.21250000
2 0.50312500 0.34062500 0.10781250 0.23281250
4 0.56875000 0.87812500 0.10000000 0.21562500
4 0.54843750 0.61093750 0.11250000 0.21562500
3 0.68906250 0.84062500 0.10937500 0.21875000
18 0.45000000 0.89687500 0.09843750 0.20625000
