18 0.17031250 0.71250000 0.10312500 0.20781250
7 0.29531250 0.68593750 0.11406250 0.21562500
8 0.26093750 0.41718750 0.10781250 0.21875000
13 0.38125000 0.39531250 0.10468750 0.23437500
4 0.41250000 0.65625000 0.10781250 0.21250000
18 0.56718750 0.90000000 0.10312500 0.19375000
16 0.53593750 0.63750000 0.10937500 0.21093750
20 0.10468750 0.17968750 0.11250000 0.17656250
4 0.22500000 0.15937500 0.09843750 0.20781250
13 0.35000000 0.11406250 0.10312500 0.22812500
2 0.61406250 0.34062500 0.10781250 0.23281250
4 0.68281250 0.87812500 0.10312500 0.21562500
4 0.65156250 0.60937500 0.11250000 0.21875000
