14 0.32187500 0.07638889 0.04218750 0.13888889
11 0.37031250 0.08680556 0.04218750 0.13888889
3 0.41562500 0.08680556 0.04218750 0.13888889
11 0.50781250 0.08680556 0.04062500 0.13888889
0 0.55625000 0.08680556 0.03906250 0.13541667
3 0.60312500 0.08680556 0.04062500 0.13888889
24 0.64531250 0.08333333 0.04062500 0.13541667
6 0.83125000 0.08680556 0.03750000 0.12500000
14 0.87812500 0.08680556 0.04218750 0.12847222
7 0.07812500 0.23611111 0.04218750 0.15625000
20 0.12656250 0.23958333 0.03906250 0.14236111
13 0.17500000 0.23958333 0.03906250 0.12500000
22 0.22187500 0.42361111 0.03750000 0.13888889
4 0.26875000 0.42361111 0.03593750 0.13888889
18 0.11875000 0.60069444 0.04375000 0.15972222
6 0.21875000 0.60763889 0.04062500 0.14583333
3 0.26875000 0.60416667 0.03750000 0.14236111
14 0.40937500 0.61111111 0.04062500 0.13888889
18 0.45937500 0.60416667 0.03750000 0.13888889
5 0.65000000 0.78819444 0.04062500 0.13888889
11 0.60000000 0.43750000 0.03750000 0.14236111
2 0.50781250 0.42708333 0.03593750 0.12500000
