4 0.13750000 0.48750000 0.10468750 0.20156250
2 0.10625000 0.19375000 0.10312500 0.18125000
10 0.23750000 0.18593750 0.11250000 0.18906250
16 0.14843750 0.77968750 0.10781250 0.22500000
16 0.28437500 0.74531250 0.11250000 0.21562500
17 0.38593750 0.43593750 0.09531250 0.20156250
8 0.41093750 0.71406250 0.10937500 0.22968750
18 0.51562500 0.41562500 0.09843750 0.19687500
4 0.53437500 0.69375000 0.10937500 0.21562500
18 0.49218750 0.14531250 0.10000000 0.20625000
7 0.60937500 0.13593750 0.11250000 0.21250000
