5 0.07031250 0.38281250 0.09375000 0.17656250
18 0.08593750 0.63125000 0.09531250 0.17968750
18 0.28437500 0.35156250 0.09062500 0.16718750
4 0.20625000 0.85156250 0.10312500 0.17187500
11 0.31875000 0.83593750 0.10000000 0.18906250
11 0.30000000 0.57656250 0.09062500 0.15781250
7 0.39218750 0.33906250 0.08125000 0.17031250
14 0.41250000 0.55312500 0.09531250 0.15312500
14 0.53281250 0.76250000 0.09843750 0.17500000
12 0.42968750 0.79843750 0.08593750 0.17656250
0 0.48906250 0.31718750 0.08593750 0.17187500
18 0.58906250 0.30781250 0.07812500 0.17968750
17 0.51406250 0.52968750 0.08593750 0.16250000
18 0.61093750 0.51250000 0.09062500 0.17968750
