18 0.45000000 0.83437500 0.10468750 0.23437500
7 0.56718750 0.80937500 0.11875000 0.23437500
7 0.31406250 0.14843750 0.08125000 0.17031250
4 0.41406250 0.14218750 0.08281250 0.17656250
21 0.60781250 0.10156250 0.08125000 0.15000000
21 0.05000000 0.18125000 0.07656250 0.15625000
25 0.13750000 0.16562500 0.08750000 0.17031250
4 0.69062500 0.78906250 0.11406250 0.23281250
0 0.68906250 0.10781250 0.07343750 0.16718750
17 0.77187500 0.10625000 0.08750000 0.16250000
2 0.65312500 0.50781250 0.10000000 0.18437500
