4 0.05312500 0.65312500 0.09531250 0.14843750
25 0.15312500 0.62343750 0.07812500 0.13906250
7 0.42968750 0.92500000 0.07343750 0.14375000
3 0.07968750 0.20781250 0.08125000 0.16093750
18 0.39843750 0.74375000 0.08593750 0.15000000
19 0.36250000 0.10000000 0.08750000 0.15312500
4 0.16875000 0.17656250 0.07812500 0.15625000
16 0.51875000 0.88906250 0.08125000 0.13593750
7 0.48281250 0.70468750 0.07812500 0.14843750
5 0.43593750 0.50625000 0.07656250 0.14843750
11 0.52812500 0.48125000 0.08281250 0.15312500
4 0.60625000 0.85625000 0.07812500 0.13437500
4 0.57187500 0.66406250 0.08593750 0.15000000
4 0.68593750 0.81562500 0.07343750 0.14062500
15 0.45781250 0.08437500 0.08281250 0.15312500
11 0.74843750 0.59687500 0.10312500 0.14062500
19 0.61718750 0.45000000 0.09062500 0.13906250
13 0.21250000 0.80468750 0.09843750 0.15000000
