8 0.17236300 0.08321200 0.02050800 0.02252900
3 0.83691400 0.07013100 0.02148400 0.02252900
4 0.86377000 0.06976700 0.02246100 0.02325600
15 0.43603500 0.10864800 0.02050800 0.02252900
14 0.46240200 0.10828500 0.02050800 0.02180200
9 0.48877000 0.10792200 0.02050800 0.02252900
0 0.51611300 0.10755800 0.02050800 0.02180200
17 0.54248000 0.10719500 0.02050800 0.02252900
13 0.16992200 0.14571200 0.01953100 0.02252900
0 0.19580100 0.14498500 0.02050800 0.02252900
15 0.24951200 0.14353200 0.02050800 0.02252900
11 0.27587900 0.14280500 0.02050800 0.02252900
14 0.30224600 0.14207800 0.02050800 0.02252900
23 0.32861300 0.14171500 0.02050800 0.02180200
0 0.35546900 0.14135200 0.02148400 0.02252900
3 0.38232400 0.14098800 0.02050800 0.02180200
8 0.40869100 0.14098800 0.02050800 0.02180200
1 0.46337900 0.13953500 0.02050800 0.02180200
0 0.48974600 0.13917200 0.02050800 0.02252900
25 0.51611300 0.13880800 0.02050800 0.02180200
0 0.54248000 0.13844500 0.02050800 0.02252900
17 0.56982400 0.13771800 0.02050800 0.02252900
13 0.59619100 0.13844500 0.02050800 0.02252900
14 0.62353500 0.13808100 0.02050800 0.02180200
13 0.17041000 0.17332800 0.02050800 0.02252900
0 0.19580100 0.17441900 0.02050800 0.02180200
10 0.24951200 0.17405500 0.02050800 0.02252900
0 0.27539100 0.17441900 0.01953100 0.02180200
11 0.30175800 0.17369200 0.01953100 0.02180200
0 0.32861300 0.17332800 0.02050800 0.02252900
13 0.35546900 0.17296500 0.01953100 0.02180200
16 0.38232400 0.17223800 0.02050800 0.02180200
4 0.40869100 0.17187500 0.02050800 0.02252900
15 0.46289100 0.17114800 0.01953100 0.02252900
14 0.48974600 0.17078500 0.02050800 0.02180200
9 0.51611300 0.17042200 0.02050800 0.02252900
0 0.54345700 0.17042200 0.02050800 0.02252900
17 0.56982400 0.17005800 0.02050800 0.02325600
13 0.59716800 0.16969500 0.02050800 0.02252900
14 0.62451200 0.16969500 0.02050800 0.02252900
10 0.16845700 0.20857600 0.02050800 0.02180200
17 0.19433600 0.20784900 0.01953100 0.02180200
20 0.22070300 0.20712200 0.01953100 0.02180200
6 0.24804700 0.20639500 0.01953100 0.02180200
11 0.27441400 0.20603200 0.01953100 0.02252900
4 0.32812500 0.20494200 0.01953100 0.02180200
18 0.38232400 0.20421500 0.02050800 0.02180200
20 0.40869100 0.20385200 0.02050800 0.02252900
19 0.43603500 0.20312500 0.02050800 0.02252900
10 0.46337900 0.20312500 0.02050800 0.02252900
8 0.48974600 0.20312500 0.02050800 0.02252900
3 0.16796900 0.24018900 0.01953100 0.02252900
14 0.19287100 0.23946200 0.02050800 0.02252900
25 0.22021500 0.23873500 0.02050800 0.02252900
14 0.24707000 0.23837200 0.01953100 0.02180200
17 0.27294900 0.23800900 0.02050800 0.02252900
13 0.30029300 0.23728200 0.02050800 0.02252900
20 0.40869100 0.23655500 0.02050800 0.02252900
1 0.46435500 0.23582800 0.02050800 0.02252900
20 0.49072300 0.23510200 0.02050800 0.02252900
3 0.51709000 0.23510200 0.02050800 0.02252900
10 0.54443400 0.23510200 0.02050800 0.02252900
8 0.57177700 0.23510200 0.02050800 0.02252900
15 0.16699200 0.27216600 0.01953100 0.02252900
14 0.19287100 0.27143900 0.02050800 0.02252900
6 0.21923800 0.27107600 0.02050800 0.02180200
11 0.24658200 0.27071200 0.02050800 0.02252900
3 0.30078100 0.26925900 0.01953100 0.02252900
22 0.35498000 0.26925900 0.02050800 0.02252900
0 0.38232400 0.26889500 0.02050800 0.02325600
11 0.40966800 0.26889500 0.02050800 0.02325600
22 0.46386700 0.26816900 0.02148400 0.02325600
14 0.49072300 0.26780500 0.02050800 0.02252900
10 0.51806600 0.26744200 0.02050800 0.02325600
17 0.54492200 0.26744200 0.02148400 0.02325600
20 0.57177700 0.26744200 0.02050800 0.02325600
6 0.60058600 0.26744200 0.02148400 0.02325600
13 0.21826200 0.30414200 0.02050800 0.02252900
0 0.24560500 0.30377900 0.02050800 0.02325600
18 0.30029300 0.30268900 0.02050800 0.02252900
4 0.32763700 0.30159900 0.02050800 0.02325600
22 0.35498000 0.30159900 0.02050800 0.02325600
4 0.38232400 0.30159900 0.02050800 0.02325600
17 0.40869100 0.30196200 0.02050800 0.02252900
13 0.21826200 0.33720900 0.02050800 0.02325600
0 0.24560500 0.33648300 0.02050800 0.02325600
6 0.32763700 0.33502900 0.02050800 0.02325600
13 0.21826200 0.36845900 0.02050800 0.02325600
0 0.24560500 0.36845900 0.02050800 0.02325600
25 0.30029300 0.36845900 0.02050800 0.02325600
0 0.32763700 0.36845900 0.02050800 0.02325600
15 0.35498000 0.36845900 0.02050800 0.02325600
0 0.38232400 0.36773300 0.02050800 0.02325600
3 0.41015600 0.36773300 0.02148400 0.02325600
13 0.21826200 0.40261600 0.02050800 0.02325600
0 0.24462900 0.40261600 0.02050800 0.02325600
22 0.30029300 0.40225300 0.02050800 0.02398300
14 0.32763700 0.40189000 0.02050800 0.02325600
18 0.35498000 0.40189000 0.02050800 0.02325600
19 0.38232400 0.40189000 0.02050800 0.02325600
14 0.40966800 0.40189000 0.02050800 0.02325600
10 0.43701200 0.40116300 0.02050800 0.02325600
13 0.16455100 0.43677300 0.02050800 0.02325600
4 0.19091800 0.43641000 0.02050800 0.02398300
22 0.24560500 0.43532000 0.02050800 0.02325600
8 0.27197300 0.43532000 0.02050800 0.02325600
3 0.29931600 0.43532000 0.02050800 0.02325600
4 0.32763700 0.43532000 0.02050800 0.02325600
13 0.35498000 0.43459300 0.02050800 0.02325600
11 0.40966800 0.43459300 0.02050800 0.02325600
8 0.43750000 0.43459300 0.02148400 0.02325600
3 0.49267600 0.43459300 0.02050800 0.02325600
12 0.54736300 0.43459300 0.02050800 0.02325600
14 0.57470700 0.43423000 0.02050800 0.02398300
10 0.60156200 0.43386600 0.02148400 0.02325600
8 0.11084000 0.47093000 0.02050800 0.02325600
4 0.16357400 0.47093000 0.02050800 0.02325600
18 0.18994100 0.47020300 0.02050800 0.02325600
11 0.21728500 0.47020300 0.02050800 0.02325600
8 0.24462900 0.47020300 0.02050800 0.02325600
22 0.29931600 0.46947700 0.02050800 0.02325600
8 0.32763700 0.46947700 0.02050800 0.02325600
3 0.35498000 0.46875000 0.02050800 0.02325600
4 0.38232400 0.46875000 0.02050800 0.02325600
11 0.40966800 0.46766000 0.02050800 0.02398300
14 0.46533200 0.46802300 0.02050800 0.02325600
13 0.49316400 0.46802300 0.02148400 0.02325600
15 0.54834000 0.46802300 0.02050800 0.02325600
14 0.57519500 0.46802300 0.02148400 0.02325600
9 0.60302700 0.46766000 0.02050800 0.02398300
0 0.63037100 0.46729700 0.02050800 0.02325600
17 0.65771500 0.46729700 0.02050800 0.02325600
15 0.10986300 0.50508700 0.02050800 0.02325600
11 0.13623000 0.50508700 0.02050800 0.02325600
22 0.18994100 0.50436000 0.02050800 0.02325600
20 0.21679700 0.50363400 0.01953100 0.02325600
23 0.24462900 0.50363400 0.02050800 0.02325600
8 0.27197300 0.50363400 0.02050800 0.02325600
3 0.35498000 0.50290700 0.02050800 0.02325600
12 0.41064500 0.50218000 0.02050800 0.02325600
20 0.46582000 0.50181700 0.02148400 0.02398300
6 0.49316400 0.50181700 0.02148400 0.02398300
0 0.52099600 0.50181700 0.02050800 0.02398300
17 0.54882800 0.50145300 0.02148400 0.02325600
13 0.57617200 0.50145300 0.02148400 0.02325600
14 0.10937500 0.53888100 0.01953100 0.02398300
13 0.13525400 0.53888100 0.02050800 0.02398300
15 0.18945300 0.53851700 0.02148400 0.02325600
14 0.21630900 0.53815400 0.02050800 0.02398300
3 0.24365200 0.53742700 0.02050800 0.02398300
13 0.27099600 0.53742700 0.02050800 0.02398300
8 0.29931600 0.53670100 0.02050800 0.02398300
12 0.32666000 0.53742700 0.02050800 0.02398300
0 0.35400400 0.53706400 0.02050800 0.02325600
11 0.38232400 0.53670100 0.02050800 0.02398300
18 0.43896500 0.53633700 0.02050800 0.02325600
8 0.46630900 0.53597400 0.02050800 0.02398300
6 0.49365200 0.53597400 0.02050800 0.02398300
13 0.52050800 0.53597400 0.02148400 0.02398300
0 0.54834000 0.53561000 0.02050800 0.02325600
11 0.57666000 0.53524700 0.02050800 0.02398300
13 0.63232400 0.53524700 0.02050800 0.02398300
0 0.76953100 0.53452000 0.02148400 0.02398300
17 0.79736300 0.53452000 0.02246100 0.02398300
13 0.10888700 0.57231100 0.02050800 0.02398300
0 0.13427700 0.57231100 0.02050800 0.02398300
3 0.16064500 0.57231100 0.02050800 0.02398300
10 0.21630900 0.57231100 0.02050800 0.02398300
0 0.24365200 0.57267400 0.02050800 0.02325600
11 0.27099600 0.57267400 0.02050800 0.02325600
0 0.29882800 0.57158400 0.02148400 0.02398300
13 0.32666000 0.57158400 0.02050800 0.02398300
16 0.35449200 0.57085800 0.02148400 0.02398300
14 0.38232400 0.57085800 0.02050800 0.02398300
15 0.46679700 0.56976700 0.02148400 0.02325600
14 0.49414100 0.56976700 0.02148400 0.02325600
9 0.52148400 0.56976700 0.02148400 0.02325600
0 0.54931600 0.56976700 0.02050800 0.02325600
17 0.57714800 0.56940400 0.02148400 0.02398300
13 0.60449200 0.56904100 0.02148400 0.02325600
14 0.63232400 0.56904100 0.02050800 0.02325600
8 0.16064500 0.60755800 0.02050800 0.02325600
3 0.21533200 0.60719500 0.02050800 0.02398300
22 0.24267600 0.60719500 0.02050800 0.02398300
0 0.27050800 0.60683100 0.02148400 0.02325600
0 0.35449200 0.60646800 0.02148400 0.02398300
17 0.38183600 0.60574100 0.02148400 0.02398300
0 0.41015600 0.60574100 0.02148400 0.02398300
8 0.15918000 0.64135200 0.02148400 0.02398300
19 0.21484400 0.64171500 0.02148400 0.02325600
17 0.24121100 0.64171500 0.02148400 0.02325600
8 0.26953100 0.64171500 0.02148400 0.02325600
0 0.35449200 0.64135200 0.02148400 0.02398300
17 0.38232400 0.64135200 0.02050800 0.02398300
0 0.41015600 0.64062500 0.02148400 0.02398300
22 0.15918000 0.67659900 0.02148400 0.02470900
25 0.18652300 0.67659900 0.02148400 0.02470900
22 0.21386700 0.67696200 0.02148400 0.02398300
8 0.24121100 0.67696200 0.02148400 0.02398300
22 0.26953100 0.67696200 0.02148400 0.02398300
0 0.29736300 0.67732600 0.02050800 0.02470900
11 0.32617200 0.67696200 0.02148400 0.02398300
8 0.35449200 0.67696200 0.02148400 0.02398300
18 0.38183600 0.67623500 0.02148400 0.02398300
22 0.46728500 0.67550900 0.02050800 0.02398300
22 0.49560500 0.67514500 0.02246100 0.02470900
4 0.52246100 0.67514500 0.02148400 0.02470900
17 0.55127000 0.67441900 0.02246100 0.02470900
7 0.57910200 0.67441900 0.02148400 0.02470900
1 0.63574200 0.67369200 0.02148400 0.02470900
22 0.69140600 0.67369200 0.02148400 0.02470900
0 0.71923800 0.67332800 0.02246100 0.02543600
11 0.74755900 0.67296500 0.02246100 0.02470900
14 0.77490200 0.67296500 0.02246100 0.02470900
8 0.15820300 0.71220900 0.02148400 0.02470900
22 0.21386700 0.71220900 0.02148400 0.02470900
14 0.24121100 0.71220900 0.02148400 0.02470900
19 0.26855500 0.71220900 0.02148400 0.02470900
18 0.32519500 0.71220900 0.02148400 0.02470900
15 0.38183600 0.71148300 0.02148400 0.02470900
14 0.41015600 0.71148300 0.02148400 0.02470900
9 0.43896500 0.71075600 0.02246100 0.02470900
0 0.46728500 0.71075600 0.02246100 0.02470900
17 0.49511700 0.71039200 0.02148400 0.02543600
13 0.52343800 0.71002900 0.02148400 0.02470900
14 0.55175800 0.70966600 0.02148400 0.02543600
6 0.58007800 0.70930200 0.02148400 0.02470900
14 0.60839800 0.70893900 0.02148400 0.02543600
3 0.66455100 0.70893900 0.02246100 0.02398300
22 0.69238300 0.70857600 0.02148400 0.02470900
14 0.72021500 0.70821200 0.02246100 0.02398300
17 0.74804700 0.70748500 0.02148400 0.02398300
0 0.77587900 0.70712200 0.02246100 0.02470900
10 0.15771500 0.74709300 0.02050800 0.02470900
14 0.18505900 0.74709300 0.02050800 0.02470900
12 0.21337900 0.74782000 0.02050800 0.02470900
0 0.24072300 0.74782000 0.02050800 0.02470900
13 0.26855500 0.74782000 0.02148400 0.02470900
3 0.29687500 0.74854700 0.02148400 0.02470900
0 0.32519500 0.74782000 0.02148400 0.02470900
22 0.38281200 0.74709300 0.02148400 0.02470900
4 0.43945300 0.74636600 0.02148400 0.02470900
25 0.46777300 0.74636600 0.02148400 0.02470900
9 0.49609400 0.74636600 0.02148400 0.02470900
0 0.52441400 0.74636600 0.02148400 0.02470900
11 0.55273400 0.74564000 0.02148400 0.02470900
0 0.58105500 0.74564000 0.02148400 0.02470900
19 0.10253900 0.78161300 0.02148400 0.02543600
17 0.12890600 0.78197700 0.02148400 0.02470900
4 0.15722700 0.78270300 0.02148400 0.02470900
22 0.18457000 0.78306700 0.02148400 0.02543600
14 0.21240200 0.78306700 0.02050800 0.02543600
9 0.24023400 0.78306700 0.02148400 0.02543600
13 0.26855500 0.78415700 0.02148400 0.02470900
25 0.38183600 0.78306700 0.02148400 0.02543600
22 0.41064500 0.78270300 0.02246100 0.02470900
14 0.43896500 0.78197700 0.02246100 0.02470900
13 0.46679700 0.78161300 0.02148400 0.02398300
1 0.52490200 0.78125000 0.02246100 0.02470900
20 0.55273400 0.78088700 0.02148400 0.02398300
3 0.58105500 0.78088700 0.02148400 0.02398300
8 0.60937500 0.78052300 0.02148400 0.02470900
11 0.63769500 0.77979700 0.02148400 0.02470900
13 0.69384800 0.77907000 0.02246100 0.02470900
0 0.72216800 0.77907000 0.02246100 0.02470900
17 0.75048800 0.77870600 0.02246100 0.02543600
14 0.77734400 0.77834300 0.02148400 0.02470900
3 0.80615200 0.77761600 0.02246100 0.02470900
3 0.10156200 0.81795100 0.02148400 0.02543600
17 0.12793000 0.81831400 0.02148400 0.02470900
14 0.15625000 0.81904100 0.02148400 0.02470900
9 0.18359400 0.81904100 0.02148400 0.02470900
0 0.21191400 0.81976700 0.02148400 0.02470900
11 0.24023400 0.81976700 0.02148400 0.02470900
0 0.26806600 0.82049400 0.02050800 0.02470900
12 0.32470700 0.81904100 0.02246100 0.02470900
14 0.35498000 0.81867700 0.02246100 0.02543600
18 0.38232400 0.81831400 0.02246100 0.02470900
19 0.41113300 0.81831400 0.02148400 0.02470900
14 0.43945300 0.81795100 0.02148400 0.02543600
22 0.46777300 0.81758700 0.02148400 0.02470900
0 0.49658200 0.81686000 0.02246100 0.02470900
8 0.10058600 0.85247100 0.02148400 0.02470900
12 0.15527300 0.85537800 0.02148400 0.02470900
16 0.18261700 0.85537800 0.02148400 0.02470900
0 0.21191400 0.85537800 0.02148400 0.02470900
11 0.23925800 0.85537800 0.02148400 0.02470900
0 0.26757800 0.85501500 0.02148400 0.02543600
18 0.29687500 0.85501500 0.02148400 0.02543600
18 0.38232400 0.85356100 0.02246100 0.02543600
6 0.43994100 0.85283400 0.02246100 0.02543600
17 0.46923800 0.85283400 0.02246100 0.02543600
14 0.49707000 0.85247100 0.02148400 0.02470900
7 0.52587900 0.85210800 0.02246100 0.02543600
14 0.55419900 0.85138100 0.02246100 0.02543600
19 0.58154300 0.85138100 0.02246100 0.02543600
14 0.60986300 0.85101700 0.02246100 0.02470900
12 0.63818400 0.85029100 0.02246100 0.02470900
22 0.69482400 0.84883700 0.02246100 0.02470900
15 0.72314500 0.84847400 0.02246100 0.02543600
4 0.75097700 0.84811000 0.02343800 0.02470900
17 0.77929700 0.84774700 0.02343800 0.02398300
4 0.80712900 0.84738400 0.02246100 0.02470900
3 0.83398400 0.84665700 0.02343800 0.02470900
10 0.09960900 0.88808100 0.02148400 0.02470900
14 0.12597700 0.88917200 0.02148400 0.02543600
12 0.15380900 0.89062500 0.02246100 0.02543600
0 0.18212900 0.89171500 0.02246100 0.02470900
13 0.21044900 0.89171500 0.02246100 0.02470900
3 0.23877000 0.89171500 0.02246100 0.02470900
0 0.26806600 0.89135200 0.02246100 0.02543600
20 0.32568400 0.89098800 0.02246100 0.02470900
3 0.35498000 0.89098800 0.02246100 0.02470900
0 0.38330100 0.88989800 0.02246100 0.02543600
11 0.41162100 0.88917200 0.02246100 0.02543600
0 0.44091800 0.88844500 0.02246100 0.02543600
