0 0.08906250 0.20859375 0.03281250 0.11796875
1 0.13281250 0.21171875 0.03750000 0.12187500
22 0.21875000 0.21171875 0.03593750 0.12500000
0 0.25937500 0.21171875 0.03125000 0.12187500
13 0.30781250 0.21562500 0.03750000 0.12812500
22 0.39843750 0.22578125 0.03750000 0.12500000
4 0.44218750 0.22890625 0.03437500 0.12812500
4 0.48437500 0.22890625 0.03906250 0.12187500
10 0.52968750 0.22890625 0.03750000 0.12500000
18 0.66250000 0.23593750 0.03593750 0.11796875
5 0.74843750 0.23593750 0.03593750 0.12187500
5 0.21562500 0.37500000 0.03750000 0.11484375
8 0.17031250 0.37500000 0.03906250 0.11484375
8 0.35156250 0.38515625 0.03750000 0.12187500
2 0.44218750 0.38203125 0.03593750 0.11093750
13 0.66093750 0.39921875 0.03437500 0.11796875
11 0.96406250 0.41640625 0.03906250 0.12500000
11 0.44218750 0.55546875 0.03906250 0.11796875
14 0.66093750 0.56562500 0.03593750 0.11484375
8 0.70781250 0.56953125 0.03437500 0.11796875
22 0.96562500 0.57968750 0.03125000 0.11484375
6 0.07812500 0.71875000 0.03281250 0.12500000
11 0.11875000 0.71562500 0.03593750 0.12812500
14 0.16250000 0.71875000 0.03437500 0.12187500
17 0.20625000 0.71562500 0.03750000 0.12500000
24 0.25312500 0.72187500 0.04062500 0.12812500
0 0.39218750 0.72187500 0.03437500 0.11796875
13 0.43593750 0.72578125 0.04062500 0.13203125
10 0.68281250 0.73281250 0.04062500 0.12187500
12 0.75156250 0.73984375 0.03281250 0.12187500
11 0.88281250 0.74296875 0.03437500 0.12187500
24 0.11562500 0.88906250 0.03281250 0.13203125
6 0.29687500 0.89218750 0.03593750 0.11796875
8 0.34375000 0.89218750 0.03437500 0.12500000
4 0.43593750 0.89609375 0.03593750 0.13203125
7 0.52656250 0.89609375 0.03593750 0.12500000
0 0.66250000 0.89921875 0.04062500 0.12812500
4 0.79843750 0.90937500 0.03437500 0.12812500
14 0.88437500 0.90937500 0.03593750 0.12812500
15 0.92812500 0.90937500 0.03281250 0.12812500
12 0.97031250 0.90937500 0.03281250 0.13203125
