2 0.21718750 0.14921875 0.03125000 0.11484375
0 0.25468750 0.14921875 0.03125000 0.11484375
15 0.29218750 0.14921875 0.03281250 0.11796875
19 0.33125000 0.14609375 0.03593750 0.11484375
0 0.36718750 0.14609375 0.02812500 0.11093750
18 0.44218750 0.14921875 0.03281250 0.10781250
2 0.58750000 0.15312500 0.03437500 0.10390625
17 0.65937500 0.15937500 0.03281250 0.10781250
0 0.69843750 0.15937500 0.03125000 0.11093750
6 0.73437500 0.16328125 0.02968750 0.11093750
4 0.76875000 0.16640625 0.02968750 0.11093750
18 0.83593750 0.17031250 0.02812500 0.09687500
24 0.20937500 0.55937500 0.03750000 0.11484375
17 0.20468750 0.70859375 0.03906250 0.13203125
20 0.24375000 0.70859375 0.03437500 0.12187500
3 0.28593750 0.70859375 0.03437500 0.12500000
24 0.32343750 0.70859375 0.03437500 0.12500000
3 0.40156250 0.71171875 0.03593750 0.12500000
8 0.59062500 0.71171875 0.03125000 0.11093750
15 0.62656250 0.71171875 0.02968750 0.11796875
11 0.66406250 0.70859375 0.03281250 0.12187500
