3 0.05156250 0.22890625 0.03750000 0.12812500
18 0.10156250 0.08359375 0.04062500 0.12187500
2 0.22500000 0.07968750 0.03593750 0.11093750
17 0.30156250 0.07656250 0.03593750 0.11484375
0 0.34687500 0.07968750 0.03281250 0.10390625
6 0.38750000 0.07968750 0.03437500 0.12187500
4 0.42812500 0.07968750 0.03437500 0.12187500
18 0.51250000 0.07656250 0.03750000 0.12812500
18 0.17343750 0.22890625 0.03906250 0.12812500
12 0.21562500 0.22890625 0.04218750 0.12500000
8 0.25937500 0.22578125 0.03750000 0.12187500
11 0.30000000 0.22187500 0.03281250 0.12187500
19 0.03906250 0.37187500 0.03906250 0.12812500
14 0.07968750 0.37812500 0.04218750 0.12812500
12 0.12500000 0.37500000 0.04062500 0.12812500
15 0.25156250 0.37187500 0.03750000 0.12812500
11 0.29531250 0.36796875 0.03593750 0.12812500
0 0.33437500 0.37812500 0.03281250 0.12500000
19 0.37812500 0.37812500 0.03906250 0.12812500
19 0.42656250 0.37500000 0.04218750 0.13906250
13 0.02968750 0.53437500 0.04531250 0.12812500
22 0.29218750 0.53437500 0.04062500 0.13515625
11 0.55781250 0.52109375 0.04843750 0.13203125
4 0.72656250 0.53437500 0.05312500 0.14218750
4 0.06250000 0.69453125 0.03437500 0.12500000
0 0.82031250 0.52812500 0.03281250 0.11796875
6 0.86562500 0.53125000 0.03750000 0.12812500
14 0.90625000 0.52421875 0.03750000 0.12812500
1 0.10468750 0.69453125 0.03750000 0.13203125
8 0.19531250 0.69765625 0.03281250 0.13203125
0 0.23750000 0.70156250 0.03593750 0.12187500
18 0.42187500 0.69062500 0.04062500 0.13515625
22 0.51093750 0.69453125 0.04218750 0.13906250
4 0.55625000 0.69062500 0.03906250 0.13515625
18 0.64843750 0.69765625 0.04375000 0.14921875
4 0.69218750 0.69765625 0.03593750 0.14218750
11 0.73750000 0.69765625 0.03281250 0.12500000
11 0.78437500 0.69062500 0.03906250 0.13515625
17 0.91875000 0.70156250 0.04375000 0.14218750
18 0.05468750 0.86796875 0.04062500 0.14609375
4 0.23593750 0.86796875 0.03906250 0.14609375
7 0.27812500 0.87187500 0.03593750 0.14218750
0 0.55781250 0.86484375 0.03593750 0.13906250
19 0.60156250 0.86796875 0.03906250 0.13515625
