7 0.24375000 0.09375000 0.03281250 0.11458333
14 0.28593750 0.08680556 0.02968750 0.11111111
11 0.32812500 0.08333333 0.02812500 0.10763889
4 0.37031250 0.08680556 0.02968750 0.11458333
18 0.41406250 0.08333333 0.03281250 0.10763889
12 0.58281250 0.08680556 0.03281250 0.10416667
24 0.62343750 0.08680556 0.02968750 0.10416667
20 0.74843750 0.10069444 0.03125000 0.11111111
22 0.78750000 0.10069444 0.03125000 0.11111111
4 0.82500000 0.10069444 0.03125000 0.11111111
10 0.41250000 0.40277778 0.02812500 0.11805556
8 0.50000000 0.40277778 0.02968750 0.12152778
8 0.67031250 0.40277778 0.02812500 0.11458333
6 0.75468750 0.40277778 0.02968750 0.10763889
14 0.79531250 0.40625000 0.03125000 0.11111111
6 0.11875000 0.56597222 0.02812500 0.10416667
14 0.36875000 0.56250000 0.02812500 0.10763889
15 0.45625000 0.55902778 0.02812500 0.10763889
8 0.49843750 0.56250000 0.02968750 0.10416667
13 0.83750000 0.56597222 0.02656250 0.10069444
7 0.07343750 0.72222222 0.02812500 0.10763889
14 0.11250000 0.72222222 0.02968750 0.11805556
11 0.15468750 0.72916667 0.02968750 0.11111111
4 0.19531250 0.72569444 0.02968750 0.11805556
18 0.23750000 0.72569444 0.03281250 0.10763889
22 0.62812500 0.72569444 0.03281250 0.11805556
0 0.11093750 0.88541667 0.02812500 0.11111111
2 0.19218750 0.88194444 0.02812500 0.10763889
4 0.27656250 0.89236111 0.03125000 0.11111111
18 0.36406250 0.89583333 0.03437500 0.12152778
