8 0.23125000 0.13203125 0.03281250 0.15937500
1 0.43437500 0.12500000 0.03437500 0.15625000
18 0.60312500 0.11093750 0.03281250 0.12500000
17 0.60625000 0.27109375 0.04687500 0.13203125
3 0.52187500 0.26718750 0.04375000 0.12500000
17 0.23281250 0.28437500 0.04218750 0.13203125
14 0.19062500 0.28437500 0.04062500 0.12812500
3 0.15000000 0.28125000 0.03750000 0.13515625
24 0.07343750 0.28828125 0.04375000 0.15312500
18 0.03593750 0.44453125 0.03281250 0.12500000
5 0.03593750 0.59375000 0.04218750 0.12812500
3 0.11093750 0.59062500 0.03906250 0.13906250
0 0.15000000 0.59375000 0.03750000 0.13515625
22 0.19062500 0.59062500 0.03906250 0.13203125
13 0.22968750 0.59375000 0.03906250 0.12812500
3 0.39531250 0.59375000 0.04062500 0.13515625
0 0.43593750 0.59375000 0.03750000 0.13515625
13 0.47656250 0.59062500 0.04375000 0.13906250
7 0.69218750 0.58671875 0.04375000 0.13203125
21 0.77968750 0.58671875 0.04531250 0.14218750
4 0.82656250 0.58671875 0.04375000 0.13906250
24 0.87343750 0.59062500 0.04843750 0.14218750
14 0.87187500 0.75312500 0.03750000 0.13203125
19 0.82968750 0.75703125 0.04375000 0.13906250
3 0.65000000 0.75000000 0.04218750 0.12812500
12 0.56250000 0.74687500 0.04375000 0.13203125
20 0.52031250 0.75000000 0.04062500 0.13515625
19 0.47968750 0.75000000 0.04375000 0.12812500
3 0.35468750 0.74687500 0.04375000 0.13203125
14 0.07500000 0.74687500 0.03750000 0.13906250
12 0.03906250 0.75312500 0.03437500 0.14921875
13 0.31406250 0.90312500 0.04062500 0.13906250
14 0.35468750 0.89921875 0.03750000 0.13203125
17 0.43750000 0.90312500 0.03750000 0.12812500
18 0.52187500 0.89921875 0.03750000 0.12187500
14 0.56250000 0.89921875 0.04062500 0.12187500
13 0.60625000 0.90312500 0.04531250 0.12812500
24 0.74062500 0.91328125 0.04843750 0.13515625
24 0.87656250 0.91640625 0.04375000 0.13515625
