14 0.05312500 0.09687500 0.03125000 0.13203125
6 0.25625000 0.07265625 0.03281250 0.11796875
20 0.29843750 0.07656250 0.03437500 0.11796875
24 0.34218750 0.07265625 0.03281250 0.12187500
18 0.38750000 0.07265625 0.03750000 0.12187500
18 0.47656250 0.07265625 0.03750000 0.11796875
0 0.51875000 0.06953125 0.03437500 0.11796875
22 0.56250000 0.06562500 0.03437500 0.12187500
20 0.65000000 0.06562500 0.03750000 0.12187500
18 0.34375000 0.23593750 0.03437500 0.12812500
22 0.43125000 0.23984375 0.03437500 0.13515625
13 0.56093750 0.23281250 0.03750000 0.13515625
20 0.60937500 0.23281250 0.03593750 0.12812500
4 0.69687500 0.23281250 0.03593750 0.12812500
19 0.74218750 0.22578125 0.03750000 0.13906250
8 0.25781250 0.23281250 0.02968750 0.13515625
19 0.16875000 0.56953125 0.03593750 0.13906250
8 0.21250000 0.56953125 0.03281250 0.12187500
2 0.25468750 0.57265625 0.03593750 0.12812500
10 0.29843750 0.57265625 0.03281250 0.12812500
4 0.34218750 0.56953125 0.03593750 0.13203125
19 0.38906250 0.56953125 0.03750000 0.13203125
14 0.47343750 0.56562500 0.03750000 0.13203125
17 0.51875000 0.56562500 0.03750000 0.13203125
7 0.61093750 0.56250000 0.03906250 0.13515625
6 0.74531250 0.55937500 0.03750000 0.13515625
18 0.08281250 0.73984375 0.03593750 0.12812500
1 0.12343750 0.73984375 0.03125000 0.13203125
14 0.16406250 0.74296875 0.03750000 0.13515625
3 0.20781250 0.73593750 0.03750000 0.13515625
24 0.25312500 0.73984375 0.03906250 0.14609375
24 0.43125000 0.73593750 0.03750000 0.14609375
17 0.47500000 0.73593750 0.03593750 0.14609375
1 0.56406250 0.73593750 0.03906250 0.14609375
8 0.60937500 0.73281250 0.03281250 0.13515625
10 0.65468750 0.73984375 0.03750000 0.13515625
4 0.70000000 0.73984375 0.03750000 0.13906250
17 0.29375000 0.90937500 0.03437500 0.12812500
4 0.33906250 0.90625000 0.03906250 0.13203125
1 0.38125000 0.90312500 0.03750000 0.13906250
4 0.42812500 0.90937500 0.03906250 0.13515625
0 0.52031250 0.90625000 0.03750000 0.14609375
7 0.70468750 0.90625000 0.03593750 0.14609375
4 0.75000000 0.91640625 0.04218750 0.14218750
18 0.84375000 0.90312500 0.04062500 0.13906250
