18 0.49062500 0.08680556 0.03593750 0.11805556
4 0.61875000 0.07986111 0.03281250 0.11805556
12 0.74843750 0.08333333 0.03281250 0.11111111
18 0.44687500 0.24305556 0.03281250 0.11458333
13 0.66250000 0.24305556 0.03437500 0.11805556
11 0.87656250 0.41666667 0.02968750 0.12152778
11 0.83437500 0.41666667 0.03281250 0.12847222
0 0.08750000 0.39930556 0.03125000 0.11458333
18 0.04843750 0.70138889 0.03125000 0.11111111
21 0.12031250 0.70486111 0.03125000 0.11805556
8 0.19843750 0.70833333 0.03437500 0.11458333
2 0.23593750 0.70833333 0.02812500 0.10763889
0 0.52656250 0.72916667 0.03125000 0.12152778
13 0.66093750 0.73263889 0.03437500 0.12152778
18 0.75000000 0.73958333 0.03593750 0.12152778
8 0.91718750 0.90972222 0.03437500 0.13194444
11 0.27343750 0.87500000 0.02968750 0.12152778
0 0.23593750 0.87152778 0.03437500 0.12847222
13 0.15781250 0.86458333 0.03593750 0.11458333
14 0.11875000 0.85763889 0.03281250 0.11805556
19 0.04687500 0.85069444 0.03281250 0.11111111
