18 0.19062500 0.14236111 0.03593750 0.10763889
3 0.23437500 0.14583333 0.02968750 0.10416667
3 0.35625000 0.17708333 0.03125000 0.11111111
8 0.39375000 0.18750000 0.02812500 0.10416667
18 0.43281250 0.19791667 0.02656250 0.10416667
19 0.75156250 0.11111111 0.02812500 0.10069444
0 0.61093750 0.22916667 0.02812500 0.10069444
6 0.68281250 0.23958333 0.02812500 0.10416667
17 0.71875000 0.23958333 0.02968750 0.09722222
8 0.75312500 0.24305556 0.02812500 0.09375000
7 0.96562500 0.25000000 0.02968750 0.10763889
15 0.22968750 0.29513889 0.03281250 0.11111111
8 0.27187500 0.30208333 0.03437500 0.11111111
2 0.31406250 0.30902778 0.03125000 0.11458333
20 0.35312500 0.31944444 0.03125000 0.11111111
11 0.39375000 0.32291667 0.02968750 0.10763889
18 0.50625000 0.34722222 0.02812500 0.09722222
14 0.54062500 0.34722222 0.02812500 0.09722222
17 0.57812500 0.35416667 0.02968750 0.10069444
19 0.61406250 0.35763889 0.03125000 0.09375000
19 0.75625000 0.37152778 0.03281250 0.09722222
0 0.79062500 0.37152778 0.02812500 0.09722222
11 0.82812500 0.37152778 0.03281250 0.10069444
10 0.86406250 0.37500000 0.03125000 0.10069444
0 0.22343750 0.44097222 0.02968750 0.10763889
11 0.17812500 0.44097222 0.03125000 0.10763889
20 0.39062500 0.46875000 0.03125000 0.10416667
11 0.61250000 0.49305556 0.02968750 0.09375000
8 0.72187500 0.50000000 0.02656250 0.09027778
3 0.82968750 0.51041667 0.02968750 0.09722222
4 0.86562500 0.51041667 0.02812500 0.10069444
11 0.42812500 0.61805556 0.02812500 0.10069444
11 0.46718750 0.61805556 0.02656250 0.10069444
18 0.65312500 0.63194444 0.02656250 0.10069444
18 0.72500000 0.63541667 0.02812500 0.09375000
1 0.79843750 0.64236111 0.02968750 0.09375000
0 0.87031250 0.64236111 0.02656250 0.09027778
19 0.90781250 0.64583333 0.02656250 0.09375000
18 0.16875000 0.75694444 0.03750000 0.11805556
20 0.21250000 0.75694444 0.03437500 0.11458333
17 0.25781250 0.75694444 0.03281250 0.11458333
4 0.30312500 0.75694444 0.03125000 0.11458333
18 0.46562500 0.77083333 0.02968750 0.09722222
18 0.65468750 0.78125000 0.02812500 0.09375000
8 0.72812500 0.78125000 0.02968750 0.10069444
15 0.80000000 0.78472222 0.02968750 0.09722222
17 0.16250000 0.92013889 0.03593750 0.12152778
14 0.25312500 0.92013889 0.03437500 0.11805556
19 0.46562500 0.92361111 0.03125000 0.11111111
14 0.50468750 0.92361111 0.02968750 0.11111111
18 0.58125000 0.92361111 0.03125000 0.10763889
3 0.87812500 0.92708333 0.02812500 0.10763889
4 0.95000000 0.92708333 0.02968750 0.10416667
