7 0.05937500 0.38750000 0.11406250 0.20625000
14 0.18906250 0.36406250 0.11718750 0.22500000
19 0.31093750 0.33125000 0.10312500 0.21250000
17 0.43906250 0.32500000 0.09843750 0.21875000
4 0.55937500 0.31093750 0.10468750 0.21875000
1 0.07343750 0.66562500 0.10468750 0.20312500
0 0.20000000 0.63906250 0.10468750 0.20312500
2 0.32812500 0.60312500 0.10468750 0.20156250
10 0.46406250 0.60625000 0.12187500 0.19687500
4 0.35156250 0.89687500 0.11718750 0.20625000
17 0.60781250 0.86718750 0.10468750 0.21875000
18 0.72968750 0.84375000 0.09531250 0.22968750
18 0.70625000 0.56406250 0.10312500 0.20625000
