3 0.25156250 0.07638889 0.03906250 0.12500000
24 0.33593750 0.07638889 0.03906250 0.12500000
4 0.38281250 0.07638889 0.03593750 0.12152778
19 0.47031250 0.07986111 0.03750000 0.12500000
0 0.51406250 0.07986111 0.03593750 0.12847222
4 0.60312500 0.07638889 0.03750000 0.11805556
12 0.69062500 0.07638889 0.04062500 0.12847222
4 0.73437500 0.07638889 0.03593750 0.12152778
5 0.82031250 0.07638889 0.03750000 0.12152778
0 0.95000000 0.09027778 0.03750000 0.12152778
5 0.11718750 0.22916667 0.03125000 0.11458333
8 0.15781250 0.23263889 0.03750000 0.11458333
21 0.20312500 0.23263889 0.03906250 0.12152778
4 0.24531250 0.23263889 0.03437500 0.12847222
12 0.33593750 0.22916667 0.03593750 0.12152778
8 0.37968750 0.23263889 0.03750000 0.12152778
11 0.42343750 0.23958333 0.03750000 0.13194444
4 0.46875000 0.23611111 0.03750000 0.13194444
5 0.55781250 0.24305556 0.03906250 0.14236111
2 0.69375000 0.23958333 0.03593750 0.12847222
0 0.73906250 0.23958333 0.03593750 0.12847222
15 0.78437500 0.24305556 0.03750000 0.13194444
4 0.82812500 0.24305556 0.03906250 0.12847222
2 0.95937500 0.23958333 0.03437500 0.12152778
5 0.11250000 0.39583333 0.03125000 0.11458333
1 0.24218750 0.38888889 0.03593750 0.12847222
1 0.28437500 0.39236111 0.03593750 0.12500000
14 0.37656250 0.39583333 0.03593750 0.11805556
13 0.42343750 0.39583333 0.03593750 0.12152778
11 0.55937500 0.39583333 0.03593750 0.12500000
8 0.60468750 0.39583333 0.03593750 0.12847222
19 0.69843750 0.39930556 0.03593750 0.13194444
18 0.88125000 0.40277778 0.03750000 0.12500000
20 0.92656250 0.40277778 0.03906250 0.13194444
17 0.18750000 0.55902778 0.03437500 0.13194444
4 0.23437500 0.55902778 0.03750000 0.12847222
2 0.28281250 0.55902778 0.04062500 0.13194444
14 0.32656250 0.56250000 0.03750000 0.13194444
17 0.37500000 0.56597222 0.03593750 0.12847222
3 0.42031250 0.56597222 0.04062500 0.12152778
0 0.55937500 0.55902778 0.03906250 0.13194444
13 0.60625000 0.56250000 0.03437500 0.12847222
18 0.18281250 0.73611111 0.03593750 0.12847222
8 0.22968750 0.73958333 0.03750000 0.12847222
4 0.37187500 0.73611111 0.03593750 0.13194444
24 0.22187500 0.91666667 0.03750000 0.13541667
4 0.27031250 0.91319444 0.03593750 0.13194444
18 0.36875000 0.91666667 0.03750000 0.13194444
4 0.41562500 0.91666667 0.03593750 0.13541667
4 0.46250000 0.91666667 0.03906250 0.13194444
7 0.56093750 0.91666667 0.03593750 0.13194444
4 0.60937500 0.92013889 0.03437500 0.12847222
2 0.70937500 0.91666667 0.03593750 0.12847222
3 0.75781250 0.92361111 0.03750000 0.12847222
13 0.85312500 0.92708333 0.03750000 0.13888889
8 0.90000000 0.92708333 0.03750000 0.14236111
21 0.94687500 0.92708333 0.04062500 0.14236111
