11 0.21250000 0.57500000 0.10312500 0.14375000
19 0.30781250 0.54843750 0.10312500 0.14531250
4 0.40468750 0.52343750 0.09062500 0.15312500
25 0.50000000 0.50781250 0.08125000 0.13906250
1 0.13281250 0.62812500 0.10781250 0.16562500
3 0.23750000 0.79062500 0.08750000 0.15781250
14 0.33906250 0.75625000 0.08593750 0.15312500
21 0.43437500 0.71093750 0.08281250 0.17187500
13 0.51562500 0.67968750 0.08125000 0.15781250
18 0.63437500 0.85625000 0.08281250 0.16250000
7 0.71718750 0.82656250 0.07812500 0.15625000
16 0.46093750 0.92343750 0.08125000 0.15312500
12 0.09062500 0.82343750 0.07812500 0.14375000
12 0.24375000 0.15468750 0.07343750 0.14843750
0 0.34062500 0.13437500 0.07656250 0.15312500
3 0.42812500 0.10625000 0.08281250 0.15781250
18 0.68281250 0.63281250 0.08593750 0.14062500
