25 0.12031250 0.16406250 0.10000000 0.18437500
17 0.45625000 0.10156250 0.08750000 0.16250000
22 0.15156250 0.68437500 0.11718750 0.22968750
18 0.28750000 0.64843750 0.10312500 0.22031250
13 0.44062500 0.87500000 0.10468750 0.22968750
18 0.52031250 0.55468750 0.09531250 0.18437500
0 0.54375000 0.09375000 0.08125000 0.15312500
4 0.55468750 0.81875000 0.10000000 0.19375000
8 0.63750000 0.09687500 0.07343750 0.15781250
7 0.61875000 0.54375000 0.09062500 0.18125000
3 0.72031250 0.09062500 0.08125000 0.16250000
14 0.31562500 0.91406250 0.11406250 0.17187500
