21 0.20625000 0.35781250 0.10312500 0.21093750
14 0.31250000 0.33593750 0.11250000 0.19843750
16 0.44062500 0.33281250 0.10781250 0.20781250
16 0.55625000 0.32656250 0.11250000 0.20781250
8 0.66406250 0.30625000 0.09843750 0.20156250
4 0.78906250 0.31562500 0.09843750 0.21562500
18 0.21093750 0.58906250 0.10000000 0.22812500
7 0.32187500 0.57656250 0.10312500 0.22500000
4 0.44531250 0.56718750 0.11250000 0.22031250
21 0.31875000 0.09218750 0.10781250 0.18437500
17 0.64375000 0.09062500 0.10468750 0.17968750
4 0.43906250 0.09375000 0.10468750 0.18750000
