11 0.23750000 0.56562500 0.10468750 0.14375000
19 0.33593750 0.52812500 0.11250000 0.13125000
4 0.42968750 0.50000000 0.09062500 0.15312500
25 0.51875000 0.47812500 0.08125000 0.13906250
1 0.15312500 0.59531250 0.10781250 0.16562500
3 0.26875000 0.75468750 0.08750000 0.15781250
14 0.36250000 0.73750000 0.08750000 0.15312500
21 0.46562500 0.68750000 0.08281250 0.17187500
13 0.54375000 0.65781250 0.08125000 0.15781250
18 0.66562500 0.82031250 0.08281250 0.16250000
7 0.74218750 0.80156250 0.07812500 0.15625000
16 0.49375000 0.89687500 0.08125000 0.15312500
4 0.40937500 0.92187500 0.09062500 0.15625000
12 0.11406250 0.80468750 0.07812500 0.14062500
18 0.32031250 0.92968750 0.07812500 0.14062500
12 0.29218750 0.14218750 0.07343750 0.14843750
0 0.38281250 0.12187500 0.07656250 0.15312500
3 0.47187500 0.09531250 0.08281250 0.16093750
18 0.70625000 0.60156250 0.08593750 0.14062500
