13 0.24121100 0.10973800 0.01953100 0.02034900
4 0.26416000 0.10719500 0.02050800 0.02107600
19 0.28906200 0.10465100 0.01953100 0.02034900
4 0.33740200 0.09847400 0.02050800 0.02107600
9 0.36230500 0.09556700 0.02148400 0.02107600
4 0.38623000 0.09266000 0.02050800 0.02107600
11 0.41308600 0.09048000 0.02148400 0.02107600
8 0.43798800 0.08757300 0.02050800 0.02107600
22 0.49072300 0.08357600 0.02246100 0.02325600
22 0.24121100 0.13917200 0.01953100 0.02107600
4 0.26464800 0.13662800 0.01953100 0.02180200
9 0.28808600 0.13444800 0.01953100 0.02180200
11 0.31152300 0.13226700 0.01953100 0.02180200
8 0.33691400 0.12936000 0.01953100 0.02180200
22 0.36132800 0.12681700 0.01953100 0.02107600
19 0.23925800 0.17078500 0.01953100 0.02180200
14 0.26123000 0.16860500 0.02050800 0.02180200
22 0.31103500 0.16351700 0.02050800 0.02180200
1 0.38623000 0.15661300 0.02050800 0.02252900
11 0.41162100 0.15443300 0.02050800 0.02252900
0 0.43798800 0.15225300 0.02050800 0.02252900
6 0.46337900 0.14934600 0.02050800 0.02252900
14 0.49072300 0.14789200 0.02050800 0.02252900
3 0.51904300 0.14607600 0.02050800 0.02180200
0 0.54638700 0.14571200 0.02050800 0.02252900
17 0.57275400 0.14462200 0.02050800 0.02180200
8 0.60107400 0.14316900 0.02050800 0.02180200
13 0.23779300 0.19985500 0.01855500 0.02180200
14 0.26123000 0.19876500 0.02050800 0.02252900
12 0.31103500 0.19513100 0.02050800 0.02252900
16 0.35888700 0.19077000 0.02050800 0.02252900
8 0.38476600 0.18859000 0.01953100 0.02252900
10 0.41064500 0.18641000 0.02050800 0.02252900
0 0.43798800 0.18423000 0.02050800 0.02252900
20 0.23584000 0.23219500 0.02050800 0.02252900
12 0.28466800 0.22856100 0.02050800 0.02252900
0 0.30908200 0.22710800 0.02050800 0.02252900
11 0.33349600 0.22529100 0.02050800 0.02325600
16 0.38427700 0.22202000 0.02050800 0.02252900
8 0.41064500 0.21984000 0.02050800 0.02252900
10 0.43603500 0.21838700 0.02050800 0.02252900
0 0.46142600 0.21657000 0.02050800 0.02325600
1 0.23535200 0.26380800 0.01953100 0.02180200
4 0.25830100 0.26199100 0.02050800 0.02252900
25 0.28320300 0.26090100 0.01953100 0.02325600
18 0.33349600 0.25690400 0.02050800 0.02252900
15 0.35791000 0.25581400 0.02050800 0.02325600
17 0.38330100 0.25436000 0.02050800 0.02325600
14 0.40869100 0.25290700 0.02050800 0.02325600
18 0.43505900 0.25145300 0.02050800 0.02325600
20 0.46240200 0.24963700 0.02050800 0.02252900
13 0.23437500 0.29578500 0.01953100 0.02180200
4 0.25830100 0.29433100 0.02050800 0.02180200
1 0.30712900 0.29142400 0.02050800 0.02180200
4 0.33154300 0.28997100 0.02050800 0.02180200
17 0.35693400 0.28851700 0.02050800 0.02180200
8 0.38330100 0.28670100 0.02050800 0.02252900
19 0.40869100 0.28524700 0.02050800 0.02252900
4 0.43505900 0.28452000 0.02050800 0.02252900
10 0.27929700 0.35683100 0.02148400 0.02325600
13 0.30419900 0.35646800 0.02050800 0.02252900
8 0.32959000 0.35574100 0.02050800 0.02252900
9 0.35595700 0.35428800 0.02050800 0.02252900
10 0.38134800 0.35283400 0.02050800 0.02252900
0 0.40673800 0.35210800 0.02050800 0.02252900
15 0.46044900 0.34992700 0.02050800 0.02252900
17 0.48828100 0.35065400 0.02148400 0.02398300
14 0.51562500 0.34847400 0.02343800 0.02543600
10 0.57177700 0.34847400 0.02246100 0.02543600
13 0.60107400 0.34774700 0.02246100 0.02543600
8 0.62988300 0.34811000 0.02343800 0.02470900
9 0.65820300 0.34811000 0.02343800 0.02470900
10 0.68750000 0.34811000 0.02343800 0.02470900
8 0.71533200 0.34811000 0.02246100 0.02470900
0 0.51464800 0.38444800 0.02148400 0.02470900
20 0.27685500 0.42223800 0.02050800 0.02325600
18 0.32763700 0.42151200 0.02050800 0.02470900
10 0.35351600 0.42114800 0.02148400 0.02398300
22 0.37890600 0.42042200 0.02148400 0.02398300
14 0.40576200 0.42042200 0.02050800 0.02398300
17 0.43261700 0.41969500 0.02148400 0.02398300
2 0.45947300 0.41896800 0.02050800 0.02398300
14 0.48681600 0.41824100 0.02050800 0.02398300
22 0.51464800 0.41860500 0.02148400 0.02470900
0 0.54296900 0.41860500 0.02148400 0.02470900
6 0.27587900 0.45566900 0.02050800 0.02325600
17 0.30127000 0.45530500 0.02050800 0.02252900
8 0.32666000 0.45494200 0.02050800 0.02325600
10 0.37841800 0.45421500 0.02050800 0.02325600
8 0.40478500 0.45348800 0.02050800 0.02325600
9 0.27441400 0.48800900 0.02148400 0.02398300
8 0.29931600 0.48873500 0.02050800 0.02398300
11 0.32470700 0.48873500 0.02050800 0.02398300
8 0.35107400 0.48873500 0.02050800 0.02398300
1 0.40429700 0.48800900 0.02148400 0.02398300
11 0.45849600 0.48764500 0.02050800 0.02325600
8 0.48584000 0.48728200 0.02050800 0.02398300
10 0.27294900 0.52180200 0.02050800 0.02325600
13 0.29834000 0.52216600 0.02050800 0.02398300
8 0.32421900 0.52216600 0.02148400 0.02398300
9 0.35009800 0.52216600 0.02050800 0.02398300
10 0.37695300 0.52252900 0.02148400 0.02325600
8 0.40380900 0.52252900 0.02050800 0.02325600
6 0.27294900 0.55559600 0.02050800 0.02398300
17 0.29736300 0.55559600 0.02050800 0.02398300
25 0.34912100 0.55632300 0.02050800 0.02398300
13 0.37500000 0.55668600 0.02148400 0.02470900
4 0.42919900 0.55704900 0.02050800 0.02398300
11 0.27099600 0.58939000 0.02050800 0.02470900
14 0.29589800 0.58939000 0.02148400 0.02470900
7 0.32177700 0.59084300 0.02050800 0.02470900
12 0.34765600 0.59084300 0.02148400 0.02470900
0 0.37402300 0.59157000 0.02148400 0.02470900
19 0.40087900 0.59157000 0.02050800 0.02470900
4 0.45605500 0.59229700 0.02148400 0.02470900
17 0.26953100 0.62318300 0.02148400 0.02398300
22 0.29492200 0.62391000 0.02148400 0.02543600
0 0.32031200 0.62500000 0.02148400 0.02470900
13 0.34668000 0.62572700 0.02148400 0.02470900
4 0.40039100 0.62645300 0.02148400 0.02470900
6 0.26757800 0.65697700 0.02148400 0.02470900
14 0.29296900 0.65843000 0.02148400 0.02470900
17 0.31933600 0.65915700 0.02148400 0.02470900
1 0.34570300 0.66024700 0.02148400 0.02543600
0 0.37207000 0.66097400 0.02148400 0.02543600
19 0.39990200 0.66170100 0.02246100 0.02543600
4 0.45459000 0.66315400 0.02246100 0.02543600
1 0.26611300 0.69222400 0.02246100 0.02543600
4 0.29101600 0.69367700 0.02148400 0.02543600
25 0.31835900 0.69440400 0.02148400 0.02543600
10 0.37109400 0.69658400 0.02148400 0.02543600
14 0.39843800 0.69803800 0.02148400 0.02543600
13 0.42578100 0.69949100 0.02148400 0.02543600
2 0.45361300 0.69985500 0.02246100 0.02616300
0 0.48339800 0.70094500 0.02148400 0.02543600
8 0.26464800 0.72710800 0.02148400 0.02543600
1 0.31689500 0.73001500 0.02246100 0.02543600
4 0.34326200 0.73146800 0.02246100 0.02543600
25 0.37011700 0.73292200 0.02148400 0.02543600
13 0.42480500 0.73546500 0.02343800 0.02616300
0 0.45312500 0.73619200 0.02343800 0.02616300
16 0.48242200 0.73728200 0.02343800 0.02689000
0 0.51074200 0.73837200 0.02343800 0.02616300
11 0.53906200 0.73909900 0.02343800 0.02616300
0 0.56396500 0.73982600 0.02246100 0.02616300
15 0.26318400 0.76162800 0.02246100 0.02470900
4 0.28955100 0.76344500 0.02246100 0.02543600
17 0.31543000 0.76526200 0.02343800 0.02616300
4 0.34228500 0.76707800 0.02246100 0.02543600
15 0.36865200 0.76853200 0.02246100 0.02543600
11 0.39648400 0.77034900 0.02343800 0.02616300
4 0.42431600 0.77180200 0.02246100 0.02616300
19 0.45263700 0.77325600 0.02246100 0.02616300
10 0.26220700 0.79651200 0.02246100 0.02616300
0 0.28808600 0.79832800 0.02148400 0.02543600
10 0.31445300 0.80050900 0.02148400 0.02543600
12 0.36767600 0.80414200 0.02246100 0.02543600
14 0.39550800 0.80595900 0.02343800 0.02616300
16 0.42285200 0.80741300 0.02343800 0.02616300
0 0.45117200 0.80886600 0.02343800 0.02616300
11 0.48046900 0.81032000 0.02343800 0.02616300
0 0.50927700 0.81177300 0.02246100 0.02616300
13 0.26123000 0.83175900 0.02246100 0.02543600
0 0.28662100 0.83393900 0.02246100 0.02543600
11 0.34033200 0.83829900 0.02246100 0.02543600
8 0.36669900 0.84048000 0.02246100 0.02543600
18 0.39404300 0.84266000 0.02246100 0.02543600
19 0.42236300 0.84484000 0.02246100 0.02543600
0 0.44970700 0.84665700 0.02246100 0.02616300
7 0.47998000 0.84847400 0.02246100 0.02543600
10 0.25781200 0.86773300 0.02343800 0.02616300
0 0.28320300 0.86991300 0.02343800 0.02616300
17 0.31152300 0.87209300 0.02343800 0.02616300
0 0.33789100 0.87427300 0.02343800 0.02616300
10 0.36523400 0.87645300 0.02343800 0.02616300
20 0.39355500 0.87936000 0.02343800 0.02616300
11 0.42041000 0.88117700 0.02441400 0.02689000
8 0.44921900 0.88263100 0.02343800 0.02689000
19 0.63037100 0.14316900 0.02050800 0.02180200
4 0.65673800 0.14207800 0.02050800 0.02252900
