5 0.13593750 0.06562500 0.03437500 0.09687500
7 0.21093750 0.06562500 0.03125000 0.09687500
5 0.28750000 0.06562500 0.03125000 0.09375000
0 0.32812500 0.06562500 0.03125000 0.09375000
1 0.36250000 0.06250000 0.02812500 0.09687500
6 0.44218750 0.06250000 0.03281250 0.10078125
1 0.59687500 0.06562500 0.02656250 0.10390625
0 0.13281250 0.17031250 0.03125000 0.10781250
20 0.16718750 0.17031250 0.03125000 0.10781250
19 0.24531250 0.17031250 0.03281250 0.11484375
12 0.36250000 0.16640625 0.02968750 0.10781250
5 0.44375000 0.17031250 0.02812500 0.10078125
8 0.47968750 0.17031250 0.02968750 0.10390625
12 0.72031250 0.17343750 0.04062500 0.11796875
4 0.75625000 0.17031250 0.03281250 0.11796875
19 0.79687500 0.15937500 0.03437500 0.11796875
14 0.15937500 0.30546875 0.03125000 0.10390625
12 0.20156250 0.30546875 0.03593750 0.10781250
24 0.32031250 0.30546875 0.03281250 0.11093750
19 0.47968750 0.30546875 0.03281250 0.11093750
11 0.72187500 0.30234375 0.03593750 0.11484375
20 0.76250000 0.29843750 0.03437500 0.11796875
2 0.80156250 0.30234375 0.03281250 0.10781250
10 0.84375000 0.29843750 0.03437500 0.11796875
18 0.15468750 0.45156250 0.03593750 0.12187500
4 0.19531250 0.45468750 0.03125000 0.12500000
21 0.23437500 0.44765625 0.03593750 0.12500000
2 0.35781250 0.44765625 0.03281250 0.10781250
14 0.39531250 0.44765625 0.03281250 0.11484375
3 0.43906250 0.45468750 0.03281250 0.11484375
14 0.63750000 0.45156250 0.02968750 0.12812500
5 0.72656250 0.45156250 0.03281250 0.11093750
0 0.76718750 0.44765625 0.03281250 0.11796875
8 0.80781250 0.45156250 0.03593750 0.12500000
17 0.85156250 0.44765625 0.03750000 0.12500000
18 0.89375000 0.44062500 0.03437500 0.12500000
8 0.93593750 0.44453125 0.03281250 0.11796875
22 0.06875000 0.60390625 0.03437500 0.11484375
3 0.10781250 0.60078125 0.03281250 0.11796875
13 0.18593750 0.60078125 0.03593750 0.11484375
0 0.27343750 0.60078125 0.03437500 0.11796875
6 0.31250000 0.60078125 0.03437500 0.12500000
17 0.35468750 0.60390625 0.03593750 0.12187500
4 0.39687500 0.60078125 0.03281250 0.11796875
4 0.43750000 0.59687500 0.03750000 0.12500000
0 0.52187500 0.59687500 0.03437500 0.12187500
19 0.56250000 0.59687500 0.03437500 0.11484375
15 0.72968750 0.60078125 0.03125000 0.12500000
17 0.77187500 0.59375000 0.03593750 0.12500000
8 0.81406250 0.60078125 0.03593750 0.11796875
2 0.85937500 0.59687500 0.03437500 0.12812500
4 0.90000000 0.60078125 0.03437500 0.11796875
3 0.06093750 0.74687500 0.03281250 0.11093750
17 0.09687500 0.75312500 0.03437500 0.11093750
14 0.13593750 0.75312500 0.03593750 0.11796875
15 0.17968750 0.75312500 0.03437500 0.12187500
15 0.22187500 0.75312500 0.03437500 0.11484375
12 0.05156250 0.91328125 0.03593750 0.13203125
8 0.09375000 0.91328125 0.03437500 0.13203125
11 0.13437500 0.91328125 0.03593750 0.13203125
4 0.17187500 0.91640625 0.03593750 0.13203125
18 0.35156250 0.75703125 0.03593750 0.11796875
20 0.39375000 0.75312500 0.03750000 0.12187500
11 0.43750000 0.75312500 0.03437500 0.10781250
11 0.47656250 0.75312500 0.03593750 0.12812500
11 0.56093750 0.75312500 0.03437500 0.12500000
24 0.60468750 0.75703125 0.03906250 0.12500000
22 0.30312500 0.91640625 0.03437500 0.12500000
0 0.34531250 0.90937500 0.03125000 0.12500000
24 0.38906250 0.92031250 0.03437500 0.12812500
7 0.69843750 0.91640625 0.03750000 0.12500000
15 0.74062500 0.92031250 0.03750000 0.12812500
15 0.78593750 0.92343750 0.03750000 0.13515625
4 0.83125000 0.92031250 0.03593750 0.13906250
11 0.73437500 0.75703125 0.03593750 0.13203125
4 0.77656250 0.76015625 0.03593750 0.13906250
4 0.82187500 0.76406250 0.04062500 0.14609375
22 0.87031250 0.76015625 0.04062500 0.14921875
3 0.95468750 0.75703125 0.03906250 0.13906250
