10 0.10000000 0.09687500 0.03437500 0.11796875
15 0.16875000 0.09687500 0.03281250 0.11093750
11 0.29843750 0.09375000 0.03437500 0.10781250
11 0.34062500 0.09375000 0.03437500 0.10781250
15 0.42500000 0.09375000 0.03437500 0.11484375
4 0.29687500 0.25703125 0.03281250 0.11484375
12 0.59687500 0.25312500 0.03281250 0.11484375
11 0.77031250 0.25000000 0.03593750 0.12187500
19 0.90312500 0.25000000 0.03437500 0.11484375
18 0.08281250 0.42031250 0.03281250 0.12187500
3 0.12343750 0.42343750 0.03437500 0.13515625
7 0.38437500 0.42343750 0.03437500 0.13203125
11 0.72968750 0.41328125 0.03750000 0.12187500
0 0.77031250 0.40937500 0.03281250 0.11484375
24 0.81562500 0.40937500 0.03437500 0.12500000
1 0.08281250 0.57968750 0.03437500 0.12187500
0 0.12187500 0.58359375 0.03437500 0.12187500
2 0.16718750 0.58359375 0.03437500 0.12812500
12 0.59687500 0.57656250 0.03281250 0.11484375
7 0.77187500 0.57656250 0.03437500 0.12187500
12 0.85937500 0.57265625 0.03281250 0.11796875
19 0.94531250 0.57656250 0.03437500 0.12187500
5 0.08281250 0.73984375 0.03437500 0.11796875
8 0.12500000 0.73984375 0.03437500 0.11796875
18 0.94531250 0.73593750 0.03281250 0.11484375
11 0.08593750 0.90312500 0.03906250 0.11796875
13 0.38281250 0.89921875 0.03437500 0.11484375
4 0.59843750 0.89921875 0.03593750 0.12187500
4 0.64062500 0.89921875 0.03437500 0.11796875
