22 0.23281250 0.09027778 0.03437500 0.11805556
4 0.27500000 0.08680556 0.03593750 0.11458333
3 0.36250000 0.09375000 0.03593750 0.12152778
14 0.40625000 0.09375000 0.03593750 0.11805556
13 0.45000000 0.09722222 0.03593750 0.12152778
19 0.53750000 0.09722222 0.03593750 0.11458333
5 0.62656250 0.09722222 0.03593750 0.11458333
4 0.67031250 0.09722222 0.03125000 0.11111111
4 0.71406250 0.09722222 0.03125000 0.11458333
11 0.75781250 0.10416667 0.03437500 0.11111111
11 0.84843750 0.10416667 0.03906250 0.11458333
6 0.93125000 0.11111111 0.03437500 0.11458333
20 0.97343750 0.11458333 0.03125000 0.12152778
3 0.10000000 0.24652778 0.03437500 0.11805556
8 0.14375000 0.25000000 0.03437500 0.11805556
18 0.18906250 0.25000000 0.03593750 0.11458333
10 0.23125000 0.25347222 0.03437500 0.12152778
14 0.27343750 0.25347222 0.03437500 0.11805556
4 0.75468750 0.43055556 0.03437500 0.12152778
11 0.79843750 0.43055556 0.03437500 0.12152778
11 0.84375000 0.43402778 0.03281250 0.12152778
10 0.05625000 0.57291667 0.03906250 0.12847222
3 0.14218750 0.57638889 0.03437500 0.12152778
10 0.31875000 0.57986111 0.04062500 0.12152778
3 0.40468750 0.58680556 0.03437500 0.12500000
3 0.53437500 0.59027778 0.03593750 0.13194444
17 0.57812500 0.59027778 0.03593750 0.12847222
8 0.62031250 0.59027778 0.03437500 0.12847222
5 0.66406250 0.59375000 0.03593750 0.12847222
19 0.70781250 0.59375000 0.03906250 0.12152778
11 0.14375000 0.73611111 0.04062500 0.11458333
11 0.18593750 0.73958333 0.03750000 0.12152778
15 0.61718750 0.91666667 0.03281250 0.11111111
17 0.66093750 0.91666667 0.03593750 0.11805556
18 0.74843750 0.92361111 0.03437500 0.10763889
18 0.79375000 0.92361111 0.03593750 0.11111111
8 0.83750000 0.92361111 0.03437500 0.10416667
