18 0.05781250 0.22500000 0.07343750 0.16562500
7 0.13750000 0.21562500 0.07812500 0.16093750
4 0.22187500 0.19531250 0.07656250 0.17187500
3 0.14218750 0.62187500 0.09375000 0.17031250
0 0.23125000 0.60781250 0.08281250 0.16093750
12 0.31093750 0.18125000 0.08281250 0.16562500
3 0.49687500 0.14218750 0.07656250 0.16718750
14 0.59062500 0.14218750 0.08125000 0.16093750
3 0.33593750 0.59531250 0.09062500 0.17187500
0 0.32968750 0.38125000 0.07812500 0.15312500
5 0.42187500 0.36718750 0.07812500 0.17031250
18 0.51875000 0.35312500 0.08750000 0.17656250
21 0.68437500 0.13281250 0.07812500 0.16562500
13 0.76406250 0.12656250 0.07343750 0.16093750
11 0.55000000 0.80156250 0.09375000 0.17968750
0 0.44531250 0.81093750 0.08593750 0.17656250
18 0.53125000 0.56250000 0.09375000 0.16718750
4 0.60781250 0.34843750 0.08593750 0.17187500
16 0.69687500 0.33593750 0.08281250 0.16718750
14 0.62812500 0.55937500 0.08750000 0.17031250
11 0.65156250 0.78750000 0.10468750 0.17968750
