21 0.04843750 0.58593750 0.09531250 0.21562500
4 0.16406250 0.58593750 0.12187500 0.22968750
11 0.46093750 0.56562500 0.10312500 0.19375000
13 0.60000000 0.85312500 0.12187500 0.22968750
0 0.46406250 0.87031250 0.12656250 0.22500000
14 0.57343750 0.55468750 0.11250000 0.21562500
18 0.57187500 0.27968750 0.10468750 0.21093750
7 0.68593750 0.27968750 0.09531250 0.19843750
14 0.70000000 0.54531250 0.11250000 0.21562500
3 0.72968750 0.83750000 0.10781250 0.24687500
10 0.82500000 0.54062500 0.11406250 0.21875000
4 0.79375000 0.27812500 0.10312500 0.19843750
