3 0.10000000 0.09722222 0.03750000 0.13888889
13 0.18437500 0.09375000 0.03437500 0.13888889
7 0.26875000 0.09722222 0.04375000 0.13888889
19 0.35937500 0.09722222 0.04375000 0.13541667
0 0.40000000 0.10069444 0.03750000 0.13888889
10 0.44531250 0.09722222 0.05000000 0.14583333
12 0.61562500 0.10069444 0.04218750 0.14583333
14 0.70468750 0.11111111 0.04218750 0.14583333
15 0.74843750 0.11111111 0.04375000 0.13888889
11 0.83125000 0.11111111 0.04062500 0.15277778
24 0.87656250 0.11458333 0.04843750 0.14236111
24 0.91406250 0.27777778 0.04218750 0.14583333
17 0.87187500 0.27430556 0.04375000 0.14930556
6 0.82812500 0.27430556 0.03906250 0.15277778
13 0.78750000 0.27083333 0.04375000 0.14583333
0 0.74375000 0.27083333 0.04062500 0.14236111
10 0.65937500 0.26736111 0.04375000 0.13541667
14 0.61406250 0.26388889 0.04375000 0.12847222
14 0.57343750 0.27083333 0.04531250 0.12152778
2 0.52968750 0.26388889 0.03750000 0.13541667
4 0.35937500 0.27083333 0.04062500 0.13888889
3 0.31718750 0.27083333 0.04375000 0.13888889
0 0.27187500 0.27083333 0.03750000 0.14236111
12 0.23125000 0.27083333 0.04375000 0.14236111
23 0.14687500 0.25347222 0.04218750 0.13541667
3 0.06562500 0.41319444 0.03906250 0.13888889
17 0.10781250 0.41666667 0.03906250 0.13541667
14 0.14843750 0.41666667 0.03750000 0.13888889
21 0.18906250 0.42013889 0.04062500 0.13194444
4 0.23281250 0.42013889 0.04375000 0.13541667
12 0.36093750 0.42361111 0.04375000 0.13194444
14 0.44062500 0.42708333 0.03593750 0.13541667
13 0.48593750 0.42361111 0.04375000 0.13888889
3 0.56875000 0.43055556 0.03750000 0.14930556
4 0.61093750 0.43402778 0.03750000 0.13888889
2 0.65312500 0.43055556 0.03750000 0.13541667
10 0.69531250 0.43055556 0.03750000 0.12847222
4 0.94687500 0.59375000 0.03750000 0.13194444
7 0.90625000 0.59722222 0.03906250 0.14583333
11 0.69687500 0.59027778 0.04218750 0.12500000
11 0.65312500 0.59027778 0.04218750 0.12500000
4 0.61250000 0.58680556 0.03906250 0.12847222
1 0.57187500 0.58333333 0.04531250 0.12847222
19 0.40312500 0.57986111 0.03750000 0.13888889
0 0.36093750 0.58333333 0.03750000 0.12847222
14 0.27500000 0.57638889 0.03593750 0.12847222
10 0.23750000 0.57638889 0.03906250 0.12847222
18 0.19531250 0.57986111 0.04375000 0.13541667
8 0.15312500 0.57638889 0.03906250 0.13888889
3 0.11250000 0.57638889 0.04218750 0.14236111
10 0.23750000 0.72569444 0.04062500 0.12847222
4 0.27812500 0.72569444 0.03906250 0.12847222
4 0.31875000 0.72569444 0.03750000 0.12847222
15 0.35937500 0.72569444 0.03906250 0.12847222
7 0.44375000 0.72916667 0.03281250 0.12152778
6 0.56875000 0.73611111 0.03906250 0.12847222
14 0.60625000 0.73263889 0.03750000 0.12847222
