21 0.06093750 0.19218750 0.09375000 0.17500000
0 0.14843750 0.17812500 0.07343750 0.16718750
17 0.24687500 0.15000000 0.08750000 0.18437500
7 0.13750000 0.65312500 0.10781250 0.22031250
0 0.26093750 0.61093750 0.09531250 0.19843750
6 0.45156250 0.11406250 0.08593750 0.16562500
15 0.38750000 0.57812500 0.10468750 0.20625000
16 0.41718750 0.88437500 0.11875000 0.22968750
14 0.55156250 0.11093750 0.08593750 0.15312500
13 0.63437500 0.09531250 0.07343750 0.15781250
2 0.05000000 0.64843750 0.09843750 0.20312500
19 0.55000000 0.82343750 0.12187500 0.23750000
18 0.51875000 0.55000000 0.10312500 0.20156250
4 0.61875000 0.53750000 0.10000000 0.21093750
17 0.66875000 0.79062500 0.10937500 0.24218750
18 0.78281250 0.75781250 0.09531250 0.22968750
4 0.71875000 0.08750000 0.06875000 0.14062500
16 0.73437500 0.50781250 0.10781250 0.20156250
