18 0.18593750 0.83437500 0.08593750 0.15000000
19 0.14843750 0.18593750 0.08750000 0.15312500
7 0.27656250 0.81562500 0.08125000 0.14531250
4 0.37031250 0.77343750 0.08593750 0.15000000
4 0.49687500 0.92656250 0.07343750 0.14062500
15 0.24218750 0.15468750 0.08281250 0.15312500
11 0.55000000 0.69062500 0.08593750 0.14062500
5 0.21406250 0.60625000 0.07812500 0.15312500
11 0.32500000 0.57343750 0.09375000 0.13593750
19 0.42812500 0.53125000 0.08593750 0.13437500
14 0.64218750 0.66250000 0.08125000 0.14843750
17 0.51875000 0.50156250 0.08125000 0.16718750
3 0.67031250 0.84687500 0.07812500 0.15781250
23 0.82500000 0.77500000 0.06718750 0.14375000
