2 0.87841800 0.03561000 0.02246100 0.02470900
15 0.12548800 0.08975300 0.02246100 0.02398300
8 0.15185500 0.08939000 0.02246100 0.02470900
17 0.17822300 0.08866300 0.02246100 0.02470900
14 0.20507800 0.08829900 0.02148400 0.02398300
6 0.23291000 0.08793600 0.02246100 0.02470900
8 0.25927700 0.08720900 0.02246100 0.02470900
25 0.28613300 0.12718000 0.02343800 0.02616300
0 0.31347700 0.12790700 0.02343800 0.02616300
20 0.34130900 0.17005800 0.02246100 0.02616300
19 0.36865200 0.16969500 0.02246100 0.02543600
6 0.42236300 0.16969500 0.02246100 0.02543600
0 0.44873000 0.16896800 0.02246100 0.02543600
12 0.47607400 0.16896800 0.02246100 0.02543600
8 0.50439500 0.16824100 0.02246100 0.02543600
10 0.12402300 0.21293600 0.02148400 0.02470900
14 0.15087900 0.21329900 0.02246100 0.02543600
16 0.17822300 0.21329900 0.02246100 0.02543600
4 0.20605500 0.21293600 0.02148400 0.02616300
17 0.23291000 0.21293600 0.02246100 0.02616300
6 0.25927700 0.21257300 0.02246100 0.02543600
0 0.28662100 0.21257300 0.02246100 0.02543600
25 0.31494100 0.25581400 0.02246100 0.02616300
0 0.34130900 0.25654100 0.02246100 0.02616300
10 0.37011700 0.29905500 0.02148400 0.02543600
20 0.39697300 0.29869200 0.02246100 0.02616300
0 0.45068400 0.29796500 0.02246100 0.02616300
10 0.47802700 0.29796500 0.02246100 0.02616300
14 0.50537100 0.29760200 0.02246100 0.02543600
12 0.53271500 0.29651200 0.02246100 0.02616300
22 0.12353500 0.34266000 0.02246100 0.02689000
18 0.15087900 0.34266000 0.02246100 0.02689000
22 0.23291000 0.34229700 0.02246100 0.02761600
4 0.26123000 0.34229700 0.02246100 0.02761600
17 0.28857400 0.34193300 0.02246100 0.02689000
19 0.31591800 0.34193300 0.02246100 0.02689000
8 0.34326200 0.34193300 0.02246100 0.02689000
19 0.37011700 0.34193300 0.02148400 0.02689000
18 0.39794900 0.34193300 0.02246100 0.02689000
8 0.12304700 0.38590100 0.02343800 0.02761600
10 0.17724600 0.38590100 0.02246100 0.02761600
17 0.20556600 0.38590100 0.02246100 0.02761600
20 0.23388700 0.38590100 0.02246100 0.02761600
9 0.26123000 0.38553800 0.02246100 0.02689000
8 0.28857400 0.38553800 0.02246100 0.02689000
19 0.31591800 0.38517400 0.02246100 0.02761600
18 0.34423800 0.38517400 0.02246100 0.02761600
8 0.12255900 0.42877900 0.02246100 0.02616300
13 0.17822300 0.42877900 0.02246100 0.02616300
4 0.20654300 0.42914200 0.02246100 0.02689000
18 0.23388700 0.42914200 0.02246100 0.02689000
19 0.28857400 0.42914200 0.02246100 0.02689000
18 0.31543000 0.42841600 0.02148400 0.02689000
10 0.39794900 0.42768900 0.02246100 0.02689000
20 0.42627000 0.42768900 0.02246100 0.02689000
22 0.45312500 0.42768900 0.02148400 0.02689000
17 0.50732400 0.42732600 0.02246100 0.02616300
10 0.53369100 0.42696200 0.02246100 0.02543600
14 0.56103500 0.42659900 0.02246100 0.02616300
12 0.58886700 0.42623500 0.02148400 0.02543600
22 0.12207000 0.51744200 0.02343800 0.02761600
3 0.14990200 0.51744200 0.02246100 0.02761600
17 0.17773400 0.51671500 0.02148400 0.02761600
20 0.20556600 0.51671500 0.02246100 0.02761600
6 0.23388700 0.51707800 0.02246100 0.02689000
8 0.28906200 0.51635200 0.02148400 0.02689000
25 0.31689500 0.51562500 0.02246100 0.02689000
12 0.37207000 0.51489800 0.02148400 0.02689000
0 0.39892600 0.51453500 0.02246100 0.02616300
12 0.42578100 0.51417200 0.02148400 0.02689000
8 0.45361300 0.51380800 0.02246100 0.02616300
13 0.48046900 0.51344500 0.02148400 0.02689000
14 0.50830100 0.51344500 0.02246100 0.02689000
8 0.59033200 0.51308100 0.02246100 0.02616300
25 0.61767600 0.51271800 0.02246100 0.02689000
18 0.67236300 0.51271800 0.02246100 0.02689000
15 0.70068400 0.51235500 0.02246100 0.02616300
0 0.72802700 0.51199100 0.02246100 0.02543600
11 0.75537100 0.51162800 0.02246100 0.02616300
13 0.81201200 0.51090100 0.02246100 0.02616300
8 0.83984400 0.51162800 0.02343800 0.02616300
10 0.12060500 0.56104700 0.02246100 0.02761600
17 0.14941400 0.56068300 0.02343800 0.02834300
8 0.17773400 0.56032000 0.02343800 0.02761600
22 0.20556600 0.56032000 0.02246100 0.02761600
14 0.23291000 0.55995600 0.02246100 0.02834300
13 0.26025400 0.55959300 0.02246100 0.02761600
14 0.28857400 0.55959300 0.02246100 0.02761600
6 0.31689500 0.55923000 0.02246100 0.02689000
8 0.34423800 0.55886600 0.02246100 0.02761600
8 0.42675800 0.55741300 0.02148400 0.02761600
7 0.48095700 0.55704900 0.02246100 0.02689000
17 0.50878900 0.55704900 0.02148400 0.02689000
14 0.53515600 0.55668600 0.02148400 0.02761600
12 0.56298800 0.55668600 0.02246100 0.02761600
14 0.59082000 0.55632300 0.02148400 0.02689000
22 0.12109400 0.60537800 0.02343800 0.02761600
1 0.17627000 0.60501500 0.02246100 0.02834300
4 0.20459000 0.60465100 0.02246100 0.02761600
6 0.23291000 0.60428800 0.02246100 0.02689000
0 0.26025400 0.60392400 0.02246100 0.02761600
4 0.28759800 0.60356100 0.02246100 0.02689000
19 0.31494100 0.60319800 0.02246100 0.02761600
20 0.37255900 0.60247100 0.02246100 0.02761600
12 0.39941400 0.60247100 0.02343800 0.02761600
22 0.45410200 0.60210800 0.02148400 0.02689000
0 0.48144500 0.60174400 0.02148400 0.02761600
11 0.50927700 0.60138100 0.02246100 0.02689000
13 0.56445300 0.60101700 0.02148400 0.02761600
8 0.59130900 0.60065400 0.02246100 0.02689000
10 0.62011700 0.60065400 0.02343800 0.02689000
8 0.12011700 0.64970900 0.02343800 0.02761600
10 0.17675800 0.65007300 0.02343800 0.02689000
0 0.20410200 0.64934600 0.02343800 0.02689000
16 0.23144500 0.64934600 0.02343800 0.02689000
0 0.25976600 0.64861900 0.02343800 0.02689000
4 0.28710900 0.64861900 0.02343800 0.02689000
19 0.31591800 0.64789200 0.02246100 0.02689000
6 0.37207000 0.64680200 0.02343800 0.02761600
14 0.39941400 0.64716600 0.02148400 0.02689000
11 0.42675800 0.64716600 0.02148400 0.02689000
14 0.45410200 0.64680200 0.02148400 0.02616300
22 0.48291000 0.64643900 0.02246100 0.02689000
14 0.51025400 0.64571200 0.02246100 0.02689000
0 0.14746100 0.74091600 0.02343800 0.02834300
7 0.17480500 0.74018900 0.02343800 0.02834300
19 0.23095700 0.73946200 0.02246100 0.02834300
6 0.31543000 0.73909900 0.02343800 0.02907000
0 0.34277300 0.73873500 0.02343800 0.02834300
3 0.37109400 0.73873500 0.02343800 0.02834300
10 0.39892600 0.73800900 0.02246100 0.02834300
8 0.42627000 0.73764500 0.02246100 0.02907000
0 0.51074200 0.73691900 0.02343800 0.02907000
7 0.53906200 0.73655500 0.02343800 0.02834300
19 0.59472700 0.73655500 0.02343800 0.02834300
6 0.67871100 0.73691900 0.02343800 0.02761600
17 0.70605500 0.73655500 0.02343800 0.02834300
25 0.76367200 0.73655500 0.02343800 0.02834300
13 0.79296900 0.73619200 0.02343800 0.02761600
13 0.20361300 0.78452000 0.02246100 0.02834300
4 0.23046900 0.78488400 0.02343800 0.02907000
20 0.25830100 0.78452000 0.02246100 0.02834300
12 0.28613300 0.78415700 0.02343800 0.02907000
19 0.34375000 0.78379400 0.02343800 0.02834300
15 0.45507800 0.78270300 0.02343800 0.02907000
14 0.48291000 0.78270300 0.02246100 0.02907000
17 0.51123000 0.78270300 0.02246100 0.02907000
14 0.54003900 0.78306700 0.02343800 0.02834300
18 0.56787100 0.78270300 0.02246100 0.02907000
13 0.62353500 0.78270300 0.02246100 0.02907000
14 0.65136700 0.78270300 0.02343800 0.02907000
10 0.67968800 0.78270300 0.02343800 0.02907000
19 0.11718800 0.83212200 0.02343800 0.02907000
16 0.20214800 0.83175900 0.02343800 0.02834300
4 0.22949200 0.83139500 0.02343800 0.02907000
17 0.25830100 0.83103200 0.02441400 0.02834300
13 0.28613300 0.83030500 0.02343800 0.02834300
4 0.31445300 0.82994200 0.02343800 0.02907000
4 0.34277300 0.82957800 0.02343800 0.02834300
19 0.39941400 0.82921500 0.02343800 0.02907000
17 0.42675800 0.82921500 0.02343800 0.02907000
20 0.45410200 0.82921500 0.02343800 0.02907000
1 0.48291000 0.82921500 0.02246100 0.02907000
14 0.51171900 0.82812500 0.02343800 0.02834300
16 0.54052700 0.82812500 0.02246100 0.02834300
8 0.56835900 0.82812500 0.02343800 0.02834300
18 0.59619100 0.82812500 0.02246100 0.02834300
19 0.62402300 0.82812500 0.02343800 0.02834300
0 0.65234400 0.82812500 0.02343800 0.02834300
15 0.20214800 0.87718000 0.02343800 0.02761600
14 0.22949200 0.87681700 0.02343800 0.02834300
11 0.25683600 0.87645300 0.02343800 0.02761600
1 0.31494100 0.87609000 0.02246100 0.02834300
20 0.34277300 0.87536300 0.02343800 0.02834300
18 0.39990200 0.87536300 0.02246100 0.02834300
13 0.48339800 0.87536300 0.02343800 0.02834300
0 0.51123000 0.87536300 0.02246100 0.02834300
18 0.56884800 0.87536300 0.02246100 0.02834300
4 0.59716800 0.87463700 0.02441400 0.02834300
1 0.62500000 0.87427300 0.02343800 0.02761600
