8 0.25585900 0.17732600 0.01757800 0.01889500
12 0.27734400 0.17732600 0.01757800 0.01889500
4 0.29980500 0.17587200 0.01757800 0.01889500
13 0.32128900 0.17441900 0.01757800 0.01889500
8 0.34375000 0.17296500 0.01757800 0.01889500
13 0.36621100 0.17151200 0.01757800 0.01889500
13 0.38964800 0.17042200 0.01757800 0.01962200
14 0.41308600 0.16896800 0.01757800 0.01962200
4 0.43652300 0.16787800 0.01757800 0.01889500
0 0.25390600 0.20494200 0.01757800 0.01889500
15 0.27587900 0.20421500 0.01660200 0.01889500
4 0.29882800 0.20312500 0.01757800 0.01962200
11 0.32031200 0.20203500 0.01757800 0.01889500
18 0.36572300 0.19949100 0.01660200 0.01962200
8 0.38964800 0.19803800 0.01757800 0.01962200
13 0.41210900 0.19658400 0.01757800 0.01962200
13 0.43554700 0.19585800 0.01757800 0.01962200
14 0.45947300 0.19440400 0.01855500 0.01962200
4 0.48291000 0.19295100 0.01855500 0.01962200
12 0.25146500 0.23219500 0.01855500 0.01962200
14 0.27392600 0.23146800 0.01855500 0.01962200
17 0.29589800 0.23001500 0.01757800 0.01962200
14 0.31835900 0.22928800 0.01757800 0.01962200
9 0.34179700 0.22856100 0.01757800 0.01962200
4 0.36425800 0.22710800 0.01757800 0.01962200
13 0.38769500 0.22601700 0.01757800 0.01889500
14 0.41113300 0.22492700 0.01757800 0.01962200
4 0.43457000 0.22383700 0.01757800 0.01889500
15 0.15966800 0.29069800 0.01660200 0.01889500
14 0.18066400 0.28997100 0.01757800 0.01889500
3 0.22460900 0.28851700 0.01757800 0.01889500
14 0.24707000 0.28779100 0.01757800 0.01889500
17 0.26953100 0.28670100 0.01757800 0.01962200
14 0.29296900 0.28597400 0.01757800 0.01962200
6 0.31543000 0.28524700 0.01757800 0.01962200
4 0.33886700 0.28452000 0.01757800 0.01962200
18 0.40869100 0.28161300 0.01660200 0.01962200
19 0.43212900 0.28088700 0.01855500 0.01962200
20 0.45654300 0.27979700 0.01855500 0.02034900
10 0.48046900 0.27870600 0.01757800 0.01962200
3 0.52978500 0.27652600 0.01855500 0.02107600
0 0.55371100 0.27543600 0.01953100 0.02034900
18 0.60449200 0.27325600 0.01953100 0.02034900
19 0.62988300 0.27216600 0.01953100 0.02107600
20 0.65625000 0.27107600 0.01953100 0.02034900
10 0.68212900 0.26962200 0.01855500 0.02034900
4 0.15771500 0.31904100 0.01660200 0.01889500
3 0.17919900 0.31831400 0.01660200 0.01889500
4 0.20117200 0.31758700 0.01757800 0.01889500
19 0.22314500 0.31686000 0.01660200 0.01889500
12 0.26855500 0.31577000 0.01757800 0.01962200
4 0.29101600 0.31504400 0.01757800 0.01962200
3 0.31445300 0.31431700 0.01757800 0.01962200
11 0.33789100 0.31359000 0.01757800 0.01962200
4 0.36084000 0.31286300 0.01660200 0.01962200
13 0.38378900 0.31213700 0.01757800 0.01962200
13 0.40722700 0.31068300 0.01757800 0.01962200
14 0.43164100 0.30995600 0.01757800 0.01962200
18 0.47900400 0.30741300 0.01855500 0.02034900
20 0.50439500 0.30668600 0.01855500 0.02034900
13 0.52880900 0.30595900 0.01855500 0.02034900
3 0.55322300 0.30486900 0.01855500 0.02107600
20 0.57861300 0.30377900 0.01855500 0.02034900
10 0.60400400 0.30305200 0.01855500 0.02034900
19 0.15527300 0.34702000 0.01757800 0.01962200
0 0.17675800 0.34629400 0.01757800 0.01962200
17 0.19921900 0.34629400 0.01757800 0.01962200
0 0.22119100 0.34556700 0.01660200 0.01962200
7 0.24414100 0.34484000 0.01757800 0.01962200
19 0.26709000 0.34411300 0.01660200 0.01962200
8 0.29003900 0.34338700 0.01757800 0.01962200
19 0.31152300 0.34266000 0.01757800 0.01962200
15 0.35937500 0.34157000 0.01757800 0.02034900
14 0.38330100 0.34084300 0.01855500 0.02034900
16 0.40722700 0.34011600 0.01757800 0.02034900
19 0.43066400 0.33939000 0.01757800 0.02034900
8 0.45507800 0.33866300 0.01757800 0.02034900
15 0.50390600 0.33648300 0.01757800 0.02034900
20 0.52832000 0.33575600 0.01757800 0.02034900
18 0.55322300 0.33502900 0.01855500 0.02034900
19 0.57861300 0.33393900 0.01855500 0.02107600
14 0.60351600 0.33321200 0.01953100 0.02107600
0 0.15283200 0.37463700 0.01660200 0.01962200
19 0.19726600 0.37427300 0.01757800 0.02034900
14 0.21923800 0.37391000 0.01660200 0.01962200
11 0.24121100 0.37354700 0.01757800 0.02034900
18 0.26464800 0.37282000 0.01757800 0.02034900
19 0.28808600 0.37245600 0.01757800 0.01962200
10 0.33496100 0.37136600 0.01757800 0.02034900
7 0.38232400 0.37027600 0.01660200 0.01962200
17 0.40625000 0.36991300 0.01757800 0.02034900
8 0.43017600 0.36918600 0.01855500 0.02034900
15 0.45410200 0.36918600 0.01757800 0.02034900
8 0.47802700 0.36773300 0.01855500 0.02034900
19 0.50244100 0.36736900 0.01855500 0.02107600
15 0.60351600 0.36373500 0.01953100 0.02107600
14 0.62939500 0.36300900 0.01855500 0.02107600
18 0.65527300 0.36228200 0.01953100 0.02107600
19 0.68115200 0.36155500 0.01855500 0.02107600
14 0.70800800 0.36082800 0.01953100 0.02107600
3 0.15087900 0.40370600 0.01660200 0.01962200
0 0.17236300 0.40370600 0.01660200 0.01962200
12 0.23974600 0.40225300 0.01660200 0.01962200
14 0.26269500 0.40189000 0.01757800 0.02034900
17 0.28613300 0.40152600 0.01757800 0.01962200
14 0.30957000 0.40116300 0.01757800 0.02034900
9 0.33300800 0.40043600 0.01757800 0.02034900
4 0.35693400 0.40007300 0.01855500 0.01962200
13 0.38085900 0.39970900 0.01757800 0.02034900
14 0.40478500 0.39898300 0.01855500 0.02034900
6 0.42871100 0.39861900 0.01757800 0.02107600
14 0.45263700 0.39825600 0.01855500 0.02034900
11 0.50195300 0.39680200 0.01757800 0.02034900
14 0.52636700 0.39643900 0.01757800 0.02107600
9 0.55224600 0.39571200 0.01855500 0.02107600
10 0.57763700 0.39498500 0.01855500 0.02107600
20 0.60302700 0.39498500 0.01855500 0.02107600
19 0.14794900 0.43241300 0.01660200 0.02034900
14 0.17041000 0.43241300 0.01660200 0.02034900
11 0.19238300 0.43204900 0.01757800 0.01962200
10 0.23828100 0.43132300 0.01757800 0.01962200
14 0.26123000 0.43095900 0.01660200 0.02034900
11 0.30761700 0.43059600 0.01757800 0.01962200
14 0.33105500 0.42986900 0.01757800 0.01962200
9 0.35498000 0.42950600 0.01660200 0.02034900
10 0.37890600 0.42914200 0.01757800 0.02107600
20 0.40283200 0.42877900 0.01855500 0.02034900
13 0.45166000 0.42768900 0.01855500 0.02107600
0 0.47607400 0.42768900 0.01855500 0.02107600
3 0.52587900 0.42659900 0.01855500 0.02034900
14 0.55127000 0.42623500 0.01855500 0.02107600
17 0.57714800 0.42550900 0.01757800 0.02107600
14 0.60253900 0.42550900 0.01953100 0.02107600
9 0.62890600 0.42514500 0.01953100 0.02180200
10 0.65527300 0.42478200 0.01953100 0.02107600
20 0.68164100 0.42441900 0.01953100 0.02180200
17 0.14648400 0.46148300 0.01757800 0.02034900
0 0.16845700 0.46148300 0.01660200 0.02034900
3 0.19091800 0.46111900 0.01660200 0.01962200
8 0.21386700 0.46111900 0.01757800 0.01962200
15 0.25976600 0.46039200 0.01757800 0.01962200
17 0.28320300 0.46075600 0.01757800 0.02034900
0 0.30664100 0.46002900 0.01757800 0.02034900
25 0.33007800 0.46002900 0.01757800 0.02034900
3 0.35351600 0.45966600 0.01757800 0.02107600
13 0.37744100 0.45893900 0.01855500 0.02107600
8 0.40185500 0.45930200 0.01855500 0.02034900
16 0.42627000 0.45821200 0.01855500 0.02107600
13 0.45166000 0.45821200 0.01855500 0.02107600
14 0.47509800 0.45857600 0.01855500 0.02180200
6 0.50048800 0.45821200 0.01855500 0.02107600
14 0.52490200 0.45748500 0.01855500 0.02107600
3 0.57666000 0.45675900 0.01855500 0.02107600
13 0.60302700 0.45603200 0.01855500 0.02107600
3 0.14453100 0.49055200 0.01757800 0.02034900
4 0.16650400 0.49055200 0.01660200 0.02034900
13 0.18896500 0.49055200 0.01660200 0.02034900
17 0.25781200 0.49127900 0.01757800 0.02034900
14 0.28173800 0.48982600 0.01660200 0.02034900
9 0.30468800 0.49018900 0.01757800 0.02107600
3 0.32910200 0.48982600 0.01757800 0.02034900
4 0.35253900 0.48982600 0.01757800 0.02034900
13 0.37646500 0.48946200 0.01855500 0.02107600
20 0.47509800 0.48873500 0.01855500 0.02107600
12 0.52490200 0.48837200 0.01855500 0.02180200
4 0.54980500 0.48837200 0.01953100 0.02180200
13 0.57666000 0.48800900 0.01855500 0.02107600
17 0.20947300 0.52071200 0.01855500 0.02107600
0 0.23242200 0.52034900 0.01757800 0.02034900
3 0.25634800 0.52034900 0.01855500 0.02180200
8 0.27978500 0.52034900 0.01855500 0.02180200
22 0.32763700 0.52034900 0.01855500 0.02180200
0 0.35205100 0.52034900 0.01855500 0.02180200
4 0.39990200 0.52071200 0.01855500 0.02107600
6 0.42431600 0.52034900 0.01855500 0.02180200
14 0.44921900 0.52034900 0.01953100 0.02180200
17 0.49902300 0.52034900 0.01953100 0.02180200
14 0.52490200 0.52034900 0.01855500 0.02180200
9 0.55029300 0.51998500 0.01855500 0.02252900
3 0.57617200 0.51925900 0.01953100 0.02252900
4 0.60253900 0.51925900 0.01953100 0.02252900
13 0.62890600 0.51962200 0.01953100 0.02325600
15 0.18505900 0.55050900 0.01855500 0.02107600
14 0.20849600 0.55050900 0.01855500 0.02107600
11 0.23046900 0.55050900 0.01757800 0.02107600
20 0.25439500 0.55123500 0.01855500 0.02107600
16 0.27783200 0.55123500 0.01855500 0.02107600
0 0.30127000 0.55123500 0.01855500 0.02107600
19 0.35009800 0.55123500 0.01855500 0.02107600
4 0.37451200 0.55159900 0.01855500 0.02180200
20 0.42334000 0.55232600 0.01855500 0.02180200
6 0.44873000 0.55232600 0.01855500 0.02180200
14 0.47314500 0.55232600 0.01855500 0.02180200
23 0.49853500 0.55232600 0.01855500 0.02180200
4 0.52441400 0.55232600 0.01953100 0.02180200
13 0.54980500 0.55196200 0.01953100 0.02252900
4 0.60156200 0.55196200 0.01953100 0.02252900
15 0.27587900 0.58212200 0.01855500 0.02180200
17 0.29931600 0.58212200 0.01855500 0.02180200
4 0.32373000 0.58248500 0.01855500 0.02252900
10 0.34814500 0.58248500 0.01855500 0.02252900
17 0.37304700 0.58284900 0.01953100 0.02180200
0 0.39697300 0.58284900 0.01855500 0.02180200
18 0.42187500 0.58321200 0.01953100 0.02252900
13 0.44726600 0.58321200 0.01953100 0.02252900
14 0.47216800 0.58357600 0.01855500 0.02180200
4 0.49804700 0.58357600 0.01953100 0.02180200
0 0.27392600 0.61300900 0.01855500 0.02252900
13 0.29736300 0.61337200 0.01855500 0.02180200
0 0.32128900 0.61373500 0.01953100 0.02252900
13 0.34619100 0.61446200 0.01855500 0.02252900
0 0.37060500 0.61482600 0.01855500 0.02180200
18 0.39550800 0.61518900 0.01953100 0.02252900
13 0.42041000 0.61518900 0.01855500 0.02252900
14 0.44580100 0.61591600 0.01855500 0.02252900
4 0.47070300 0.61591600 0.01953100 0.02252900
12 0.27148400 0.64498500 0.01953100 0.02252900
14 0.29589800 0.64498500 0.01953100 0.02252900
17 0.31982400 0.64571200 0.01855500 0.02252900
14 0.34472700 0.64643900 0.01953100 0.02252900
9 0.36962900 0.64716600 0.01855500 0.02252900
4 0.39404300 0.64789200 0.01855500 0.02252900
13 0.41894500 0.64861900 0.01953100 0.02252900
14 0.44433600 0.64934600 0.01953100 0.02252900
4 0.47070300 0.64934600 0.01953100 0.02252900
13 0.13037100 0.67260200 0.01855500 0.02252900
4 0.15283200 0.67332800 0.01855500 0.02252900
18 0.19921900 0.67478200 0.01953100 0.02252900
10 0.22265600 0.67550900 0.01953100 0.02252900
0 0.24658200 0.67623500 0.01855500 0.02252900
25 0.27002000 0.67696200 0.01855500 0.02252900
0 0.29443400 0.67768900 0.01855500 0.02252900
11 0.31787100 0.67841600 0.01855500 0.02252900
19 0.36767600 0.67950600 0.01855500 0.02180200
14 0.39257800 0.68023300 0.01953100 0.02180200
11 0.41796900 0.68095900 0.01953100 0.02325600
18 0.44335900 0.68168600 0.01953100 0.02325600
19 0.46972700 0.68241300 0.01953100 0.02325600
10 0.52197300 0.68350300 0.02050800 0.02398300
13 0.57568400 0.68495600 0.02050800 0.02398300
8 0.60205100 0.68568300 0.02050800 0.02398300
18 0.65673800 0.68713700 0.02050800 0.02398300
11 0.68505900 0.68822700 0.02246100 0.02470900
14 0.71240200 0.68822700 0.02246100 0.02470900
22 0.73974600 0.68895300 0.02246100 0.02470900
0 0.76806600 0.68895300 0.02246100 0.02470900
15 0.12744100 0.70348800 0.01855500 0.02180200
14 0.15039100 0.70457800 0.01953100 0.02252900
10 0.17382800 0.70566900 0.01953100 0.02325600
20 0.19677700 0.70675900 0.01855500 0.02252900
15 0.22070300 0.70748500 0.01953100 0.02252900
0 0.24414100 0.70821200 0.01953100 0.02252900
4 0.26806600 0.70893900 0.01855500 0.02252900
19 0.29199200 0.71002900 0.01953100 0.02325600
13 0.34179700 0.71148300 0.01953100 0.02325600
0 0.36621100 0.71220900 0.01953100 0.02325600
2 0.41699200 0.71511600 0.01953100 0.02325600
4 0.44287100 0.71548000 0.02050800 0.02398300
11 0.46826200 0.71620600 0.02050800 0.02398300
10 0.49462900 0.71693300 0.02050800 0.02398300
14 0.52148400 0.71766000 0.01953100 0.02398300
22 0.54785200 0.71838700 0.01953100 0.02398300
0 0.12500000 0.73437500 0.01953100 0.02252900
15 0.17138700 0.73728200 0.01855500 0.02252900
14 0.19482400 0.73837200 0.01855500 0.02325600
19 0.21875000 0.73946200 0.01953100 0.02252900
14 0.24218800 0.74055200 0.01953100 0.02325600
12 0.26660200 0.74127900 0.01953100 0.02325600
13 0.31543000 0.74345900 0.01953100 0.02325600
0 0.33984400 0.74454900 0.01953100 0.02252900
2 0.39062500 0.74673000 0.01953100 0.02252900
4 0.41503900 0.74782000 0.01953100 0.02325600
11 0.44091800 0.74927300 0.02050800 0.02325600
7 0.49365200 0.75109000 0.02050800 0.02398300
19 0.54736300 0.75327000 0.02050800 0.02398300
17 0.57470700 0.75436000 0.02050800 0.02325600
8 0.60205100 0.75545100 0.02050800 0.02398300
22 0.12255900 0.76707800 0.01855500 0.02252900
18 0.14599600 0.76853200 0.01855500 0.02252900
4 0.16894500 0.76925900 0.01953100 0.02252900
10 0.21630900 0.77216600 0.01855500 0.02252900
17 0.24023400 0.77325600 0.01953100 0.02325600
8 0.26464800 0.77434600 0.01953100 0.02252900
16 0.28955100 0.77543600 0.02050800 0.02325600
0 0.31445300 0.77689000 0.01953100 0.02325600
19 0.33886700 0.77798000 0.01953100 0.02252900
4 0.38964800 0.78052300 0.01953100 0.02325600
12 0.41503900 0.78161300 0.02148400 0.02398300
20 0.44091800 0.78270300 0.02050800 0.02325600
18 0.54736300 0.78742700 0.02050800 0.02398300
12 0.57421900 0.78888100 0.02148400 0.02398300
14 0.60205100 0.78997100 0.02246100 0.02470900
19 0.62988300 0.79069800 0.02148400 0.02470900
17 0.65722700 0.79178800 0.02148400 0.02398300
8 0.68554700 0.79287800 0.02148400 0.02470900
20 0.12011700 0.79978200 0.01953100 0.02252900
19 0.16699200 0.80232600 0.01953100 0.02325600
4 0.19091800 0.80341600 0.02050800 0.02398300
1 0.21484400 0.80486900 0.01953100 0.02398300
25 0.28710900 0.80850300 0.01953100 0.02398300
0 0.31250000 0.80995600 0.01953100 0.02398300
19 0.33740200 0.81141000 0.02050800 0.02398300
11 0.38769500 0.81431700 0.01953100 0.02398300
14 0.41357400 0.81504400 0.02050800 0.02398300
10 0.43945300 0.81649700 0.02148400 0.02398300
18 0.49267600 0.81940400 0.02050800 0.02398300
8 0.51953100 0.82122100 0.02148400 0.02470900
13 0.54638700 0.82267400 0.02050800 0.02470900
8 0.57373000 0.82376500 0.02050800 0.02398300
13 0.11767600 0.83212200 0.02050800 0.02325600
0 0.14160200 0.83357600 0.01953100 0.02325600
1 0.18847700 0.83720900 0.01953100 0.02325600
17 0.21191400 0.83829900 0.01953100 0.02398300
14 0.23681600 0.83975300 0.02050800 0.02398300
22 0.26074200 0.84120600 0.01953100 0.02398300
7 0.31054700 0.84411300 0.01953100 0.02398300
1 0.36132800 0.84702000 0.01953100 0.02398300
4 0.38720700 0.84847400 0.02050800 0.02398300
11 0.41259800 0.85065400 0.02050800 0.02398300
4 0.43896500 0.85210800 0.02050800 0.02398300
4 0.46435500 0.85356100 0.02050800 0.02398300
19 0.49218800 0.85501500 0.02148400 0.02398300
8 0.54589800 0.85864800 0.02148400 0.02398300
13 0.57373000 0.85973800 0.02246100 0.02470900
4 0.60156200 0.86119200 0.02148400 0.02470900
10 0.11572300 0.86446200 0.02050800 0.02252900
0 0.13964800 0.86627900 0.01953100 0.02325600
10 0.16308600 0.86809600 0.01953100 0.02398300
13 0.21044900 0.87136600 0.02050800 0.02325600
0 0.23486300 0.87318300 0.02050800 0.02398300
3 0.28369100 0.87681700 0.02050800 0.02398300
4 0.30908200 0.87863400 0.02050800 0.02325600
17 0.33447300 0.88008700 0.02050800 0.02470900
4 0.35986300 0.88154100 0.02050800 0.02470900
22 0.38574200 0.88372100 0.02148400 0.02470900
4 0.41210900 0.88517400 0.02148400 0.02470900
22 0.46386700 0.88880800 0.02148400 0.02470900
11 0.51855500 0.89207800 0.02148400 0.02543600
4 0.54589800 0.89389500 0.02148400 0.02470900
18 0.57324200 0.89571200 0.02148400 0.02543600
20 0.60156200 0.89716600 0.02148400 0.02543600
8 0.11328100 0.89752900 0.01953100 0.02325600
18 0.16064500 0.90116300 0.02050800 0.02325600
14 0.18408200 0.90334300 0.02050800 0.02325600
18 0.20800800 0.90516000 0.02148400 0.02398300
20 0.23291000 0.90697700 0.02050800 0.02325600
11 0.25732400 0.90879400 0.02050800 0.02398300
10 0.30664100 0.91242700 0.02148400 0.02398300
0 0.33203100 0.91424400 0.02148400 0.02325600
13 0.38378900 0.91824100 0.02148400 0.02398300
0 0.40966800 0.91969500 0.02050800 0.02398300
13 0.46337900 0.92332800 0.02246100 0.02543600
14 0.49023400 0.92478200 0.02148400 0.02543600
18 0.51757800 0.92696200 0.02148400 0.02543600
20 0.54492200 0.92914200 0.02148400 0.02543600
