6 0.20625000 0.15781250 0.08750000 0.17656250
15 0.08281250 0.65625000 0.11875000 0.22031250
14 0.30937500 0.13750000 0.08750000 0.17500000
13 0.41093750 0.11718750 0.09062500 0.16562500
18 0.21093750 0.63281250 0.11406250 0.22031250
4 0.33906250 0.59531250 0.10468750 0.22031250
17 0.34687500 0.86875000 0.11250000 0.26093750
18 0.49531250 0.83906250 0.11406250 0.26562500
4 0.50781250 0.10312500 0.08281250 0.15781250
16 0.46250000 0.55625000 0.10781250 0.20156250
23 0.62031250 0.80312500 0.12187500 0.22500000
