5 0.17431600 0.09338700 0.02246100 0.02543600
8 0.12060500 0.13590100 0.02246100 0.02616300
3 0.17382800 0.13517400 0.02148400 0.02616300
0 0.20019500 0.13517400 0.02148400 0.02616300
22 0.22656200 0.13444800 0.02148400 0.02616300
0 0.25390600 0.13444800 0.02148400 0.02616300
12 0.33398400 0.13372100 0.02148400 0.02616300
4 0.36132800 0.13299400 0.02148400 0.02616300
13 0.38818400 0.13299400 0.02246100 0.02616300
19 0.46875000 0.13226700 0.02148400 0.02616300
4 0.49511700 0.13154100 0.02148400 0.02616300
17 0.52246100 0.13154100 0.02148400 0.02616300
4 0.54931600 0.13081400 0.02246100 0.02616300
19 0.57617200 0.13081400 0.02148400 0.02616300
15 0.12109400 0.17696200 0.02148400 0.02543600
17 0.14746100 0.17696200 0.02148400 0.02543600
8 0.17480500 0.17696200 0.02148400 0.02543600
6 0.20117200 0.17696200 0.02148400 0.02543600
14 0.22753900 0.17696200 0.02148400 0.02543600
22 0.25488300 0.17659900 0.02148400 0.02616300
0 0.28125000 0.17659900 0.02148400 0.02616300
17 0.30859400 0.17623500 0.02148400 0.02543600
8 0.33496100 0.17623500 0.02148400 0.02543600
22 0.36181600 0.17623500 0.02050800 0.02543600
0 0.38867200 0.17623500 0.02148400 0.02543600
19 0.41552700 0.17550900 0.02246100 0.02543600
12 0.14794900 0.26126500 0.02050800 0.02689000
14 0.17480500 0.26162800 0.02148400 0.02616300
4 0.20214800 0.26162800 0.02148400 0.02616300
12 0.22753900 0.26162800 0.02148400 0.02616300
12 0.28125000 0.26162800 0.02148400 0.02616300
14 0.30859400 0.26162800 0.02148400 0.02616300
4 0.33496100 0.26162800 0.02148400 0.02616300
12 0.36132800 0.26162800 0.02148400 0.02616300
19 0.41503900 0.26199100 0.02148400 0.02689000
17 0.44140600 0.26162800 0.02148400 0.02616300
20 0.46826200 0.26162800 0.02050800 0.02616300
1 0.49560500 0.26126500 0.02050800 0.02689000
14 0.52148400 0.26090100 0.02148400 0.02616300
16 0.54882800 0.26090100 0.02148400 0.02616300
8 0.57568400 0.26090100 0.02246100 0.02616300
18 0.60302700 0.26090100 0.02246100 0.02616300
19 0.62988300 0.26090100 0.02148400 0.02616300
0 0.65722700 0.26090100 0.02148400 0.02616300
16 0.12109400 0.30450600 0.02148400 0.02616300
8 0.14843800 0.30450600 0.02148400 0.02616300
18 0.17480500 0.30486900 0.02148400 0.02543600
19 0.20117200 0.30523300 0.02148400 0.02616300
14 0.22753900 0.30523300 0.02148400 0.02616300
16 0.28125000 0.30523300 0.02148400 0.02616300
8 0.30859400 0.30523300 0.02148400 0.02616300
18 0.33496100 0.30450600 0.02148400 0.02616300
19 0.36132800 0.30450600 0.02148400 0.02616300
14 0.38867200 0.30450600 0.02148400 0.02616300
16 0.44140600 0.30450600 0.02148400 0.02616300
8 0.46875000 0.30450600 0.02148400 0.02616300
18 0.49511700 0.30450600 0.02148400 0.02616300
19 0.52050800 0.30450600 0.02148400 0.02616300
14 0.54834000 0.30377900 0.02246100 0.02616300
16 0.60205100 0.30377900 0.02246100 0.02616300
8 0.62890600 0.30341600 0.02148400 0.02543600
18 0.65625000 0.30305200 0.02148400 0.02616300
19 0.68359400 0.30305200 0.02148400 0.02616300
14 0.71093800 0.30268900 0.02148400 0.02543600
1 0.12109400 0.34738400 0.02148400 0.02616300
20 0.14843800 0.34738400 0.02148400 0.02616300
3 0.17480500 0.34738400 0.02148400 0.02616300
4 0.20214800 0.34774700 0.02148400 0.02543600
19 0.22851600 0.34811000 0.02148400 0.02616300
1 0.28125000 0.34811000 0.02148400 0.02616300
20 0.30810500 0.34774700 0.02246100 0.02543600
3 0.33593800 0.34774700 0.02148400 0.02543600
4 0.36279300 0.34774700 0.02246100 0.02689000
19 0.38867200 0.34774700 0.02148400 0.02689000
19 0.44189500 0.34774700 0.02246100 0.02689000
17 0.46826200 0.34774700 0.02246100 0.02689000
20 0.49511700 0.34811000 0.02148400 0.02616300
1 0.52050800 0.34811000 0.02148400 0.02616300
14 0.54834000 0.34738400 0.02246100 0.02616300
16 0.57470700 0.34738400 0.02246100 0.02616300
8 0.60205100 0.34702000 0.02246100 0.02689000
18 0.62939500 0.34702000 0.02246100 0.02689000
19 0.65576200 0.34665700 0.02246100 0.02616300
16 0.12109400 0.39026200 0.02148400 0.02470900
8 0.14843800 0.39026200 0.02148400 0.02470900
18 0.17480500 0.39026200 0.02148400 0.02470900
19 0.20117200 0.39026200 0.02148400 0.02470900
16 0.25488300 0.39062500 0.02148400 0.02543600
8 0.28173800 0.39062500 0.02050800 0.02543600
18 0.30859400 0.39062500 0.02148400 0.02543600
19 0.33496100 0.39062500 0.02148400 0.02543600
16 0.38867200 0.39062500 0.02148400 0.02543600
8 0.41503900 0.39135200 0.02148400 0.02543600
18 0.44140600 0.39135200 0.02148400 0.02543600
19 0.46875000 0.39135200 0.02148400 0.02543600
16 0.52099600 0.39135200 0.02050800 0.02543600
8 0.54785200 0.39062500 0.02148400 0.02543600
18 0.57470700 0.39062500 0.02246100 0.02543600
19 0.60156200 0.39026200 0.02148400 0.02616300
19 0.12060500 0.47492700 0.02246100 0.02689000
20 0.14794900 0.47492700 0.02246100 0.02689000
19 0.17480500 0.47492700 0.02148400 0.02689000
8 0.22851600 0.47492700 0.02148400 0.02689000
12 0.28173800 0.47492700 0.02246100 0.02689000
11 0.33496100 0.47529100 0.02148400 0.02616300
14 0.36181600 0.47529100 0.02246100 0.02616300
15 0.41503900 0.47529100 0.02148400 0.02616300
14 0.44140600 0.47529100 0.02148400 0.02616300
3 0.46826200 0.47529100 0.02246100 0.02616300
18 0.49462900 0.47529100 0.02246100 0.02616300
10 0.52050800 0.47529100 0.02148400 0.02616300
14 0.54736300 0.47529100 0.02246100 0.02616300
16 0.57421900 0.47529100 0.02148400 0.02616300
8 0.60107400 0.47565400 0.02246100 0.02543600
11 0.62744100 0.47565400 0.02246100 0.02543600
14 0.65478500 0.47565400 0.02246100 0.02543600
8 0.12060500 0.51707800 0.02246100 0.02689000
22 0.17480500 0.51707800 0.02148400 0.02689000
2 0.20117200 0.51707800 0.02148400 0.02689000
4 0.22851600 0.51707800 0.02148400 0.02689000
15 0.25439500 0.51744200 0.02050800 0.02616300
8 0.28125000 0.51744200 0.02148400 0.02616300
11 0.30761700 0.51744200 0.02148400 0.02616300
14 0.33496100 0.51744200 0.02148400 0.02616300
18 0.36132800 0.51744200 0.02148400 0.02616300
22 0.44140600 0.51744200 0.02148400 0.02616300
22 0.49414100 0.51744200 0.02148400 0.02616300
14 0.52050800 0.51744200 0.02148400 0.02616300
11 0.54687500 0.51780500 0.02148400 0.02543600
14 0.57421900 0.51780500 0.02148400 0.02543600
18 0.60058600 0.51780500 0.02148400 0.02543600
0 0.62695300 0.51816900 0.02148400 0.02616300
8 0.12060500 0.56032000 0.02246100 0.02616300
11 0.20068400 0.56032000 0.02246100 0.02616300
8 0.22705100 0.56032000 0.02246100 0.02616300
11 0.25341800 0.55995600 0.02246100 0.02689000
14 0.28076200 0.56032000 0.02246100 0.02616300
8 0.33447300 0.56032000 0.02246100 0.02616300
12 0.38818400 0.55959300 0.02246100 0.02616300
11 0.44091800 0.56032000 0.02050800 0.02616300
8 0.46679700 0.56068300 0.02148400 0.02689000
11 0.49414100 0.56068300 0.02148400 0.02689000
14 0.52050800 0.56104700 0.02148400 0.02616300
8 0.11962900 0.60247100 0.02246100 0.02616300
10 0.17382800 0.60247100 0.02148400 0.02616300
20 0.20019500 0.60283400 0.02148400 0.02543600
18 0.22705100 0.60283400 0.02246100 0.02543600
0 0.25341800 0.60283400 0.02246100 0.02543600
11 0.28027300 0.60283400 0.02148400 0.02543600
14 0.30712900 0.60283400 0.02246100 0.02543600
10 0.36132800 0.60247100 0.02148400 0.02616300
0 0.38818400 0.60247100 0.02246100 0.02616300
10 0.41503900 0.60247100 0.02148400 0.02616300
14 0.46728500 0.60283400 0.02246100 0.02543600
18 0.49316400 0.60283400 0.02148400 0.02543600
0 0.52050800 0.60319800 0.02148400 0.02616300
0 0.11816400 0.68822700 0.02343800 0.02761600
14 0.17236300 0.68859000 0.02441400 0.02689000
19 0.19873000 0.68859000 0.02246100 0.02689000
1 0.25244100 0.68859000 0.02246100 0.02689000
4 0.27978500 0.68859000 0.02246100 0.02689000
4 0.33300800 0.68859000 0.02148400 0.02689000
13 0.35937500 0.68859000 0.02148400 0.02689000
14 0.38671900 0.68859000 0.02148400 0.02689000
12 0.46679700 0.68822700 0.02148400 0.02616300
14 0.49316400 0.68931700 0.02148400 0.02689000
16 0.51953100 0.69004400 0.02148400 0.02689000
0 0.54687500 0.69004400 0.02148400 0.02689000
11 0.57324200 0.69004400 0.02148400 0.02689000
10 0.60107400 0.69077000 0.02246100 0.02689000
8 0.62841800 0.69077000 0.02246100 0.02689000
15 0.17138700 0.73074100 0.02246100 0.02689000
14 0.19873000 0.73110500 0.02246100 0.02761600
12 0.22509800 0.73146800 0.02246100 0.02689000
16 0.25146500 0.73146800 0.02246100 0.02689000
0 0.27880900 0.73146800 0.02246100 0.02689000
11 0.30517600 0.73146800 0.02246100 0.02689000
18 0.33203100 0.73146800 0.02148400 0.02689000
10 0.41259800 0.73219500 0.02246100 0.02689000
0 0.43896500 0.73292200 0.02246100 0.02689000
10 0.46582000 0.73292200 0.02148400 0.02689000
14 0.52002000 0.73292200 0.02246100 0.02689000
19 0.54687500 0.73292200 0.02343800 0.02689000
15 0.60107400 0.73437500 0.02246100 0.02689000
0 0.62744100 0.73437500 0.02246100 0.02689000
11 0.65478500 0.73510200 0.02246100 0.02689000
10 0.68310500 0.73582800 0.02246100 0.02689000
8 0.71044900 0.73619200 0.02246100 0.02616300
0 0.11669900 0.77470900 0.02246100 0.02761600
14 0.17041000 0.77543600 0.02246100 0.02761600
13 0.19775400 0.77543600 0.02246100 0.02761600
0 0.22314500 0.77543600 0.02246100 0.02761600
25 0.27880900 0.77543600 0.02246100 0.02761600
0 0.30468800 0.77543600 0.02148400 0.02761600
12 0.35888700 0.77543600 0.02246100 0.02761600
13 0.38525400 0.77616300 0.02246100 0.02761600
14 0.41259800 0.77616300 0.02246100 0.02761600
25 0.49267600 0.77761600 0.02246100 0.02761600
0 0.51953100 0.77761600 0.02148400 0.02761600
12 0.57421900 0.77834300 0.02148400 0.02761600
13 0.60107400 0.77834300 0.02246100 0.02761600
14 0.62841800 0.77834300 0.02246100 0.02761600
15 0.11669900 0.81758700 0.02246100 0.02616300
14 0.14502000 0.81758700 0.02246100 0.02616300
18 0.19677700 0.81831400 0.02246100 0.02616300
0 0.22412100 0.81867700 0.02246100 0.02689000
3 0.25048800 0.81867700 0.02246100 0.02689000
14 0.27783200 0.81904100 0.02246100 0.02616300
22 0.30468800 0.81904100 0.02148400 0.02616300
14 0.33154300 0.81904100 0.02246100 0.02616300
15 0.41162100 0.81940400 0.02246100 0.02689000
14 0.43896500 0.82013100 0.02246100 0.02689000
18 0.49267600 0.82049400 0.02246100 0.02616300
4 0.52002000 0.82085800 0.02246100 0.02689000
13 0.54589800 0.82158400 0.02148400 0.02689000
13 0.57373000 0.82158400 0.02246100 0.02689000
14 0.60156200 0.82231100 0.02148400 0.02689000
