17 0.05000000 0.40312500 0.09843750 0.17187500
8 0.07500000 0.87656250 0.09375000 0.17968750
3 0.16875000 0.85937500 0.09062500 0.18906250
6 0.14531250 0.61875000 0.09375000 0.18125000
14 0.23750000 0.35937500 0.09843750 0.17500000
5 0.35156250 0.34531250 0.09062500 0.17968750
4 0.26250000 0.59375000 0.10312500 0.16250000
18 0.37968750 0.57656250 0.09531250 0.17968750
18 0.55468750 0.31718750 0.08593750 0.15000000
4 0.48906250 0.77343750 0.08750000 0.16250000
11 0.59062500 0.75156250 0.08750000 0.17500000
11 0.56562500 0.52812500 0.08593750 0.14843750
7 0.64375000 0.31562500 0.08125000 0.17031250
14 0.66093750 0.51406250 0.09375000 0.15312500
