19 0.62812500 0.13203125 0.03437500 0.11093750
18 0.74531250 0.13203125 0.03437500 0.11093750
2 0.85468750 0.12812500 0.02968750 0.11093750
17 0.92968750 0.13515625 0.02812500 0.11093750
1 0.82500000 0.26406250 0.03593750 0.11484375
3 0.75000000 0.27109375 0.03281250 0.12187500
19 0.66875000 0.27421875 0.03593750 0.11796875
0 0.51250000 0.27812500 0.03125000 0.11093750
4 0.35156250 0.27421875 0.03281250 0.11093750
10 0.26875000 0.27109375 0.03281250 0.11484375
8 0.18437500 0.27421875 0.03125000 0.11796875
18 0.22500000 0.42734375 0.03593750 0.11093750
3 0.30937500 0.42343750 0.03437500 0.11093750
0 0.39218750 0.42734375 0.03125000 0.11093750
22 0.63437500 0.41640625 0.03437500 0.10781250
17 0.78906250 0.41640625 0.02968750 0.11093750
3 0.90312500 0.41640625 0.03437500 0.10781250
4 0.98281250 0.55937500 0.03125000 0.11093750
2 0.90937500 0.56250000 0.03437500 0.11484375
0 0.86875000 0.56250000 0.02656250 0.11796875
15 0.83281250 0.56250000 0.03437500 0.11484375
19 0.75468750 0.56562500 0.03281250 0.12187500
8 0.47343750 0.56953125 0.03125000 0.11093750
18 0.43281250 0.56953125 0.03125000 0.11093750
4 0.35156250 0.56953125 0.03281250 0.12187500
0 0.18125000 0.57656250 0.03125000 0.12500000
19 0.10000000 0.58359375 0.04062500 0.13203125
20 0.06093750 0.58359375 0.03281250 0.11484375
15 0.02187500 0.58359375 0.03281250 0.12500000
19 0.01875000 0.73593750 0.03281250 0.11796875
8 0.05937500 0.73593750 0.03437500 0.12500000
11 0.09687500 0.73593750 0.03750000 0.12500000
12 0.22343750 0.73593750 0.03593750 0.11484375
3 0.30781250 0.73593750 0.03437500 0.12500000
13 0.35000000 0.72578125 0.03593750 0.11796875
13 0.63593750 0.71562500 0.03125000 0.12187500
4 0.79687500 0.71562500 0.03281250 0.11484375
19 0.95156250 0.85781250 0.03437500 0.12500000
5 0.91562500 0.86093750 0.03281250 0.11796875
17 0.83750000 0.85781250 0.03125000 0.10781250
3 0.79843750 0.86093750 0.03750000 0.11093750
0 0.75937500 0.86796875 0.03437500 0.11484375
4 0.68125000 0.87187500 0.03593750 0.12187500
10 0.63906250 0.87187500 0.03750000 0.12187500
8 0.60000000 0.87187500 0.03750000 0.12187500
17 0.55937500 0.87500000 0.03906250 0.11796875
11 0.43281250 0.87812500 0.03281250 0.11796875
11 0.39375000 0.88203125 0.03906250 0.12500000
4 0.30937500 0.88906250 0.03437500 0.12812500
15 0.17968750 0.89609375 0.03906250 0.12500000
4 0.13906250 0.89218750 0.03437500 0.12812500
4 0.09843750 0.89921875 0.04062500 0.13515625
