2 0.87011700 0.06504400 0.02148400 0.02252900
6 0.89550800 0.06504400 0.02148400 0.02252900
25 0.12207000 0.09447700 0.02148400 0.02325600
0 0.14648400 0.09229700 0.02148400 0.02325600
9 0.17480500 0.09120600 0.02148400 0.02398300
8 0.20117200 0.08939000 0.02148400 0.02470900
6 0.22705100 0.08866300 0.02050800 0.02470900
0 0.25439500 0.08648300 0.02246100 0.02470900
11 0.28271500 0.08575600 0.02246100 0.02470900
8 0.30859400 0.08502900 0.02343800 0.02470900
14 0.36425800 0.08430200 0.02148400 0.02325600
6 0.39160200 0.08357600 0.02148400 0.02325600
14 0.41943400 0.08357600 0.02246100 0.02325600
13 0.44726600 0.08357600 0.02148400 0.02325600
10 0.50146500 0.08393900 0.02246100 0.02398300
8 0.52783200 0.08393900 0.02246100 0.02398300
19 0.11962900 0.15734000 0.02050800 0.02398300
14 0.14502000 0.15625000 0.02050800 0.02325600
19 0.19873000 0.15370600 0.02050800 0.02252900
14 0.22558600 0.15261600 0.02148400 0.02325600
18 0.27978500 0.15116300 0.02050800 0.02325600
19 0.30908200 0.15079900 0.02246100 0.02398300
0 0.33544900 0.15079900 0.02050800 0.02398300
11 0.36279300 0.15079900 0.02050800 0.02252900
14 0.39160200 0.15079900 0.02148400 0.02252900
22 0.44824200 0.15043600 0.02148400 0.02325600
4 0.47607400 0.15079900 0.02050800 0.02252900
18 0.50293000 0.15116300 0.02148400 0.02325600
4 0.52880900 0.15152600 0.02050800 0.02252900
11 0.55566400 0.15225300 0.02148400 0.02398300
14 0.58300800 0.15225300 0.02148400 0.02398300
19 0.11669900 0.22311000 0.02050800 0.02470900
14 0.14306600 0.22311000 0.02050800 0.02325600
19 0.19677700 0.22093000 0.01855500 0.02180200
14 0.22460900 0.22056700 0.01953100 0.02107600
7 0.27832000 0.21947700 0.01953100 0.02180200
14 0.30712900 0.21911300 0.02246100 0.02252900
17 0.33691400 0.21875000 0.02148400 0.02325600
14 0.36377000 0.21875000 0.02050800 0.02325600
14 0.42041000 0.21838700 0.02246100 0.02543600
18 0.19531200 0.28997100 0.02148400 0.02325600
14 0.22265600 0.28888100 0.01953100 0.02398300
17 0.25146500 0.28888100 0.02050800 0.02398300
14 0.27978500 0.28888100 0.02050800 0.02398300
10 0.30859400 0.28888100 0.02148400 0.02543600
14 0.33496100 0.28888100 0.02148400 0.02543600
13 0.36377000 0.28888100 0.02050800 0.02543600
14 0.39257800 0.28888100 0.02148400 0.02543600
9 0.42089800 0.28888100 0.02148400 0.02543600
10 0.44824200 0.28924400 0.02148400 0.02470900
8 0.47705100 0.28888100 0.02246100 0.02689000
1 0.11035200 0.35828500 0.02148400 0.02470900
4 0.13720700 0.35792200 0.02050800 0.02398300
6 0.16748000 0.35755800 0.02050800 0.02470900
8 0.19433600 0.35755800 0.02148400 0.02470900
19 0.22265600 0.35755800 0.02148400 0.02470900
4 0.25097700 0.35755800 0.02148400 0.02470900
15 0.30810500 0.35755800 0.02050800 0.02470900
14 0.33691400 0.35719500 0.02148400 0.02543600
3 0.39453100 0.35828500 0.02148400 0.02616300
14 0.42187500 0.35828500 0.02148400 0.02616300
17 0.45019500 0.35828500 0.02148400 0.02470900
14 0.47753900 0.35901200 0.02148400 0.02470900
9 0.50390600 0.35901200 0.02148400 0.02470900
10 0.53027300 0.35901200 0.02148400 0.02470900
4 0.55664100 0.35901200 0.02148400 0.02470900
25 0.10839800 0.42768900 0.02148400 0.02398300
14 0.13720700 0.42732600 0.02246100 0.02470900
22 0.16552700 0.42732600 0.02246100 0.02470900
8 0.19433600 0.42732600 0.02148400 0.02470900
19 0.22265600 0.42732600 0.02148400 0.02470900
4 0.25146500 0.42732600 0.02246100 0.02470900
12 0.30908200 0.42732600 0.02246100 0.02470900
20 0.33789100 0.42732600 0.02148400 0.02470900
25 0.36572300 0.42732600 0.02246100 0.02470900
10 0.42187500 0.42841600 0.02148400 0.02398300
0 0.44970700 0.42841600 0.02050800 0.02398300
13 0.47753900 0.42841600 0.02148400 0.02398300
19 0.50390600 0.42841600 0.02148400 0.02398300
14 0.52929700 0.42841600 0.02148400 0.02398300
22 0.55664100 0.42914200 0.02148400 0.02398300
1 0.10693400 0.49891000 0.02246100 0.02543600
20 0.13525400 0.49854700 0.02246100 0.02470900
3 0.16455100 0.49854700 0.02246100 0.02470900
4 0.19287100 0.49854700 0.02246100 0.02470900
12 0.22216800 0.49782000 0.02246100 0.02470900
19 0.28027300 0.49782000 0.02148400 0.02470900
0 0.30908200 0.49709300 0.02246100 0.02470900
13 0.33740200 0.49745600 0.02246100 0.02398300
2 0.36572300 0.49745600 0.02246100 0.02398300
4 0.39404300 0.49745600 0.02246100 0.02398300
22 0.42236300 0.49745600 0.02246100 0.02398300
0 0.44921900 0.49709300 0.02148400 0.02325600
19 0.47656200 0.49709300 0.02148400 0.02325600
12 0.10498000 0.57013100 0.02246100 0.02543600
20 0.13378900 0.56976700 0.02343800 0.02470900
25 0.16357400 0.56976700 0.02246100 0.02470900
10 0.22216800 0.56831400 0.02246100 0.02470900
0 0.25146500 0.56795100 0.02246100 0.02398300
13 0.28076200 0.56758700 0.02246100 0.02470900
19 0.31005900 0.56758700 0.02246100 0.02470900
15 0.39404300 0.56686000 0.02246100 0.02470900
17 0.42236300 0.56613400 0.02246100 0.02470900
8 0.45019500 0.56613400 0.02148400 0.02325600
1 0.47753900 0.56540700 0.02148400 0.02325600
4 0.50390600 0.56540700 0.02148400 0.02325600
9 0.52978500 0.56540700 0.02050800 0.02325600
0 0.55615200 0.56504400 0.02050800 0.02252900
11 0.58252000 0.56468000 0.02050800 0.02325600
8 0.60888700 0.56468000 0.02050800 0.02325600
22 0.10302700 0.64244200 0.02246100 0.02325600
1 0.16259800 0.64098800 0.02246100 0.02325600
0 0.19189500 0.63989800 0.02246100 0.02252900
17 0.22119100 0.63953500 0.02246100 0.02325600
0 0.25097700 0.63880800 0.02343800 0.02325600
1 0.27880900 0.63844500 0.02246100 0.02252900
0 0.30859400 0.63808100 0.02343800 0.02325600
13 0.33740200 0.63735500 0.02246100 0.02325600
25 0.42236300 0.63590100 0.02246100 0.02325600
0 0.44921900 0.63481100 0.02148400 0.02398300
18 0.47705100 0.63481100 0.02050800 0.02398300
19 0.50390600 0.63372100 0.02148400 0.02325600
20 0.52978500 0.63335800 0.02050800 0.02398300
16 0.55566400 0.63335800 0.02148400 0.02398300
0 0.58349600 0.63335800 0.02050800 0.02398300
11 0.60888700 0.63335800 0.02050800 0.02398300
8 0.63574200 0.63299400 0.02148400 0.02325600
1 0.10156200 0.71620600 0.02343800 0.02689000
14 0.13183600 0.71511600 0.02343800 0.02616300
12 0.16210900 0.71439000 0.02343800 0.02616300
1 0.24902300 0.71220900 0.02343800 0.02616300
14 0.27832000 0.71111900 0.02343800 0.02689000
12 0.30810500 0.71039200 0.02441400 0.02689000
1 0.39355500 0.70784900 0.02343800 0.02616300
14 0.42187500 0.70712200 0.02343800 0.02616300
12 0.44921900 0.70603200 0.02148400 0.02543600
1 0.52929700 0.70385200 0.02148400 0.02543600
14 0.55566400 0.70312500 0.02148400 0.02543600
12 0.58252000 0.70276200 0.02050800 0.02470900
15 0.10205100 0.79033400 0.02441400 0.02689000
11 0.13134800 0.79033400 0.02441400 0.02689000
4 0.22216800 0.78561000 0.02441400 0.02761600
19 0.25048800 0.78415700 0.02441400 0.02761600
12 0.30810500 0.78197700 0.02246100 0.02616300
20 0.33740200 0.78088700 0.02246100 0.02543600
7 0.36572300 0.77943300 0.02246100 0.02543600
0 0.39355500 0.77870600 0.02343800 0.02543600
18 0.44970700 0.77616300 0.02246100 0.02616300
10 0.50293000 0.77434600 0.02148400 0.02398300
14 0.52929700 0.77361900 0.02148400 0.02398300
12 0.55664100 0.77289200 0.02148400 0.02398300
0 0.58398400 0.77216600 0.02148400 0.02398300
17 0.61035200 0.77216600 0.02148400 0.02543600
14 0.63671900 0.77071200 0.02148400 0.02398300
12 0.66308600 0.77034900 0.02148400 0.02470900
0 0.10107400 0.86555200 0.02441400 0.02616300
25 0.16162100 0.86373500 0.02441400 0.02689000
0 0.19043000 0.86228200 0.02343800 0.02689000
13 0.25000000 0.85828500 0.02343800 0.02616300
4 0.28027300 0.85646800 0.02343800 0.02689000
10 0.36425800 0.85101700 0.02343800 0.02616300
11 0.39209000 0.85174400 0.02246100 0.02470900
14 0.42236300 0.85029100 0.02246100 0.02470900
15 0.44970700 0.84883700 0.02246100 0.02470900
10 0.50390600 0.84593000 0.02148400 0.02470900
11 0.52978500 0.84447700 0.02246100 0.02470900
14 0.55712900 0.84302300 0.02246100 0.02470900
15 0.58447300 0.84157000 0.02246100 0.02470900
