1 0.12812500 0.08680556 0.03437500 0.10763889
14 0.16875000 0.09027778 0.03437500 0.11805556
17 0.21250000 0.08680556 0.03750000 0.12152778
13 0.25937500 0.08333333 0.03906250 0.13194444
0 0.35000000 0.08333333 0.03750000 0.11805556
19 0.39218750 0.08333333 0.03906250 0.12847222
3 0.52500000 0.09027778 0.03906250 0.12500000
8 0.57187500 0.09027778 0.03593750 0.12847222
18 0.61250000 0.09375000 0.03750000 0.12847222
10 0.65468750 0.07986111 0.03125000 0.11805556
14 0.70156250 0.08333333 0.03750000 0.13888889
3 0.87812500 0.09027778 0.03906250 0.12500000
14 0.92187500 0.09027778 0.03593750 0.13194444
13 0.96250000 0.09722222 0.03750000 0.13541667
0 0.12500000 0.23611111 0.03906250 0.13194444
1 0.16718750 0.24305556 0.04062500 0.13194444
0 0.21250000 0.23611111 0.03750000 0.12500000
19 0.29687500 0.24305556 0.04062500 0.13888889
23 0.39062500 0.24305556 0.04375000 0.12847222
14 0.52500000 0.24305556 0.03750000 0.13888889
2 0.65937500 0.24305556 0.03750000 0.13541667
17 0.75000000 0.23958333 0.04062500 0.14236111
18 0.80000000 0.25347222 0.03750000 0.14236111
4 0.84375000 0.25347222 0.04062500 0.13888889
4 0.11093750 0.41319444 0.04218750 0.15277778
0 0.16093750 0.41319444 0.03750000 0.13888889
18 0.20468750 0.40277778 0.03906250 0.12500000
18 0.52812500 0.39930556 0.04062500 0.12500000
15 0.57343750 0.40277778 0.03750000 0.13194444
17 0.61718750 0.40277778 0.04062500 0.12847222
1 0.80312500 0.40972222 0.04218750 0.13888889
24 0.93906250 0.40972222 0.04531250 0.13888889
10 0.15000000 0.57638889 0.04218750 0.14930556
3 0.24218750 0.57291667 0.04062500 0.13541667
12 0.38437500 0.56944444 0.03906250 0.13194444
13 0.47812500 0.57291667 0.04218750 0.13888889
19 0.57343750 0.56944444 0.03906250 0.13541667
17 0.61875000 0.57638889 0.04218750 0.12500000
8 0.66718750 0.57291667 0.04218750 0.12847222
2 0.71562500 0.57291667 0.03906250 0.14236111
10 0.76406250 0.56944444 0.04375000 0.13541667
15 0.90312500 0.57291667 0.04062500 0.12500000
20 0.95000000 0.57291667 0.03906250 0.13541667
22 0.09687500 0.74652778 0.04062500 0.14583333
4 0.14218750 0.74652778 0.03750000 0.15277778
17 0.23593750 0.75000000 0.03906250 0.14930556
4 0.28750000 0.75000000 0.04218750 0.15277778
0 0.38281250 0.75000000 0.04531250 0.14930556
11 0.42968750 0.74652778 0.03906250 0.15972222
11 0.47968750 0.74652778 0.04062500 0.14583333
0 0.57343750 0.75347222 0.03906250 0.14583333
1 0.61875000 0.75000000 0.03750000 0.13888889
0 0.66875000 0.74652778 0.03906250 0.14583333
3 0.76875000 0.75000000 0.04218750 0.14583333
12 0.91406250 0.75000000 0.04062500 0.14236111
11 0.08750000 0.92708333 0.04531250 0.14583333
8 0.13437500 0.92708333 0.03593750 0.14236111
21 0.18281250 0.93402778 0.04375000 0.13194444
4 0.23125000 0.93055556 0.03906250 0.13541667
18 0.27968750 0.93055556 0.04531250 0.13888889
