3 0.04062500 0.25000000 0.03593750 0.12812500
7 0.13750000 0.27109375 0.03906250 0.14609375
11 0.56093750 0.28125000 0.04218750 0.12812500
12 0.64218750 0.29843750 0.03593750 0.12812500
3 0.72656250 0.30234375 0.02968750 0.11484375
8 0.76875000 0.30937500 0.03281250 0.11484375
9 0.03750000 0.42734375 0.03437500 0.13515625
18 0.13593750 0.57265625 0.03906250 0.13515625
6 0.27968750 0.59062500 0.03906250 0.13515625
13 0.37187500 0.59375000 0.03437500 0.12187500
8 0.59062500 0.61796875 0.03281250 0.12500000
11 0.13593750 0.73984375 0.04218750 0.12812500
24 0.27500000 0.75312500 0.03593750 0.12500000
22 0.54375000 0.76718750 0.03437500 0.11484375
0 0.75625000 0.78828125 0.03281250 0.11484375
