1 0.13134800 0.07594500 0.02246100 0.02398300
7 0.16064500 0.07594500 0.02246100 0.02398300
10 0.10449200 0.10864800 0.02343800 0.02689000
17 0.13085900 0.10864800 0.02343800 0.02689000
8 0.15869100 0.10828500 0.02441400 0.02761600
16 0.18603500 0.10828500 0.02441400 0.02761600
0 0.21337900 0.10828500 0.02441400 0.02761600
19 0.24072300 0.10828500 0.02441400 0.02761600
11 0.10400400 0.17732600 0.02246100 0.02616300
4 0.13134800 0.17732600 0.02246100 0.02616300
19 0.15869100 0.17696200 0.02246100 0.02543600
20 0.18603500 0.17696200 0.02246100 0.02543600
16 0.21435500 0.17659900 0.02246100 0.02616300
8 0.24218800 0.17623500 0.02343800 0.02543600
4 0.27002000 0.17623500 0.02246100 0.02543600
13 0.10351600 0.24564000 0.02343800 0.02616300
0 0.13085900 0.24564000 0.02343800 0.02616300
10 0.18554700 0.24600300 0.02343800 0.02689000
17 0.21386700 0.24600300 0.02343800 0.02689000
4 0.29931600 0.24673000 0.02246100 0.02543600
15 0.10253900 0.31504400 0.02343800 0.02543600
11 0.13085900 0.31504400 0.02343800 0.02543600
0 0.15869100 0.31540700 0.02246100 0.02470900
19 0.18603500 0.31540700 0.02246100 0.02470900
14 0.21484400 0.31577000 0.02343800 0.02543600
16 0.24316400 0.31577000 0.02343800 0.02543600
10 0.27197300 0.31613400 0.02246100 0.02616300
0 0.30029300 0.31613400 0.02246100 0.02616300
12 0.32959000 0.31613400 0.02246100 0.02616300
8 0.35888700 0.31649700 0.02246100 0.02543600
12 0.41455100 0.31577000 0.02246100 0.02543600
0 0.44189500 0.31577000 0.02246100 0.02543600
20 0.49658200 0.31504400 0.02246100 0.02689000
19 0.52685500 0.31504400 0.02246100 0.02689000
8 0.10107400 0.38553800 0.02246100 0.02543600
15 0.15869100 0.38590100 0.02246100 0.02470900
11 0.18603500 0.38590100 0.02246100 0.02470900
20 0.27197300 0.38590100 0.02246100 0.02470900
19 0.30127000 0.38590100 0.02246100 0.02470900
0 0.09912100 0.45603200 0.02246100 0.02543600
18 0.15722700 0.45712200 0.02343800 0.02470900
11 0.18603500 0.45712200 0.02246100 0.02470900
14 0.21435500 0.45675900 0.02246100 0.02398300
13 0.24462900 0.45675900 0.02246100 0.02398300
8 0.27294900 0.45675900 0.02246100 0.02398300
7 0.30175800 0.45639500 0.02343800 0.02470900
0 0.33154300 0.45639500 0.02246100 0.02470900
0 0.38623000 0.45639500 0.02246100 0.02325600
18 0.44287100 0.45603200 0.02246100 0.02398300
11 0.47021500 0.45639500 0.02246100 0.02470900
14 0.49853500 0.45639500 0.02246100 0.02470900
13 0.52734400 0.45603200 0.02148400 0.02398300
8 0.55566400 0.45530500 0.02148400 0.02398300
7 0.58349600 0.45457800 0.02246100 0.02398300
0 0.61181600 0.45385200 0.02246100 0.02398300
19 0.09863300 0.52798000 0.02343800 0.02543600
0 0.12793000 0.52798000 0.02343800 0.02543600
10 0.15625000 0.52798000 0.02343800 0.02543600
14 0.21484400 0.52834300 0.02343800 0.02470900
19 0.24414100 0.52798000 0.02343800 0.02543600
15 0.27343800 0.52761600 0.02343800 0.02470900
11 0.30273400 0.52761600 0.02343800 0.02470900
18 0.36084000 0.52689000 0.02246100 0.02470900
22 0.41699200 0.52652600 0.02343800 0.02543600
0 0.44384800 0.52616300 0.02246100 0.02470900
4 0.47216800 0.52616300 0.02246100 0.02470900
19 0.50048800 0.52543600 0.02246100 0.02325600
11 0.55664100 0.52507300 0.02148400 0.02398300
8 0.58544900 0.52507300 0.02246100 0.02398300
7 0.61377000 0.52507300 0.02246100 0.02398300
14 0.64209000 0.52507300 0.02246100 0.02398300
16 0.09765600 0.60138100 0.02343800 0.02543600
19 0.12695300 0.60138100 0.02343800 0.02543600
14 0.15673800 0.60138100 0.02246100 0.02543600
17 0.21435500 0.60065400 0.02246100 0.02543600
20 0.24365200 0.60029100 0.02246100 0.02470900
12 0.27294900 0.59992700 0.02246100 0.02543600
13 0.33203100 0.59883700 0.02343800 0.02470900
0 0.36084000 0.59847400 0.02246100 0.02543600
11 0.44482400 0.59738400 0.02246100 0.02470900
20 0.47314500 0.59702000 0.02246100 0.02398300
13 0.50195300 0.59702000 0.02148400 0.02398300
0 0.52978500 0.59665700 0.02246100 0.02470900
22 0.09668000 0.67659900 0.02343800 0.02470900
13 0.15576200 0.67514500 0.02246100 0.02470900
4 0.18408200 0.67478200 0.02246100 0.02398300
1 0.21337900 0.67441900 0.02246100 0.02470900
4 0.24267600 0.67405500 0.02246100 0.02398300
25 0.30273400 0.67332800 0.02343800 0.02398300
0 0.33252000 0.67223800 0.02246100 0.02325600
3 0.36230500 0.67151200 0.02148400 0.02325600
17 0.39062500 0.67114800 0.02148400 0.02252900
14 0.41796900 0.67114800 0.02148400 0.02252900
9 0.44628900 0.67042200 0.02148400 0.02252900
0 0.47460900 0.67005800 0.02148400 0.02325600
11 0.50293000 0.66933100 0.02148400 0.02325600
0 0.53027300 0.66896800 0.02148400 0.02252900
8 0.09521500 0.75036300 0.02246100 0.02543600
13 0.15576200 0.74963700 0.02246100 0.02543600
0 0.18261700 0.74891000 0.02343800 0.02543600
1 0.24169900 0.74818300 0.02246100 0.02543600
4 0.27148400 0.74854700 0.02343800 0.02470900
3 0.30175800 0.74818300 0.02343800 0.02543600
13 0.33105500 0.74745600 0.02343800 0.02543600
14 0.36132800 0.74673000 0.02343800 0.02543600
6 0.39062500 0.74600300 0.02343800 0.02543600
14 0.41845700 0.74527600 0.02246100 0.02543600
11 0.50585900 0.74491300 0.02343800 0.02616300
18 0.47607400 0.74454900 0.02246100 0.02398300
13 0.56445300 0.74454900 0.02148400 0.02543600
0 0.59228500 0.74418600 0.02246100 0.02761600
10 0.09472700 0.82957800 0.02343800 0.02689000
20 0.12500000 0.82812500 0.02343800 0.02834300
1 0.15380900 0.82739800 0.02246100 0.02689000
0 0.18261700 0.82703500 0.02343800 0.02616300
17 0.21533200 0.82521800 0.02441400 0.02689000
4 0.24267600 0.82485500 0.02441400 0.02761600
12 0.27343800 0.82449100 0.02343800 0.02689000
20 0.33252000 0.82303800 0.02246100 0.02689000
15 0.36230500 0.82303800 0.02343800 0.02689000
0 0.39160200 0.82231100 0.02343800 0.02689000
11 0.41992200 0.82158400 0.02343800 0.02689000
0 0.44824200 0.82158400 0.02148400 0.02543600
22 0.09472700 0.90443300 0.02343800 0.02689000
14 0.12548800 0.90407000 0.02441400 0.02761600
19 0.15527300 0.90334300 0.02343800 0.02761600
1 0.21386700 0.90189000 0.02343800 0.02761600
11 0.27343800 0.90043600 0.02343800 0.02761600
0 0.30273400 0.90007300 0.02343800 0.02689000
15 0.36230500 0.89861900 0.02343800 0.02689000
14 0.39209000 0.89789200 0.02246100 0.02689000
19 0.42089800 0.89752900 0.02343800 0.02761600
14 0.44970700 0.89716600 0.02246100 0.02689000
12 0.47851600 0.89571200 0.02343800 0.02834300
25 0.53808600 0.89534900 0.02343800 0.02616300
0 0.56738300 0.89498500 0.02343800 0.02689000
1 0.59765600 0.89425900 0.02343800 0.02689000
14 0.62548800 0.89389500 0.02441400 0.02616300
19 0.65527300 0.89280500 0.02343800 0.02689000
0 0.68310500 0.89280500 0.02441400 0.02689000
8 0.41113300 0.17550900 0.02343800 0.02543600
12 0.32617200 0.17550900 0.02343800 0.02543600
14 0.53515600 0.74454900 0.02343800 0.02543600
