0 0.14218750 0.09296875 0.03281250 0.11718750
1 0.22656250 0.09375000 0.03125000 0.12031250
6 0.31328125 0.08828125 0.03437500 0.12656250
11 0.35781250 0.09296875 0.03281250 0.11718750
0 0.40000000 0.09062500 0.03437500 0.11406250
18 0.44531250 0.08828125 0.03593750 0.12031250
18 0.48671875 0.08906250 0.03281250 0.12031250
11 0.57500000 0.09140625 0.03593750 0.11875000
8 0.61875000 0.09062500 0.03281250 0.11250000
16 0.66171875 0.09296875 0.03593750 0.11093750
20 0.70390625 0.09062500 0.03593750 0.11718750
8 0.74921875 0.09296875 0.03125000 0.11875000
3 0.79062500 0.09453125 0.03437500 0.12031250
3 0.87656250 0.10000000 0.03437500 0.12031250
4 0.91718750 0.10078125 0.03593750 0.11875000
19 0.95859375 0.09687500 0.03281250 0.12187500
0 0.13281250 0.25234375 0.03437500 0.12343750
3 0.12656250 0.40703125 0.03437500 0.12812500
15 0.21875000 0.24453125 0.03437500 0.12656250
18 0.39765625 0.24218750 0.03281250 0.12343750
14 0.44218750 0.24296875 0.03125000 0.11875000
8 0.48593750 0.24375000 0.03281250 0.13125000
11 0.53125000 0.24609375 0.03750000 0.13281250
2 0.21562500 0.40234375 0.03593750 0.13750000
17 0.25625000 0.40078125 0.03593750 0.13437500
20 0.30390625 0.40234375 0.03593750 0.12968750
0 0.48671875 0.40156250 0.03593750 0.12343750
13 0.53437500 0.40703125 0.03593750 0.12812500
19 0.57656250 0.40312500 0.03593750 0.13125000
18 0.61953125 0.40312500 0.03437500 0.13125000
13 0.24609375 0.73750000 0.03750000 0.12968750
22 0.34062500 0.73515625 0.04218750 0.13281250
4 0.38984375 0.73671875 0.03906250 0.13906250
19 0.48515625 0.73515625 0.03750000 0.14375000
17 0.53281250 0.73984375 0.03437500 0.13437500
8 0.57812500 0.73750000 0.04218750 0.14375000
18 0.05625000 0.92578125 0.03906250 0.13593750
8 0.10078125 0.92578125 0.03593750 0.13593750
15 0.81562500 0.73984375 0.03750000 0.12343750
14 0.86250000 0.73984375 0.03906250 0.13437500
13 0.95312500 0.74296875 0.04218750 0.13750000
