18 0.10156250 0.87812500 0.11718750 0.24218750
7 0.22187500 0.88281250 0.11875000 0.23437500
4 0.11718750 0.16406250 0.07656250 0.16562500
21 0.31093750 0.10312500 0.09375000 0.17500000
4 0.34687500 0.86093750 0.11406250 0.22968750
0 0.40468750 0.09687500 0.07343750 0.16718750
17 0.50156250 0.08906250 0.08750000 0.16250000
2 0.32656250 0.55312500 0.10000000 0.20312500
7 0.45000000 0.53906250 0.09531250 0.20156250
0 0.55781250 0.52812500 0.09531250 0.19843750
6 0.68281250 0.07968750 0.07343750 0.15000000
15 0.65937500 0.50468750 0.10468750 0.20625000
16 0.70625000 0.75937500 0.10312500 0.21562500
14 0.76093750 0.07968750 0.07187500 0.15312500
