18 0.33125000 0.17500000 0.07343750 0.16250000
7 0.42500000 0.17187500 0.07812500 0.15781250
4 0.51875000 0.16406250 0.07187500 0.15625000
3 0.45937500 0.57500000 0.09375000 0.17031250
0 0.55468750 0.56875000 0.08281250 0.16093750
12 0.61718750 0.16093750 0.08281250 0.16562500
3 0.77968750 0.14531250 0.07343750 0.15781250
14 0.85468750 0.14531250 0.06718750 0.15781250
3 0.65156250 0.56250000 0.09062500 0.17187500
0 0.62812500 0.34843750 0.07812500 0.15312500
5 0.71562500 0.33750000 0.07812500 0.17031250
