5 0.16875000 0.21562500 0.08593750 0.17968750
11 0.26406250 0.19531250 0.08750000 0.17500000
19 0.36250000 0.16718750 0.09375000 0.17500000
17 0.46562500 0.15156250 0.09062500 0.17031250
18 0.10000000 0.45312500 0.08593750 0.17500000
7 0.19062500 0.44375000 0.08750000 0.18750000
4 0.29531250 0.41406250 0.08593750 0.18437500
18 0.04843750 0.68593750 0.09531250 0.18906250
7 0.12656250 0.67500000 0.08593750 0.19218750
16 0.21875000 0.65781250 0.09062500 0.16718750
4 0.24218750 0.87187500 0.08281250 0.17031250
11 0.34218750 0.85781250 0.09375000 0.16718750
7 0.55937500 0.14062500 0.09375000 0.17187500
12 0.44062500 0.82031250 0.08750000 0.17656250
4 0.31875000 0.62187500 0.08281250 0.16093750
11 0.49218750 0.36250000 0.08125000 0.15625000
4 0.42500000 0.59531250 0.08125000 0.17031250
14 0.54843750 0.80000000 0.10000000 0.16250000
14 0.58125000 0.34531250 0.08750000 0.16718750
18 0.73906250 0.09687500 0.07656250 0.16250000
14 0.66875000 0.33125000 0.08750000 0.16718750
3 0.60625000 0.54531250 0.09531250 0.17656250
18 0.73281250 0.74062500 0.08281250 0.19375000
