11 0.11093750 0.22500000 0.08750000 0.17500000
19 0.20000000 0.20000000 0.09062500 0.17500000
17 0.30468750 0.16718750 0.08593750 0.17968750
7 0.04531250 0.47656250 0.08750000 0.18437500
4 0.13437500 0.45625000 0.09062500 0.18125000
16 0.06875000 0.69531250 0.09375000 0.16718750
4 0.09375000 0.88750000 0.07812500 0.15312500
11 0.18281250 0.89375000 0.09375000 0.17031250
7 0.40000000 0.15156250 0.09531250 0.18437500
12 0.28437500 0.86875000 0.09531250 0.19375000
4 0.15625000 0.66875000 0.08281250 0.16093750
11 0.33593750 0.40312500 0.09531250 0.16718750
4 0.25625000 0.63906250 0.09375000 0.17187500
14 0.39375000 0.84218750 0.10468750 0.17968750
14 0.44062500 0.38281250 0.08750000 0.16718750
18 0.59062500 0.10937500 0.08281250 0.17656250
14 0.52812500 0.36093750 0.09062500 0.16718750
3 0.46250000 0.57812500 0.09843750 0.17656250
18 0.59062500 0.77500000 0.08281250 0.19375000
14 0.68437500 0.74687500 0.09531250 0.17500000
23 0.65312500 0.52500000 0.09531250 0.17500000
0 0.55156250 0.55937500 0.07812500 0.16250000
7 0.68593750 0.10000000 0.08281250 0.17500000
