4 0.03437500 0.18750000 0.06718750 0.15000000
21 0.20781250 0.13281250 0.09375000 0.17500000
4 0.18906250 0.89843750 0.10312500 0.20312500
0 0.30000000 0.11718750 0.07343750 0.16562500
17 0.40312500 0.09687500 0.08750000 0.18437500
7 0.32187500 0.58281250 0.10781250 0.20781250
0 0.43593750 0.55781250 0.09531250 0.19843750
15 0.54531250 0.52656250 0.10468750 0.20625000
16 0.57500000 0.79843750 0.11875000 0.22343750
19 0.69375000 0.76250000 0.10937500 0.22968750
18 0.65312500 0.50000000 0.10312500 0.20156250
