18 0.19091800 0.05517600 0.02246100 0.03613300
19 0.44580100 0.05810500 0.02246100 0.03418000
0 0.19091800 0.10937500 0.02246100 0.03515600
6 0.19189500 0.16113300 0.02246100 0.03320300
4 0.21826200 0.16113300 0.02246100 0.03320300
9 0.33203100 0.16162100 0.02343800 0.03418000
2 0.38964800 0.16210900 0.02343800 0.03320300
6 0.19189500 0.21435500 0.02246100 0.03222700
1 0.21875000 0.21435500 0.02148400 0.03222700
9 0.33105500 0.21435500 0.02343800 0.03418000
2 0.38867200 0.21484400 0.02343800 0.03320300
18 0.19189500 0.47509800 0.02246100 0.03222700
19 0.41455100 0.47607400 0.02246100 0.03222700
0 0.18945300 0.52539100 0.02148400 0.03320300
6 0.19140600 0.57959000 0.02343800 0.03418000
4 0.21777300 0.57910200 0.02148400 0.03320300
9 0.30224600 0.58007800 0.02246100 0.03320300
2 0.35839800 0.58056600 0.02343800 0.03222700
6 0.30175800 0.63134800 0.02148400 0.03222700
4 0.32910200 0.63232400 0.02148400 0.03027300
9 0.30175800 0.68310500 0.02148400 0.03027300
2 0.32910200 0.68261700 0.02148400 0.02929700
1 0.27197300 0.73339800 0.02050800 0.02929700
1 0.30078100 0.73437500 0.02148400 0.02929700
4 0.32959000 0.73339800 0.02246100 0.03125000
6 0.27197300 0.78662100 0.02246100 0.03418000
4 0.29882800 0.78613300 0.02343800 0.03320300
8 0.27294900 0.83740200 0.02246100 0.03418000
6 0.30078100 0.83740200 0.02148400 0.03222700
4 0.32910200 0.83789100 0.02148400 0.03320300
8 0.18994100 0.88720700 0.02246100 0.03222700
6 0.21728500 0.88818400 0.02246100 0.03222700
4 0.27197300 0.88818400 0.02246100 0.03222700
10 0.38378900 0.88769500 0.02148400 0.03125000
12 0.41113300 0.88720700 0.02148400 0.03222700
1 0.18896500 0.93652300 0.02246100 0.03320300
