2 0.08281250 0.08046875 0.03750000 0.12656250
17 0.13437500 0.08437500 0.04218750 0.13437500
19 0.08046875 0.26484375 0.04218750 0.16250000
8 0.29140625 0.24843750 0.03750000 0.15000000
12 0.39453125 0.24062500 0.04062500 0.15156250
0 0.44843750 0.24218750 0.04062500 0.15937500
3 0.49765625 0.23984375 0.04375000 0.16093750
4 0.54687500 0.23359375 0.04375000 0.16093750
23 0.65000000 0.22578125 0.04687500 0.13906250
19 0.02421875 0.46406250 0.04375000 0.15937500
7 0.18046875 0.45000000 0.04375000 0.15468750
14 0.23437500 0.44218750 0.04062500 0.14843750
19 0.28984375 0.43984375 0.04218750 0.16718750
3 0.39687500 0.43671875 0.04218750 0.15625000
14 0.45234375 0.42812500 0.04218750 0.15000000
6 0.50234375 0.42734375 0.04218750 0.15937500
18 0.55625000 0.42187500 0.04218750 0.15312500
4 0.65781250 0.41484375 0.04375000 0.16250000
23 0.70781250 0.40703125 0.04375000 0.15156250
2 0.75859375 0.41328125 0.04062500 0.15781250
4 0.80859375 0.40468750 0.04531250 0.15312500
15 0.85546875 0.40234375 0.03750000 0.14687500
19 0.90546875 0.40234375 0.03750000 0.15312500
14 0.12031250 0.65937500 0.04687500 0.16718750
13 0.17734375 0.65703125 0.04687500 0.16718750
0 0.29062500 0.65078125 0.04531250 0.17187500
3 0.39687500 0.64218750 0.04531250 0.17656250
8 0.45078125 0.63203125 0.04062500 0.17187500
4 0.50234375 0.64062500 0.04687500 0.17343750
19 0.56171875 0.61562500 0.04375000 0.16875000
21 0.06328125 0.87109375 0.04687500 0.17968750
4 0.11875000 0.86875000 0.04687500 0.16875000
6 0.22890625 0.86953125 0.04687500 0.18750000
14 0.34140625 0.85703125 0.04531250 0.19062500
5 0.45390625 0.83593750 0.04218750 0.18125000
8 0.50937500 0.83359375 0.04687500 0.17656250
21 0.56328125 0.83125000 0.04531250 0.18281250
4 0.61718750 0.82109375 0.04687500 0.17968750
12 0.72109375 0.81406250 0.04375000 0.16562500
8 0.77656250 0.80390625 0.04218750 0.17187500
11 0.82812500 0.80937500 0.04375000 0.17343750
4 0.88125000 0.80234375 0.04218750 0.17656250
18 0.92890625 0.79609375 0.04687500 0.17187500
