2 0.21718750 0.14930556 0.03125000 0.11458333
0 0.25468750 0.14930556 0.03125000 0.11458333
15 0.29218750 0.14930556 0.03281250 0.11805556
19 0.33125000 0.14583333 0.03593750 0.11458333
0 0.36718750 0.14583333 0.02812500 0.11111111
18 0.44218750 0.14930556 0.03281250 0.10763889
2 0.58750000 0.15277778 0.03437500 0.10416667
17 0.65937500 0.15972222 0.03281250 0.10763889
0 0.69843750 0.15972222 0.03125000 0.11111111
6 0.73437500 0.16319444 0.02968750 0.11111111
4 0.76875000 0.16666667 0.02968750 0.11111111
18 0.83593750 0.17013889 0.02812500 0.09722222
24 0.20937500 0.55902778 0.03750000 0.11458333
17 0.20468750 0.70833333 0.03906250 0.13194444
20 0.24375000 0.70833333 0.03437500 0.12152778
3 0.28593750 0.70833333 0.03437500 0.12500000
24 0.32343750 0.70833333 0.03437500 0.12500000
3 0.40156250 0.71180556 0.03593750 0.12500000
8 0.59062500 0.71180556 0.03125000 0.11111111
15 0.62656250 0.71180556 0.02968750 0.11805556
11 0.66406250 0.70833333 0.03281250 0.12152778
