8 0.15576200 0.06431700 0.01464800 0.02107600
7 0.86962900 0.06904100 0.01464800 0.02034900
0 0.89697300 0.06904100 0.01464800 0.02034900
15 0.15625000 0.09847400 0.01367200 0.02107600
17 0.18408200 0.09847400 0.01464800 0.02107600
6 0.24169900 0.09702000 0.01464800 0.02107600
13 0.27002000 0.09702000 0.01464800 0.02107600
8 0.29980500 0.09629400 0.01562500 0.02107600
1 0.35791000 0.09702000 0.01464800 0.02107600
11 0.38720700 0.09738400 0.01464800 0.02034900
8 0.41601600 0.09774700 0.01562500 0.02107600
9 0.44580100 0.09774700 0.01464800 0.02107600
4 0.47363300 0.09811000 0.01562500 0.02034900
13 0.53125000 0.09992700 0.01562500 0.02107600
20 0.56005900 0.10065400 0.01464800 0.02107600
10 0.61669900 0.10174400 0.01464800 0.02034900
0 0.64502000 0.10174400 0.01464800 0.02034900
13 0.70166000 0.10174400 0.01464800 0.02034900
20 0.72998000 0.10210800 0.01464800 0.01962200
10 0.78710900 0.10247100 0.01367200 0.02034900
0 0.81494100 0.10247100 0.01464800 0.02034900
19 0.15576200 0.13408400 0.01464800 0.02107600
0 0.18359400 0.13335800 0.01562500 0.02107600
10 0.21191400 0.13263100 0.01562500 0.02107600
22 0.27099600 0.13190400 0.01464800 0.02107600
14 0.29980500 0.13117700 0.01562500 0.02107600
19 0.32910200 0.13117700 0.01562500 0.02107600
19 0.38720700 0.13117700 0.01464800 0.02107600
0 0.41552700 0.13190400 0.01464800 0.02107600
10 0.44482400 0.13226700 0.01464800 0.02034900
4 0.50341800 0.13299400 0.01464800 0.02034900
23 0.53173800 0.13335800 0.01464800 0.02107600
16 0.61865200 0.13444800 0.01464800 0.02034900
20 0.64648400 0.13517400 0.01562500 0.02034900
19 0.67529300 0.13517400 0.01464800 0.02034900
16 0.75976600 0.13590100 0.01367200 0.02034900
20 0.78759800 0.13590100 0.01464800 0.02034900
19 0.81591800 0.13553800 0.01464800 0.02107600
22 0.15625000 0.16896800 0.01562500 0.02107600
4 0.18457000 0.16824100 0.01562500 0.02107600
19 0.21289100 0.16787800 0.01562500 0.02180200
4 0.24169900 0.16678800 0.01464800 0.02107600
17 0.27099600 0.16678800 0.01464800 0.02107600
18 0.32959000 0.16642400 0.01464800 0.02034900
15 0.38720700 0.16642400 0.01464800 0.02034900
11 0.41650400 0.16642400 0.01464800 0.02034900
4 0.44580100 0.16642400 0.01464800 0.02034900
19 0.47509800 0.16642400 0.01464800 0.02034900
18 0.53271500 0.16715100 0.01464800 0.02034900
13 0.56201200 0.16751500 0.01464800 0.02107600
4 0.59082000 0.16751500 0.01562500 0.02107600
6 0.61962900 0.16824100 0.01464800 0.02107600
14 0.64794900 0.16860500 0.01464800 0.02034900
12 0.67529300 0.16860500 0.01464800 0.02034900
25 0.73291000 0.16896800 0.01464800 0.02107600
11 0.76220700 0.16933100 0.01464800 0.02034900
10 0.81591800 0.17005800 0.01464800 0.02034900
0 0.84521500 0.17114800 0.01464800 0.02107600
8 0.15673800 0.20312500 0.01464800 0.02107600
13 0.21289100 0.20239800 0.01562500 0.02107600
0 0.24169900 0.20239800 0.01464800 0.02107600
18 0.30029300 0.20130800 0.01464800 0.02180200
15 0.32959000 0.20094500 0.01464800 0.02107600
8 0.35888700 0.20021800 0.01464800 0.02107600
13 0.38769500 0.20058100 0.01562500 0.02180200
10 0.41650400 0.20094500 0.01464800 0.02107600
20 0.44580100 0.20094500 0.01464800 0.02107600
8 0.50439500 0.20094500 0.01464800 0.02107600
13 0.56201200 0.20167200 0.01464800 0.02107600
0 0.59130900 0.20167200 0.01464800 0.02107600
6 0.64892600 0.20239800 0.01464800 0.02107600
17 0.67724600 0.20239800 0.01464800 0.02107600
20 0.70556600 0.20276200 0.01464800 0.02034900
3 0.73388700 0.20348800 0.01464800 0.02180200
15 0.10205100 0.24200600 0.01464800 0.02180200
14 0.12841800 0.24127900 0.01464800 0.02180200
3 0.15625000 0.23946200 0.01562500 0.02107600
17 0.18408200 0.23873500 0.01464800 0.02107600
20 0.21289100 0.23800900 0.01562500 0.02107600
9 0.24121100 0.23764500 0.01562500 0.02180200
8 0.27050800 0.23691900 0.01562500 0.02180200
18 0.29980500 0.23546500 0.01562500 0.02180200
18 0.38720700 0.23510200 0.01464800 0.02107600
14 0.41699200 0.23546500 0.01562500 0.02180200
12 0.47558600 0.23546500 0.01562500 0.02180200
13 0.50488300 0.23582800 0.01562500 0.02107600
14 0.53418000 0.23582800 0.01562500 0.02107600
15 0.62109400 0.23655500 0.01562500 0.02107600
8 0.65039100 0.23655500 0.01562500 0.02107600
16 0.67919900 0.23728200 0.01464800 0.02107600
20 0.70654300 0.23728200 0.01464800 0.02107600
9 0.73584000 0.23800900 0.01464800 0.02107600
10 0.76416000 0.23800900 0.01464800 0.02107600
0 0.79199200 0.23800900 0.01562500 0.02107600
1 0.10205100 0.27761600 0.01464800 0.02180200
20 0.12890600 0.27689000 0.01367200 0.02180200
3 0.15625000 0.27543600 0.01367200 0.02180200
4 0.18408200 0.27434600 0.01464800 0.02107600
12 0.21240200 0.27325600 0.01464800 0.02180200
22 0.27050800 0.27216600 0.01562500 0.02252900
12 0.29980500 0.27143900 0.01562500 0.02252900
4 0.32910200 0.27107600 0.01562500 0.02180200
18 0.35839800 0.27107600 0.01562500 0.02180200
19 0.38769500 0.27107600 0.01562500 0.02180200
4 0.41699200 0.27071200 0.01562500 0.02252900
22 0.47656200 0.27034900 0.01562500 0.02180200
3 0.53515600 0.27034900 0.01562500 0.02180200
14 0.56445300 0.27107600 0.01562500 0.02180200
12 0.59326200 0.27107600 0.01464800 0.02180200
4 0.62207000 0.27107600 0.01562500 0.02180200
9 0.68017600 0.27180200 0.01464800 0.02180200
8 0.70947300 0.27180200 0.01464800 0.02180200
19 0.73730500 0.27216600 0.01562500 0.02107600
18 0.10205100 0.31322700 0.01464800 0.02180200
3 0.15625000 0.31141000 0.01562500 0.02252900
4 0.18359400 0.31032000 0.01562500 0.02325600
12 0.21191400 0.30923000 0.01562500 0.02252900
17 0.27050800 0.30777600 0.01562500 0.02252900
3 0.32959000 0.30704900 0.01660200 0.02252900
10 0.41796900 0.30704900 0.01562500 0.02252900
14 0.44677700 0.30704900 0.01660200 0.02252900
12 0.47705100 0.30704900 0.01660200 0.02252900
15 0.53564500 0.30704900 0.01660200 0.02252900
14 0.56445300 0.30668600 0.01562500 0.02180200
3 0.59375000 0.30668600 0.01562500 0.02180200
22 0.65234400 0.30668600 0.01562500 0.02180200
10 0.76757800 0.30704900 0.01562500 0.02107600
14 0.79492200 0.30668600 0.01562500 0.02180200
1 0.10205100 0.34811000 0.01464800 0.02180200
20 0.12890600 0.34738400 0.01367200 0.02180200
3 0.15625000 0.34665700 0.01367200 0.02180200
4 0.18359400 0.34593000 0.01367200 0.02180200
12 0.21191400 0.34520300 0.01367200 0.02180200
0 0.27050800 0.34375000 0.01562500 0.02180200
25 0.29980500 0.34338700 0.01562500 0.02252900
1 0.32959000 0.34302300 0.01660200 0.02325600
20 0.35937500 0.34266000 0.01562500 0.02252900
10 0.38818400 0.34266000 0.01660200 0.02252900
20 0.41748000 0.34266000 0.01660200 0.02252900
20 0.47705100 0.34266000 0.01660200 0.02252900
16 0.50683600 0.34266000 0.01562500 0.02252900
8 0.53662100 0.34266000 0.01660200 0.02252900
19 0.56494100 0.34266000 0.01660200 0.02252900
1 0.15625000 0.38190400 0.01562500 0.02252900
11 0.18457000 0.38154100 0.01562500 0.02180200
8 0.21191400 0.38154100 0.01562500 0.02325600
9 0.24169900 0.38045100 0.01660200 0.02252900
4 0.27099600 0.38008700 0.01660200 0.02325600
13 0.32910200 0.37936000 0.01562500 0.02325600
20 0.35888700 0.37936000 0.01660200 0.02325600
4 0.41894500 0.37936000 0.01562500 0.02325600
23 0.44873000 0.37863400 0.01660200 0.02325600
13 0.53662100 0.37863400 0.01660200 0.02325600
4 0.56591800 0.37863400 0.01660200 0.02325600
12 0.59521500 0.37863400 0.01660200 0.02325600
13 0.62402300 0.37827000 0.01757800 0.02398300
14 0.65283200 0.37827000 0.01660200 0.02252900
9 0.68212900 0.37790700 0.01660200 0.02325600
10 0.71191400 0.37827000 0.01562500 0.02252900
14 0.74023400 0.37790700 0.01562500 0.02180200
5 0.15625000 0.41787800 0.01562500 0.02180200
20 0.18457000 0.41751500 0.01562500 0.02252900
17 0.21289100 0.41715100 0.01562500 0.02180200
7 0.24218800 0.41678800 0.01562500 0.02252900
20 0.33007800 0.41606100 0.01562500 0.02252900
3 0.36035200 0.41533400 0.01562500 0.02252900
17 0.38916000 0.41533400 0.01660200 0.02252900
0 0.41943400 0.41460800 0.01660200 0.02252900
11 0.44921900 0.41460800 0.01562500 0.02252900
10 0.59521500 0.41424400 0.01660200 0.02325600
0 0.62402300 0.41388100 0.01757800 0.02252900
10 0.65332000 0.41388100 0.01757800 0.02252900
14 0.68310500 0.41388100 0.01660200 0.02252900
13 0.77099600 0.41315400 0.01660200 0.02252900
0 0.79980500 0.41351700 0.01562500 0.02180200
7 0.82812500 0.41315400 0.01562500 0.02252900
0 0.85644500 0.41315400 0.01562500 0.02252900
11 0.88427700 0.41315400 0.01660200 0.02252900
18 0.15625000 0.45421500 0.01562500 0.02180200
4 0.21289100 0.45348800 0.01562500 0.02180200
11 0.24169900 0.45312500 0.01464800 0.02252900
22 0.30175800 0.45239800 0.01562500 0.02252900
18 0.33105500 0.45203500 0.01562500 0.02180200
4 0.36035200 0.45167200 0.01562500 0.02252900
25 0.42041000 0.45094500 0.01660200 0.02252900
17 0.47900400 0.45094500 0.01660200 0.02252900
13 0.50830100 0.45094500 0.01660200 0.02252900
0 0.53759800 0.45058100 0.01660200 0.02325600
18 0.59619100 0.45021800 0.01660200 0.02252900
4 0.65478500 0.44985500 0.01660200 0.02325600
11 0.68408200 0.44912800 0.01660200 0.02325600
22 0.68505900 0.48582800 0.01660200 0.02252900
18 0.71435500 0.48546500 0.01660200 0.02180200
4 0.74462900 0.48510200 0.01660200 0.02252900
10 0.80224600 0.48437500 0.01660200 0.02252900
17 0.83154300 0.48437500 0.01660200 0.02252900
14 0.86035200 0.48437500 0.01562500 0.02252900
10 0.91650400 0.48437500 0.01660200 0.02252900
8 0.94482400 0.48364800 0.01660200 0.02252900
8 0.15820300 0.52689000 0.01562500 0.02180200
18 0.21386700 0.52616300 0.01562500 0.02180200
15 0.24316400 0.52543600 0.01562500 0.02180200
0 0.27148400 0.52507300 0.01562500 0.02252900
18 0.30175800 0.52470900 0.01562500 0.02180200
8 0.33154300 0.52434600 0.01660200 0.02252900
1 0.36132800 0.52361900 0.01562500 0.02252900
14 0.39013700 0.52289200 0.01660200 0.02252900
13 0.45117200 0.52289200 0.01562500 0.02252900
4 0.47998000 0.52289200 0.01660200 0.02252900
18 0.53906200 0.52252900 0.01562500 0.02325600
10 0.56787100 0.52252900 0.01660200 0.02325600
0 0.59765600 0.52216600 0.01562500 0.02252900
25 0.62695300 0.52216600 0.01562500 0.02252900
0 0.65625000 0.52180200 0.01562500 0.02180200
11 0.68554700 0.52143900 0.01562500 0.02252900
4 0.10449200 0.60610500 0.01562500 0.02034900
4 0.13183600 0.60646800 0.01562500 0.02107600
4 0.15918000 0.60683100 0.01562500 0.02034900
0 0.21386700 0.63444800 0.01562500 0.02325600
15 0.30273400 0.63481100 0.01562500 0.02252900
4 0.33252000 0.63481100 0.01464800 0.02252900
17 0.36230500 0.63481100 0.01562500 0.02252900
4 0.39209000 0.63444800 0.01464800 0.02325600
16 0.42187500 0.63408400 0.01562500 0.02252900
8 0.45214800 0.63372100 0.01562500 0.02325600
19 0.48144500 0.63372100 0.01562500 0.02325600
0 0.51171900 0.63335800 0.01562500 0.02252900
15 0.60107400 0.63263100 0.01660200 0.02252900
4 0.63085900 0.63226700 0.01562500 0.02325600
17 0.66015600 0.63154100 0.01562500 0.02325600
22 0.68994100 0.63154100 0.01660200 0.02325600
4 0.74951200 0.63081400 0.01660200 0.02325600
16 0.80810500 0.63008700 0.01660200 0.02325600
4 0.83642600 0.62972400 0.01660200 0.02252900
19 0.86572300 0.62936000 0.01660200 0.02325600
17 0.92285200 0.62863400 0.01562500 0.02180200
4 0.95117200 0.62827000 0.01562500 0.02252900
18 0.10595700 0.67005800 0.01464800 0.02180200
19 0.13330100 0.67042200 0.01464800 0.02252900
17 0.16015600 0.67078500 0.01367200 0.02180200
14 0.18750000 0.67151200 0.01367200 0.02180200
16 0.21533200 0.67223800 0.01464800 0.02180200
10 0.24365200 0.67260200 0.01464800 0.02252900
8 0.27343800 0.67223800 0.01562500 0.02325600
18 0.33203100 0.67187500 0.01562500 0.02252900
19 0.36181600 0.67187500 0.01464800 0.02252900
8 0.39257800 0.67151200 0.01562500 0.02325600
7 0.42187500 0.67151200 0.01562500 0.02325600
14 0.45214800 0.67114800 0.01562500 0.02252900
19 0.48144500 0.67078500 0.01562500 0.02325600
22 0.51220700 0.67078500 0.01464800 0.02325600
14 0.54150400 0.67042200 0.01464800 0.02252900
17 0.57177700 0.67005800 0.01464800 0.02325600
4 0.60156200 0.66969500 0.01562500 0.02252900
13 0.63134800 0.66933100 0.01660200 0.02325600
8 0.66162100 0.66860500 0.01660200 0.02325600
10 0.77880900 0.66751500 0.01660200 0.02252900
0 0.80810500 0.66715100 0.01660200 0.02325600
10 0.83691400 0.66642400 0.01562500 0.02325600
8 0.86621100 0.66606100 0.01562500 0.02252900
12 0.89550800 0.66569800 0.01562500 0.02325600
19 0.10888700 0.70530500 0.01464800 0.02252900
15 0.18798800 0.70748500 0.01464800 0.02252900
17 0.21630900 0.70821200 0.01464800 0.02252900
4 0.24462900 0.70821200 0.01464800 0.02252900
3 0.27343800 0.70893900 0.01562500 0.02252900
18 0.30273400 0.70893900 0.01562500 0.02252900
19 0.33203100 0.70893900 0.01562500 0.02252900
0 0.36230500 0.70893900 0.01562500 0.02252900
22 0.39257800 0.70857600 0.01562500 0.02325600
8 0.42285200 0.70857600 0.01562500 0.02325600
11 0.45214800 0.70857600 0.01562500 0.02325600
18 0.51269500 0.70784900 0.01562500 0.02325600
4 0.54199200 0.70784900 0.01562500 0.02325600
1 0.57226600 0.70712200 0.01562500 0.02325600
4 0.60205100 0.70712200 0.01660200 0.02325600
22 0.66259800 0.70639500 0.01660200 0.02325600
14 0.69189500 0.70566900 0.01660200 0.02325600
17 0.72119100 0.70566900 0.01660200 0.02325600
14 0.75048800 0.70494200 0.01660200 0.02325600
1 0.78076200 0.70421500 0.01660200 0.02325600
15 0.10791000 0.74091600 0.01464800 0.02252900
14 0.13427700 0.74164200 0.01464800 0.02252900
12 0.16064500 0.74309600 0.01464800 0.02252900
14 0.18896500 0.74382300 0.01464800 0.02252900
6 0.21679700 0.74382300 0.01562500 0.02252900
11 0.24560500 0.74454900 0.01464800 0.02252900
8 0.27392600 0.74527600 0.01464800 0.02252900
11 0.33300800 0.74636600 0.01562500 0.02180200
8 0.36230500 0.74600300 0.01562500 0.02252900
19 0.42285200 0.74527600 0.01562500 0.02252900
4 0.45214800 0.74527600 0.01562500 0.02252900
1 0.48242200 0.74527600 0.01562500 0.02252900
4 0.51269500 0.74491300 0.01562500 0.02325600
22 0.57275400 0.74382300 0.01660200 0.02252900
19 0.66259800 0.74273300 0.01660200 0.02325600
14 0.69238300 0.74200600 0.01562500 0.02325600
12 0.72168000 0.74236900 0.01562500 0.02252900
22 0.78125000 0.74091600 0.01562500 0.02252900
17 0.83935500 0.73982600 0.01464800 0.02325600
0 0.86816400 0.73946200 0.01562500 0.02252900
25 0.89746100 0.73873500 0.01562500 0.02252900
8 0.92627000 0.73800900 0.01464800 0.02252900
19 0.10888700 0.77616300 0.01464800 0.02180200
4 0.13476600 0.77725300 0.01367200 0.02252900
11 0.16162100 0.77907000 0.01464800 0.02180200
13 0.21777300 0.78016000 0.01562500 0.02252900
4 0.27587900 0.78088700 0.01464800 0.02252900
18 0.33398400 0.78161300 0.01562500 0.02252900
11 0.36328100 0.78197700 0.01562500 0.02180200
14 0.39355500 0.78234000 0.01562500 0.02252900
22 0.42382800 0.78234000 0.01562500 0.02252900
0 0.45312500 0.78234000 0.01562500 0.02252900
15 0.57324200 0.78088700 0.01562500 0.02252900
8 0.60351600 0.78052300 0.01562500 0.02325600
19 0.63378900 0.78016000 0.01562500 0.02252900
4 0.66308600 0.77943300 0.01562500 0.02252900
19 0.69238300 0.77870600 0.01562500 0.02252900
18 0.84033200 0.77579900 0.01464800 0.02252900
4 0.86914100 0.77579900 0.01562500 0.02252900
17 0.10986300 0.81177300 0.01464800 0.02325600
17 0.24755900 0.81649700 0.01464800 0.02252900
10 0.27587900 0.81722400 0.01464800 0.02252900
8 0.30517600 0.81722400 0.01464800 0.02252900
8 0.42431600 0.81904100 0.01660200 0.02325600
18 0.48437500 0.81831400 0.01562500 0.02325600
17 0.51416000 0.81795100 0.01660200 0.02252900
0 0.54394500 0.81758700 0.01562500 0.02325600
22 0.57373000 0.81722400 0.01660200 0.02252900
13 0.60351600 0.81686000 0.01562500 0.02325600
4 0.63378900 0.81649700 0.01562500 0.02252900
13 0.66308600 0.81577000 0.01562500 0.02252900
8 0.69287100 0.81577000 0.01464800 0.02252900
4 0.72265600 0.81504400 0.01562500 0.02252900
18 0.81152300 0.81359000 0.01562500 0.02252900
11 0.84033200 0.81286300 0.01464800 0.02252900
14 0.87011700 0.81213700 0.01562500 0.02252900
22 0.89941400 0.81177300 0.01562500 0.02325600
13 0.92871100 0.81141000 0.01562500 0.02252900
14 0.95752000 0.81068300 0.01660200 0.02252900
12 0.11084000 0.84811000 0.01464800 0.02325600
10 0.19043000 0.85065400 0.01562500 0.02252900
0 0.21875000 0.85210800 0.01562500 0.02252900
10 0.33496100 0.85428800 0.01562500 0.02252900
0 0.36523400 0.85428800 0.01562500 0.02252900
10 0.39502000 0.85465100 0.01660200 0.02325600
19 0.45459000 0.85465100 0.01660200 0.02325600
15 0.54394500 0.85392400 0.01562500 0.02325600
14 0.57421900 0.85356100 0.01562500 0.02252900
13 0.60449200 0.85356100 0.01562500 0.02252900
8 0.63378900 0.85356100 0.01562500 0.02252900
12 0.66308600 0.85283400 0.01562500 0.02252900
0 0.69287100 0.85210800 0.01660200 0.02252900
4 0.72314500 0.85174400 0.01660200 0.02325600
18 0.84179700 0.84920100 0.01562500 0.02252900
11 0.87011700 0.84920100 0.01562500 0.02252900
14 0.89941400 0.84847400 0.01562500 0.02252900
22 0.92871100 0.84774700 0.01562500 0.02252900
0 0.95703100 0.84738400 0.01562500 0.02325600
6 0.13720700 0.88444800 0.01464800 0.02180200
11 0.16357400 0.88553800 0.01464800 0.02252900
0 0.19091800 0.88699100 0.01464800 0.02252900
25 0.21923800 0.88844500 0.01464800 0.02252900
10 0.24804700 0.88880800 0.01562500 0.02325600
8 0.27734400 0.88953500 0.01562500 0.02325600
1 0.36572300 0.89026200 0.01660200 0.02325600
8 0.39550800 0.89062500 0.01562500 0.02252900
18 0.42480500 0.89098800 0.01562500 0.02325600
4 0.45507800 0.89098800 0.01562500 0.02325600
17 0.48486300 0.89171500 0.01660200 0.02325600
1 0.22070300 0.92405500 0.01562500 0.02252900
4 0.30810500 0.92587200 0.01660200 0.02325600
23 0.33740200 0.92659900 0.01660200 0.02325600
17 0.42529300 0.92732600 0.01660200 0.02325600
0 0.45459000 0.92805200 0.01660200 0.02325600
25 0.48535200 0.92805200 0.01562500 0.02325600
15 0.54589800 0.92768900 0.01562500 0.02252900
17 0.57519500 0.92732600 0.01562500 0.02325600
14 0.60449200 0.92732600 0.01562500 0.02325600
16 0.63476600 0.92696200 0.01562500 0.02252900
8 0.66503900 0.92696200 0.01562500 0.02252900
19 0.69482400 0.92623500 0.01464800 0.02252900
0 0.72363300 0.92550900 0.01562500 0.02252900
18 0.81298800 0.92332800 0.01464800 0.02252900
19 0.84228500 0.92260200 0.01464800 0.02252900
8 0.87207000 0.92187500 0.01562500 0.02252900
7 0.90087900 0.92114800 0.01464800 0.02252900
14 0.92968800 0.92005800 0.01562500 0.02325600
