23 0.17236300 0.03955100 0.02050800 0.03027300
0 0.28320300 0.03906200 0.02343800 0.03320300
6 0.31347700 0.03857400 0.02343800 0.03222700
9 0.34179700 0.03759800 0.02343800 0.03222700
3 0.45605500 0.03759800 0.02148400 0.03027300
9 0.48437500 0.03759800 0.02148400 0.03222700
9 0.51220700 0.03808600 0.02050800 0.03125000
23 0.17187500 0.08984400 0.02343800 0.03515600
3 0.17138700 0.14355500 0.02246100 0.03320300
9 0.20117200 0.14306600 0.02343800 0.03418000
9 0.22753900 0.14257800 0.02343800 0.03320300
0 0.34130900 0.14306600 0.02246100 0.03222700
6 0.36914100 0.14209000 0.02148400 0.03222700
9 0.39794900 0.14160200 0.02246100 0.03125000
23 0.17431600 0.19677700 0.02246100 0.03418000
1 0.28466800 0.19628900 0.02246100 0.03320300
2 0.31543000 0.19628900 0.02148400 0.03320300
9 0.34228500 0.19628900 0.02246100 0.03320300
14 0.17285200 0.24804700 0.02148400 0.03320300
19 0.19970700 0.24804700 0.02246100 0.03320300
22 0.22802700 0.24853500 0.02246100 0.03418000
4 0.25732400 0.24902300 0.02246100 0.03320300
19 0.28515600 0.24902300 0.02148400 0.03320300
1 0.39746100 0.25000000 0.02148400 0.03320300
2 0.42773400 0.25048800 0.02148400 0.03222700
9 0.45361300 0.25097700 0.02246100 0.03320300
0 0.17285200 0.30078100 0.02343800 0.03515600
4 0.20117200 0.29980500 0.02343800 0.03515600
7 0.22851600 0.29980500 0.02343800 0.03515600
24 0.34228500 0.30127000 0.02246100 0.03222700
0 0.45507800 0.30175800 0.02148400 0.03320300
5 0.48486300 0.30224600 0.02246100 0.03222700
23 0.17382800 0.35400400 0.02343800 0.03418000
0 0.17431600 0.40478500 0.02246100 0.03418000
4 0.20312500 0.40478500 0.02343800 0.03418000
7 0.22949200 0.40576200 0.02343800 0.03418000
0 0.34228500 0.40576200 0.02246100 0.03418000
5 0.37060500 0.40625000 0.02246100 0.03320300
0 0.28613300 0.45703100 0.02343800 0.03320300
4 0.31494100 0.45703100 0.02246100 0.03320300
7 0.34277300 0.45605500 0.02343800 0.03320300
0 0.31494100 0.50830100 0.02246100 0.03222700
5 0.34179700 0.50878900 0.02343800 0.03320300
0 0.28759800 0.56005900 0.02246100 0.03222700
3 0.31591800 0.56005900 0.02441400 0.03222700
1 0.34472700 0.56054700 0.02343800 0.03320300
23 0.17627000 0.61230500 0.02246100 0.03515600
0 0.28955100 0.61377000 0.02246100 0.03418000
3 0.31689500 0.61377000 0.02246100 0.03418000
1 0.34423800 0.61328100 0.02246100 0.03125000
14 0.17627000 0.66455100 0.02246100 0.03222700
19 0.20361300 0.66503900 0.02246100 0.03320300
22 0.23193400 0.66455100 0.02246100 0.03418000
4 0.26123000 0.66406200 0.02246100 0.03320300
19 0.28857400 0.66406200 0.02246100 0.03320300
0 0.40039100 0.66357400 0.02148400 0.03222700
3 0.42968800 0.66406200 0.02148400 0.03125000
1 0.45605500 0.66357400 0.02148400 0.03222700
6 0.17822300 0.71630900 0.02050800 0.03222700
23 0.28857400 0.71728500 0.02050800 0.03222700
8 0.40234400 0.71630900 0.02148400 0.03222700
0 0.42919900 0.71484400 0.02050800 0.03125000
23 0.17919900 0.76953100 0.02050800 0.03125000
8 0.17675800 0.81835900 0.02148400 0.03125000
0 0.20507800 0.81835900 0.02148400 0.03125000
6 0.31543000 0.81738300 0.02148400 0.03125000
23 0.17968800 0.87060500 0.02148400 0.03222700
2 0.31738300 0.86962900 0.02148400 0.03222700
14 0.17822300 0.91992200 0.01855500 0.02929700
19 0.20556600 0.91992200 0.02050800 0.03125000
22 0.23486300 0.92041000 0.02050800 0.03027300
4 0.26074200 0.91992200 0.02148400 0.03125000
19 0.28808600 0.91992200 0.02148400 0.03125000
0 0.39843800 0.91894500 0.02148400 0.03125000
2 0.42822300 0.91894500 0.02246100 0.03125000
0 0.28808600 0.87011700 0.02148400 0.03125000
