0 0.03281250 0.10763889 0.03437500 0.11458333
13 0.07031250 0.10763889 0.03281250 0.11805556
14 0.11093750 0.10763889 0.03437500 0.12500000
17 0.19687500 0.11111111 0.03437500 0.11805556
15 0.28125000 0.11111111 0.03437500 0.11805556
10 0.40625000 0.11805556 0.03125000 0.11805556
19 0.49218750 0.12500000 0.03437500 0.11805556
5 0.61093750 0.12847222 0.03593750 0.11458333
19 0.77343750 0.13541667 0.03125000 0.11458333
7 0.02812500 0.27083333 0.03593750 0.12500000
0 0.07031250 0.27083333 0.03437500 0.12500000
0 0.36875000 0.27777778 0.04062500 0.12847222
12 0.57343750 0.28125000 0.03125000 0.11458333
0 0.69531250 0.29166667 0.03593750 0.12152778
7 0.02812500 0.43402778 0.03437500 0.12847222
7 0.15468750 0.42361111 0.03281250 0.12152778
17 0.27968750 0.43055556 0.03281250 0.11805556
4 0.32343750 0.43055556 0.03437500 0.12500000
2 0.36718750 0.43055556 0.03125000 0.11458333
10 0.40625000 0.43055556 0.03437500 0.11805556
2 0.11093750 0.58680556 0.03281250 0.12847222
7 0.28125000 0.59375000 0.03437500 0.13194444
0 0.31875000 0.59375000 0.02968750 0.13194444
2 0.49062500 0.59027778 0.03281250 0.12500000
7 0.88906250 0.59722222 0.03125000 0.12500000
12 0.02656250 0.73958333 0.03437500 0.13194444
0 0.06875000 0.73611111 0.03437500 0.12847222
13 0.11093750 0.73958333 0.03593750 0.12847222
0 0.15156250 0.73958333 0.03593750 0.12847222
6 0.19531250 0.73958333 0.03593750 0.13194444
4 0.23750000 0.74305556 0.03437500 0.12500000
19 0.32343750 0.74305556 0.03281250 0.12500000
0 0.69218750 0.74305556 0.03437500 0.11805556
13 0.73125000 0.74305556 0.03125000 0.11805556
0 0.96250000 0.73958333 0.03437500 0.12500000
0 0.06875000 0.89236111 0.03281250 0.11458333
21 0.11250000 0.89583333 0.03750000 0.12500000
2 0.19531250 0.89583333 0.03437500 0.11805556
14 0.23750000 0.89583333 0.03437500 0.11805556
14 0.27812500 0.89583333 0.03281250 0.12152778
18 0.36250000 0.89583333 0.03125000 0.11458333
4 0.40468750 0.89583333 0.02968750 0.11111111
24 0.52968750 0.89583333 0.03125000 0.11458333
13 0.69218750 0.89583333 0.03281250 0.11111111
