20 0.53750000 0.37812500 0.05937500 0.16093750
0 0.47187500 0.38437500 0.05625000 0.14531250
4 0.60156250 0.36718750 0.05468750 0.15312500
7 0.40312500 0.39843750 0.05156250 0.15312500
14 0.47656250 0.58906250 0.05937500 0.15312500
2 0.40937500 0.59218750 0.05937500 0.14531250
19 0.54375000 0.57968750 0.05625000 0.14531250
16 0.60625000 0.56875000 0.05625000 0.15781250
17 0.66562500 0.55468750 0.05156250 0.14843750
17 0.73593750 0.74218750 0.05625000 0.15312500
16 0.61406250 0.77812500 0.05937500 0.16093750
9 0.67343750 0.75625000 0.05468750 0.15000000
8 0.54843750 0.78437500 0.05468750 0.16250000
1 0.48281250 0.80156250 0.05468750 0.15312500
21 0.73906250 0.92343750 0.05937500 0.15312500
4 0.80000000 0.92187500 0.05156250 0.15625000
13 0.79531250 0.74218750 0.05625000 0.15625000
14 0.78906250 0.34218750 0.06250000 0.17500000
4 0.86093750 0.72968750 0.05625000 0.16250000
11 0.92031250 0.90312500 0.05625000 0.15625000
4 0.72812500 0.54687500 0.05625000 0.17187500
25 0.80000000 0.54687500 0.06406250 0.16718750
12 0.72656250 0.33750000 0.05937500 0.17031250
9 0.39687500 0.18906250 0.07187500 0.16718750
19 0.46718750 0.18593750 0.05000000 0.16093750
13 0.53281250 0.17968750 0.06718750 0.16093750
6 0.60000000 0.17187500 0.05937500 0.16093750
11 0.66562500 0.16875000 0.05156250 0.14375000
17 0.91875000 0.71406250 0.05468750 0.14375000
