5 0.08593750 0.31250000 0.02812500 0.11093750
8 0.12187500 0.31250000 0.03125000 0.10390625
21 0.15937500 0.31250000 0.02812500 0.11484375
4 0.20156250 0.31250000 0.03593750 0.11093750
24 0.27500000 0.31250000 0.03750000 0.12187500
3 0.35468750 0.31953125 0.03437500 0.11093750
18 0.39843750 0.31953125 0.03437500 0.11093750
19 0.51093750 0.31953125 0.03125000 0.11484375
11 0.67031250 0.31250000 0.03593750 0.12812500
15 0.28281250 0.17343750 0.03125000 0.10390625
8 0.20312500 0.16640625 0.03125000 0.10390625
12 0.24218750 0.17343750 0.03281250 0.11093750
14 0.32031250 0.17734375 0.02968750 0.10781250
17 0.35937500 0.18046875 0.03281250 0.11484375
19 0.39843750 0.18046875 0.03281250 0.11093750
0 0.43593750 0.17343750 0.02968750 0.10781250
13 0.47500000 0.18046875 0.02968750 0.11093750
19 0.51250000 0.17343750 0.03125000 0.11484375
13 0.78281250 0.17031250 0.03125000 0.10390625
14 0.81875000 0.16640625 0.03437500 0.11484375
12 0.74687500 0.30937500 0.03593750 0.11796875
0 0.70937500 0.31250000 0.02968750 0.12187500
15 0.78750000 0.31250000 0.03593750 0.12812500
15 0.82812500 0.30937500 0.03750000 0.12187500
14 0.86718750 0.30937500 0.02968750 0.10390625
17 0.11562500 0.45468750 0.03125000 0.12500000
4 0.15781250 0.46562500 0.03281250 0.12812500
1 0.19687500 0.46171875 0.03437500 0.12500000
0 0.31250000 0.45859375 0.03125000 0.11093750
18 0.39375000 0.45468750 0.03437500 0.10781250
18 0.55156250 0.45468750 0.02812500 0.11484375
19 0.74843750 0.46171875 0.03125000 0.11796875
2 0.82968750 0.45859375 0.03437500 0.12187500
22 0.19375000 0.60781250 0.03281250 0.11484375
4 0.23125000 0.61093750 0.03281250 0.11484375
7 0.31250000 0.60781250 0.03281250 0.12812500
19 0.63281250 0.60781250 0.03281250 0.11796875
17 0.75468750 0.60078125 0.03750000 0.12187500
18 0.83593750 0.60781250 0.03437500 0.12187500
14 0.91406250 0.59687500 0.03593750 0.12500000
18 0.94218750 0.31562500 0.02968750 0.11796875
2 0.06875000 0.75312500 0.02968750 0.10781250
0 0.10625000 0.75703125 0.02812500 0.11093750
11 0.14375000 0.75703125 0.03281250 0.12500000
11 0.18593750 0.75703125 0.03593750 0.11796875
5 0.34843750 0.75703125 0.03281250 0.11796875
17 0.39062500 0.75703125 0.03906250 0.12187500
4 0.43437500 0.76015625 0.03125000 0.12500000
8 0.63437500 0.75703125 0.03593750 0.11796875
17 0.67500000 0.75703125 0.03437500 0.11796875
3 0.84062500 0.76015625 0.03281250 0.12812500
23 0.10156250 0.90625000 0.03281250 0.11796875
18 0.18125000 0.91328125 0.03281250 0.12812500
11 0.26562500 0.90937500 0.03750000 0.14609375
14 0.47187500 0.90937500 0.03437500 0.11796875
11 0.51250000 0.91328125 0.03593750 0.12500000
4 0.55468750 0.91328125 0.03593750 0.13515625
3 0.67968750 0.91328125 0.03593750 0.13515625
15 0.88906250 0.91328125 0.03750000 0.13203125
