22 0.18437500 0.10416667 0.03906250 0.12500000
4 0.22812500 0.10069444 0.03906250 0.13541667
11 0.27343750 0.09722222 0.04218750 0.14236111
11 0.32343750 0.09375000 0.04375000 0.13888889
23 0.46718750 0.08680556 0.03906250 0.13888889
12 0.55937500 0.08333333 0.03906250 0.12847222
8 0.60781250 0.08333333 0.03750000 0.13194444
19 0.70312500 0.08333333 0.04062500 0.12500000
7 0.79531250 0.08333333 0.03593750 0.11805556
5 0.27187500 0.26041667 0.03593750 0.12847222
8 0.32187500 0.26041667 0.03750000 0.13194444
21 0.37031250 0.26041667 0.03750000 0.13194444
4 0.41718750 0.26041667 0.03906250 0.13541667
7 0.51406250 0.25694444 0.03750000 0.13194444
20 0.56250000 0.25694444 0.03750000 0.13541667
13 0.61250000 0.25694444 0.03437500 0.13541667
3 0.65937500 0.25347222 0.04062500 0.14236111
17 0.70625000 0.25000000 0.03750000 0.13541667
17 0.93906250 0.25694444 0.03906250 0.13541667
18 0.98281250 0.26041667 0.03281250 0.12847222
5 0.12968750 0.45138889 0.03906250 0.13541667
8 0.22343750 0.44791667 0.03593750 0.13194444
11 0.36875000 0.44097222 0.03750000 0.13888889
4 0.46875000 0.43750000 0.04218750 0.14930556
4 0.71406250 0.43055556 0.03906250 0.12847222
24 0.76250000 0.43055556 0.03906250 0.13888889
14 0.85781250 0.43055556 0.04375000 0.14236111
5 0.22031250 0.62847222 0.04375000 0.14236111
17 0.31406250 0.62847222 0.04062500 0.13541667
6 0.46718750 0.61805556 0.03750000 0.13541667
17 0.51718750 0.62152778 0.03906250 0.14583333
17 0.56562500 0.61805556 0.03750000 0.14583333
3 0.61875000 0.62152778 0.04218750 0.15277778
4 0.66875000 0.61805556 0.03906250 0.14930556
19 0.76875000 0.61805556 0.04062500 0.13888889
22 0.31093750 0.81944444 0.03906250 0.15277778
4 0.36093750 0.81944444 0.04218750 0.14930556
11 0.41250000 0.81597222 0.04218750 0.15625000
11 0.46562500 0.81944444 0.04218750 0.15277778
6 0.77500000 0.80902778 0.04062500 0.15277778
20 0.82500000 0.81250000 0.03906250 0.14583333
4 0.87343750 0.80902778 0.04062500 0.14583333
18 0.92031250 0.80555556 0.04062500 0.14930556
18 0.96718750 0.80902778 0.03750000 0.13888889
