0 0.10468750 0.13515625 0.07343750 0.12343750
1 0.20625000 0.13359375 0.07343750 0.12343750
2 0.30781250 0.13125000 0.07343750 0.12578125
3 0.40781250 0.13125000 0.07500000 0.12578125
4 0.50781250 0.13359375 0.06875000 0.12968750
5 0.60781250 0.13125000 0.07343750 0.12968750
6 0.71250000 0.13125000 0.07343750 0.13906250
7 0.81562500 0.13515625 0.06875000 0.13125000
8 0.91093750 0.13359375 0.06875000 0.12968750
9 0.10781250 0.37500000 0.06562500 0.12187500
10 0.20468750 0.37890625 0.07031250 0.12734375
11 0.30937500 0.37890625 0.07343750 0.13359375
12 0.41562500 0.37890625 0.07500000 0.13125000
13 0.50937500 0.37890625 0.06718750 0.12968750
14 0.61093750 0.37890625 0.07187500 0.12578125
15 0.71093750 0.37734375 0.06875000 0.12968750
16 0.81406250 0.37890625 0.07031250 0.12578125
17 0.90937500 0.37890625 0.06406250 0.12187500
18 0.15000000 0.61718750 0.07500000 0.12968750
19 0.25468750 0.61718750 0.06718750 0.13359375
20 0.35468750 0.61875000 0.07500000 0.13515625
21 0.45312500 0.61718750 0.07187500 0.12968750
22 0.55312500 0.61562500 0.07031250 0.12968750
23 0.65468750 0.61562500 0.07031250 0.12734375
24 0.75625000 0.62109375 0.07031250 0.12734375
25 0.86406250 0.61875000 0.07343750 0.12734375
