7 0.14990200 0.11490900 0.02050800 0.02148400
0 0.10107400 0.15299500 0.02050800 0.02083300
13 0.14794900 0.14811200 0.02050800 0.02018200
4 0.17138700 0.14583300 0.02050800 0.02083300
19 0.21728500 0.14127600 0.02050800 0.02083300
14 0.24365200 0.13867200 0.02050800 0.02083300
10 0.29052700 0.13411500 0.02050800 0.02083300
0 0.31591800 0.13020800 0.02246100 0.02213500
10 0.34179700 0.12793000 0.02343800 0.02278600
13 0.39404300 0.12337200 0.02246100 0.02278600
0 0.42041000 0.12076800 0.02246100 0.02278600
11 0.44726600 0.11783900 0.02343800 0.02343700
4 0.47314500 0.11490900 0.02246100 0.02278600
16 0.50195300 0.11230500 0.02343800 0.02278600
20 0.52929700 0.10937500 0.02343800 0.02343800
6 0.36767600 0.16145800 0.02246100 0.02343800
14 0.39404300 0.15885400 0.02246100 0.02343800
22 0.42138700 0.15625000 0.02246100 0.02343800
14 0.44677700 0.15429700 0.02246100 0.02343800
17 0.47363300 0.15201800 0.02343800 0.02278600
8 0.50146500 0.14974000 0.02246100 0.02343800
19 0.52978500 0.14746100 0.02246100 0.02278600
17 0.09716800 0.22395800 0.02050800 0.02083300
0 0.12060500 0.22200500 0.02050800 0.02083300
18 0.14355500 0.22070300 0.02148400 0.02213500
19 0.16796900 0.21809900 0.02148400 0.02213500
14 0.19140600 0.21582000 0.02148400 0.02148400
15 0.21484400 0.21354200 0.02148400 0.02213500
16 0.24023400 0.21093800 0.02148400 0.02213500
20 0.26562500 0.20833300 0.02148400 0.02213500
8 0.31591800 0.20475300 0.02246100 0.02278600
15 0.36767600 0.20019500 0.02246100 0.02278600
17 0.39306600 0.19791700 0.02246100 0.02343800
14 0.42138700 0.19531200 0.02246100 0.02343800
6 0.44628900 0.19238300 0.02343800 0.02408900
11 0.47314500 0.19043000 0.02441400 0.02408900
14 0.50146500 0.18847700 0.02441400 0.02408900
16 0.52978500 0.18652300 0.02441400 0.02408900
20 0.55908200 0.18457000 0.02441400 0.02408900
6 0.36718800 0.23665400 0.02343800 0.02408900
14 0.39355500 0.23535200 0.02343800 0.02408900
22 0.41992200 0.23339800 0.02343800 0.02408900
14 0.44726600 0.23112000 0.02343800 0.02474000
17 0.47363300 0.22916700 0.02343800 0.02474000
8 0.50195300 0.22688800 0.02343800 0.02408900
19 0.52978500 0.22526000 0.02441400 0.02474000
10 0.09472700 0.29687500 0.02148400 0.02343800
0 0.11914100 0.29524700 0.02148400 0.02278600
10 0.14160200 0.29362000 0.02148400 0.02343800
15 0.18945300 0.29003900 0.02148400 0.02278600
20 0.21386700 0.28808600 0.02148400 0.02278600
18 0.23779300 0.28613300 0.02246100 0.02408900
19 0.26318400 0.28418000 0.02246100 0.02408900
8 0.28857400 0.28222700 0.02246100 0.02408900
11 0.31396500 0.28027300 0.02246100 0.02408900
18 0.34033200 0.27832000 0.02246100 0.02408900
15 0.47412100 0.26920600 0.02441400 0.02539100
14 0.50244100 0.26757800 0.02441400 0.02474000
20 0.56005900 0.26399700 0.02441400 0.02539100
11 0.58886700 0.26237000 0.02539100 0.02604200
8 0.61816400 0.26041700 0.02539100 0.02604200
2 0.64794900 0.25878900 0.02636700 0.02669300
4 0.67773400 0.25683600 0.02539100 0.02669300
1 0.73779300 0.25325500 0.02636700 0.02604200
4 0.76855500 0.25130200 0.02539100 0.02604200
9 0.79980500 0.24967400 0.02539100 0.02539100
0 0.82959000 0.24804700 0.02636700 0.02604200
19 0.86181600 0.24609400 0.02636700 0.02604200
15 0.09277300 0.33333300 0.02148400 0.02213500
17 0.11669900 0.33203100 0.02050800 0.02213500
8 0.14111300 0.33040400 0.02050800 0.02148400
1 0.16503900 0.32877600 0.02148400 0.02213500
4 0.18896500 0.32714800 0.02246100 0.02278600
9 0.21337900 0.32584600 0.02246100 0.02278600
0 0.23779300 0.32389300 0.02246100 0.02278600
11 0.26269500 0.32259100 0.02148400 0.02278600
10 0.36669900 0.31575500 0.02246100 0.02474000
20 0.41992200 0.31250000 0.02343800 0.02474000
12 0.44726600 0.31119800 0.02343800 0.02474000
22 0.50341800 0.30794300 0.02246100 0.02474000
0 0.53125000 0.30599000 0.02343800 0.02474000
11 0.56054700 0.30436200 0.02539100 0.02539100
13 0.61914100 0.30110700 0.02539100 0.02539100
8 0.64843800 0.29980500 0.02539100 0.02539100
10 0.67822300 0.29850300 0.02441400 0.02539100
20 0.70849600 0.29654900 0.02441400 0.02539100
14 0.76953100 0.29394500 0.02539100 0.02539100
15 0.80127000 0.29166700 0.02636700 0.02734400
19 0.86425800 0.28841100 0.02539100 0.02734400
12 0.31445300 0.35839800 0.02343800 0.02539100
11 0.36669900 0.35579400 0.02246100 0.02539100
14 0.39160200 0.35449200 0.02343800 0.02539100
12 0.42089800 0.35286500 0.02343800 0.02604200
12 0.47558600 0.35026000 0.02343800 0.02604200
11 0.53222700 0.34765600 0.02343800 0.02604200
14 0.56054700 0.34635400 0.02343800 0.02604200
12 0.58984400 0.34505200 0.02343800 0.02604200
12 0.31396500 0.39876300 0.02246100 0.02408900
11 0.36669900 0.39648400 0.02246100 0.02474000
14 0.39306600 0.39550800 0.02246100 0.02539100
12 0.42089800 0.39420600 0.02343800 0.02539100
12 0.47607400 0.39127600 0.02441400 0.02604200
11 0.53271500 0.38932300 0.02441400 0.02604200
14 0.56152300 0.38867200 0.02343800 0.02604200
12 0.59082000 0.38737000 0.02343800 0.02604200
20 0.08886700 0.44628900 0.01953100 0.02278600
12 0.11328100 0.44563800 0.01953100 0.02278600
22 0.16259800 0.44401000 0.02050800 0.02213500
0 0.18603500 0.44335900 0.02050800 0.02213500
11 0.21044900 0.44238300 0.02050800 0.02278600
18 0.23632800 0.44140600 0.02148400 0.02474000
1 0.31396500 0.43880200 0.02246100 0.02474000
4 0.33984400 0.43782600 0.02148400 0.02408900
25 0.36669900 0.43684900 0.02246100 0.02474000
10 0.42138700 0.43522100 0.02246100 0.02539100
14 0.44873000 0.43424500 0.02246100 0.02474000
13 0.47607400 0.43326800 0.02246100 0.02539100
2 0.50585900 0.43261700 0.02343800 0.02539100
0 0.53320300 0.43131500 0.02343800 0.02539100
18 0.31298800 0.47884100 0.02246100 0.02539100
12 0.33984400 0.47819000 0.02343800 0.02539100
11 0.39355500 0.47721400 0.02343800 0.02604200
8 0.44873000 0.47558600 0.02246100 0.02539100
22 0.50537100 0.47428400 0.02246100 0.02539100
0 0.53418000 0.47298200 0.02343800 0.02539100
10 0.56298800 0.47298200 0.02441400 0.02669300
18 0.59228500 0.47233100 0.02441400 0.02669300
20 0.62255900 0.47135400 0.02441400 0.02604200
8 0.31250000 0.51953100 0.02343800 0.02604200
16 0.36621100 0.51888000 0.02343800 0.02604200
4 0.39355500 0.51822900 0.02343800 0.02604200
17 0.42089800 0.51757800 0.02343800 0.02604200
13 0.44824200 0.51725300 0.02343800 0.02669300
8 0.47656200 0.51692700 0.02343800 0.02604200
11 0.50488300 0.51627600 0.02343800 0.02604200
0 0.53418000 0.51562500 0.02343800 0.02604200
18 0.08691400 0.56184900 0.02148400 0.02343800
13 0.13525400 0.56152300 0.02050800 0.02408900
4 0.15966800 0.56152300 0.02050800 0.02408900
20 0.18408200 0.56152300 0.02050800 0.02408900
12 0.20849600 0.56152300 0.02050800 0.02408900
19 0.25976600 0.56087200 0.02148400 0.02408900
14 0.28564500 0.56087200 0.02050800 0.02408900
6 0.31152300 0.56087200 0.02148400 0.02408900
14 0.33886700 0.56022100 0.02148400 0.02408900
11 0.39257800 0.55989600 0.02148400 0.02474000
8 0.42089800 0.55989600 0.02343800 0.02604200
2 0.44873000 0.55957000 0.02441400 0.02539100
0 0.47656200 0.55957000 0.02343800 0.02539100
8 0.08593800 0.63997400 0.02148400 0.02474000
18 0.13476600 0.64062500 0.02148400 0.02474000
4 0.15918000 0.64095100 0.02148400 0.02408900
16 0.20898400 0.64160200 0.02148400 0.02408900
0 0.23339800 0.64225300 0.02148400 0.02408900
18 0.25976600 0.64257800 0.02148400 0.02474000
9 0.31250000 0.64322900 0.02148400 0.02474000
4 0.33935500 0.64355500 0.02246100 0.02408900
1 0.39306600 0.64453100 0.02246100 0.02474000
17 0.42089800 0.64518200 0.02148400 0.02474000
10 0.47656200 0.64615900 0.02343800 0.02539100
8 0.50585900 0.64648400 0.02539100 0.02604200
1 0.56445300 0.64681000 0.02539100 0.02669300
17 0.59423800 0.64681000 0.02441400 0.02669300
10 0.65429700 0.64746100 0.02539100 0.02669300
8 0.68554700 0.64746100 0.02539100 0.02669300
19 0.08496100 0.67903600 0.02148400 0.02474000
0 0.10937500 0.67936200 0.02148400 0.02408900
10 0.13476600 0.68001300 0.02148400 0.02408900
8 0.18359400 0.68099000 0.02148400 0.02474000
15 0.23388700 0.68229200 0.02246100 0.02474000
17 0.26074200 0.68294300 0.02148400 0.02474000
6 0.31298800 0.68489600 0.02246100 0.02474000
13 0.33935500 0.68554700 0.02246100 0.02474000
20 0.36572300 0.68554700 0.02246100 0.02474000
11 0.39306600 0.68619800 0.02246100 0.02474000
8 0.42187500 0.68684900 0.02343800 0.02474000
12 0.47705100 0.68782600 0.02441400 0.02669300
13 0.50634800 0.68847700 0.02441400 0.02669300
4 0.53564500 0.68912800 0.02441400 0.02669300
22 0.59423800 0.69043000 0.02441400 0.02669300
17 0.65478500 0.69173200 0.02441400 0.02669300
20 0.68554700 0.69205700 0.02539100 0.02734400
10 0.71679700 0.69205700 0.02539100 0.02734400
8 0.74902300 0.69270800 0.02539100 0.02734400
0 0.08447300 0.75748700 0.02246100 0.02408900
25 0.13378900 0.75944000 0.02148400 0.02539100
0 0.15771500 0.76139300 0.02246100 0.02539100
13 0.20947300 0.76334600 0.02246100 0.02539100
8 0.23437500 0.76432300 0.02148400 0.02604200
12 0.25976600 0.76497400 0.02343800 0.02604200
8 0.28564500 0.76627600 0.02246100 0.02604200
15 0.33935500 0.76888000 0.02246100 0.02604200
8 0.36621100 0.77018200 0.02343800 0.02604200
17 0.39453100 0.77115900 0.02343800 0.02669300
14 0.42236300 0.77213500 0.02246100 0.02604200
9 0.44921900 0.77311200 0.02343800 0.02669300
14 0.47753900 0.77408900 0.02343800 0.02604200
10 0.50683600 0.77506500 0.02343800 0.02669300
13 0.11035200 0.79882800 0.02148400 0.02343800
20 0.13378900 0.79980500 0.02148400 0.02278600
10 0.18310500 0.80240900 0.02246100 0.02408900
0 0.20800800 0.80403600 0.02148400 0.02474000
18 0.25927700 0.80599000 0.02246100 0.02474000
4 0.31298800 0.80859400 0.02246100 0.02474000
12 0.42187500 0.81412800 0.02343800 0.02539100
4 0.45019500 0.81543000 0.02343800 0.02539100
13 0.47802700 0.81705700 0.02441400 0.02604200
3 0.56543000 0.82161500 0.02343800 0.02604200
17 0.59521500 0.82259100 0.02441400 0.02669300
20 0.62500000 0.82389300 0.02539100 0.02669300
9 0.65527300 0.82519500 0.02539100 0.02669300
14 0.68652300 0.82682300 0.02539100 0.02604200
10 0.71728500 0.82812500 0.02441400 0.02604200
