18 0.17500000 0.09062500 0.02812500 0.11484375
15 0.21562500 0.08671875 0.03125000 0.11484375
10 0.29843750 0.08671875 0.03125000 0.11484375
18 0.68750000 0.08671875 0.03281250 0.11093750
23 0.05625000 0.25000000 0.03281250 0.11796875
2 0.21562500 0.25000000 0.03125000 0.11093750
0 0.25625000 0.25000000 0.02968750 0.11093750
11 0.29843750 0.24687500 0.03125000 0.11484375
11 0.34062500 0.24687500 0.02968750 0.10781250
0 0.47031250 0.24296875 0.03281250 0.10781250
3 0.60156250 0.25000000 0.03125000 0.11484375
8 0.64531250 0.25000000 0.03125000 0.11093750
17 0.68750000 0.25000000 0.03125000 0.11093750
19 0.73125000 0.25000000 0.02968750 0.10781250
24 0.97187500 0.42734375 0.02812500 0.11093750
0 0.93437500 0.42734375 0.02343750 0.11093750
22 0.89843750 0.42343750 0.02968750 0.11093750
24 0.85937500 0.42343750 0.03125000 0.11796875
13 0.81875000 0.41640625 0.03281250 0.10781250
0 0.77656250 0.41328125 0.03125000 0.11796875
23 0.69062500 0.41328125 0.03750000 0.11484375
4 0.73125000 0.57265625 0.03125000 0.10781250
3 0.68750000 0.57656250 0.02812500 0.11093750
8 0.77656250 0.74687500 0.03281250 0.12187500
18 0.51093750 0.57656250 0.02656250 0.11093750
3 0.51406250 0.40937500 0.02968750 0.12187500
17 0.42656250 0.57265625 0.02968750 0.11484375
7 0.38437500 0.42031250 0.02968750 0.13203125
8 0.51093750 0.73593750 0.03125000 0.10781250
13 0.46718750 0.73593750 0.02812500 0.10390625
18 0.29843750 0.40937500 0.02968750 0.12187500
4 0.25625000 0.41328125 0.02968750 0.11484375
19 0.17500000 0.40937500 0.02343750 0.11093750
4 0.21250000 0.73281250 0.02812500 0.11484375
3 0.17031250 0.72890625 0.02500000 0.10781250
22 0.09375000 0.40937500 0.02656250 0.11093750
8 0.13437500 0.40625000 0.02968750 0.11484375
20 0.21406250 0.57265625 0.03125000 0.11093750
4 0.09062500 0.88515625 0.02968750 0.11796875
4 0.29531250 0.89218750 0.03437500 0.11093750
17 0.50937500 0.90625000 0.03281250 0.11796875
24 0.97812500 0.90625000 0.02968750 0.11484375
