0 0.84423800 0.05232600 0.02246100 0.02470900
12 0.39794900 0.14571200 0.02050800 0.02398300
14 0.42382800 0.14571200 0.02148400 0.02398300
3 0.47656200 0.14425900 0.02148400 0.02398300
14 0.50244100 0.14353200 0.02050800 0.02398300
3 0.52929700 0.14316900 0.02148400 0.02470900
17 0.58105500 0.14207800 0.02148400 0.02398300
14 0.11523400 0.23328500 0.02148400 0.02470900
3 0.14062500 0.23292200 0.02148400 0.02398300
4 0.16650400 0.23255800 0.02050800 0.02470900
11 0.21679700 0.23146800 0.02148400 0.02398300
14 0.24218800 0.23110500 0.02148400 0.02470900
20 0.11474600 0.27361900 0.02050800 0.02543600
1 0.14062500 0.27434600 0.02148400 0.02543600
4 0.16650400 0.27361900 0.02050800 0.02543600
9 0.19189500 0.27361900 0.02050800 0.02543600
0 0.21679700 0.27325600 0.02148400 0.02616300
11 0.24218800 0.27289200 0.02148400 0.02543600
14 0.26953100 0.27289200 0.02148400 0.02543600
20 0.11425800 0.31504400 0.02148400 0.02543600
11 0.14013700 0.31468000 0.02050800 0.02616300
4 0.16601600 0.31431700 0.02148400 0.02543600
19 0.19140600 0.31468000 0.02148400 0.02616300
4 0.21777300 0.31431700 0.02148400 0.02543600
11 0.24316400 0.31395300 0.02148400 0.02616300
0 0.26855500 0.31359000 0.02148400 0.02543600
15 0.32128900 0.31322700 0.02148400 0.02616300
17 0.34716800 0.31286300 0.02050800 0.02398300
14 0.37304700 0.31250000 0.02148400 0.02470900
18 0.39843800 0.31213700 0.02148400 0.02398300
19 0.42480500 0.31177300 0.02148400 0.02470900
13 0.47802700 0.31104700 0.02050800 0.02470900
8 0.11474600 0.35610500 0.02246100 0.02616300
15 0.16601600 0.35574100 0.02148400 0.02689000
14 0.19140600 0.35537800 0.02148400 0.02616300
3 0.21728500 0.35501500 0.02246100 0.02689000
20 0.24316400 0.35465100 0.02148400 0.02616300
10 0.29589800 0.35465100 0.02148400 0.02616300
0 0.32128900 0.35465100 0.02148400 0.02616300
10 0.11425800 0.39789200 0.02148400 0.02543600
0 0.14062500 0.39752900 0.02148400 0.02616300
10 0.16552700 0.39716600 0.02050800 0.02543600
11 0.21777300 0.39716600 0.02148400 0.02543600
6 0.26953100 0.39716600 0.02148400 0.02543600
20 0.29589800 0.39680200 0.02148400 0.02470900
10 0.34814500 0.39643900 0.02246100 0.02543600
0 0.37402300 0.39643900 0.02148400 0.02543600
20 0.11425800 0.43895300 0.02148400 0.02470900
18 0.14013700 0.43895300 0.02246100 0.02470900
10 0.16601600 0.43822700 0.02148400 0.02470900
0 0.19140600 0.43822700 0.02148400 0.02470900
10 0.21777300 0.43822700 0.02148400 0.02470900
0 0.24414100 0.43822700 0.02148400 0.02470900
11 0.26953100 0.43822700 0.02148400 0.02470900
0 0.29589800 0.43786300 0.02148400 0.02543600
14 0.34863300 0.43713700 0.02148400 0.02543600
19 0.37402300 0.43677300 0.02148400 0.02470900
12 0.42578100 0.43677300 0.02148400 0.02470900
4 0.45214800 0.43604700 0.02148400 0.02470900
13 0.47851600 0.43604700 0.02148400 0.02470900
25 0.16503900 0.52143900 0.02148400 0.02543600
0 0.19043000 0.52071200 0.02148400 0.02543600
18 0.24316400 0.52071200 0.02148400 0.02543600
22 0.26953100 0.52071200 0.02148400 0.02543600
4 0.29589800 0.52071200 0.02148400 0.02543600
16 0.32226600 0.51998500 0.02148400 0.02543600
10 0.34765600 0.51998500 0.02148400 0.02543600
20 0.37353500 0.51998500 0.02050800 0.02543600
18 0.11279300 0.56286300 0.02246100 0.02689000
22 0.13867200 0.56359000 0.02148400 0.02689000
4 0.16503900 0.56322700 0.02148400 0.02616300
16 0.19043000 0.56286300 0.02148400 0.02689000
10 0.21630900 0.56250000 0.02050800 0.02616300
0 0.24218800 0.56213700 0.02148400 0.02689000
22 0.32226600 0.56177300 0.02148400 0.02616300
15 0.37402300 0.56141000 0.02148400 0.02689000
4 0.40039100 0.56104700 0.02148400 0.02616300
16 0.42578100 0.56104700 0.02148400 0.02616300
10 0.45214800 0.56104700 0.02148400 0.02616300
20 0.47851600 0.56032000 0.02148400 0.02616300
25 0.16406200 0.60537800 0.02148400 0.02616300
0 0.18945300 0.60501500 0.02148400 0.02543600
10 0.24121100 0.60465100 0.02148400 0.02616300
13 0.26855500 0.60465100 0.02148400 0.02616300
8 0.29492200 0.60428800 0.02148400 0.02543600
9 0.32128900 0.60392400 0.02148400 0.02616300
10 0.34765600 0.60392400 0.02148400 0.02616300
20 0.37353500 0.60392400 0.02246100 0.02616300
19 0.11181600 0.64680200 0.02050800 0.02616300
0 0.13769500 0.64680200 0.02148400 0.02616300
1 0.21582000 0.64716600 0.02148400 0.02689000
4 0.24218800 0.64716600 0.02148400 0.02689000
9 0.26855500 0.64752900 0.02148400 0.02616300
0 0.29394500 0.64680200 0.02148400 0.02616300
19 0.32080100 0.64680200 0.02246100 0.02616300
8 0.11181600 0.68931700 0.02246100 0.02689000
22 0.16357400 0.68931700 0.02246100 0.02689000
15 0.18896500 0.68931700 0.02246100 0.02689000
17 0.21484400 0.68931700 0.02148400 0.02689000
8 0.24121100 0.68931700 0.02148400 0.02689000
15 0.26757800 0.68931700 0.02148400 0.02689000
17 0.29394500 0.68931700 0.02148400 0.02689000
9 0.34716800 0.68895300 0.02246100 0.02616300
10 0.37353500 0.68859000 0.02246100 0.02689000
20 0.39990200 0.68859000 0.02246100 0.02689000
15 0.11035200 0.73183100 0.02148400 0.02616300
14 0.13671900 0.73183100 0.02148400 0.02616300
3 0.16308600 0.73183100 0.02148400 0.02616300
10 0.21435500 0.73183100 0.02246100 0.02616300
17 0.24023400 0.73219500 0.02148400 0.02543600
14 0.26709000 0.73219500 0.02246100 0.02543600
22 0.29345700 0.73219500 0.02246100 0.02543600
0 0.32080100 0.73146800 0.02246100 0.02543600
19 0.34668000 0.73146800 0.02148400 0.02543600
