8 0.39218750 0.08333333 0.03593750 0.11805556
17 0.43437500 0.08333333 0.03593750 0.12500000
19 0.47656250 0.09027778 0.03593750 0.12847222
24 0.51875000 0.08333333 0.03750000 0.12847222
5 0.60468750 0.08680556 0.03750000 0.13888889
8 0.64531250 0.08680556 0.03125000 0.12500000
21 0.68906250 0.08680556 0.04218750 0.12152778
4 0.73281250 0.08333333 0.04062500 0.11805556
12 0.81562500 0.07986111 0.04062500 0.12152778
8 0.86093750 0.07986111 0.03437500 0.12847222
11 0.89843750 0.07638889 0.03125000 0.12500000
4 0.94062500 0.08333333 0.03750000 0.13194444
2 0.14062500 0.23611111 0.03125000 0.11458333
0 0.17968750 0.23263889 0.02968750 0.12152778
15 0.21875000 0.22916667 0.03906250 0.12847222
4 0.26250000 0.23263889 0.03593750 0.12847222
2 0.39062500 0.23263889 0.03593750 0.13541667
11 0.43125000 0.23958333 0.02968750 0.12847222
4 0.47500000 0.23611111 0.03750000 0.13194444
18 0.73437500 0.23263889 0.03593750 0.12500000
4 0.77812500 0.23611111 0.03437500 0.14583333
4 0.13125000 0.38888889 0.03593750 0.12500000
14 0.17031250 0.38888889 0.03750000 0.12152778
11 0.21406250 0.38541667 0.03125000 0.12500000
13 0.30000000 0.38888889 0.03593750 0.12152778
24 0.43125000 0.38888889 0.03281250 0.12847222
2 0.25468750 0.54861111 0.02968750 0.12847222
13 0.34062500 0.54513889 0.03750000 0.11805556
0 0.38437500 0.54513889 0.03281250 0.11805556
7 0.42968750 0.55208333 0.03906250 0.13194444
0 0.47187500 0.55208333 0.03593750 0.13541667
13 0.51875000 0.54861111 0.04062500 0.13194444
5 0.60625000 0.54861111 0.04375000 0.14930556
4 0.65156250 0.55208333 0.03906250 0.13541667
19 0.69687500 0.54861111 0.04062500 0.14236111
22 0.87968750 0.55208333 0.04062500 0.13541667
0 0.92031250 0.54861111 0.03593750 0.13194444
13 0.96562500 0.54861111 0.04062500 0.13541667
18 0.07656250 0.71180556 0.03906250 0.13194444
8 0.11875000 0.71180556 0.03281250 0.13888889
21 0.15937500 0.72222222 0.03750000 0.14930556
4 0.42812500 0.71180556 0.03750000 0.14236111
18 0.47187500 0.70833333 0.04062500 0.13541667
12 0.60937500 0.71180556 0.04062500 0.13194444
18 0.70000000 0.72569444 0.04062500 0.14236111
20 0.74531250 0.72222222 0.04218750 0.14583333
17 0.79375000 0.72222222 0.04062500 0.15277778
18 0.38125000 0.88541667 0.04375000 0.13194444
11 0.47343750 0.88541667 0.04375000 0.14583333
13 0.55937500 0.88541667 0.04062500 0.15277778
18 0.79843750 0.89583333 0.04062500 0.16666667
4 0.84375000 0.89236111 0.03906250 0.15625000
