7 0.11875000 0.06953125 0.03125000 0.11484375
5 0.20312500 0.06953125 0.03281250 0.11796875
3 0.24218750 0.22578125 0.03593750 0.12812500
8 0.28593750 0.22890625 0.03750000 0.13515625
18 0.32968750 0.22890625 0.03750000 0.13203125
10 0.37343750 0.23281250 0.03593750 0.13906250
14 0.42187500 0.23281250 0.03906250 0.14218750
18 0.50781250 0.23281250 0.04062500 0.12812500
3 0.55000000 0.22890625 0.03437500 0.13203125
13 0.63750000 0.22890625 0.03750000 0.13515625
14 0.68125000 0.23593750 0.02968750 0.12812500
19 0.85937500 0.22890625 0.03906250 0.13203125
8 0.90468750 0.22890625 0.03437500 0.13515625
11 0.95000000 0.22890625 0.03593750 0.13906250
19 0.19218750 0.38515625 0.03750000 0.13906250
18 0.10781250 0.39218750 0.03750000 0.14609375
3 0.32812500 0.38203125 0.03750000 0.12500000
0 0.37187500 0.39218750 0.03750000 0.13906250
13 0.41718750 0.38515625 0.03750000 0.13515625
12 0.64218750 0.38906250 0.03437500 0.13203125
0 0.68437500 0.38906250 0.03437500 0.12812500
13 0.73125000 0.38906250 0.03593750 0.12500000
20 0.77812500 0.38515625 0.03750000 0.12500000
4 0.82031250 0.38906250 0.03750000 0.12812500
11 0.86562500 0.38515625 0.03750000 0.13515625
7 0.23281250 0.55234375 0.03750000 0.13515625
18 0.32500000 0.55546875 0.04062500 0.13906250
2 0.41718750 0.55234375 0.03750000 0.13203125
0 0.45937500 0.54843750 0.03437500 0.14218750
0 0.68750000 0.54140625 0.03125000 0.13203125
13 0.73281250 0.55546875 0.04062500 0.14218750
13 0.77968750 0.55937500 0.03906250 0.13515625
13 0.87187500 0.55937500 0.04062500 0.13906250
2 0.91875000 0.56250000 0.03906250 0.13515625
1 0.22968750 0.72187500 0.03750000 0.12500000
17 0.27500000 0.72578125 0.03906250 0.12812500
14 0.32187500 0.72890625 0.03281250 0.13203125
0 0.36718750 0.72578125 0.03593750 0.12812500
3 0.41562500 0.72578125 0.03750000 0.13515625
0 0.50625000 0.72187500 0.03906250 0.13203125
23 0.55156250 0.72578125 0.03906250 0.12812500
4 0.59843750 0.72890625 0.04218750 0.14218750
3 0.78593750 0.72578125 0.03593750 0.12500000
0 0.83281250 0.72187500 0.03437500 0.12812500
13 0.87968750 0.72890625 0.03437500 0.13203125
13 0.97031250 0.72890625 0.03750000 0.13515625
17 0.09062500 0.89921875 0.03750000 0.13906250
4 0.13437500 0.89921875 0.03437500 0.13515625
12 0.17812500 0.90312500 0.04062500 0.14218750
10 0.27031250 0.90312500 0.04062500 0.14609375
18 0.31875000 0.90625000 0.04218750 0.14609375
3 0.55781250 0.89218750 0.03593750 0.13906250
14 0.60156250 0.89921875 0.03593750 0.14921875
17 0.64843750 0.90312500 0.03750000 0.13515625
24 0.69687500 0.90937500 0.04218750 0.16328125
5 0.79218750 0.90625000 0.04062500 0.14921875
