0 0.20703125 0.11562500 0.03593750 0.10781250
3 0.27109375 0.11484375 0.03437500 0.11718750
4 0.30937500 0.11328125 0.03906250 0.11406250
2 0.35000000 0.11015625 0.03593750 0.11250000
8 0.38828125 0.10859375 0.03281250 0.11093750
3 0.42890625 0.11093750 0.03593750 0.10937500
18 0.59062500 0.09687500 0.03281250 0.10937500
22 0.63359375 0.09375000 0.03437500 0.11406250
14 0.67343750 0.09062500 0.03281250 0.11406250
14 0.71484375 0.08750000 0.03750000 0.10625000
3 0.92265625 0.07656250 0.03750000 0.11250000
13 0.10078125 0.26718750 0.02968750 0.10937500
19 0.26484375 0.25625000 0.03593750 0.11718750
7 0.34765625 0.25781250 0.03281250 0.13593750
14 0.38593750 0.25156250 0.03125000 0.11718750
19 0.42890625 0.24609375 0.03437500 0.12500000
3 0.51171875 0.24765625 0.03437500 0.12187500
14 0.55078125 0.23906250 0.03281250 0.12187500
6 0.59296875 0.24531250 0.03593750 0.12812500
18 0.63515625 0.23750000 0.03281250 0.11250000
17 0.84765625 0.22968750 0.03593750 0.11718750
4 0.88750000 0.22734375 0.03750000 0.11875000
5 0.05468750 0.40703125 0.03437500 0.12343750
4 0.13437500 0.40468750 0.03593750 0.11875000
20 0.30000000 0.40000000 0.03437500 0.12187500
15 0.34140625 0.39687500 0.03593750 0.12031250
20 0.42421875 0.39375000 0.03593750 0.11875000
13 0.46640625 0.39765625 0.03437500 0.12656250
19 0.50859375 0.39453125 0.03437500 0.13281250
8 0.55234375 0.39062500 0.03593750 0.11875000
11 0.59375000 0.39375000 0.03750000 0.11875000
3 0.80859375 0.37968750 0.03437500 0.12500000
19 0.93906250 0.37343750 0.03437500 0.12968750
13 0.21171875 0.56250000 0.03593750 0.12343750
8 0.34062500 0.56171875 0.03437500 0.13281250
18 0.42421875 0.55390625 0.03593750 0.12812500
0 0.46562500 0.55468750 0.03750000 0.12343750
22 0.50937500 0.55156250 0.03750000 0.13281250
19 0.59296875 0.54062500 0.03593750 0.13593750
22 0.63828125 0.54687500 0.03906250 0.13125000
14 0.68359375 0.54453125 0.03906250 0.12656250
15 0.77031250 0.54062500 0.03750000 0.13593750
18 0.85859375 0.53906250 0.03437500 0.13750000
10 0.90156250 0.53750000 0.04062500 0.12812500
8 0.94687500 0.53515625 0.03593750 0.12968750
13 0.07812500 0.72421875 0.03906250 0.14062500
20 0.12109375 0.72500000 0.03593750 0.13750000
4 0.20859375 0.72109375 0.03906250 0.13593750
19 0.25312500 0.72421875 0.03906250 0.13593750
17 0.46796875 0.71562500 0.03750000 0.13593750
4 0.50937500 0.71328125 0.03593750 0.14687500
1 0.55390625 0.71640625 0.03593750 0.14218750
4 0.59687500 0.71640625 0.03750000 0.14218750
0 0.68906250 0.71718750 0.03593750 0.13750000
8 0.87031250 0.70546875 0.04062500 0.14843750
21 0.95937500 0.70468750 0.04062500 0.16406250
12 0.03203125 0.88750000 0.03593750 0.12500000
24 0.07578125 0.88750000 0.03281250 0.14062500
14 0.20312500 0.88750000 0.03906250 0.12968750
11 0.24843750 0.88359375 0.03906250 0.14375000
4 0.29375000 0.88984375 0.03906250 0.13437500
11 0.38125000 0.88203125 0.03906250 0.15156250
8 0.42656250 0.88359375 0.03437500 0.14375000
5 0.46796875 0.88593750 0.04062500 0.14218750
4 0.51328125 0.88593750 0.04062500 0.15468750
