14 0.22968750 0.12847222 0.03437500 0.11458333
17 0.35625000 0.12500000 0.03437500 0.11805556
20 0.40000000 0.12847222 0.03437500 0.11805556
1 0.44531250 0.12847222 0.03750000 0.11805556
11 0.61406250 0.12500000 0.03593750 0.11111111
7 0.74062500 0.12500000 0.03125000 0.11111111
22 0.87031250 0.12847222 0.03437500 0.11111111
24 0.10625000 0.29166667 0.03125000 0.11458333
4 0.14531250 0.29166667 0.03281250 0.11805556
18 0.35781250 0.28819444 0.03437500 0.10763889
4 0.27187500 0.28472222 0.02968750 0.10416667
4 0.40156250 0.28819444 0.03281250 0.10763889
4 0.44375000 0.28819444 0.03281250 0.11458333
4 0.57031250 0.28819444 0.03125000 0.11111111
5 0.86875000 0.28472222 0.02968750 0.10763889
4 0.14531250 0.44791667 0.03281250 0.11111111
11 0.18750000 0.44791667 0.03281250 0.11111111
0 0.22812500 0.44444444 0.02968750 0.11111111
11 0.40156250 0.44444444 0.03750000 0.11805556
8 0.57187500 0.44444444 0.03437500 0.11111111
24 0.78593750 0.44444444 0.03281250 0.11458333
14 0.91093750 0.44444444 0.03281250 0.11111111
11 0.95312500 0.44444444 0.03281250 0.11111111
19 0.18750000 0.60763889 0.03125000 0.11458333
11 0.52968750 0.60416667 0.03750000 0.11458333
8 0.57187500 0.60416667 0.03281250 0.11805556
4 0.61250000 0.60416667 0.03281250 0.11805556
14 0.95312500 0.60416667 0.03281250 0.11805556
1 0.10625000 0.76388889 0.03437500 0.11111111
13 0.35937500 0.76736111 0.03281250 0.11805556
8 0.52968750 0.76736111 0.03281250 0.11111111
19 0.74375000 0.76388889 0.03437500 0.11458333
17 0.78593750 0.76736111 0.03281250 0.11458333
13 0.40156250 0.93055556 0.03437500 0.11805556
22 0.48750000 0.93055556 0.03281250 0.11458333
14 0.52812500 0.93055556 0.03125000 0.12152778
8 0.65781250 0.93055556 0.03125000 0.11805556
15 0.74531250 0.92708333 0.03281250 0.11458333
21 0.91406250 0.92708333 0.03281250 0.11458333
