8 0.23125000 0.07986111 0.03593750 0.12500000
21 0.31875000 0.08333333 0.03750000 0.12500000
4 0.36250000 0.07986111 0.03593750 0.12152778
18 0.45000000 0.08680556 0.03593750 0.12500000
4 0.49531250 0.08680556 0.03593750 0.12847222
18 0.62812500 0.09027778 0.03593750 0.12152778
12 0.67343750 0.09027778 0.03593750 0.11805556
0 0.71562500 0.08680556 0.03437500 0.12152778
11 0.76562500 0.09027778 0.03593750 0.11805556
11 0.80937500 0.09027778 0.03750000 0.11805556
0 0.05000000 0.23611111 0.03906250 0.13194444
1 0.09531250 0.23611111 0.04062500 0.12847222
0 0.18906250 0.23611111 0.04843750 0.12847222
18 0.36250000 0.25000000 0.03593750 0.12847222
12 0.49531250 0.24652778 0.03593750 0.12152778
7 0.67343750 0.25694444 0.03593750 0.12847222
0 0.80937500 0.26388889 0.03750000 0.12847222
24 0.98437500 0.26388889 0.03125000 0.12152778
7 0.09218750 0.40277778 0.03906250 0.13194444
4 0.13593750 0.40277778 0.03593750 0.13194444
15 0.22812500 0.40972222 0.03750000 0.13194444
14 0.27031250 0.40972222 0.03750000 0.12847222
19 0.36093750 0.41319444 0.03750000 0.12152778
0 0.53750000 0.41666667 0.03906250 0.12152778
21 0.62656250 0.41666667 0.03750000 0.13194444
0 0.67187500 0.41666667 0.03750000 0.13194444
2 0.71718750 0.42013889 0.03750000 0.12847222
0 0.76093750 0.42708333 0.03437500 0.12500000
13 0.80781250 0.42361111 0.03437500 0.12500000
19 0.85156250 0.42708333 0.03750000 0.12500000
18 0.94218750 0.42708333 0.03750000 0.12847222
15 0.98281250 0.42708333 0.03281250 0.12847222
14 0.44687500 0.57986111 0.03281250 0.12152778
17 0.62500000 0.58680556 0.03593750 0.12152778
4 0.71562500 0.59027778 0.03593750 0.11805556
22 0.35781250 0.75000000 0.03593750 0.12500000
18 0.85156250 0.76736111 0.03281250 0.11805556
17 0.98125000 0.77083333 0.03281250 0.12500000
18 0.04375000 0.90277778 0.03125000 0.12847222
17 0.26718750 0.90972222 0.03437500 0.12847222
13 0.35468750 0.91666667 0.03593750 0.11805556
18 0.62500000 0.92708333 0.03437500 0.12152778
14 0.71250000 0.92708333 0.03437500 0.12152778
22 0.80468750 0.93055556 0.03125000 0.11805556
0 0.84843750 0.93055556 0.03281250 0.11805556
