10 0.18017600 0.09440100 0.01464800 0.04036500
4 0.21191400 0.09375000 0.01562500 0.04166700
10 0.30224600 0.09830700 0.01464800 0.04036500
17 0.33252000 0.10091100 0.01464800 0.04036500
20 0.36181600 0.10351600 0.01464800 0.04036500
6 0.39111300 0.10612000 0.01464800 0.04036500
14 0.42138700 0.10872400 0.01464800 0.04036500
12 0.44775400 0.11002600 0.01464800 0.04036500
15 0.50341800 0.11523400 0.01464800 0.04036500
20 0.53076200 0.11718800 0.01464800 0.03906200
8 0.58447300 0.12109400 0.01464800 0.03906200
18 0.61084000 0.12239600 0.01464800 0.03906300
19 0.63769500 0.12500000 0.01367200 0.03645800
18 0.74121100 0.12825500 0.01367200 0.03515600
13 0.76757800 0.12890600 0.01367200 0.03385400
4 0.79394500 0.12890600 0.01367200 0.03385400
6 0.82031200 0.12955700 0.01367200 0.03515600
14 0.21289100 0.16536500 0.01562500 0.04166700
13 0.24365200 0.16406200 0.01464800 0.04166700
19 0.30322300 0.17057300 0.01464800 0.04166700
8 0.33300800 0.17317700 0.01562500 0.04166700
7 0.36181600 0.17513000 0.01464800 0.04036500
0 0.39013700 0.17773400 0.01464800 0.04036500
15 0.44970700 0.18164100 0.01464800 0.04036500
0 0.47509800 0.18229200 0.01464800 0.04166700
3 0.50341800 0.18489600 0.01464800 0.04166700
0 0.52978500 0.18684900 0.01464800 0.04036500
4 0.55712900 0.18815100 0.01464800 0.04036500
19 0.58447300 0.18880200 0.01464800 0.03906200
13 0.63720700 0.19140600 0.01464800 0.03906200
0 0.66308600 0.19140600 0.01367200 0.03906200
25 0.18310500 0.23828100 0.01660200 0.04166700
4 0.21289100 0.23958300 0.01562500 0.04166700
12 0.24365200 0.24088500 0.01660200 0.04166700
17 0.27441400 0.24218800 0.01562500 0.04166700
18 0.41992200 0.25065100 0.01367200 0.04036500
19 0.44775400 0.25130200 0.01464800 0.04166700
0 0.47460900 0.25260400 0.01367200 0.04166700
17 0.50293000 0.25325500 0.01367200 0.04036500
12 0.61035200 0.25781200 0.01367200 0.03906200
4 0.63720700 0.25781200 0.01269500 0.03645800
13 0.66308600 0.25911500 0.01367200 0.03645800
22 0.74316400 0.26106800 0.01367200 0.03776000
4 0.76806600 0.26041700 0.01269500 0.03645800
18 0.79394500 0.26106800 0.01367200 0.03776000
25 0.18310500 0.31250000 0.01660200 0.04166700
0 0.21337900 0.31250000 0.01660200 0.04166700
10 0.24267600 0.31250000 0.01660200 0.04166700
17 0.27392600 0.31250000 0.01660200 0.04166700
19 0.33398400 0.31705700 0.01562500 0.04036500
18 0.39160200 0.31901000 0.01562500 0.03906200
13 0.42041000 0.32031200 0.01464800 0.03906200
4 0.44775400 0.32031200 0.01464800 0.03906200
6 0.47607400 0.32161500 0.01464800 0.03906200
14 0.50341800 0.32291700 0.01464800 0.03906200
12 0.53027300 0.32356800 0.01367200 0.03776000
17 0.66308600 0.32617200 0.01367200 0.03776000
0 0.68847700 0.32617200 0.01367200 0.03776000
8 0.18408200 0.38671900 0.01464800 0.04166700
9 0.21435500 0.38671900 0.01464800 0.04166700
8 0.27539100 0.38671900 0.01562500 0.04166700
3 0.30517600 0.38671900 0.01464800 0.04166700
19 0.36377000 0.38671900 0.01464800 0.04166700
17 0.42187500 0.38997400 0.01367200 0.03776000
11 0.47558600 0.39062500 0.01367200 0.03906200
8 0.50293000 0.39127600 0.01367200 0.03776000
18 0.52978500 0.39127600 0.01269500 0.03776000
22 0.63769500 0.39257800 0.01367200 0.03776000
17 0.66308600 0.39257800 0.01367200 0.03776000
20 0.68847700 0.39257800 0.01367200 0.03776000
10 0.71484400 0.39322900 0.01367200 0.03645800
0 0.74121100 0.39322900 0.01367200 0.03645800
7 0.79394500 0.39322900 0.01367200 0.03645800
12 0.24462900 0.45768200 0.01660200 0.04296900
0 0.27490200 0.45898400 0.01660200 0.04296900
11 0.30419900 0.45963500 0.01660200 0.04166700
16 0.36377000 0.45768200 0.01464800 0.03776000
4 0.39209000 0.45768200 0.01464800 0.03776000
10 0.41992200 0.45768200 0.01562500 0.03776000
0 0.44726600 0.45768200 0.01562500 0.03776000
10 0.50244100 0.45703100 0.01464800 0.03645800
14 0.53027300 0.45833300 0.01367200 0.03645800
17 0.55664100 0.45768200 0.01367200 0.03515600
12 0.58300800 0.45768200 0.01367200 0.03515600
3 0.63671900 0.45703100 0.01367200 0.03645800
11 0.66210900 0.45703100 0.01367200 0.03645800
15 0.18505900 0.53059900 0.01660200 0.04036500
19 0.21533200 0.52994800 0.01660200 0.03906200
8 0.24560500 0.52864600 0.01660200 0.03906200
2 0.27636700 0.52799500 0.01562500 0.04036500
17 0.18652300 0.67513000 0.01562500 0.04036500
20 0.21582000 0.67382800 0.01562500 0.04036500
16 0.24707000 0.67252600 0.01562500 0.04036500
10 0.30566400 0.67122400 0.01562500 0.04036500
0 0.33496100 0.66992200 0.01562500 0.04036500
12 0.39306600 0.66601600 0.01464800 0.03776000
12 0.42041000 0.66471400 0.01464800 0.03776000
14 0.44970700 0.66341100 0.01464800 0.03776000
10 0.50293000 0.66145800 0.01367200 0.03645800
14 0.53027300 0.66015600 0.01367200 0.03645800
19 0.58496100 0.65690100 0.01367200 0.03776000
14 0.61230500 0.65625000 0.01367200 0.03645800
10 0.63720700 0.65494800 0.01464800 0.03645800
1 0.18652300 0.74739600 0.01562500 0.04166700
20 0.21679700 0.74674500 0.01562500 0.04036500
17 0.27734400 0.74218800 0.01562500 0.04166700
14 0.30761700 0.74023400 0.01562500 0.04036500
19 0.36523400 0.73567700 0.01562500 0.04166700
8 0.39502000 0.73307300 0.01464800 0.03906200
13 0.44970700 0.73046900 0.01464800 0.03906200
14 0.47656200 0.73046900 0.01367200 0.03906200
15 0.53076200 0.72721400 0.01464800 0.03776000
0 0.55810500 0.72656200 0.01464800 0.03906200
15 0.58349600 0.72395800 0.01464800 0.03906200
0 0.61035200 0.72265600 0.01367200 0.03906200
10 0.68945300 0.72135400 0.01367200 0.03645800
0 0.71582000 0.72070300 0.01367200 0.03515600
11 0.76855500 0.71809900 0.01367200 0.03515600
0 0.79394500 0.71679700 0.01367200 0.03515600
1 0.18847700 0.81835900 0.01562500 0.04036500
20 0.24804700 0.81445300 0.01562500 0.04036500
10 0.27734400 0.81184900 0.01562500 0.04036500
17 0.30664100 0.80989600 0.01562500 0.03906200
0 0.33593800 0.80794300 0.01562500 0.04036500
12 0.39306600 0.80338500 0.01464800 0.03906200
12 0.44970700 0.79947900 0.01464800 0.03906200
0 0.47753900 0.79687500 0.01562500 0.03906200
8 0.50537100 0.79687500 0.01464800 0.03645800
10 0.55761700 0.79166700 0.01367200 0.03645800
0 0.58349600 0.79036500 0.01464800 0.03645800
18 0.63769500 0.78971400 0.01367200 0.03776000
14 0.66406200 0.78906200 0.01367200 0.03645800
18 0.18896500 0.88932300 0.01660200 0.03906200
14 0.30761700 0.87825500 0.01562500 0.03776000
11 0.33593800 0.87500000 0.01562500 0.03906200
3 0.36621100 0.87174500 0.01562500 0.03776000
0 0.39257800 0.86914100 0.01562500 0.03776000
19 0.42187500 0.86653600 0.01562500 0.03776000
