19 0.69531250 0.07638889 0.02812500 0.10069444
18 0.80781250 0.08333333 0.02812500 0.09375000
2 0.91562500 0.09027778 0.02656250 0.09375000
17 0.98750000 0.09722222 0.02500000 0.09722222
8 0.28125000 0.18750000 0.02968750 0.09722222
2 0.35781250 0.19444444 0.02968750 0.10069444
19 0.43281250 0.20486111 0.02968750 0.09722222
23 0.62031250 0.21180556 0.02968750 0.10069444
8 0.77187500 0.21527778 0.02812500 0.09722222
2 0.84531250 0.21875000 0.03125000 0.09722222
19 0.91875000 0.22569444 0.02968750 0.09375000
7 0.23906250 0.33333333 0.03125000 0.10416667
24 0.39375000 0.34375000 0.02968750 0.10069444
12 0.88281250 0.36458333 0.02812500 0.09722222
15 0.92031250 0.36805556 0.02656250 0.09375000
1 0.31562500 0.47222222 0.02968750 0.10069444
19 0.42968750 0.48263889 0.02812500 0.09722222
5 0.50625000 0.48263889 0.02968750 0.09722222
4 0.61718750 0.48611111 0.02968750 0.09375000
24 0.69531250 0.49305556 0.02968750 0.10069444
4 0.73281250 0.49305556 0.02656250 0.10069444
3 0.95781250 0.50694444 0.02968750 0.09722222
21 0.12031250 0.61111111 0.02812500 0.10763889
14 0.15781250 0.61111111 0.02812500 0.10763889
8 0.19687500 0.61458333 0.03125000 0.10763889
2 0.23593750 0.61458333 0.02812500 0.10763889
4 0.27343750 0.61458333 0.02968750 0.11111111
13 0.31093750 0.76736111 0.03125000 0.10763889
8 0.42656250 0.76736111 0.02968750 0.10069444
7 0.50312500 0.77083333 0.02968750 0.10416667
1 0.57812500 0.77430556 0.02968750 0.10763889
4 0.61718750 0.78125000 0.02968750 0.10416667
0 0.73281250 0.78472222 0.03281250 0.10763889
6 0.88437500 0.79513889 0.02968750 0.11111111
4 0.92031250 0.79513889 0.02968750 0.11111111
19 0.11718750 0.89930556 0.02812500 0.10763889
19 0.23125000 0.90972222 0.03125000 0.10069444
12 0.65468750 0.92361111 0.02968750 0.10416667
