1 0.20459000 0.02604200 0.01660200 0.04427100
2 0.20214800 0.10091100 0.01562500 0.04557300
1 0.29248000 0.09049500 0.01660200 0.04557300
5 0.42334000 0.08268200 0.01660200 0.04817700
2 0.20166000 0.17708300 0.01660200 0.04427100
4 0.29345700 0.16992200 0.01660200 0.04557300
0 0.42236300 0.16341100 0.01660200 0.04817700
4 0.45605500 0.16210900 0.01757800 0.04817700
25 0.26025400 0.33463500 0.01660200 0.04687500
0 0.29150400 0.33333300 0.01660200 0.04687500
3 0.32421900 0.33203100 0.01757800 0.04687500
0 0.35644500 0.33138000 0.01757800 0.04557300
16 0.38964800 0.33072900 0.01757800 0.04687500
0 0.42187500 0.32942700 0.01757800 0.04687500
0 0.19580100 0.41796900 0.01660200 0.04687500
10 0.25830100 0.41406200 0.01660200 0.04687500
1 0.48974600 0.41145800 0.01660200 0.04687500
9 0.52441400 0.40885400 0.01757800 0.04687500
1 0.19433600 0.49804700 0.01562500 0.04557300
10 0.25781200 0.49674500 0.01562500 0.04557300
13 0.49023400 0.49349000 0.01757800 0.04687500
0 0.52343800 0.49283900 0.01757800 0.04817700
5 0.62890600 0.49218800 0.01953100 0.04947900
17 0.70117200 0.49088500 0.01953100 0.04947900
14 0.77636700 0.48893200 0.01953100 0.04817700
22 0.25830100 0.57942700 0.01660200 0.04687500
18 0.29003900 0.57942700 0.01562500 0.04687500
4 0.32324200 0.57942700 0.01562500 0.04687500
6 0.35644500 0.57942700 0.01757800 0.04947900
14 0.38964800 0.57942700 0.01757800 0.04947900
17 0.25830100 0.66276000 0.01660200 0.04687500
4 0.29003900 0.66341100 0.01562500 0.04817700
4 0.35644500 0.66341100 0.01562500 0.04817700
13 0.38916000 0.66406200 0.01660200 0.04947900
8 0.42285200 0.66406200 0.01757800 0.04947900
4 0.45703100 0.66471400 0.01757800 0.04817700
1 0.55957000 0.66471400 0.01757800 0.04817700
9 0.59423800 0.66536500 0.01855500 0.04947900
5 0.74072300 0.66796900 0.01855500 0.04947900
1 0.89892600 0.67187500 0.02050800 0.04947900
5 0.94189500 0.67317700 0.02050800 0.04947900
1 0.19091800 0.74414100 0.01660200 0.04557300
5 0.22412100 0.74544300 0.01660200 0.04557300
1 0.35400400 0.74739600 0.01660200 0.04687500
9 0.38818400 0.74869800 0.01660200 0.04687500
5 0.52490200 0.75000000 0.01660200 0.04687500
