19 0.05468750 0.10390625 0.03125000 0.10781250
3 0.33750000 0.11484375 0.03125000 0.10781250
18 0.62187500 0.11484375 0.03125000 0.11093750
8 0.66406250 0.11093750 0.03281250 0.11796875
19 0.83593750 0.10781250 0.03125000 0.12187500
4 0.05156250 0.25312500 0.02968750 0.10781250
3 0.17656250 0.26015625 0.02968750 0.11484375
2 0.25781250 0.26406250 0.03125000 0.11484375
2 0.33750000 0.26406250 0.03125000 0.11484375
15 0.74843750 0.26718750 0.03593750 0.13203125
8 0.83593750 0.27109375 0.03437500 0.12812500
3 0.87968750 0.27109375 0.03281250 0.12812500
4 0.09218750 0.40937500 0.03281250 0.12187500
15 0.13437500 0.41328125 0.03125000 0.11484375
19 0.17500000 0.41328125 0.03125000 0.11484375
18 0.37812500 0.42031250 0.03125000 0.11093750
18 0.45625000 0.42031250 0.03281250 0.11484375
15 0.53750000 0.42343750 0.02968750 0.11484375
18 0.57812500 0.42343750 0.03437500 0.11796875
19 0.66093750 0.42734375 0.03125000 0.11484375
4 0.70312500 0.42734375 0.03125000 0.12187500
19 0.97968750 0.43046875 0.03906250 0.11796875
4 0.17656250 0.56562500 0.03125000 0.11484375
19 0.41718750 0.56953125 0.02968750 0.11484375
13 0.57656250 0.57656250 0.03281250 0.11796875
6 0.74531250 0.58359375 0.03281250 0.12187500
0 0.65937500 0.58359375 0.03281250 0.11484375
13 0.09218750 0.71562500 0.03125000 0.11093750
7 0.13437500 0.71562500 0.02968750 0.11093750
0 0.17343750 0.71562500 0.03125000 0.11093750
15 0.25781250 0.71562500 0.03281250 0.11093750
24 0.29687500 0.71562500 0.03125000 0.11093750
2 0.37812500 0.71875000 0.03125000 0.10781250
17 0.41718750 0.71875000 0.03125000 0.11484375
13 0.78593750 0.73984375 0.03437500 0.11796875
4 0.91250000 0.73593750 0.02968750 0.11093750
0 0.05156250 0.86796875 0.03281250 0.11796875
5 0.09218750 0.86484375 0.03281250 0.11093750
18 0.17500000 0.86796875 0.03281250 0.11796875
20 0.21562500 0.86796875 0.03125000 0.11796875
15 0.25625000 0.86484375 0.03281250 0.11484375
15 0.29687500 0.86796875 0.03125000 0.11796875
