18 0.09375000 0.21406250 0.07343750 0.16250000
7 0.17968750 0.20000000 0.07812500 0.16093750
4 0.27187500 0.18437500 0.07656250 0.17187500
3 0.18281250 0.61250000 0.09375000 0.17031250
0 0.27500000 0.59531250 0.08281250 0.16093750
12 0.36718750 0.16562500 0.08281250 0.16250000
3 0.55312500 0.14218750 0.07656250 0.16718750
14 0.64218750 0.13281250 0.08125000 0.16093750
3 0.38281250 0.57500000 0.09062500 0.17187500
0 0.37187500 0.37187500 0.07812500 0.15312500
5 0.46718750 0.36718750 0.07812500 0.17031250
18 0.56406250 0.34218750 0.08750000 0.17968750
21 0.72187500 0.12968750 0.07812500 0.16562500
13 0.80000000 0.12812500 0.07343750 0.16093750
11 0.59531250 0.77343750 0.09531250 0.16562500
0 0.49062500 0.78750000 0.08593750 0.17656250
18 0.57187500 0.54375000 0.09375000 0.16718750
4 0.64843750 0.33906250 0.08593750 0.17187500
16 0.73593750 0.32500000 0.08281250 0.16718750
14 0.66562500 0.53750000 0.08750000 0.17031250
11 0.70000000 0.76406250 0.10468750 0.17968750
