3 0.12500000 0.13281250 0.08281250 0.16250000
0 0.22343750 0.10625000 0.08125000 0.15000000
3 0.31562500 0.11250000 0.08750000 0.15781250
18 0.50468750 0.11093750 0.08750000 0.15625000
14 0.59687500 0.10468750 0.07656250 0.15625000
11 0.68437500 0.09687500 0.08125000 0.14531250
11 0.50625000 0.30937500 0.08593750 0.15312500
21 0.41250000 0.53437500 0.08750000 0.17968750
13 0.40468750 0.77812500 0.09531250 0.20156250
0 0.30000000 0.78437500 0.08593750 0.17031250
0 0.41250000 0.31093750 0.08593750 0.14843750
8 0.19843750 0.54687500 0.09062500 0.17968750
11 0.60468750 0.30312500 0.09531250 0.14843750
3 0.51250000 0.75312500 0.08593750 0.18125000
8 0.51093750 0.52812500 0.08125000 0.16718750
11 0.60468750 0.51875000 0.09531250 0.16250000
3 0.77187500 0.09531250 0.07343750 0.14843750
