2 0.39453100 0.03561000 0.02734400 0.03052300
0 0.47314500 0.03779100 0.02636700 0.03052300
8 0.55127000 0.04360500 0.02636700 0.03052300
11 0.62353500 0.04651200 0.02636700 0.03052300
25 0.66210900 0.04869200 0.02734400 0.03052300
12 0.12988300 0.10174400 0.02539100 0.02907000
0 0.16552700 0.09738400 0.02636700 0.02907000
11 0.20068400 0.09302300 0.02636700 0.02907000
16 0.27783200 0.08757300 0.02636700 0.02834300
8 0.31689500 0.08648300 0.02832000 0.03052300
10 0.35498000 0.08611900 0.02832000 0.03125000
15 0.43603500 0.08430200 0.03027300 0.03197700
17 0.47558600 0.08466600 0.02929700 0.03270300
6 0.55175800 0.08757300 0.02929700 0.03270300
13 0.58984400 0.08975300 0.02929700 0.03270300
20 0.62646500 0.09266000 0.03027300 0.03270300
11 0.66455100 0.09520300 0.02832000 0.03197700
18 0.73877000 0.09956400 0.02832000 0.03197700
11 0.80957000 0.10101700 0.02929700 0.03197700
14 0.84570300 0.10247100 0.02929700 0.03197700
3 0.88232400 0.10501500 0.02832000 0.03125000
10 0.91650400 0.10792200 0.02832000 0.03125000
8 0.95117200 0.10973800 0.02734400 0.03052300
22 0.09570300 0.15443300 0.02929700 0.03270300
22 0.16503900 0.14425900 0.02929700 0.03270300
14 0.19970700 0.14135200 0.03027300 0.03270300
3 0.23730500 0.13880800 0.02929700 0.03197700
20 0.27539100 0.13880800 0.02929700 0.03197700
17 0.43505900 0.13517400 0.03027300 0.03343000
3 0.51416000 0.13735500 0.03027300 0.03343000
14 0.55273400 0.13917200 0.02929700 0.03270300
12 0.59082000 0.14062500 0.02929700 0.03270300
18 0.66699200 0.14280500 0.02929700 0.03270300
14 0.70312500 0.14425900 0.02929700 0.03270300
18 0.77832000 0.14789200 0.02929700 0.03270300
19 0.81543000 0.14970900 0.02929700 0.03343000
0 0.85009800 0.15152600 0.02832000 0.03270300
10 0.88525400 0.15261600 0.02832000 0.03197700
0 0.91943400 0.15588700 0.02832000 0.03125000
13 0.09326200 0.20530500 0.03027300 0.03415700
14 0.12548800 0.20130800 0.03027300 0.03343000
12 0.16162100 0.19622100 0.03027300 0.03343000
11 0.23584000 0.19113400 0.03027300 0.03343000
4 0.27685500 0.18895300 0.03027300 0.03343000
9 0.31591800 0.18677300 0.03027300 0.03343000
0 0.35498000 0.18750000 0.03027300 0.03343000
11 0.39355500 0.18822700 0.02929700 0.03343000
8 0.43652300 0.18859000 0.02929700 0.03270300
18 0.51562500 0.19113400 0.02929700 0.03197700
4 0.55517600 0.19149700 0.03027300 0.03270300
12 0.59130900 0.19222400 0.03027300 0.03270300
4 0.63134800 0.19295100 0.03027300 0.03270300
16 0.66943400 0.19549400 0.03027300 0.03343000
10 0.70654300 0.19658400 0.03027300 0.03270300
8 0.74365200 0.19731100 0.03027300 0.03270300
14 0.81738300 0.19840100 0.02929700 0.03197700
19 0.85400400 0.19985500 0.02832000 0.03197700
0 0.09228500 0.25508700 0.02832000 0.03197700
17 0.12500000 0.25254400 0.02929700 0.03270300
1 0.16113300 0.24854700 0.02929700 0.03343000
20 0.19726600 0.24709300 0.02929700 0.03343000
25 0.23632800 0.24273300 0.02929700 0.03343000
0 0.27539100 0.24200600 0.02929700 0.03343000
22 0.43896500 0.29542200 0.03027300 0.03270300
4 0.47802700 0.29433100 0.03027300 0.03343000
18 0.51806600 0.29505800 0.03027300 0.03343000
13 0.55810500 0.29578500 0.03027300 0.03343000
14 0.59521500 0.29723800 0.03027300 0.03343000
18 0.15478500 0.40988400 0.03027300 0.03488400
19 0.19482400 0.40770300 0.03027300 0.03488400
14 0.23388700 0.40697700 0.03027300 0.03488400
19 0.31543000 0.40370600 0.02929700 0.03415700
19 0.39794900 0.40370600 0.03027300 0.03415700
15 0.47949200 0.40261600 0.02929700 0.03488400
11 0.52099600 0.40298000 0.03027300 0.03561000
4 0.64013700 0.40443300 0.03027300 0.03561000
3 0.71826200 0.40516000 0.03027300 0.03415700
4 0.75585900 0.40625000 0.02929700 0.03343000
13 0.79492200 0.40625000 0.02929700 0.03343000
10 0.86962900 0.40697700 0.03027300 0.03343000
8 0.90771500 0.40697700 0.03027300 0.03343000
18 0.11816400 0.46766000 0.02929700 0.03561000
20 0.15429700 0.46584300 0.02929700 0.03488400
6 0.19384800 0.46293600 0.03027300 0.03488400
17 0.23339800 0.46148300 0.02929700 0.03488400
14 0.27392600 0.46075600 0.03222700 0.03633700
1 0.31445300 0.46039200 0.03125000 0.03561000
18 0.44043000 0.45821200 0.03125000 0.03561000
19 0.48144500 0.45821200 0.03125000 0.03561000
0 0.52148400 0.45821200 0.03125000 0.03561000
11 0.56152300 0.45893900 0.03125000 0.03561000
8 0.60253900 0.45893900 0.03125000 0.03561000
12 0.68212900 0.46002900 0.03027300 0.03488400
4 0.72119100 0.46039200 0.03027300 0.03561000
13 0.79834000 0.46039200 0.03027300 0.03561000
4 0.91308600 0.46148300 0.02929700 0.03488400
12 0.11328100 0.52470900 0.02929700 0.03633700
0 0.15185500 0.52180200 0.03027300 0.03633700
11 0.19091800 0.52180200 0.03027300 0.03633700
16 0.27148400 0.51889500 0.03125000 0.03633700
8 0.31445300 0.51962200 0.03125000 0.03633700
10 0.35546900 0.51816900 0.03125000 0.03633700
8 0.39843800 0.51816900 0.03125000 0.03633700
8 0.48144500 0.51816900 0.03125000 0.03633700
3 0.56543000 0.51671500 0.03125000 0.03633700
4 0.60546900 0.51562500 0.03125000 0.03561000
22 0.64550800 0.51635200 0.03125000 0.03561000
14 0.68408200 0.51780500 0.03027300 0.03561000
16 0.72558600 0.51780500 0.02929700 0.03561000
10 0.76367200 0.51744200 0.02929700 0.03488400
8 0.80224600 0.51671500 0.03027300 0.03488400
20 0.87890600 0.51635200 0.02929700 0.03561000
1 0.91699200 0.51707800 0.02929700 0.03561000
17 0.07666000 0.58321200 0.03027300 0.03706400
0 0.11181600 0.58103200 0.03027300 0.03706400
11 0.14892600 0.57994200 0.03027300 0.03633700
8 0.18896500 0.57812500 0.03027300 0.03706400
10 0.27050800 0.57630800 0.03125000 0.03633700
14 0.31396500 0.57558100 0.03222700 0.03633700
13 0.39892600 0.57449100 0.03222700 0.03706400
10 0.48291000 0.57340100 0.03222700 0.03633700
8 0.52539100 0.57303800 0.03125000 0.03706400
8 0.60839800 0.57558100 0.03125000 0.03633700
11 0.68750000 0.57521800 0.03125000 0.03561000
9 0.76757800 0.57449100 0.03125000 0.03561000
8 0.80615200 0.57376500 0.03027300 0.03561000
17 0.10937500 0.63917200 0.03125000 0.03706400
4 0.14746100 0.63917200 0.03125000 0.03851700
1 0.18750000 0.63917200 0.03125000 0.03851700
19 0.27148400 0.63844500 0.03125000 0.03851700
0 0.31347700 0.63844500 0.03125000 0.03851700
9 0.39892600 0.63590100 0.03222700 0.03779100
3 0.44091800 0.63517400 0.03222700 0.03779100
20 0.48388700 0.63481100 0.03222700 0.03706400
19 0.52587900 0.63408400 0.03222700 0.03706400
15 0.60986300 0.63372100 0.03222700 0.03779100
4 0.65087900 0.63335800 0.03027300 0.03561000
17 0.69140600 0.63263100 0.03125000 0.03561000
13 0.73193400 0.63263100 0.03027300 0.03561000
0 0.77050800 0.63190400 0.03125000 0.03561000
19 0.81152300 0.63117700 0.03125000 0.03561000
7 0.88964800 0.63045100 0.03125000 0.03561000
3 0.10595700 0.70203500 0.03222700 0.03924400
17 0.14404300 0.70203500 0.03222700 0.03924400
20 0.18408200 0.70167200 0.03222700 0.03851700
25 0.22607400 0.70167200 0.03222700 0.03997100
4 0.26904300 0.70058100 0.03222700 0.03924400
18 0.39990200 0.69840100 0.03222700 0.03924400
6 0.52978500 0.69549400 0.03222700 0.03924400
0 0.56982400 0.69476700 0.03222700 0.03924400
14 0.10302700 0.76344500 0.03222700 0.03997100
13 0.14160200 0.76344500 0.03320300 0.03997100
8 0.18212900 0.76344500 0.03222700 0.03997100
22 0.26806600 0.76271800 0.03222700 0.03997100
4 0.31201200 0.76344500 0.03418000 0.03997100
0 0.44384800 0.75981100 0.03418000 0.03997100
19 0.53076200 0.75763100 0.03418000 0.03997100
3 0.61572300 0.75581400 0.03222700 0.03924400
14 0.65722700 0.75472400 0.03320300 0.03851700
12 0.69921900 0.75327000 0.03125000 0.03561000
8 0.73974600 0.75218000 0.03027300 0.03488400
10 0.77832000 0.75109000 0.03125000 0.03561000
8 0.82128900 0.74963700 0.03125000 0.03561000
3 0.89941400 0.74709300 0.03125000 0.03488400
11 0.93652300 0.74636600 0.02929700 0.03488400
15 0.06396500 0.82412800 0.03027300 0.03779100
19 0.18017600 0.82812500 0.03222700 0.03997100
8 0.22314500 0.82812500 0.03222700 0.03997100
2 0.26757800 0.82812500 0.03320300 0.03997100
