17 0.04687500 0.20781250 0.08750000 0.18750000
6 0.24531250 0.16250000 0.08750000 0.17656250
15 0.12500000 0.65000000 0.11875000 0.22031250
14 0.35000000 0.14375000 0.08750000 0.17500000
13 0.45000000 0.10937500 0.09062500 0.16562500
18 0.24687500 0.61718750 0.11406250 0.22031250
4 0.37968750 0.58437500 0.10000000 0.21093750
17 0.38593750 0.86875000 0.11250000 0.26093750
18 0.52812500 0.82500000 0.11250000 0.26562500
4 0.54218750 0.10156250 0.08281250 0.15781250
16 0.49687500 0.54843750 0.10781250 0.20156250
23 0.64843750 0.78750000 0.12187500 0.22500000
