1 0.63437500 0.51875000 0.04531250 0.08281250
3 0.67968750 0.52187500 0.04218750 0.07812500
18 0.63437500 0.61562500 0.05000000 0.09843750
8 0.58125000 0.61562500 0.04531250 0.09062500
1 0.58125000 0.84062500 0.05000000 0.10312500
4 0.63750000 0.84375000 0.05625000 0.10937500
18 0.80312500 0.72812500 0.05937500 0.10000000
17 0.88125000 0.86718750 0.05937500 0.10468750
18 0.93750000 0.87500000 0.05000000 0.10937500
19 0.81718750 0.85937500 0.06250000 0.10468750
9 0.75468750 0.86562500 0.05937500 0.11875000
7 0.85625000 0.73437500 0.05000000 0.09062500
