2 0.80712900 0.09774700 0.02050800 0.02398300
4 0.83056600 0.09920100 0.02050800 0.02398300
13 0.11621100 0.12245600 0.01953100 0.02252900
0 0.14062500 0.12173000 0.02148400 0.02398300
3 0.16699200 0.12027600 0.01953100 0.02252900
17 0.19238300 0.11918600 0.02148400 0.02325600
22 0.24609400 0.11700600 0.02148400 0.02470900
0 0.27099600 0.11591600 0.02050800 0.02398300
4 0.29834000 0.11591600 0.02050800 0.02398300
19 0.32470700 0.11555200 0.02050800 0.02325600
18 0.35156200 0.11555200 0.02148400 0.02325600
0 0.11474600 0.18095900 0.02050800 0.02180200
25 0.16601600 0.18059600 0.02148400 0.02398300
11 0.19091800 0.18023300 0.02050800 0.02325600
14 0.21826200 0.17914200 0.02050800 0.02398300
3 0.24511700 0.17841600 0.02148400 0.02398300
4 0.27246100 0.17805200 0.02148400 0.02325600
12 0.35205100 0.17732600 0.02050800 0.02180200
14 0.37890600 0.17768900 0.01953100 0.02252900
11 0.40625000 0.17805200 0.02148400 0.02325600
16 0.43261700 0.17805200 0.02148400 0.02325600
8 0.45947300 0.17877900 0.02050800 0.02180200
19 0.48437500 0.17841600 0.01953100 0.02107600
20 0.11181600 0.24564000 0.02050800 0.02325600
7 0.13720700 0.24527600 0.02050800 0.02252900
12 0.16455100 0.24454900 0.02050800 0.02398300
4 0.27148400 0.24309600 0.02148400 0.02398300
19 0.29931600 0.24273300 0.02050800 0.02470900
18 0.32617200 0.24273300 0.02148400 0.02325600
11 0.21777300 0.24382300 0.02148400 0.02398300
22 0.10986300 0.30923000 0.02050800 0.02543600
3 0.13574200 0.31032000 0.02148400 0.02470900
17 0.16259800 0.30959300 0.02050800 0.02470900
20 0.19043000 0.30886600 0.02148400 0.02470900
6 0.21728500 0.30814000 0.02050800 0.02325600
14 0.27099600 0.30814000 0.02246100 0.02325600
19 0.29980500 0.30850300 0.02148400 0.02398300
10 0.32666000 0.30814000 0.02050800 0.02470900
20 0.35351600 0.30886600 0.02148400 0.02470900
0 0.40771500 0.30814000 0.02050800 0.02325600
19 0.46142600 0.30886600 0.02050800 0.02470900
14 0.48730500 0.30923000 0.02148400 0.02543600
11 0.53808600 0.31104700 0.02148400 0.02616300
4 0.56347700 0.31177300 0.02148400 0.02616300
19 0.58886700 0.31177300 0.02148400 0.02616300
8 0.61425800 0.31213700 0.02148400 0.02543600
19 0.64062500 0.31286300 0.02148400 0.02543600
3 0.38183600 0.30741300 0.02148400 0.02470900
12 0.10791000 0.37536300 0.02246100 0.02398300
0 0.13427700 0.37536300 0.02050800 0.02398300
11 0.16064500 0.37536300 0.02050800 0.02398300
4 0.18896500 0.37500000 0.02246100 0.02470900
13 0.21777300 0.37427300 0.02148400 0.02325600
10 0.27246100 0.37463700 0.01953100 0.02398300
8 0.30127000 0.37500000 0.02246100 0.02470900
0 0.46191400 0.37536300 0.01953100 0.02398300
17 0.48828100 0.37609000 0.01953100 0.02398300
8 0.51318400 0.37609000 0.02050800 0.02398300
10 0.53808600 0.37718000 0.01953100 0.02470900
10 0.38183600 0.37536300 0.01953100 0.02398300
14 0.40918000 0.37536300 0.02148400 0.02398300
12 0.43701200 0.37536300 0.02050800 0.02398300
8 0.10693400 0.44149700 0.02246100 0.02543600
22 0.16113300 0.44113400 0.02343800 0.02470900
17 0.21826200 0.44113400 0.02246100 0.02470900
20 0.24560500 0.44113400 0.02246100 0.02470900
10 0.27294900 0.44077000 0.02246100 0.02543600
4 0.30127000 0.44077000 0.02246100 0.02543600
4 0.35644500 0.44113400 0.02148400 0.02470900
6 0.38281200 0.44113400 0.02148400 0.02470900
14 0.41015600 0.44149700 0.02148400 0.02398300
6 0.46191400 0.44186000 0.02148400 0.02470900
14 0.48828100 0.44222400 0.02148400 0.02398300
17 0.51318400 0.44222400 0.02050800 0.02398300
8 0.53906200 0.44295100 0.02148400 0.02398300
19 0.56445300 0.44258700 0.02148400 0.02470900
12 0.10400400 0.51017400 0.02246100 0.02325600
0 0.13134800 0.50944800 0.02246100 0.02325600
11 0.15966800 0.50908400 0.02246100 0.02398300
4 0.18798800 0.50908400 0.02246100 0.02398300
13 0.21728500 0.50908400 0.02246100 0.02398300
10 0.27294900 0.50908400 0.02246100 0.02398300
8 0.30127000 0.50799400 0.02246100 0.02325600
5 0.38476600 0.50799400 0.02148400 0.02325600
14 0.41113300 0.50799400 0.02148400 0.02325600
13 0.43847700 0.50799400 0.02148400 0.02325600
0 0.46386700 0.50799400 0.02148400 0.02325600
17 0.48974600 0.50763100 0.02050800 0.02252900
8 0.51464800 0.50763100 0.01953100 0.02252900
10 0.54052700 0.50726700 0.02050800 0.02325600
6 0.13037100 0.57921500 0.02246100 0.02470900
3 0.15918000 0.57885200 0.02343800 0.02398300
4 0.18798800 0.57848800 0.02246100 0.02470900
20 0.24560500 0.57812500 0.02246100 0.02398300
1 0.27343800 0.57739800 0.02148400 0.02398300
8 0.30273400 0.57630800 0.02148400 0.02325600
2 0.35839800 0.57558100 0.02148400 0.02325600
0 0.38476600 0.57485500 0.02148400 0.02325600
6 0.43847700 0.57412800 0.02148400 0.02325600
3 0.46484400 0.57412800 0.02148400 0.02325600
4 0.49072300 0.57376500 0.02050800 0.02398300
25 0.54101600 0.57340100 0.02148400 0.02325600
11 0.56591800 0.57231100 0.02050800 0.02252900
14 0.59228500 0.57231100 0.02050800 0.02252900
3 0.61767600 0.57194800 0.02050800 0.02325600
4 0.64306600 0.57158400 0.02050800 0.02252900
13 0.10009800 0.65043600 0.02246100 0.02470900
4 0.12841800 0.64970900 0.02246100 0.02470900
1 0.18652300 0.64825600 0.02343800 0.02470900
14 0.21630900 0.64789200 0.02246100 0.02543600
18 0.27343800 0.64680200 0.02343800 0.02470900
4 0.35791000 0.64389500 0.02246100 0.02470900
6 0.38525400 0.64316900 0.02246100 0.02470900
14 0.41162100 0.64244200 0.02246100 0.02470900
10 0.46533200 0.64098800 0.02050800 0.02325600
14 0.49072300 0.64062500 0.02050800 0.02398300
6 0.51562500 0.63989800 0.02148400 0.02398300
19 0.54150400 0.63917200 0.02050800 0.02398300
4 0.56689500 0.63880800 0.02050800 0.02325600
15 0.09912100 0.72347400 0.02246100 0.02543600
14 0.12744100 0.72274700 0.02246100 0.02543600
3 0.15771500 0.72129400 0.02246100 0.02543600
11 0.18603500 0.72020300 0.02246100 0.02470900
4 0.21630900 0.71911300 0.02246100 0.02398300
19 0.24462900 0.71766000 0.02246100 0.02398300
0 0.27294900 0.71657000 0.02246100 0.02470900
4 0.30127000 0.71511600 0.02246100 0.02470900
19 0.32910200 0.71439000 0.02148400 0.02325600
10 0.38281200 0.71220900 0.02148400 0.02325600
15 0.43945300 0.71002900 0.02148400 0.02325600
0 0.46582000 0.70857600 0.02148400 0.02325600
20 0.49169900 0.70857600 0.02050800 0.02325600
10 0.51709000 0.70784900 0.02050800 0.02325600
20 0.54248000 0.70712200 0.02050800 0.02325600
18 0.09863300 0.79760200 0.02343800 0.02543600
0 0.12793000 0.79578500 0.02343800 0.02470900
1 0.15332000 0.79469500 0.02343800 0.02543600
11 0.18652300 0.79287800 0.02343800 0.02470900
22 0.27392600 0.78779100 0.02246100 0.02470900
13 0.33056600 0.78488400 0.02246100 0.02470900
8 0.35791000 0.78343000 0.02246100 0.02470900
12 0.38525400 0.78234000 0.02246100 0.02543600
0 0.41259800 0.78088700 0.02246100 0.02543600
4 0.43994100 0.77979700 0.02246100 0.02470900
19 0.46630900 0.77834300 0.02246100 0.02470900
8 0.09765600 0.87064000 0.02148400 0.02616300
4 0.15722700 0.86773300 0.02148400 0.02616300
12 0.18701200 0.86700600 0.02441400 0.02616300
20 0.21630900 0.86555200 0.02246100 0.02470900
13 0.27392600 0.86082800 0.02246100 0.02543600
0 0.30175800 0.86046500 0.02148400 0.02616300
22 0.35937500 0.85574100 0.02148400 0.02543600
12 0.44091800 0.85174400 0.02246100 0.02616300
18 0.49511700 0.84811000 0.02148400 0.02616300
0 0.54589800 0.84556700 0.02148400 0.02543600
10 0.57128900 0.84411300 0.02148400 0.02543600
20 0.59814500 0.84266000 0.02246100 0.02543600
18 0.38671900 0.85428800 0.02148400 0.02543600
10 0.52050800 0.84665700 0.02148400 0.02616300
