17 0.09687500 0.21250000 0.08750000 0.17968750
7 0.19843750 0.18593750 0.09531250 0.18437500
11 0.12500000 0.43750000 0.09531250 0.16718750
4 0.06875000 0.69062500 0.09375000 0.17187500
14 0.19062500 0.90937500 0.10468750 0.17968750
14 0.23125000 0.41718750 0.09375000 0.17031250
18 0.41250000 0.13906250 0.09062500 0.17656250
14 0.32812500 0.38906250 0.08750000 0.16718750
3 0.26250000 0.62968750 0.09843750 0.17656250
18 0.39843750 0.83750000 0.08750000 0.20625000
14 0.50156250 0.81406250 0.09531250 0.17500000
23 0.47187500 0.57343750 0.09843750 0.17500000
0 0.36250000 0.60468750 0.07812500 0.16250000
7 0.50625000 0.11718750 0.08593750 0.17500000
4 0.61250000 0.10625000 0.10000000 0.18437500
17 0.56718750 0.55312500 0.08593750 0.17500000
6 0.68750000 0.73750000 0.08750000 0.17031250
