14 0.10351600 0.14607600 0.01953100 0.02180200
13 0.12793000 0.14534900 0.01953100 0.02180200
25 0.17578100 0.14425900 0.01953100 0.02107600
3 0.20214800 0.14280500 0.01953100 0.02107600
4 0.22558600 0.14207800 0.01953100 0.02107600
18 0.24902300 0.14135200 0.01953100 0.02107600
13 0.32324200 0.13808100 0.01953100 0.02180200
14 0.34814500 0.13735500 0.02050800 0.02180200
16 0.37255900 0.13662800 0.02050800 0.02180200
20 0.39843800 0.13517400 0.01953100 0.02180200
4 0.42382800 0.13444800 0.01953100 0.02180200
19 0.44873000 0.13335800 0.02050800 0.02252900
13 0.50097700 0.13154100 0.01953100 0.02180200
4 0.52636700 0.13045100 0.01953100 0.02252900
13 0.57910200 0.12899700 0.02148400 0.02252900
0 0.60449200 0.12790700 0.02148400 0.02325600
11 0.65820300 0.12609000 0.02148400 0.02252900
3 0.71289100 0.12391000 0.02148400 0.02252900
8 0.73974600 0.12318300 0.02050800 0.02252900
13 0.76660200 0.12245600 0.02148400 0.02252900
4 0.79394500 0.12173000 0.02148400 0.02252900
0 0.10449200 0.17768900 0.01953100 0.02107600
13 0.15185500 0.17478200 0.01855500 0.02107600
0 0.17529300 0.17405500 0.01855500 0.02107600
0 0.22412100 0.17223800 0.01855500 0.02180200
18 0.24902300 0.17151200 0.01953100 0.02180200
5 0.27246100 0.17114800 0.01953100 0.02107600
0 0.29785200 0.17005800 0.01953100 0.02180200
11 0.32226600 0.16933100 0.01953100 0.02180200
19 0.37304700 0.16787800 0.01953100 0.02180200
14 0.39843800 0.16715100 0.01953100 0.02180200
22 0.42382800 0.16606100 0.01953100 0.02107600
14 0.44921900 0.16497100 0.01953100 0.02180200
6 0.52685500 0.16279100 0.02050800 0.02180200
14 0.55224600 0.16206400 0.02050800 0.02180200
17 0.57910200 0.16133700 0.01953100 0.02180200
4 0.60546900 0.16061000 0.01953100 0.02180200
4 0.10302700 0.20639500 0.01855500 0.02180200
6 0.12646500 0.20603200 0.01855500 0.02107600
14 0.15039100 0.20530500 0.01953100 0.02107600
19 0.19873000 0.20385200 0.01855500 0.02107600
17 0.22314500 0.20312500 0.01855500 0.02107600
4 0.24755900 0.20239800 0.01855500 0.02107600
22 0.27197300 0.20167200 0.01855500 0.02107600
14 0.29785200 0.20058100 0.01953100 0.02180200
9 0.32226600 0.20021800 0.01953100 0.02252900
8 0.34765600 0.19985500 0.01953100 0.02180200
19 0.37207000 0.19912800 0.01953100 0.02180200
10 0.42382800 0.19840100 0.01953100 0.02180200
17 0.44921900 0.19767400 0.01953100 0.02180200
8 0.47509800 0.19694800 0.02050800 0.02180200
10 0.50048800 0.19585800 0.02050800 0.02252900
15 0.55322300 0.19440400 0.02050800 0.02252900
0 0.57959000 0.19367700 0.02050800 0.02252900
22 0.60595700 0.19258700 0.02050800 0.02180200
11 0.63232400 0.19149700 0.02050800 0.02252900
8 0.65869100 0.19077000 0.02050800 0.02252900
13 0.68603500 0.19004400 0.02050800 0.02252900
8 0.71337900 0.18931700 0.02050800 0.02252900
17 0.10107400 0.23655500 0.01855500 0.02107600
16 0.14892600 0.23582800 0.01855500 0.02107600
0 0.17334000 0.23510200 0.01855500 0.02107600
13 0.19775400 0.23437500 0.01855500 0.02107600
4 0.24755900 0.23292200 0.01855500 0.02107600
19 0.29687500 0.23255800 0.01953100 0.02180200
8 0.32226600 0.23183100 0.01953100 0.02180200
6 0.34668000 0.23110500 0.01953100 0.02180200
17 0.37304700 0.23037800 0.01953100 0.02180200
0 0.39794900 0.23037800 0.02050800 0.02180200
13 0.44921900 0.23037800 0.01953100 0.02180200
0 0.47460900 0.22928800 0.01953100 0.02252900
25 0.52734400 0.22747100 0.01953100 0.02180200
0 0.55273400 0.22638100 0.01953100 0.02252900
17 0.57910200 0.22565400 0.01953100 0.02252900
4 0.60546900 0.22492700 0.01953100 0.02252900
14 0.14892600 0.26598800 0.01855500 0.02180200
13 0.17236300 0.26526200 0.01855500 0.02180200
8 0.22216800 0.26526200 0.01855500 0.02180200
23 0.24707000 0.26453500 0.01953100 0.02180200
4 0.27197300 0.26453500 0.01855500 0.02180200
19 0.29687500 0.26380800 0.01953100 0.02180200
3 0.34716800 0.26308100 0.01855500 0.02180200
13 0.37304700 0.26235500 0.01953100 0.02180200
4 0.39794900 0.26235500 0.01855500 0.02180200
12 0.42334000 0.26199100 0.01855500 0.02252900
15 0.47460900 0.26090100 0.01953100 0.02180200
17 0.50097700 0.26017400 0.01953100 0.02180200
14 0.52636700 0.25944800 0.01953100 0.02180200
7 0.55273400 0.25872100 0.01953100 0.02180200
11 0.57861300 0.25835800 0.02050800 0.02252900
0 0.60498000 0.25763100 0.02050800 0.02252900
3 0.63232400 0.25690400 0.02050800 0.02252900
13 0.65869100 0.25617700 0.02050800 0.02252900
14 0.68603500 0.25508700 0.02050800 0.02180200
19 0.76806600 0.25327000 0.02050800 0.02252900
4 0.79492200 0.25254400 0.02148400 0.02252900
13 0.82226600 0.25181700 0.02148400 0.02252900
8 0.84863300 0.25218000 0.02148400 0.02325600
8 0.14794900 0.29796500 0.01855500 0.02180200
13 0.19580100 0.29723800 0.01855500 0.02180200
4 0.22119100 0.29651200 0.01855500 0.02180200
13 0.27197300 0.29578500 0.01855500 0.02180200
0 0.29687500 0.29542200 0.01953100 0.02252900
3 0.34765600 0.29469500 0.01953100 0.02252900
4 0.42382800 0.29360500 0.01953100 0.02180200
4 0.44873000 0.29287800 0.01855500 0.02180200
13 0.50000000 0.29251500 0.01953100 0.02252900
8 0.52685500 0.29178800 0.02050800 0.02252900
6 0.55224600 0.29106100 0.02050800 0.02252900
3 0.57861300 0.29033400 0.02050800 0.02252900
4 0.60546900 0.28960800 0.01953100 0.02252900
19 0.14648400 0.32812500 0.01953100 0.02107600
14 0.17138700 0.32776200 0.01855500 0.02180200
12 0.19580100 0.32776200 0.01855500 0.02180200
18 0.24609400 0.32703500 0.01953100 0.02180200
14 0.32177700 0.32667200 0.01855500 0.02107600
19 0.34668000 0.32667200 0.01953100 0.02107600
18 0.39746100 0.32594500 0.01953100 0.02252900
10 0.42285200 0.32594500 0.01953100 0.02252900
20 0.44824200 0.32521800 0.01953100 0.02252900
10 0.47460900 0.32521800 0.01953100 0.02252900
8 0.50000000 0.32521800 0.01953100 0.02252900
8 0.55175800 0.32449100 0.01953100 0.02252900
14 0.60546900 0.32376500 0.01953100 0.02252900
19 0.63134800 0.32158400 0.02050800 0.02252900
11 0.68603500 0.32085800 0.02050800 0.02252900
4 0.71289100 0.32013100 0.02148400 0.02252900
13 0.73974600 0.31976700 0.02050800 0.02325600
8 0.76709000 0.31904100 0.02050800 0.02325600
1 0.14599600 0.35937500 0.01855500 0.02252900
4 0.17041000 0.35901200 0.01855500 0.02180200
25 0.19628900 0.35901200 0.01953100 0.02180200
25 0.22119100 0.35901200 0.01855500 0.02180200
22 0.24560500 0.35901200 0.01855500 0.02180200
20 0.27099600 0.35864800 0.01855500 0.02252900
16 0.29638700 0.35828500 0.01855500 0.02180200
13 0.32177700 0.35828500 0.01855500 0.02180200
14 0.34668000 0.35828500 0.01953100 0.02180200
11 0.42334000 0.35792200 0.01855500 0.02252900
4 0.44873000 0.35755800 0.01855500 0.02180200
15 0.47460900 0.35755800 0.01953100 0.02180200
0 0.50000000 0.35719500 0.01953100 0.02252900
4 0.52587900 0.35683100 0.02050800 0.02180200
19 0.55175800 0.35610500 0.01953100 0.02180200
10 0.60498000 0.35465100 0.02050800 0.02325600
22 0.65869100 0.35392400 0.02050800 0.02325600
14 0.68505900 0.35356100 0.02050800 0.02252900
3 0.71240200 0.35356100 0.02050800 0.02252900
4 0.73974600 0.35283400 0.02050800 0.02252900
17 0.09619100 0.39062500 0.01855500 0.02107600
16 0.14502000 0.39026200 0.01855500 0.02180200
8 0.16992200 0.39026200 0.01757800 0.02180200
19 0.19482400 0.39026200 0.01855500 0.02180200
13 0.24560500 0.39098800 0.01855500 0.02180200
0 0.27050800 0.39098800 0.01953100 0.02180200
18 0.32128900 0.39026200 0.01953100 0.02180200
19 0.34716800 0.38989800 0.01855500 0.02107600
14 0.37207000 0.38989800 0.01953100 0.02107600
17 0.39746100 0.39026200 0.01953100 0.02180200
14 0.42285200 0.38953500 0.01953100 0.02180200
9 0.44824200 0.38953500 0.01953100 0.02180200
0 0.47363300 0.38953500 0.01953100 0.02180200
13 0.52539100 0.38880800 0.01953100 0.02180200
4 0.55175800 0.38844500 0.01953100 0.02252900
6 0.57714800 0.38808100 0.01953100 0.02180200
17 0.60449200 0.38735500 0.01953100 0.02180200
14 0.63134800 0.38699100 0.02050800 0.02252900
12 0.65820300 0.38662800 0.01953100 0.02325600
10 0.68505900 0.38662800 0.02050800 0.02325600
14 0.71289100 0.38626500 0.02148400 0.02252900
13 0.09521500 0.42151200 0.01855500 0.02180200
14 0.11962900 0.42151200 0.01855500 0.02180200
13 0.16943400 0.42151200 0.01855500 0.02180200
4 0.19433600 0.42151200 0.01953100 0.02180200
17 0.24511700 0.42151200 0.01953100 0.02180200
16 0.29638700 0.42187500 0.01855500 0.02107600
8 0.32080100 0.42187500 0.01855500 0.02107600
15 0.42334000 0.42151200 0.01855500 0.02180200
17 0.44824200 0.42151200 0.01953100 0.02180200
8 0.47363300 0.42078500 0.01953100 0.02180200
3 0.50000000 0.42078500 0.01953100 0.02180200
4 0.52539100 0.42078500 0.01953100 0.02180200
19 0.55127000 0.42078500 0.01855500 0.02180200
25 0.60400400 0.42042200 0.01855500 0.02252900
8 0.63085900 0.42042200 0.01953100 0.02252900
12 0.65722700 0.41933100 0.01953100 0.02180200
0 0.68505900 0.41933100 0.02050800 0.02325600
22 0.09521500 0.45276200 0.01855500 0.02180200
4 0.11914100 0.45276200 0.01953100 0.02180200
17 0.14404300 0.45276200 0.01855500 0.02180200
13 0.16943400 0.45312500 0.01855500 0.02107600
20 0.19384800 0.45276200 0.01855500 0.02180200
19 0.21923800 0.45276200 0.01855500 0.02180200
18 0.24462900 0.45276200 0.01855500 0.02180200
22 0.32080100 0.45348800 0.01855500 0.02180200
6 0.39746100 0.45312500 0.01953100 0.02252900
0 0.42236300 0.45312500 0.01855500 0.02252900
8 0.47314500 0.45276200 0.01855500 0.02180200
15 0.52539100 0.45239800 0.01953100 0.02252900
14 0.55078100 0.45239800 0.01953100 0.02252900
25 0.57812500 0.45239800 0.01953100 0.02252900
4 0.60400400 0.45239800 0.02050800 0.02252900
12 0.63037100 0.45239800 0.02050800 0.02252900
10 0.65722700 0.45203500 0.01953100 0.02325600
0 0.68457000 0.45167200 0.01953100 0.02252900
8 0.09423800 0.48401200 0.01855500 0.02180200
1 0.14306600 0.48437500 0.01855500 0.02107600
20 0.16796900 0.48437500 0.01953100 0.02107600
3 0.19335900 0.48473800 0.01953100 0.02180200
4 0.21875000 0.48473800 0.01953100 0.02180200
19 0.32080100 0.48473800 0.01855500 0.02180200
20 0.39746100 0.48473800 0.01953100 0.02180200
9 0.42187500 0.48473800 0.01953100 0.02180200
4 0.44824200 0.48473800 0.01953100 0.02180200
13 0.49902300 0.48473800 0.01953100 0.02180200
4 0.52441400 0.48473800 0.01953100 0.02180200
5 0.57714800 0.48473800 0.01953100 0.02180200
14 0.60351600 0.48473800 0.01953100 0.02180200
12 0.63037100 0.48473800 0.02050800 0.02180200
10 0.65722700 0.48473800 0.01953100 0.02180200
0 0.68457000 0.48437500 0.01953100 0.02252900
0 0.09375000 0.51453500 0.01953100 0.02180200
12 0.14257800 0.51526200 0.01953100 0.02180200
0 0.16699200 0.51562500 0.01953100 0.02252900
19 0.19238300 0.51598800 0.01953100 0.02180200
4 0.21826200 0.51598800 0.01855500 0.02180200
17 0.24414100 0.51598800 0.01953100 0.02180200
14 0.29443400 0.51598800 0.01855500 0.02180200
12 0.37109400 0.51671500 0.01953100 0.02180200
4 0.39648400 0.51671500 0.01953100 0.02180200
3 0.42187500 0.51671500 0.01953100 0.02180200
22 0.44726600 0.51671500 0.01953100 0.02180200
4 0.47363300 0.51707800 0.01953100 0.02252900
3 0.49902300 0.51707800 0.01953100 0.02252900
5 0.57763700 0.51671500 0.02050800 0.02180200
14 0.60351600 0.51671500 0.01953100 0.02180200
12 0.63037100 0.51671500 0.02050800 0.02180200
0 0.65673800 0.51671500 0.02050800 0.02180200
15 0.26757800 0.57957800 0.01953100 0.02252900
17 0.29296900 0.57957800 0.01953100 0.02252900
14 0.31835900 0.58030500 0.01953100 0.02252900
6 0.37011700 0.58030500 0.01953100 0.02252900
8 0.39550800 0.58030500 0.01953100 0.02252900
15 0.42089800 0.58030500 0.01953100 0.02252900
15 0.44628900 0.58030500 0.01953100 0.02252900
14 0.47265600 0.58103200 0.01953100 0.02252900
15 0.49804700 0.58103200 0.01953100 0.02252900
14 0.52441400 0.58103200 0.01953100 0.02252900
19 0.55029300 0.58175900 0.02050800 0.02252900
0 0.57666000 0.58212200 0.02050800 0.02325600
12 0.60302700 0.58212200 0.02050800 0.02325600
0 0.62939500 0.58284900 0.02050800 0.02325600
20 0.09082000 0.61046500 0.01953100 0.02180200
6 0.11523400 0.61046500 0.01953100 0.02180200
14 0.14062500 0.61082800 0.01953100 0.02252900
22 0.16601600 0.61082800 0.01953100 0.02252900
14 0.19091800 0.61119200 0.02050800 0.02180200
17 0.21630900 0.61155500 0.02050800 0.02252900
8 0.24121100 0.61191900 0.01953100 0.02180200
11 0.26757800 0.61119200 0.01953100 0.02180200
8 0.29296900 0.61155500 0.01953100 0.02252900
18 0.31835900 0.61155500 0.01953100 0.02252900
8 0.44628900 0.61264500 0.01953100 0.02180200
12 0.49804700 0.61337200 0.01953100 0.02325600
0 0.52343800 0.61373500 0.01953100 0.02252900
12 0.55078100 0.61446200 0.01953100 0.02252900
0 0.57714800 0.61409900 0.01953100 0.02325600
3 0.08984400 0.64171500 0.01953100 0.02180200
14 0.11474600 0.64171500 0.01855500 0.02180200
9 0.14013700 0.64244200 0.01855500 0.02180200
3 0.16552700 0.64244200 0.01855500 0.02180200
0 0.19043000 0.64316900 0.01953100 0.02180200
19 0.21630900 0.64316900 0.01855500 0.02180200
18 0.26660200 0.64353200 0.01953100 0.02252900
22 0.34375000 0.64425900 0.01953100 0.02252900
7 0.39453100 0.64498500 0.01953100 0.02252900
14 0.42089800 0.64571200 0.01953100 0.02252900
3 0.44628900 0.64571200 0.01953100 0.02252900
13 0.47168000 0.64607600 0.01953100 0.02325600
14 0.49804700 0.64607600 0.01953100 0.02325600
6 0.52441400 0.64643900 0.01953100 0.02252900
14 0.55029300 0.64716600 0.02050800 0.02398300
3 0.60400400 0.64825600 0.02050800 0.02325600
13 0.63037100 0.64898300 0.02050800 0.02325600
8 0.08886700 0.67369200 0.01953100 0.02180200
15 0.13964800 0.67441900 0.01953100 0.02180200
14 0.16503900 0.67441900 0.01953100 0.02180200
18 0.19043000 0.67478200 0.01953100 0.02252900
12 0.21582000 0.67478200 0.01953100 0.02252900
14 0.24121100 0.67514500 0.01953100 0.02180200
19 0.26660200 0.67550900 0.01953100 0.02252900
17 0.29199200 0.67550900 0.01953100 0.02252900
4 0.31738300 0.67623500 0.01953100 0.02252900
19 0.34277300 0.67696200 0.01953100 0.02252900
6 0.41992200 0.67805200 0.01953100 0.02180200
8 0.44628900 0.67841600 0.01953100 0.02252900
6 0.49804700 0.67950600 0.01953100 0.02325600
8 0.52343800 0.68023300 0.01953100 0.02325600
19 0.57714800 0.68095900 0.01953100 0.02325600
14 0.60302700 0.68168600 0.02050800 0.02325600
15 0.63037100 0.68241300 0.02050800 0.02325600
0 0.65771500 0.68277600 0.02050800 0.02398300
12 0.68505900 0.68314000 0.02050800 0.02325600
0 0.71289100 0.68350300 0.02148400 0.02398300
13 0.08740200 0.70603200 0.01855500 0.02252900
4 0.11230500 0.70603200 0.01953100 0.02252900
19 0.13867200 0.70603200 0.01953100 0.02252900
6 0.18945300 0.70675900 0.01953100 0.02252900
8 0.21484400 0.70748500 0.01953100 0.02252900
15 0.26562500 0.70821200 0.01953100 0.02252900
14 0.29101600 0.70893900 0.01953100 0.02252900
15 0.31640600 0.70893900 0.01953100 0.02252900
14 0.36816400 0.70893900 0.01953100 0.02252900
19 0.41943400 0.71075600 0.02050800 0.02325600
14 0.44531200 0.71148300 0.01953100 0.02325600
19 0.47168000 0.71184600 0.01953100 0.02252900
14 0.52392600 0.71329900 0.02050800 0.02252900
15 0.57714800 0.71439000 0.01953100 0.02325600
14 0.60351600 0.71439000 0.01953100 0.02325600
15 0.62988300 0.71511600 0.01953100 0.02325600
0 0.65771500 0.71584300 0.02050800 0.02325600
12 0.68554700 0.71657000 0.02148400 0.02325600
0 0.71289100 0.71729700 0.02148400 0.02325600
13 0.08642600 0.73691900 0.01855500 0.02180200
4 0.11181600 0.73764500 0.01855500 0.02180200
19 0.13720700 0.73800900 0.01855500 0.02252900
6 0.18847700 0.73946200 0.01953100 0.02252900
8 0.21386700 0.73982600 0.01953100 0.02180200
19 0.26464800 0.74091600 0.01953100 0.02252900
14 0.29003900 0.74127900 0.01953100 0.02180200
19 0.31543000 0.74164200 0.01953100 0.02252900
14 0.34179700 0.74164200 0.01953100 0.02252900
15 0.39355500 0.74309600 0.01953100 0.02252900
14 0.41845700 0.74345900 0.02050800 0.02325600
15 0.44433600 0.74382300 0.01953100 0.02252900
14 0.47070300 0.74454900 0.01953100 0.02252900
15 0.52343800 0.74564000 0.01953100 0.02325600
14 0.55078100 0.74600300 0.01953100 0.02252900
19 0.57714800 0.74709300 0.01953100 0.02325600
0 0.60400400 0.74782000 0.02050800 0.02325600
12 0.63085900 0.74854700 0.01953100 0.02325600
0 0.65722700 0.74927300 0.01953100 0.02325600
15 0.08593800 0.76962200 0.01953100 0.02180200
20 0.11132800 0.76998500 0.01953100 0.02252900
18 0.13671900 0.77071200 0.01953100 0.02252900
19 0.16162100 0.77107600 0.02050800 0.02325600
12 0.23828100 0.77216600 0.01953100 0.02252900
0 0.26367200 0.77289200 0.01953100 0.02252900
12 0.28955100 0.77325600 0.02050800 0.02325600
0 0.31543000 0.77434600 0.01953100 0.02252900
18 0.36718800 0.77507300 0.01953100 0.02252900
10 0.39257800 0.77543600 0.01953100 0.02325600
0 0.41894500 0.77579900 0.01953100 0.02252900
9 0.44433600 0.77616300 0.01953100 0.02325600
4 0.47119100 0.77761600 0.02050800 0.02325600
19 0.49755900 0.77761600 0.02050800 0.02325600
25 0.55029300 0.77907000 0.02050800 0.02325600
0 0.57666000 0.78052300 0.02050800 0.02325600
12 0.63037100 0.78197700 0.02050800 0.02325600
4 0.65820300 0.78270300 0.01953100 0.02325600
13 0.68505900 0.78343000 0.02050800 0.02325600
22 0.13476600 0.80305200 0.01953100 0.02325600
14 0.16064500 0.80377900 0.02050800 0.02325600
11 0.21191400 0.80486900 0.01953100 0.02252900
8 0.23681600 0.80523300 0.02050800 0.02325600
22 0.28857400 0.80632300 0.02050800 0.02252900
14 0.33984400 0.80741300 0.01953100 0.02325600
19 0.36621100 0.80814000 0.01953100 0.02325600
10 0.39160200 0.80850300 0.01953100 0.02252900
17 0.41796900 0.80923000 0.01953100 0.02252900
19 0.47119100 0.81032000 0.02050800 0.02325600
4 0.52392600 0.81177300 0.02050800 0.02325600
22 0.57666000 0.81322700 0.02050800 0.02325600
14 0.60351600 0.81395300 0.02148400 0.02325600
17 0.63037100 0.81468000 0.02050800 0.02325600
14 0.65771500 0.81540700 0.02050800 0.02325600
19 0.68505900 0.81613400 0.02050800 0.02325600
0 0.71142600 0.81686000 0.02050800 0.02325600
8 0.13427700 0.83611900 0.02050800 0.02252900
15 0.18505900 0.83720900 0.02050800 0.02325600
14 0.21044900 0.83793600 0.02050800 0.02325600
1 0.23632800 0.83866300 0.02148400 0.02325600
4 0.26220700 0.83939000 0.02050800 0.02325600
9 0.28759800 0.83939000 0.02050800 0.02325600
0 0.31396500 0.84011600 0.02050800 0.02325600
11 0.33935500 0.84084300 0.02050800 0.02325600
8 0.36572300 0.84157000 0.02050800 0.02325600
12 0.41796900 0.84266000 0.01953100 0.02252900
22 0.49658200 0.84447700 0.02050800 0.02325600
3 0.52294900 0.84520300 0.02050800 0.02325600
22 0.55029300 0.84593000 0.02050800 0.02325600
14 0.57666000 0.84665700 0.02050800 0.02325600
4 0.60302700 0.84774700 0.02050800 0.02398300
12 0.62988300 0.84847400 0.02148400 0.02398300
