17 0.17343750 0.31953125 0.03281250 0.11796875
4 0.21093750 0.32265625 0.02968750 0.11484375
1 0.24843750 0.32265625 0.03125000 0.12500000
4 0.28593750 0.32265625 0.02968750 0.12812500
0 0.36562500 0.31953125 0.03125000 0.11093750
18 0.44375000 0.31953125 0.03281250 0.11484375
7 0.51875000 0.31953125 0.02968750 0.11484375
18 0.59218750 0.32265625 0.03281250 0.10781250
4 0.63125000 0.32265625 0.03437500 0.11484375
8 0.24531250 0.45859375 0.03125000 0.10781250
20 0.32500000 0.45859375 0.03593750 0.11093750
18 0.36406250 0.45859375 0.03281250 0.11093750
20 0.40468750 0.45468750 0.03593750 0.11796875
24 0.47968750 0.45859375 0.03437500 0.11484375
17 0.55781250 0.45859375 0.03437500 0.11796875
8 0.59687500 0.46171875 0.03281250 0.11796875
3 0.63437500 0.46171875 0.03281250 0.12187500
4 0.67187500 0.46171875 0.03125000 0.11796875
3 0.12812500 0.61093750 0.03281250 0.11796875
14 0.16406250 0.61093750 0.02968750 0.11093750
4 0.20156250 0.60781250 0.03437500 0.11796875
18 0.24218750 0.61484375 0.03437500 0.11484375
13 0.28281250 0.60781250 0.02968750 0.12187500
19 0.36250000 0.60078125 0.03750000 0.13203125
7 0.44218750 0.60781250 0.03437500 0.12500000
0 0.51718750 0.60390625 0.03281250 0.12500000
1 0.59843750 0.60781250 0.03437500 0.12500000
2 0.67500000 0.61484375 0.03125000 0.12500000
10 0.71250000 0.60781250 0.02812500 0.11796875
18 0.12343750 0.76015625 0.03281250 0.11796875
20 0.15937500 0.76015625 0.02656250 0.11796875
15 0.20000000 0.76015625 0.03281250 0.11796875
18 0.31875000 0.75312500 0.03281250 0.12187500
2 0.35937500 0.75312500 0.03281250 0.11484375
24 0.44062500 0.75000000 0.03593750 0.11484375
10 0.67812500 0.75312500 0.03437500 0.12500000
21 0.23593750 0.90625000 0.03125000 0.11796875
8 0.27500000 0.90625000 0.03437500 0.12187500
19 0.31718750 0.90625000 0.03750000 0.13203125
12 0.52187500 0.90312500 0.03593750 0.12500000
4 0.56093750 0.90312500 0.03437500 0.12500000
18 0.78125000 0.32656250 0.03125000 0.11484375
16 0.82031250 0.33359375 0.03437500 0.11796875
20 0.85625000 0.32656250 0.03125000 0.10781250
13 0.81718750 0.18750000 0.03437500 0.10781250
0 0.92187500 0.19453125 0.03281250 0.11484375
11 0.92968750 0.32968750 0.03281250 0.11796875
14 0.78593750 0.46171875 0.03437500 0.11484375
13 0.82500000 0.46875000 0.03437500 0.12187500
12 0.89687500 0.46562500 0.03125000 0.12187500
24 0.93593750 0.47187500 0.03437500 0.12187500
5 0.79218750 0.60390625 0.03593750 0.11484375
3 0.86562500 0.60781250 0.03281250 0.11093750
8 0.75625000 0.75703125 0.03437500 0.12500000
5 0.79531250 0.75703125 0.03437500 0.12500000
17 0.90625000 0.75312500 0.03593750 0.12500000
4 0.94531250 0.75312500 0.03125000 0.12500000
1 0.98281250 0.75000000 0.03281250 0.11484375
