18 0.15937500 0.20625000 0.07343750 0.16562500
7 0.25781250 0.19531250 0.07812500 0.16093750
4 0.34843750 0.17500000 0.07187500 0.15625000
3 0.27968750 0.62031250 0.09375000 0.16718750
0 0.38750000 0.60156250 0.08281250 0.16093750
12 0.44531250 0.16250000 0.08281250 0.16562500
3 0.62187500 0.13125000 0.07343750 0.15781250
14 0.71250000 0.13281250 0.06718750 0.15781250
3 0.49218750 0.58437500 0.09062500 0.17187500
0 0.46562500 0.36406250 0.07812500 0.15312500
5 0.55781250 0.35625000 0.07812500 0.17187500
18 0.65156250 0.34062500 0.08750000 0.17656250
21 0.80156250 0.12187500 0.07812500 0.16562500
13 0.87031250 0.12343750 0.06875000 0.14843750
11 0.71562500 0.77812500 0.11406250 0.16718750
0 0.61093750 0.78906250 0.10000000 0.17187500
18 0.67656250 0.53906250 0.09375000 0.16718750
4 0.74062500 0.32656250 0.08593750 0.17187500
