17 0.09687500 0.17031250 0.08750000 0.18750000
0 0.08125000 0.64062500 0.09531250 0.19843750
6 0.30000000 0.13437500 0.08750000 0.17656250
15 0.20000000 0.62656250 0.11875000 0.22031250
14 0.39375000 0.11718750 0.08593750 0.15312500
13 0.50000000 0.10156250 0.09062500 0.16562500
19 0.35000000 0.88125000 0.11875000 0.23750000
18 0.33437500 0.59062500 0.10312500 0.20156250
4 0.45000000 0.55937500 0.10000000 0.21250000
17 0.48437500 0.85156250 0.11250000 0.24218750
18 0.61093750 0.80156250 0.09531250 0.22968750
4 0.59062500 0.09375000 0.08281250 0.15781250
16 0.56406250 0.52812500 0.10781250 0.20156250
23 0.72500000 0.76250000 0.10468750 0.21250000
