19 0.16875000 0.62656250 0.10312500 0.14843750
4 0.26875000 0.60000000 0.09062500 0.16250000
25 0.38281250 0.57812500 0.08125000 0.13906250
3 0.13125000 0.85156250 0.08750000 0.15781250
14 0.21875000 0.82343750 0.08750000 0.15312500
21 0.33437500 0.77968750 0.09375000 0.16250000
13 0.41562500 0.74531250 0.08281250 0.16718750
18 0.53906250 0.89687500 0.08593750 0.16250000
7 0.62187500 0.87500000 0.08125000 0.15625000
12 0.10000000 0.22343750 0.07343750 0.14843750
0 0.19375000 0.19375000 0.07656250 0.15312500
3 0.29218750 0.15937500 0.08125000 0.15781250
18 0.58593750 0.67656250 0.08593750 0.14375000
19 0.55937500 0.09062500 0.08593750 0.13593750
4 0.38750000 0.13750000 0.08125000 0.15625000
16 0.70156250 0.83593750 0.08125000 0.13593750
7 0.66406250 0.66093750 0.07812500 0.14843750
5 0.63125000 0.45156250 0.07343750 0.15000000
