7 0.37343750 0.92656250 0.07343750 0.14375000
3 0.05781250 0.21718750 0.08281250 0.16093750
18 0.35156250 0.74687500 0.08593750 0.15000000
19 0.33750000 0.10468750 0.08593750 0.15312500
4 0.15000000 0.19062500 0.08125000 0.15625000
16 0.47187500 0.90000000 0.08125000 0.13593750
7 0.43750000 0.71093750 0.07812500 0.14843750
4 0.56093750 0.86875000 0.07812500 0.13125000
4 0.52500000 0.67656250 0.08593750 0.15000000
4 0.65000000 0.82968750 0.07343750 0.14062500
15 0.42968750 0.08437500 0.08281250 0.15312500
11 0.69687500 0.61562500 0.08281250 0.12968750
13 0.17500000 0.82500000 0.09843750 0.15000000
