18 0.19531250 0.83437500 0.08593750 0.15000000
19 0.16718750 0.18437500 0.08750000 0.15312500
7 0.28593750 0.80781250 0.08281250 0.14531250
4 0.41875000 0.93281250 0.07812500 0.13437500
4 0.38437500 0.77343750 0.08593750 0.15000000
4 0.51562500 0.92500000 0.07343750 0.14062500
15 0.27343750 0.16093750 0.08281250 0.15312500
11 0.56406250 0.68906250 0.08593750 0.14375000
5 0.22656250 0.60468750 0.07812500 0.15312500
11 0.33593750 0.57343750 0.09062500 0.13593750
19 0.43750000 0.53437500 0.08750000 0.13437500
14 0.64218750 0.66250000 0.08125000 0.14843750
17 0.52656250 0.50156250 0.08125000 0.16718750
3 0.67812500 0.84062500 0.07812500 0.15781250
18 0.77500000 0.93437500 0.07343750 0.13125000
23 0.83125000 0.75625000 0.06718750 0.14375000
