24 0.03593750 0.10390625 0.03906250 0.13906250
18 0.11875000 0.09687500 0.04062500 0.12812500
19 0.20781250 0.10078125 0.04218750 0.12812500
0 0.25156250 0.10078125 0.03906250 0.12500000
2 0.29375000 0.10390625 0.03593750 0.12500000
10 0.33593750 0.10390625 0.03750000 0.12812500
11 0.38125000 0.10390625 0.03906250 0.12500000
4 0.42343750 0.10781250 0.03593750 0.12812500
1 0.55312500 0.11093750 0.03593750 0.12812500
2 0.80781250 0.12500000 0.03750000 0.12812500
17 0.89062500 0.12187500 0.04062500 0.12812500
8 0.93125000 0.12500000 0.03750000 0.12500000
4 0.97031250 0.12500000 0.03906250 0.12812500
7 0.59687500 0.27421875 0.03750000 0.13281250
19 0.46718750 0.27109375 0.03750000 0.13281250
13 0.42500000 0.27421875 0.04062500 0.13593750
20 0.38125000 0.27109375 0.03593750 0.12500000
22 0.29375000 0.27109375 0.03750000 0.12187500
0 0.25000000 0.26718750 0.03750000 0.13281250
11 0.20625000 0.26015625 0.03750000 0.12500000
0 0.12031250 0.26406250 0.03906250 0.13437500
24 0.15937500 0.42734375 0.03593750 0.12500000
7 0.24531250 0.43046875 0.03750000 0.12812500
4 0.29062500 0.43046875 0.03593750 0.13125000
3 0.37968750 0.43046875 0.04062500 0.13593750
2 0.59218750 0.43750000 0.03750000 0.12500000
17 0.63593750 0.43750000 0.03437500 0.12500000
0 0.67812500 0.43750000 0.03437500 0.12187500
2 0.85000000 0.44062500 0.03593750 0.12187500
17 0.89062500 0.44453125 0.03437500 0.12812500
0 0.93125000 0.44765625 0.03125000 0.13281250
1 0.93125000 0.60078125 0.03750000 0.12812500
11 0.72187500 0.60078125 0.03593750 0.12187500
14 0.67968750 0.59687500 0.03281250 0.12500000
21 0.63750000 0.60078125 0.03750000 0.12500000
0 0.38125000 0.59375000 0.03750000 0.12500000
11 0.15781250 0.59062500 0.03750000 0.12500000
20 0.02968750 0.58671875 0.03750000 0.12500000
6 0.11406250 0.75312500 0.03750000 0.13281250
11 0.15625000 0.75312500 0.03750000 0.12812500
24 0.28906250 0.75312500 0.03593750 0.12500000
0 0.46250000 0.76015625 0.03281250 0.12500000
11 0.55000000 0.75703125 0.03593750 0.11718750
9 0.72187500 0.76015625 0.03593750 0.12500000
7 0.80781250 0.75703125 0.03750000 0.13593750
3 0.93281250 0.92031250 0.03593750 0.13906250
3 0.55000000 0.92343750 0.03593750 0.12812500
0 0.50937500 0.92343750 0.03750000 0.13593750
3 0.46562500 0.92343750 0.03593750 0.13593750
4 0.11562500 0.91640625 0.03750000 0.13906250
