11 0.53750000 0.23593750 0.03750000 0.12187500
11 0.75312500 0.41328125 0.03906250 0.11796875
24 0.53437500 0.40312500 0.03437500 0.11796875
24 0.20937500 0.38203125 0.04062500 0.13203125
18 0.30625000 0.38906250 0.03593750 0.12500000
0 0.35156250 0.38906250 0.03281250 0.12187500
20 0.20937500 0.55937500 0.03906250 0.12500000
13 0.30468750 0.56250000 0.03750000 0.11796875
14 0.35156250 0.56250000 0.03437500 0.12500000
25 0.44375000 0.56562500 0.03750000 0.12500000
24 0.79218750 0.57656250 0.03281250 0.11796875
14 0.34843750 0.73281250 0.03906250 0.12500000
13 0.48593750 0.73281250 0.03593750 0.11796875
13 0.61875000 0.73593750 0.03437500 0.11796875
13 0.05937500 0.90625000 0.03906250 0.12812500
17 0.30000000 0.90625000 0.03593750 0.12187500
10 0.39531250 0.90312500 0.03593750 0.12500000
