17 0.06562500 0.18437500 0.08750000 0.18750000
0 0.04843750 0.65000000 0.09531250 0.19843750
6 0.26250000 0.15312500 0.08750000 0.17656250
15 0.16093750 0.64062500 0.11875000 0.22031250
14 0.36718750 0.13750000 0.08750000 0.17500000
13 0.46406250 0.10781250 0.09062500 0.16562500
19 0.30000000 0.89531250 0.11250000 0.20781250
18 0.28750000 0.60937500 0.11406250 0.22031250
4 0.41093750 0.56562500 0.10000000 0.21093750
17 0.43281250 0.86250000 0.11250000 0.26093750
18 0.56718750 0.82500000 0.11406250 0.26562500
4 0.55781250 0.09531250 0.08281250 0.15781250
16 0.52968750 0.55000000 0.10781250 0.20156250
23 0.68593750 0.78281250 0.12187500 0.22500000
