18 0.24843750 0.85468750 0.11718750 0.24218750
7 0.37500000 0.84843750 0.11875000 0.23437500
7 0.15312500 0.16250000 0.09375000 0.17500000
4 0.24531250 0.15312500 0.08281250 0.17656250
21 0.44375000 0.11718750 0.09375000 0.17500000
4 0.50312500 0.82500000 0.11406250 0.23281250
0 0.52031250 0.11250000 0.07343750 0.16718750
17 0.61718750 0.10156250 0.08750000 0.16250000
2 0.47656250 0.52343750 0.10312500 0.18437500
7 0.57968750 0.51562500 0.09062500 0.18906250
0 0.68125000 0.50781250 0.09531250 0.19843750
6 0.78437500 0.09218750 0.06875000 0.13437500
