5 0.05625000 0.05555556 0.02812500 0.10069444
14 0.09218750 0.05555556 0.02968750 0.09722222
11 0.12968750 0.05208333 0.02968750 0.09375000
11 0.16875000 0.05555556 0.03125000 0.09375000
0 0.38906250 0.04513889 0.03125000 0.09027778
20 0.20312500 0.19444444 0.02968750 0.10416667
0 0.31250000 0.18402778 0.02656250 0.09375000
13 0.35000000 0.18750000 0.03125000 0.10069444
17 0.72812500 0.17708333 0.02968750 0.10416667
11 0.92343750 0.16666667 0.03593750 0.10416667
4 0.95781250 0.16666667 0.02968750 0.10416667
2 0.05468750 0.33333333 0.02968750 0.09722222
17 0.09062500 0.33680556 0.02812500 0.10069444
0 0.12656250 0.33333333 0.02656250 0.10416667
24 0.20156250 0.33333333 0.02968750 0.09722222
22 0.27656250 0.32986111 0.02968750 0.09722222
0 0.31250000 0.32638889 0.02812500 0.09722222
19 0.35156250 0.32638889 0.02968750 0.09722222
18 0.42500000 0.32986111 0.02968750 0.10069444
19 0.65156250 0.31944444 0.02968750 0.10069444
4 0.84375000 0.31597222 0.02812500 0.09722222
18 0.88281250 0.31597222 0.02812500 0.10069444
10 0.92187500 0.31250000 0.03125000 0.10416667
18 0.05312500 0.47222222 0.02812500 0.09722222
22 0.09062500 0.47222222 0.02968750 0.10069444
8 0.12812500 0.47222222 0.02968750 0.09722222
5 0.16406250 0.47222222 0.02968750 0.09722222
19 0.20312500 0.47222222 0.02968750 0.09722222
1 0.38906250 0.47222222 0.02812500 0.10763889
24 0.46250000 0.46527778 0.02812500 0.09722222
13 0.20156250 0.61111111 0.02656250 0.10069444
19 0.38906250 0.60763889 0.02968750 0.10069444
0 0.35156250 0.60763889 0.03125000 0.10069444
2 0.53750000 0.60416667 0.03125000 0.10069444
17 0.57500000 0.60416667 0.02968750 0.10069444
4 0.61250000 0.60416667 0.02968750 0.10416667
13 0.68906250 0.60069444 0.03125000 0.09722222
3 0.76718750 0.60416667 0.02812500 0.10416667
24 0.84531250 0.60416667 0.03281250 0.10416667
4 0.88437500 0.60069444 0.02968750 0.10416667
18 0.96093750 0.60069444 0.02968750 0.10069444
12 0.05468750 0.75347222 0.02968750 0.10069444
13 0.12812500 0.75000000 0.02812500 0.09722222
14 0.27656250 0.75347222 0.02812500 0.09722222
0 0.46250000 0.74652778 0.02812500 0.09722222
11 0.50156250 0.74652778 0.02968750 0.10069444
3 0.72968750 0.75000000 0.02968750 0.10416667
22 0.09218750 0.89236111 0.02968750 0.10416667
5 0.38750000 0.88888889 0.02812500 0.10416667
14 0.42500000 0.88541667 0.02812500 0.10416667
14 0.53906250 0.88888889 0.02968750 0.10416667
4 0.65312500 0.88541667 0.02968750 0.09722222
12 0.92343750 0.88888889 0.02968750 0.10763889
0 0.88593750 0.88541667 0.02812500 0.10416667
