5 0.14375000 0.21562500 0.08593750 0.17968750
11 0.23906250 0.19531250 0.08750000 0.17500000
19 0.34062500 0.17031250 0.09062500 0.17500000
17 0.43593750 0.14687500 0.09062500 0.17031250
18 0.07812500 0.45625000 0.08593750 0.17500000
7 0.16875000 0.44375000 0.08750000 0.18750000
4 0.26875000 0.41406250 0.08593750 0.18437500
18 0.03906250 0.68281250 0.07656250 0.17968750
7 0.10625000 0.67968750 0.08750000 0.19218750
16 0.19218750 0.67031250 0.09375000 0.16718750
4 0.21406250 0.87812500 0.09062500 0.16718750
11 0.31875000 0.86718750 0.09375000 0.17031250
7 0.53906250 0.13906250 0.09375000 0.17187500
12 0.42500000 0.83593750 0.09531250 0.19687500
4 0.29218750 0.63593750 0.08281250 0.16093750
11 0.46406250 0.37656250 0.08125000 0.15625000
4 0.39531250 0.60312500 0.08125000 0.17031250
14 0.52968750 0.80937500 0.10468750 0.17968750
14 0.55312500 0.35156250 0.08750000 0.16718750
18 0.71562500 0.10156250 0.07343750 0.16250000
14 0.64687500 0.33125000 0.08750000 0.16718750
3 0.58281250 0.55000000 0.09843750 0.17656250
18 0.72187500 0.74218750 0.08281250 0.19375000
