18 0.38281250 0.08680556 0.03593750 0.11111111
18 0.47343750 0.08680556 0.03437500 0.11805556
17 0.56562500 0.09027778 0.03593750 0.12152778
18 0.61250000 0.09375000 0.03593750 0.12152778
9 0.70156250 0.09375000 0.03593750 0.11805556
4 0.74843750 0.09722222 0.03593750 0.12500000
18 0.79375000 0.10069444 0.03750000 0.12152778
18 0.96875000 0.10763889 0.03281250 0.11805556
3 0.42812500 0.25347222 0.03593750 0.11458333
8 0.47343750 0.26388889 0.03437500 0.11458333
20 0.65625000 0.26388889 0.03437500 0.12500000
15 0.15156250 0.42361111 0.03750000 0.11805556
13 0.24375000 0.42708333 0.03593750 0.11458333
18 0.33593750 0.43055556 0.03593750 0.11805556
11 0.56406250 0.43402778 0.03437500 0.11111111
11 0.60937500 0.43402778 0.03593750 0.11111111
20 0.79375000 0.43750000 0.03437500 0.11805556
11 0.83906250 0.43750000 0.04062500 0.11805556
3 0.06406250 0.59027778 0.03593750 0.12847222
14 0.10781250 0.59375000 0.03593750 0.13888889
24 0.33437500 0.60069444 0.03593750 0.12847222
3 0.42656250 0.59722222 0.03437500 0.12847222
20 0.47187500 0.59722222 0.03437500 0.12500000
19 0.51562500 0.59722222 0.03437500 0.12500000
24 0.56250000 0.60069444 0.03437500 0.12500000
12 0.74687500 0.60416667 0.03593750 0.12152778
0 0.37968750 0.76736111 0.03281250 0.11458333
8 0.42656250 0.76736111 0.03437500 0.11805556
1 0.67187500 0.77083333 0.03281250 0.11111111
13 0.87812500 0.77777778 0.03593750 0.12152778
6 0.92343750 0.77777778 0.03125000 0.11805556
19 0.06562500 0.93055556 0.03281250 0.12152778
8 0.10625000 0.93055556 0.03281250 0.11111111
11 0.19687500 0.94097222 0.03906250 0.11458333
15 0.33281250 0.94097222 0.03750000 0.11458333
13 0.42500000 0.94097222 0.03750000 0.11805556
17 0.51718750 0.94444444 0.03593750 0.11111111
0 0.60625000 0.94097222 0.03281250 0.11458333
15 0.65156250 0.94097222 0.03437500 0.11458333
4 0.74375000 0.94097222 0.03437500 0.11458333
