11 0.12187500 0.20781250 0.09375000 0.16093750
14 0.21250000 0.19531250 0.09062500 0.15781250
14 0.31875000 0.17812500 0.09375000 0.16562500
4 0.04375000 0.45937500 0.08593750 0.19218750
3 0.22812500 0.40468750 0.09531250 0.17500000
0 0.33593750 0.39687500 0.08125000 0.17031250
23 0.44062500 0.37656250 0.09062500 0.17656250
17 0.53281250 0.36875000 0.08281250 0.17656250
14 0.13750000 0.66875000 0.10000000 0.18906250
18 0.35312500 0.62343750 0.10000000 0.17656250
17 0.36718750 0.86718750 0.09531250 0.18125000
0 0.46718750 0.83437500 0.08593750 0.17968750
14 0.46562500 0.59062500 0.09375000 0.17031250
8 0.57500000 0.80000000 0.08750000 0.19375000
3 0.67031250 0.78125000 0.09062500 0.18906250
6 0.64062500 0.56562500 0.09375000 0.17968750
14 0.71093750 0.34531250 0.08750000 0.15625000
