0 0.06093750 0.07265625 0.03437500 0.11796875
13 0.10937500 0.07265625 0.03750000 0.11484375
13 0.47187500 0.07968750 0.03750000 0.12500000
19 0.56406250 0.07968750 0.03437500 0.12500000
18 0.06250000 0.24687500 0.03750000 0.12500000
14 0.19843750 0.24687500 0.03593750 0.12500000
13 0.65312500 0.25000000 0.03593750 0.11796875
5 0.78906250 0.25000000 0.03750000 0.12187500
4 0.92187500 0.25000000 0.03750000 0.12500000
19 0.96562500 0.25312500 0.03593750 0.12500000
18 0.06250000 0.42031250 0.03906250 0.11796875
8 0.10781250 0.41640625 0.03593750 0.12187500
11 0.15625000 0.41640625 0.04531250 0.12187500
4 0.24687500 0.42343750 0.03906250 0.13515625
1 0.56406250 0.42343750 0.03906250 0.12500000
20 0.60781250 0.42031250 0.03593750 0.11796875
13 0.65312500 0.41640625 0.03750000 0.11796875
11 0.74531250 0.42031250 0.03437500 0.12187500
18 0.92500000 0.42031250 0.03750000 0.12187500
11 0.06250000 0.58671875 0.03906250 0.13203125
4 0.15312500 0.59062500 0.03750000 0.12812500
2 0.78750000 0.75703125 0.03593750 0.12187500
0 0.83125000 0.76015625 0.03281250 0.12812500
15 0.87812500 0.75703125 0.03593750 0.12187500
11 0.92187500 0.75703125 0.03437500 0.12187500
10 0.08281250 0.92343750 0.04062500 0.12500000
8 0.20000000 0.92734375 0.03593750 0.12187500
