12 0.19687500 0.06562500 0.03750000 0.13125000
4 0.24062500 0.06250000 0.03750000 0.12500000
4 0.33281250 0.06250000 0.03906250 0.12500000
8 0.47343750 0.05937500 0.03750000 0.11796875
11 0.56875000 0.05937500 0.03750000 0.11796875
11 0.60937500 0.06250000 0.04218750 0.12500000
6 0.70625000 0.06250000 0.04062500 0.12187500
4 0.75156250 0.06250000 0.03750000 0.12187500
11 0.75312500 0.22578125 0.03750000 0.12500000
11 0.70625000 0.22578125 0.03593750 0.13203125
18 0.47500000 0.22890625 0.03593750 0.12500000
13 0.20000000 0.23281250 0.04062500 0.13203125
18 0.15468750 0.40625000 0.03750000 0.12500000
11 0.20000000 0.40312500 0.03750000 0.13203125
8 0.24687500 0.40312500 0.03437500 0.12812500
3 0.28906250 0.40312500 0.03437500 0.13515625
14 0.56562500 0.39921875 0.03750000 0.12500000
17 0.61250000 0.39921875 0.03281250 0.12500000
11 0.65937500 0.57656250 0.03750000 0.13906250
0 0.61093750 0.57968750 0.03750000 0.13515625
11 0.38125000 0.57656250 0.03593750 0.12812500
13 0.29062500 0.57968750 0.03750000 0.12500000
20 0.24531250 0.57656250 0.03750000 0.11796875
8 0.07187500 0.57265625 0.03906250 0.13203125
17 0.02812500 0.57656250 0.03125000 0.12500000
18 0.47343750 0.74687500 0.03437500 0.11484375
4 0.61250000 0.75000000 0.03750000 0.12812500
12 0.75156250 0.75000000 0.03750000 0.12500000
13 0.66093750 0.92343750 0.03750000 0.13203125
18 0.42968750 0.92343750 0.03593750 0.12187500
