11 0.07343750 0.20625000 0.09531250 0.16250000
19 0.15781250 0.18125000 0.10000000 0.17187500
4 0.24687500 0.15312500 0.09375000 0.19843750
25 0.34687500 0.13125000 0.08750000 0.20312500
5 0.63281250 0.09531250 0.08125000 0.16093750
11 0.72187500 0.09062500 0.07187500 0.16093750
19 0.80625000 0.08281250 0.07343750 0.15000000
17 0.87343750 0.08593750 0.05156250 0.13125000
3 0.07968750 0.40781250 0.07343750 0.15781250
14 0.17031250 0.40000000 0.07812500 0.17500000
21 0.28593750 0.37812500 0.09375000 0.17968750
13 0.37968750 0.36406250 0.08125000 0.19375000
18 0.55937500 0.33281250 0.07812500 0.18125000
7 0.65156250 0.31875000 0.08750000 0.18750000
4 0.74531250 0.31093750 0.08593750 0.18750000
18 0.09687500 0.64375000 0.08125000 0.19687500
4 0.18437500 0.63281250 0.08281250 0.18437500
16 0.28437500 0.60468750 0.09375000 0.18125000
18 0.48750000 0.55468750 0.07343750 0.17187500
7 0.57500000 0.53437500 0.08125000 0.18437500
18 0.11093750 0.86406250 0.08125000 0.17968750
14 0.20468750 0.85468750 0.08593750 0.18437500
11 0.30000000 0.83437500 0.09375000 0.17968750
3 0.40468750 0.80000000 0.09375000 0.18437500
16 0.66875000 0.51875000 0.09375000 0.16718750
4 0.69687500 0.74062500 0.08593750 0.17656250
