21 0.19062500 0.38906250 0.10312500 0.21093750
14 0.29531250 0.38281250 0.11250000 0.19843750
16 0.40781250 0.37500000 0.10781250 0.20781250
16 0.52656250 0.35625000 0.11250000 0.20781250
8 0.63906250 0.35156250 0.09531250 0.19843750
4 0.75312500 0.34218750 0.09843750 0.21562500
18 0.20000000 0.66406250 0.10000000 0.22500000
7 0.32031250 0.65781250 0.10312500 0.22500000
4 0.44062500 0.63125000 0.11250000 0.22031250
21 0.28437500 0.13906250 0.10781250 0.18437500
17 0.61093750 0.10312500 0.10468750 0.17968750
4 0.39218750 0.13125000 0.09843750 0.20312500
