0 0.12207000 0.04905500 0.02148400 0.02543600
7 0.15136700 0.04723800 0.02343800 0.02616300
10 0.09179700 0.08684600 0.02343800 0.02689000
20 0.12060500 0.08611900 0.02246100 0.02689000
22 0.14941400 0.08430200 0.02343800 0.02761600
17 0.20947300 0.08321200 0.02441400 0.02689000
10 0.23925800 0.08284900 0.02343800 0.02761600
0 0.27050800 0.08212200 0.02343800 0.02761600
19 0.30127000 0.08175900 0.02441400 0.02689000
18 0.36425800 0.07885200 0.02539100 0.02834300
8 0.45703100 0.07739800 0.02539100 0.02834300
18 0.52050800 0.07667200 0.02539100 0.02834300
10 0.55322300 0.07594500 0.02441400 0.02834300
0 0.58544900 0.07521800 0.02441400 0.02834300
10 0.61767600 0.07449100 0.02441400 0.02834300
0 0.65039100 0.07340100 0.02539100 0.02761600
19 0.68359400 0.07303800 0.02539100 0.02834300
8 0.08740200 0.16170100 0.02441400 0.02834300
6 0.14550800 0.16097400 0.02343800 0.02834300
11 0.17529300 0.16061000 0.02441400 0.02761600
3 0.23730500 0.16024700 0.02343800 0.02834300
8 0.26757800 0.15988400 0.02343800 0.02761600
19 0.29931600 0.15952000 0.02441400 0.02834300
4 0.33056600 0.15952000 0.02441400 0.02834300
12 0.42480500 0.15806700 0.02343800 0.02834300
4 0.45556600 0.15806700 0.02441400 0.02834300
3 0.48681600 0.15770300 0.02441400 0.02907000
22 0.51855500 0.15770300 0.02539100 0.02907000
4 0.55127000 0.15697700 0.02441400 0.02907000
9 0.58300800 0.15661300 0.02539100 0.02834300
0 0.61572300 0.15588700 0.02441400 0.02834300
19 0.64843800 0.15516000 0.02539100 0.02834300
0 0.68164100 0.15443300 0.02539100 0.02834300
10 0.08300800 0.23800900 0.02343800 0.02689000
0 0.11181600 0.23800900 0.02441400 0.02689000
10 0.14257800 0.23800900 0.02343800 0.02689000
22 0.20459000 0.23800900 0.02441400 0.02689000
4 0.23535200 0.23800900 0.02343800 0.02689000
18 0.26660200 0.23800900 0.02343800 0.02689000
11 0.32714800 0.23800900 0.02343800 0.02689000
4 0.39013700 0.23764500 0.02441400 0.02761600
10 0.45214800 0.23764500 0.02343800 0.02761600
14 0.48291000 0.23764500 0.02441400 0.02761600
19 0.51611300 0.23764500 0.02441400 0.02761600
19 0.58056600 0.23691900 0.02441400 0.02761600
0 0.61279300 0.23655500 0.02441400 0.02834300
15 0.07910200 0.31395300 0.02343800 0.02761600
17 0.10986300 0.31395300 0.02441400 0.02761600
12 0.16992200 0.31431700 0.02343800 0.02689000
14 0.20117200 0.31504400 0.02343800 0.02689000
10 0.26318400 0.31540700 0.02441400 0.02761600
3 0.32617200 0.31613400 0.02343800 0.02761600
4 0.35693400 0.31686000 0.02441400 0.02761600
3 0.38769500 0.31686000 0.02343800 0.02761600
20 0.41845700 0.31758700 0.02441400 0.02761600
10 0.48193400 0.31795100 0.02441400 0.02834300
4 0.51318400 0.31795100 0.02441400 0.02834300
12 0.57812500 0.31795100 0.02343800 0.02834300
14 0.60937500 0.31795100 0.02343800 0.02834300
7 0.64306600 0.31795100 0.02441400 0.02834300
13 0.67529300 0.31795100 0.02441400 0.02834300
0 0.70800800 0.31795100 0.02539100 0.02834300
19 0.74121100 0.31795100 0.02539100 0.02979700
14 0.77539100 0.31795100 0.02539100 0.02979700
12 0.80957000 0.31795100 0.02539100 0.02979700
20 0.84228500 0.31795100 0.02636700 0.02979700
19 0.07519500 0.39098800 0.02343800 0.02761600
14 0.10546900 0.39171500 0.02343800 0.02761600
11 0.13623000 0.39171500 0.02441400 0.02761600
18 0.16650400 0.39207800 0.02441400 0.02689000
19 0.19775400 0.39280500 0.02441400 0.02689000
14 0.22900400 0.39389500 0.02441400 0.02761600
15 0.26123000 0.39425900 0.02441400 0.02689000
19 0.32421900 0.39498500 0.02343800 0.02689000
4 0.38623000 0.39498500 0.02441400 0.02689000
1 0.44775400 0.39680200 0.02441400 0.02616300
4 0.47851600 0.39716600 0.02343800 0.02689000
6 0.51171900 0.39680200 0.02343800 0.02616300
20 0.54296900 0.39825600 0.02539100 0.02761600
19 0.57519500 0.39825600 0.02539100 0.02761600
25 0.10107400 0.46838700 0.02441400 0.02689000
3 0.13134800 0.46875000 0.02441400 0.02761600
17 0.16210900 0.46947700 0.02343800 0.02761600
0 0.19384800 0.47020300 0.02441400 0.02761600
22 0.22558600 0.47093000 0.02343800 0.02761600
18 0.25732400 0.47165700 0.02441400 0.02761600
19 0.28857400 0.47238400 0.02441400 0.02761600
22 0.31982400 0.47311000 0.02441400 0.02761600
20 0.35205100 0.47347400 0.02441400 0.02834300
3 0.44433600 0.47492700 0.02343800 0.02689000
4 0.47656200 0.47565400 0.02343800 0.02689000
3 0.50830100 0.47638100 0.02441400 0.02689000
20 0.54003900 0.47710800 0.02343800 0.02689000
10 0.60449200 0.47783400 0.02343800 0.02689000
0 0.63671900 0.47819800 0.02539100 0.02761600
12 0.70166000 0.47892400 0.02636700 0.02907000
19 0.80273400 0.48074100 0.02539100 0.02979700
20 0.83642600 0.48146800 0.02636700 0.02979700
19 0.87109400 0.48219500 0.02539100 0.02979700
17 0.06543000 0.54614800 0.02343800 0.02689000
0 0.09668000 0.54687500 0.02343800 0.02689000
3 0.12793000 0.54760200 0.02343800 0.02689000
25 0.22168000 0.54941900 0.02343800 0.02616300
0 0.25293000 0.55014500 0.02343800 0.02761600
16 0.31640600 0.55123500 0.02343800 0.02689000
8 0.34863300 0.55159900 0.02343800 0.02761600
10 0.37988300 0.55232600 0.02343800 0.02761600
8 0.41113300 0.55305200 0.02343800 0.02761600
8 0.47460900 0.55414200 0.02343800 0.02689000
1 0.53759800 0.55595900 0.02441400 0.02761600
4 0.56982400 0.55668600 0.02441400 0.02761600
11 0.60205100 0.55668600 0.02441400 0.02761600
14 0.63427700 0.55741300 0.02441400 0.02761600
16 0.66748000 0.55814000 0.02441400 0.02761600
10 0.69970700 0.55886600 0.02441400 0.02761600
8 0.73291000 0.55959300 0.02441400 0.02761600
17 0.06201200 0.62681700 0.02441400 0.02689000
0 0.09277300 0.62754400 0.02343800 0.02689000
3 0.12304700 0.62681700 0.02343800 0.02689000
12 0.21777300 0.62827000 0.02343800 0.02689000
0 0.24951200 0.62899700 0.02441400 0.02689000
11 0.28125000 0.62972400 0.02343800 0.02689000
16 0.34472700 0.63081400 0.02343800 0.02761600
8 0.37646500 0.63117700 0.02441400 0.02689000
10 0.40771500 0.63226700 0.02441400 0.02761600
8 0.43994100 0.63299400 0.02441400 0.02761600
8 0.50439500 0.63481100 0.02441400 0.02689000
3 0.56787100 0.63662800 0.02441400 0.02761600
4 0.60058600 0.63662800 0.02539100 0.02907000
22 0.63281200 0.63771800 0.02539100 0.02834300
14 0.66503900 0.63880800 0.02539100 0.02907000
16 0.69824200 0.64026200 0.02539100 0.02907000
10 0.73144500 0.64135200 0.02539100 0.02834300
8 0.76464800 0.64244200 0.02539100 0.02907000
14 0.05810500 0.70494200 0.02441400 0.02761600
1 0.08837900 0.70530500 0.02441400 0.02834300
13 0.11962900 0.70530500 0.02441400 0.02834300
8 0.15087900 0.70675900 0.02441400 0.02834300
12 0.18261700 0.70748500 0.02343800 0.02834300
0 0.21484400 0.70821200 0.02343800 0.02834300
19 0.27783200 0.70966600 0.02441400 0.02834300
8 0.34228500 0.71148300 0.02441400 0.02761600
2 0.40478500 0.71293600 0.02441400 0.02761600
4 0.43603500 0.71366300 0.02441400 0.02761600
11 0.46826200 0.71439000 0.02441400 0.02761600
20 0.50146500 0.71511600 0.02441400 0.02907000
19 0.56591800 0.71729700 0.02441400 0.02907000
10 0.63085900 0.71911300 0.02539100 0.02979700
14 0.66308600 0.72020300 0.02539100 0.02907000
18 0.69580100 0.72165700 0.02636700 0.02907000
14 0.72900400 0.72274700 0.02636700 0.02979700
11 0.76318400 0.72420100 0.02636700 0.02979700
0 0.79589800 0.72492700 0.02734400 0.02979700
15 0.82959000 0.72638100 0.02636700 0.02979700
14 0.86377000 0.72710800 0.02636700 0.02979700
6 0.89746100 0.72819800 0.02539100 0.02907000
14 0.93017600 0.72892400 0.02636700 0.03052300
13 0.08496100 0.78561000 0.02343800 0.02761600
20 0.11572300 0.78670100 0.02441400 0.02834300
18 0.17822300 0.78815400 0.02441400 0.02834300
15 0.21044900 0.78924400 0.02441400 0.02761600
0 0.24267600 0.79033400 0.02441400 0.02834300
18 0.27392600 0.79178800 0.02441400 0.02834300
8 0.30566400 0.79215100 0.02539100 0.02761600
1 0.33740200 0.79287800 0.02441400 0.02761600
14 0.36914100 0.79360500 0.02539100 0.02761600
19 0.43359400 0.79505800 0.02539100 0.02761600
4 0.46630900 0.79578500 0.02441400 0.02761600
1 0.49755900 0.79687500 0.02441400 0.02689000
4 0.53076200 0.79760200 0.02441400 0.02689000
3 0.59668000 0.80050900 0.02539100 0.02834300
4 0.62988300 0.80196200 0.02539100 0.02834300
3 0.66210900 0.80305200 0.02539100 0.02761600
20 0.69433600 0.80414200 0.02539100 0.02834300
10 0.76171900 0.80668600 0.02539100 0.02907000
0 0.79394500 0.80741300 0.02539100 0.02907000
25 0.86181600 0.80959300 0.02636700 0.02907000
0 0.89502000 0.81177300 0.02636700 0.02907000
18 0.65966800 0.88662800 0.02636700 0.02907000
14 0.69238300 0.88771800 0.02539100 0.02979700
11 0.72509800 0.88808100 0.02636700 0.02907000
13 0.75927700 0.88953500 0.02636700 0.02907000
10 0.85937500 0.89280500 0.02539100 0.02979700
14 0.89160200 0.89316900 0.02539100 0.02907000
