0 0.10468750 0.13523810 0.07343750 0.12380952
1 0.20625000 0.13333333 0.07343750 0.12380952
2 0.30781250 0.13142857 0.07343750 0.12571429
3 0.40781250 0.13142857 0.07500000 0.12571429
4 0.50781250 0.13333333 0.06875000 0.12952381
5 0.60781250 0.13142857 0.07343750 0.12952381
6 0.71250000 0.13142857 0.07343750 0.13904762
7 0.81562500 0.13523810 0.06875000 0.13142857
8 0.91093750 0.13333333 0.06875000 0.12952381
9 0.10781250 0.37523810 0.06562500 0.12190476
10 0.20468750 0.37904762 0.07031250 0.12761905
11 0.30937500 0.37904762 0.07343750 0.13333333
12 0.41562500 0.37904762 0.07500000 0.13142857
13 0.50937500 0.37904762 0.06718750 0.12952381
14 0.61093750 0.37904762 0.07187500 0.12571429
15 0.71093750 0.37714286 0.06875000 0.12952381
16 0.81406250 0.37904762 0.07031250 0.12571429
17 0.90937500 0.37904762 0.06406250 0.12190476
18 0.15000000 0.61714286 0.07500000 0.12952381
19 0.25468750 0.61714286 0.06718750 0.13333333
20 0.35468750 0.61904762 0.07500000 0.13523810
21 0.45312500 0.61714286 0.07187500 0.12952381
22 0.55312500 0.61523810 0.07031250 0.12952381
23 0.65468750 0.61523810 0.07031250 0.12761905
24 0.75625000 0.62095238 0.07031250 0.12761905
25 0.86406250 0.61904762 0.07343750 0.12761905
