25 0.05000000 0.18281250 0.09843750 0.18437500
17 0.37031250 0.11562500 0.09531250 0.17968750
22 0.05937500 0.72031250 0.11718750 0.22812500
18 0.17968750 0.67343750 0.11406250 0.22031250
13 0.34843750 0.90156250 0.10937500 0.19687500
18 0.44218750 0.59218750 0.09531250 0.18437500
0 0.47031250 0.09062500 0.08125000 0.15312500
4 0.47812500 0.86250000 0.10312500 0.19375000
8 0.57031250 0.09687500 0.07343750 0.15781250
7 0.54375000 0.55937500 0.09062500 0.18125000
3 0.65937500 0.08593750 0.08125000 0.16250000
8 0.64218750 0.52500000 0.09062500 0.18437500
