25 0.28125000 0.10138100 0.02343800 0.02543600
13 0.30761700 0.09847400 0.02343800 0.02543600
0 0.33349600 0.09556700 0.02441400 0.02543600
10 0.36279300 0.09229700 0.02441400 0.02616300
8 0.39111300 0.08939000 0.02441400 0.02616300
15 0.44921900 0.08357600 0.02539100 0.02616300
17 0.47900400 0.08066900 0.02441400 0.02616300
4 0.50781200 0.07776200 0.02539100 0.02616300
15 0.53759800 0.07485500 0.02441400 0.02616300
8 0.56787100 0.07303800 0.02441400 0.02689000
13 0.59814500 0.07122100 0.02441400 0.02616300
0 0.62841800 0.06904100 0.02441400 0.02616300
13 0.65869100 0.06758700 0.02441400 0.02616300
8 0.68798800 0.06540700 0.02441400 0.02616300
20 0.14941400 0.14789200 0.02343800 0.02543600
15 0.20166000 0.14353200 0.02246100 0.02543600
14 0.22753900 0.14135200 0.02343800 0.02543600
18 0.25439500 0.13844500 0.02441400 0.02543600
11 0.28222700 0.13590100 0.02343800 0.02616300
4 0.30957000 0.13335800 0.02343800 0.02543600
3 0.33740200 0.13045100 0.02441400 0.02543600
13 0.36523400 0.12754400 0.02343800 0.02543600
4 0.39453100 0.12463700 0.02343800 0.02543600
19 0.15136700 0.18132300 0.02148400 0.02398300
14 0.17578100 0.17986900 0.02148400 0.02398300
16 0.20214800 0.17768900 0.02148400 0.02398300
10 0.22900400 0.17587200 0.02246100 0.02325600
8 0.25585900 0.17405500 0.02148400 0.02398300
13 0.14990200 0.21584300 0.02050800 0.02470900
0 0.17627000 0.21329900 0.02246100 0.02398300
15 0.22998000 0.20930200 0.02246100 0.02470900
14 0.25732400 0.20784900 0.02246100 0.02470900
18 0.28369100 0.20566900 0.02246100 0.02470900
11 0.31201200 0.20348800 0.02246100 0.02470900
4 0.34033200 0.20130800 0.02246100 0.02470900
3 0.36865200 0.19912800 0.02246100 0.02470900
13 0.39648400 0.19622100 0.02343800 0.02470900
4 0.42578100 0.19331400 0.02343800 0.02470900
18 0.15087900 0.25000000 0.02050800 0.02470900
19 0.17675800 0.24782000 0.02148400 0.02470900
17 0.20410200 0.24636600 0.02148400 0.02470900
14 0.23144500 0.24418600 0.02148400 0.02470900
16 0.25830100 0.24273300 0.02050800 0.02470900
10 0.28515600 0.24055200 0.02148400 0.02470900
4 0.31298800 0.23873500 0.02050800 0.02398300
18 0.15234400 0.28379400 0.02148400 0.02398300
14 0.17871100 0.28234000 0.02148400 0.02398300
1 0.20507800 0.28088700 0.02148400 0.02398300
17 0.23242200 0.27907000 0.02148400 0.02470900
0 0.25878900 0.27761600 0.02148400 0.02470900
11 0.28662100 0.27579900 0.02246100 0.02543600
0 0.31396500 0.27398300 0.02246100 0.02470900
18 0.34228500 0.27180200 0.02246100 0.02470900
10 0.42822300 0.26635200 0.02441400 0.02543600
14 0.45703100 0.26453500 0.02343800 0.02616300
12 0.48632800 0.26235500 0.02343800 0.02616300
15 0.51611300 0.26053800 0.02441400 0.02689000
0 0.54638700 0.25872100 0.02441400 0.02616300
13 0.57617200 0.25690400 0.02539100 0.02689000
8 0.60693400 0.25508700 0.02441400 0.02616300
25 0.15332000 0.31904100 0.02148400 0.02470900
13 0.17919900 0.31758700 0.02050800 0.02470900
0 0.20507800 0.31613400 0.02148400 0.02470900
10 0.23291000 0.31431700 0.02246100 0.02543600
14 0.26025400 0.31286300 0.02246100 0.02543600
22 0.28759800 0.31141000 0.02246100 0.02543600
15 0.34375000 0.30777600 0.02343800 0.02543600
17 0.37207000 0.30632300 0.02343800 0.02543600
4 0.40136700 0.30450600 0.02343800 0.02616300
15 0.43066400 0.30268900 0.02343800 0.02543600
8 0.45898400 0.30123500 0.02343800 0.02543600
13 0.48828100 0.29941900 0.02343800 0.02616300
0 0.51806600 0.29723800 0.02441400 0.02616300
13 0.54834000 0.29578500 0.02441400 0.02616300
8 0.57861300 0.29433100 0.02441400 0.02616300
15 0.20703100 0.35029100 0.02148400 0.02470900
17 0.23437500 0.34956400 0.02148400 0.02470900
8 0.26220700 0.34847400 0.02246100 0.02543600
1 0.28955100 0.34702000 0.02246100 0.02543600
4 0.31689500 0.34556700 0.02246100 0.02543600
9 0.34521500 0.34411300 0.02246100 0.02543600
0 0.37353500 0.34266000 0.02246100 0.02543600
11 0.40283200 0.34120600 0.02246100 0.02543600
16 0.20898400 0.38626500 0.02148400 0.02543600
20 0.23535200 0.38517400 0.02148400 0.02470900
3 0.26318400 0.38372100 0.02246100 0.02470900
0 0.29052700 0.38263100 0.02246100 0.02543600
10 0.31884800 0.38117700 0.02246100 0.02543600
22 0.20996100 0.42151200 0.02148400 0.02470900
14 0.23730500 0.42042200 0.02148400 0.02543600
18 0.26464800 0.41969500 0.02148400 0.02543600
10 0.29248000 0.41824100 0.02246100 0.02543600
11 0.32080100 0.41715100 0.02246100 0.02616300
8 0.34912100 0.41606100 0.02246100 0.02543600
2 0.37695300 0.41460800 0.02148400 0.02543600
0 0.40527300 0.41351700 0.02343800 0.02616300
19 0.43457000 0.41206400 0.02343800 0.02616300
4 0.46435500 0.41061000 0.02246100 0.02616300
11 0.49316400 0.40988400 0.02343800 0.02616300
13 0.55322300 0.40697700 0.02441400 0.02616300
25 0.67627000 0.40298000 0.02441400 0.02689000
13 0.70556600 0.40189000 0.02441400 0.02616300
0 0.73632800 0.40116300 0.02343800 0.02616300
10 0.76660200 0.40116300 0.02343800 0.02616300
13 0.21191400 0.45639500 0.02148400 0.02470900
8 0.23828100 0.45566900 0.02148400 0.02470900
10 0.26562500 0.45494200 0.02148400 0.02470900
14 0.29394500 0.45348800 0.02148400 0.02470900
6 0.32177700 0.45239800 0.02246100 0.02543600
3 0.35009800 0.45130800 0.02246100 0.02616300
0 0.37841800 0.45021800 0.02246100 0.02543600
14 0.43652300 0.44840100 0.02343800 0.02616300
13 0.46484400 0.44731100 0.02343800 0.02543600
13 0.52490200 0.44549400 0.02441400 0.02616300
4 0.55468800 0.44440400 0.02343800 0.02689000
12 0.61621100 0.44258700 0.02343800 0.02616300
14 0.64599600 0.44077000 0.02246100 0.02543600
11 0.67675800 0.44040700 0.02343800 0.02616300
16 0.70800800 0.43968000 0.02343800 0.02616300
8 0.73828100 0.43895300 0.02343800 0.02616300
19 0.76904300 0.43822700 0.02246100 0.02616300
14 0.21289100 0.49200600 0.02148400 0.02470900
6 0.23925800 0.49127900 0.02148400 0.02470900
11 0.26757800 0.49018900 0.02148400 0.02543600
20 0.29589800 0.48946200 0.02148400 0.02543600
8 0.35156200 0.48800900 0.02148400 0.02543600
19 0.37988300 0.48691900 0.02148400 0.02470900
4 0.40771500 0.48655500 0.02246100 0.02543600
11 0.43798800 0.48510200 0.02246100 0.02543600
13 0.49707000 0.48364800 0.02343800 0.02543600
14 0.52587900 0.48219500 0.02441400 0.02689000
10 0.58691400 0.48001500 0.02343800 0.02689000
17 0.61767600 0.47928800 0.02441400 0.02689000
8 0.64794900 0.47856100 0.02441400 0.02689000
16 0.67871100 0.47856100 0.02343800 0.02689000
8 0.70947300 0.47783400 0.02441400 0.02689000
19 0.73974600 0.47710800 0.02441400 0.02689000
20 0.29687500 0.52507300 0.02148400 0.02543600
17 0.32519500 0.52507300 0.02148400 0.02543600
0 0.35351600 0.52434600 0.02148400 0.02543600
3 0.27002000 0.56141000 0.02246100 0.02543600
14 0.29785200 0.56141000 0.02148400 0.02543600
11 0.32617200 0.56068300 0.02148400 0.02543600
14 0.35449200 0.55995600 0.02148400 0.02543600
10 0.27099600 0.59702000 0.02246100 0.02543600
0 0.29882800 0.59702000 0.02148400 0.02543600
17 0.32714800 0.59702000 0.02148400 0.02543600
0 0.35498000 0.59665700 0.02246100 0.02616300
20 0.38427700 0.59629400 0.02246100 0.02543600
11 0.41308600 0.59593000 0.02148400 0.02616300
17 0.27246100 0.63408400 0.02148400 0.02543600
0 0.29980500 0.63335800 0.02148400 0.02543600
25 0.32812500 0.63335800 0.02148400 0.02543600
1 0.35644500 0.63335800 0.02148400 0.02543600
14 0.38574200 0.63335800 0.02148400 0.02543600
15 0.16650400 0.66969500 0.02050800 0.02543600
17 0.19238300 0.66933100 0.02148400 0.02470900
8 0.21923800 0.66969500 0.02050800 0.02543600
19 0.24609400 0.67005800 0.02148400 0.02470900
0 0.27343800 0.67005800 0.02148400 0.02470900
23 0.30175800 0.67042200 0.02148400 0.02543600
8 0.32910200 0.67042200 0.02148400 0.02543600
11 0.35839800 0.67042200 0.02148400 0.02543600
18 0.38671900 0.67042200 0.02148400 0.02543600
10 0.47460900 0.66969500 0.02343800 0.02689000
17 0.50488300 0.66969500 0.02343800 0.02689000
8 0.53466800 0.66933100 0.02246100 0.02616300
22 0.56543000 0.66896800 0.02343800 0.02689000
14 0.59619100 0.66860500 0.02441400 0.02761600
13 0.62597700 0.66860500 0.02343800 0.02761600
14 0.65771500 0.66787800 0.02441400 0.02761600
18 0.68798800 0.66715100 0.02441400 0.02761600
22 0.16748000 0.70530500 0.02050800 0.02543600
14 0.19384800 0.70566900 0.02050800 0.02616300
15 0.22021500 0.70603200 0.02050800 0.02543600
17 0.24707000 0.70603200 0.02148400 0.02543600
14 0.27539100 0.70675900 0.02148400 0.02543600
18 0.30273400 0.70712200 0.02148400 0.02616300
8 0.33056600 0.70712200 0.02246100 0.02616300
19 0.35888700 0.70712200 0.02246100 0.02616300
4 0.38769500 0.70712200 0.02148400 0.02616300
11 0.41699200 0.70784900 0.02148400 0.02616300
13 0.47607400 0.70784900 0.02246100 0.02616300
25 0.59814500 0.70712200 0.02246100 0.02616300
13 0.62793000 0.70712200 0.02343800 0.02616300
0 0.65820300 0.70639500 0.02343800 0.02616300
10 0.68994100 0.70530500 0.02441400 0.02689000
25 0.16894500 0.73982600 0.02148400 0.02470900
0 0.19433600 0.74055200 0.02148400 0.02470900
3 0.22070300 0.74127900 0.02148400 0.02470900
0 0.24804700 0.74200600 0.02148400 0.02470900
4 0.27636700 0.74273300 0.02148400 0.02470900
19 0.30419900 0.74345900 0.02050800 0.02470900
14 0.35986300 0.74491300 0.02246100 0.02470900
13 0.38867200 0.74491300 0.02343800 0.02616300
22 0.44824200 0.74527600 0.02343800 0.02689000
18 0.47753900 0.74527600 0.02343800 0.02689000
4 0.50781200 0.74527600 0.02343800 0.02689000
12 0.53808600 0.74564000 0.02343800 0.02616300
22 0.59960900 0.74527600 0.02343800 0.02689000
14 0.63085900 0.74527600 0.02343800 0.02689000
15 0.66113300 0.74527600 0.02343800 0.02689000
17 0.69287100 0.74382300 0.02441400 0.02689000
14 0.72314500 0.74309600 0.02441400 0.02689000
18 0.75341800 0.74164200 0.02441400 0.02689000
10 0.30468800 0.77979700 0.02148400 0.02616300
19 0.33300800 0.78052300 0.02148400 0.02616300
14 0.36132800 0.78125000 0.02148400 0.02616300
10 0.27783200 0.81649700 0.02246100 0.02543600
14 0.30615200 0.81722400 0.02246100 0.02543600
6 0.33496100 0.81758700 0.02148400 0.02616300
14 0.36230500 0.81831400 0.02148400 0.02616300
14 0.27978500 0.85319800 0.02246100 0.02616300
19 0.30615200 0.85392400 0.02246100 0.02616300
10 0.33544900 0.85465100 0.02246100 0.02616300
20 0.36377000 0.85610500 0.02246100 0.02616300
3 0.39404300 0.85683100 0.02246100 0.02616300
0 0.42334000 0.85755800 0.02246100 0.02616300
10 0.28125000 0.89026200 0.02343800 0.02616300
0 0.30908200 0.89098800 0.02246100 0.02616300
10 0.33789100 0.89171500 0.02343800 0.02616300
22 0.20166000 0.92078500 0.02246100 0.02616300
8 0.22851600 0.92260200 0.02148400 0.02543600
11 0.25537100 0.92441900 0.02246100 0.02616300
8 0.28271500 0.92587200 0.02246100 0.02616300
18 0.31103500 0.92732600 0.02246100 0.02616300
25 0.39697300 0.93168600 0.02246100 0.02616300
0 0.42724600 0.93241300 0.02246100 0.02616300
15 0.45605500 0.93350300 0.02343800 0.02689000
19 0.51660200 0.93568300 0.02343800 0.02689000
4 0.57861300 0.93713700 0.02441400 0.02689000
3 0.17627000 0.95530500 0.02246100 0.02543600
4 0.20263700 0.95712200 0.02246100 0.02470900
22 0.22900400 0.95930200 0.02246100 0.02470900
8 0.25585900 0.96111900 0.02343800 0.02689000
2 0.28320300 0.96257300 0.02343800 0.02689000
25 0.36914100 0.96766000 0.02343800 0.02689000
0 0.39794900 0.96947700 0.02441400 0.02616300
22 0.42773400 0.97093000 0.02343800 0.02761600
8 0.45703100 0.97202000 0.02343800 0.02689000
19 0.48730500 0.97274700 0.02343800 0.02689000
4 0.54882800 0.97456400 0.02343800 0.02761600
