22 0.26250000 0.21171875 0.03437500 0.12187500
19 0.77656250 0.30234375 0.02656250 0.10390625
14 0.97031250 0.34062500 0.02656250 0.10078125
4 0.13593750 0.32968750 0.03437500 0.11796875
1 0.21718750 0.34062500 0.03750000 0.11796875
18 0.41406250 0.37500000 0.02968750 0.11093750
19 0.52500000 0.39218750 0.03125000 0.10781250
15 0.59687500 0.40312500 0.02656250 0.10781250
10 0.12968750 0.47890625 0.03750000 0.11796875
22 0.37187500 0.51718750 0.03125000 0.11093750
0 0.52031250 0.53437500 0.02968750 0.10390625
20 0.70000000 0.55546875 0.02812500 0.10781250
4 0.24687500 0.64609375 0.03125000 0.12812500
