7 0.16250000 0.07986111 0.03437500 0.12500000
13 0.25312500 0.07638889 0.03437500 0.12152778
19 0.34531250 0.08333333 0.03593750 0.11805556
20 0.39062500 0.08680556 0.03437500 0.12847222
7 0.60781250 0.09375000 0.03281250 0.12500000
24 0.77812500 0.10416667 0.03437500 0.12500000
4 0.89843750 0.10763889 0.03125000 0.10763889
0 0.07187500 0.23958333 0.03437500 0.12152778
4 0.34218750 0.24652778 0.03281250 0.12152778
0 0.47656250 0.25000000 0.03125000 0.11111111
13 0.52031250 0.25347222 0.03125000 0.11458333
0 0.69375000 0.25694444 0.03281250 0.10763889
3 0.73593750 0.25694444 0.03125000 0.11111111
4 0.77812500 0.26041667 0.03281250 0.11111111
19 0.02656250 0.41319444 0.02968750 0.12152778
13 0.16093750 0.41319444 0.03281250 0.11458333
18 0.38906250 0.41666667 0.03281250 0.11111111
7 0.77812500 0.42361111 0.03437500 0.11805556
3 0.85937500 0.42361111 0.02968750 0.11458333
19 0.97187500 0.43402778 0.02656250 0.10416667
18 0.11718750 0.57986111 0.03437500 0.12152778
18 0.38906250 0.57986111 0.03125000 0.11458333
8 0.34375000 0.57638889 0.03281250 0.11458333
6 0.60781250 0.57986111 0.03125000 0.11111111
4 0.65000000 0.58333333 0.03125000 0.11111111
19 0.73593750 0.58680556 0.03437500 0.11805556
15 0.02812500 0.74652778 0.03437500 0.12152778
13 0.29843750 0.75000000 0.03593750 0.11458333
24 0.82187500 0.75000000 0.03125000 0.11458333
13 0.11718750 0.91319444 0.03593750 0.12152778
16 0.25312500 0.91666667 0.03281250 0.11458333
20 0.29843750 0.91666667 0.03593750 0.12152778
18 0.47812500 0.91319444 0.03125000 0.11458333
2 0.60781250 0.90972222 0.03281250 0.11458333
0 0.94062500 0.89930556 0.03125000 0.11111111
1 0.97812500 0.89930556 0.03437500 0.11458333
