21 0.03593750 0.06944444 0.03437500 0.11111111
14 0.07500000 0.06597222 0.03281250 0.11458333
4 0.20312500 0.05902778 0.03593750 0.11458333
0 0.33437500 0.05555556 0.03281250 0.10763889
4 0.37812500 0.06250000 0.03437500 0.11111111
6 0.86093750 0.06944444 0.03437500 0.12152778
0 0.03593750 0.23263889 0.03593750 0.12500000
1 0.07656250 0.23263889 0.03593750 0.12500000
13 0.42500000 0.22916667 0.03750000 0.12500000
4 0.51250000 0.22569444 0.03593750 0.12500000
10 0.61875000 0.22569444 0.03906250 0.12500000
13 0.90468750 0.22916667 0.03593750 0.11805556
20 0.73125000 0.22916667 0.03281250 0.12152778
24 0.24687500 0.39236111 0.03437500 0.11805556
7 0.33593750 0.38888889 0.03750000 0.11805556
5 0.42343750 0.39236111 0.03437500 0.11805556
3 0.51250000 0.39236111 0.03437500 0.11458333
18 0.68593750 0.39236111 0.03750000 0.11458333
14 0.73125000 0.39236111 0.03593750 0.11458333
13 0.77500000 0.39236111 0.03593750 0.11458333
2 0.94843750 0.38888889 0.03437500 0.10416667
4 0.15781250 0.55555556 0.03437500 0.12500000
4 0.20000000 0.55555556 0.03593750 0.12500000
0 0.42656250 0.54861111 0.03906250 0.11458333
21 0.51250000 0.55208333 0.03906250 0.12500000
11 0.90781250 0.55208333 0.03750000 0.12847222
6 0.20156250 0.72222222 0.03437500 0.12152778
19 0.29062500 0.71875000 0.03281250 0.12152778
0 0.46875000 0.71527778 0.03593750 0.11805556
14 0.55625000 0.72222222 0.03750000 0.12500000
13 0.59843750 0.71875000 0.03593750 0.12500000
1 0.73125000 0.72222222 0.03437500 0.12152778
14 0.77656250 0.72222222 0.03125000 0.12500000
3 0.86406250 0.71875000 0.03593750 0.12152778
1 0.03593750 0.88888889 0.03750000 0.13541667
8 0.29062500 0.88888889 0.03437500 0.12500000
20 0.51250000 0.88541667 0.03906250 0.11805556
21 0.59843750 0.88541667 0.03750000 0.12500000
