8 0.18750000 0.15592400 0.02343800 0.02278600
8 0.21679700 0.15625000 0.02343800 0.02343800
6 0.87646500 0.17252600 0.02050800 0.02213500
6 0.90136700 0.17285200 0.02148400 0.02148400
2 0.24707000 0.18945300 0.02343800 0.02343800
20 0.18896500 0.25390600 0.02246100 0.02213500
12 0.21777300 0.25390600 0.02343800 0.02213500
4 0.24804700 0.25325500 0.02343800 0.02343700
13 0.27734400 0.25358100 0.02343800 0.02278600
8 0.36523400 0.25488300 0.02343800 0.02278600
13 0.42187500 0.25585900 0.02343800 0.02343800
0 0.45068400 0.25618500 0.02246100 0.02278600
1 0.53466800 0.25781200 0.02246100 0.02213500
0 0.21923800 0.35091100 0.02246100 0.02343800
9 0.24902300 0.35123700 0.02343800 0.02408900
7 0.36621100 0.35188800 0.02343800 0.02408900
5 0.47900400 0.35286500 0.02246100 0.02343800
3 0.58886700 0.35351600 0.02148400 0.02343800
1 0.69677700 0.35384100 0.02246100 0.02278600
20 0.19287100 0.44824200 0.02246100 0.02148400
22 0.22216800 0.44824200 0.02246100 0.02148400
4 0.25146500 0.44824200 0.02246100 0.02148400
11 0.28076200 0.44759100 0.02246100 0.02148400
8 0.31005900 0.44759100 0.02246100 0.02148400
16 0.33935500 0.44726600 0.02246100 0.02083300
13 0.42480500 0.44694000 0.02148400 0.02148400
0 0.45312500 0.44694000 0.02148400 0.02148400
2 0.53613300 0.44661500 0.02148400 0.02083300
9 0.22265600 0.54492200 0.02343800 0.02343800
2 0.34033200 0.54362000 0.02246100 0.02343800
6 0.45459000 0.54101600 0.02246100 0.02343800
5 0.56543000 0.53906200 0.02148400 0.02343800
4 0.67285200 0.53776000 0.02148400 0.02343800
3 0.22656200 0.67350300 0.02343800 0.02278600
14 0.37255900 0.67024700 0.02246100 0.02278600
0 0.19873000 0.73828100 0.02246100 0.02213500
9 0.22802700 0.73763000 0.02246100 0.02213500
7 0.37451200 0.73404900 0.02246100 0.02148400
0 0.48779300 0.73014300 0.02246100 0.02148400
5 0.70410200 0.72168000 0.02148400 0.02148400
1 0.80957000 0.71777300 0.02148400 0.02148400
5 0.93652300 0.71289100 0.02148400 0.02083300
0 0.20019500 0.80208300 0.02343800 0.02213500
9 0.22949200 0.80175800 0.02343800 0.02278600
8 0.37500000 0.79654900 0.02343800 0.02278600
0 0.48925800 0.79264300 0.02343800 0.02278600
6 0.70605500 0.78320300 0.02148400 0.02213500
1 0.81152300 0.77799500 0.02148400 0.02083300
6 0.93847700 0.77213500 0.02148400 0.02083300
0 0.46240200 0.85612000 0.02246100 0.02083300
9 0.48974600 0.85481800 0.02246100 0.02083300
9 0.62744100 0.84863300 0.02246100 0.02148400
9 0.46337900 0.91862000 0.02246100 0.02213500
5 0.60205100 0.91145800 0.02246100 0.02213500
5 0.70996100 0.90494800 0.02148400 0.02213500
