2 0.14990200 0.06032000 0.02246100 0.02470900
1 0.17822300 0.06141000 0.02050800 0.02398300
15 0.12060500 0.09411300 0.02246100 0.02543600
14 0.14697300 0.09447700 0.02246100 0.02470900
22 0.17431600 0.09447700 0.02246100 0.02470900
14 0.20117200 0.09447700 0.02343800 0.02470900
11 0.22802700 0.09447700 0.02246100 0.02470900
14 0.25683600 0.09556700 0.02343800 0.02543600
10 0.28369100 0.09484000 0.02050800 0.02398300
7 0.11718800 0.16206400 0.02148400 0.02325600
14 0.14550800 0.16242700 0.02148400 0.02252900
16 0.17334000 0.16242700 0.02050800 0.02252900
4 0.20068400 0.16242700 0.02050800 0.02252900
19 0.22705100 0.16242700 0.02050800 0.02252900
1 0.28222700 0.16170100 0.02148400 0.02252900
4 0.31054700 0.16315400 0.02148400 0.02398300
3 0.33789100 0.16315400 0.02148400 0.02398300
13 0.36718800 0.16388100 0.02148400 0.02398300
20 0.39453100 0.16388100 0.02148400 0.02398300
20 0.47998000 0.16533400 0.02246100 0.02398300
1 0.50732400 0.16533400 0.02246100 0.02398300
8 0.53515600 0.16460800 0.02343800 0.02543600
19 0.56445300 0.16424400 0.02343800 0.02616300
2 0.11523400 0.23255800 0.02148400 0.02470900
14 0.14404300 0.23183100 0.02246100 0.02470900
10 0.17089800 0.23110500 0.02148400 0.02470900
14 0.19726600 0.23183100 0.02148400 0.02470900
19 0.22509800 0.23364800 0.02246100 0.02543600
20 0.25341800 0.23364800 0.02246100 0.02543600
7 0.28173800 0.23364800 0.02246100 0.02543600
20 0.30957000 0.23437500 0.02148400 0.02543600
15 0.36718800 0.23473800 0.02148400 0.02470900
14 0.39453100 0.23473800 0.02148400 0.02470900
6 0.42187500 0.23510200 0.02148400 0.02543600
20 0.44921900 0.23546500 0.02148400 0.02470900
1 0.47656200 0.23546500 0.02148400 0.02470900
8 0.50488300 0.23546500 0.02148400 0.02470900
19 0.53418000 0.23546500 0.02148400 0.02470900
3 0.14111300 0.30123500 0.02246100 0.02543600
14 0.16845700 0.30159900 0.02246100 0.02470900
17 0.19580100 0.30232600 0.02246100 0.02470900
14 0.22314500 0.30305200 0.02246100 0.02470900
6 0.25244100 0.30377900 0.02246100 0.02470900
8 0.28076200 0.30450600 0.02246100 0.02470900
4 0.30810500 0.30523300 0.02246100 0.02470900
6 0.36474600 0.30523300 0.02246100 0.02470900
14 0.39306600 0.30523300 0.02246100 0.02470900
18 0.42138700 0.30523300 0.02246100 0.02470900
19 0.44775400 0.30559600 0.02246100 0.02543600
8 0.47509800 0.30559600 0.02246100 0.02543600
15 0.53466800 0.30704900 0.02246100 0.02398300
14 0.56201200 0.30632300 0.02246100 0.02398300
12 0.59033200 0.30632300 0.02246100 0.02398300
14 0.61865200 0.30595900 0.02246100 0.02470900
6 0.64697300 0.30486900 0.02246100 0.02398300
8 0.67529300 0.30486900 0.02246100 0.02398300
19 0.70214800 0.30450600 0.02343800 0.02470900
4 0.73291000 0.30450600 0.02246100 0.02470900
15 0.11132800 0.37100300 0.02343800 0.02543600
0 0.13867200 0.37100300 0.02343800 0.02543600
20 0.16601600 0.37100300 0.02343800 0.02543600
10 0.19384800 0.37173000 0.02246100 0.02543600
0 0.22216800 0.37282000 0.02246100 0.02616300
25 0.27880900 0.37463700 0.02246100 0.02543600
11 0.30810500 0.37536300 0.02246100 0.02543600
14 0.33593800 0.37391000 0.02148400 0.02398300
3 0.36425800 0.37463700 0.02148400 0.02398300
4 0.39306600 0.37536300 0.02246100 0.02398300
25 0.47509800 0.37754400 0.02246100 0.02398300
0 0.50293000 0.37718000 0.02148400 0.02470900
17 0.53125000 0.37827000 0.02148400 0.02543600
20 0.56005900 0.37827000 0.02246100 0.02543600
1 0.58886700 0.37681700 0.02148400 0.02398300
8 0.61718800 0.37645300 0.02148400 0.02325600
19 0.64599600 0.37645300 0.02246100 0.02325600
4 0.67285200 0.37718000 0.02148400 0.02325600
8 0.10742200 0.44113400 0.02343800 0.02470900
10 0.16357400 0.44258700 0.02246100 0.02470900
14 0.19091800 0.44295100 0.02246100 0.02398300
17 0.22021500 0.44367700 0.02246100 0.02398300
12 0.24853500 0.44367700 0.02246100 0.02398300
8 0.27783200 0.44367700 0.02246100 0.02398300
11 0.30615200 0.44440400 0.02246100 0.02398300
0 0.33496100 0.44440400 0.02148400 0.02398300
22 0.44628900 0.44585800 0.02148400 0.02398300
0 0.47412100 0.44694800 0.02246100 0.02470900
18 0.50146500 0.44694800 0.02246100 0.02470900
8 0.10351600 0.51271800 0.02343800 0.02543600
15 0.16162100 0.51344500 0.02246100 0.02543600
14 0.18945300 0.51380800 0.02343800 0.02470900
8 0.21777300 0.51417200 0.02343800 0.02543600
11 0.24658200 0.51489800 0.02246100 0.02543600
0 0.27490200 0.51489800 0.02246100 0.02398300
22 0.39062500 0.51635200 0.02148400 0.02398300
0 0.41699200 0.51671500 0.02148400 0.02470900
18 0.44482400 0.51707800 0.02246100 0.02398300
13 0.10107400 0.58502900 0.02246100 0.02470900
4 0.12939500 0.58502900 0.02246100 0.02470900
15 0.18701200 0.58539200 0.02246100 0.02543600
14 0.21533200 0.58648300 0.02246100 0.02470900
10 0.24462900 0.58648300 0.02246100 0.02470900
8 0.27343800 0.58684600 0.02148400 0.02398300
13 0.30224600 0.58684600 0.02246100 0.02398300
19 0.35986300 0.58720900 0.02246100 0.02470900
4 0.38867200 0.58720900 0.02148400 0.02470900
12 0.44384800 0.58793600 0.02246100 0.02470900
4 0.47216800 0.58793600 0.02246100 0.02470900
13 0.50048800 0.58793600 0.02246100 0.02470900
22 0.09765600 0.65806700 0.02343800 0.02543600
12 0.15625000 0.65843000 0.02343800 0.02616300
14 0.18457000 0.65879400 0.02343800 0.02543600
15 0.27148400 0.65879400 0.02343800 0.02543600
14 0.30127000 0.65952000 0.02246100 0.02543600
18 0.32959000 0.65952000 0.02246100 0.02543600
11 0.35791000 0.65952000 0.02246100 0.02543600
4 0.38671900 0.65915700 0.02148400 0.02470900
3 0.41455100 0.65915700 0.02246100 0.02470900
13 0.44238300 0.65952000 0.02148400 0.02543600
8 0.47070300 0.65988400 0.02148400 0.02470900
16 0.55664100 0.66097400 0.02343800 0.02543600
0 0.58447300 0.66097400 0.02246100 0.02543600
18 0.61279300 0.66133700 0.02246100 0.02616300
13 0.09472700 0.73255800 0.02343800 0.02616300
14 0.12402300 0.73255800 0.02343800 0.02616300
9 0.18066400 0.73255800 0.02343800 0.02616300
20 0.20996100 0.73255800 0.02343800 0.02616300
10 0.23925800 0.73255800 0.02343800 0.02616300
8 0.26904300 0.73292200 0.02246100 0.02543600
16 0.32666000 0.73255800 0.02246100 0.02616300
4 0.35595700 0.73292200 0.02246100 0.02543600
17 0.38525400 0.73292200 0.02246100 0.02543600
22 0.41259800 0.73292200 0.02246100 0.02543600
10 0.46923800 0.73328500 0.02246100 0.02616300
8 0.49804700 0.73328500 0.02148400 0.02616300
8 0.09228500 0.80704900 0.02441400 0.02689000
18 0.12207000 0.80704900 0.02343800 0.02689000
15 0.15136700 0.80704900 0.02343800 0.02689000
20 0.17871100 0.80704900 0.02343800 0.02689000
6 0.20800800 0.80704900 0.02343800 0.02689000
0 0.23730500 0.80704900 0.02343800 0.02689000
11 0.26660200 0.80704900 0.02343800 0.02689000
8 0.29687500 0.80704900 0.02343800 0.02689000
18 0.32617200 0.80668600 0.02343800 0.02616300
15 0.09033200 0.88154100 0.02441400 0.02616300
14 0.11962900 0.88154100 0.02441400 0.02616300
20 0.17627000 0.88190400 0.02441400 0.02543600
6 0.20605500 0.88226700 0.02343800 0.02616300
11 0.23535200 0.88190400 0.02343800 0.02689000
0 0.26367200 0.88190400 0.02343800 0.02689000
12 0.29394500 0.88154100 0.02343800 0.02616300
15 0.35302700 0.88190400 0.02441400 0.02689000
14 0.38183600 0.88154100 0.02343800 0.02616300
23 0.43945300 0.88154100 0.02343800 0.02616300
4 0.46679700 0.88154100 0.02343800 0.02616300
11 0.49511700 0.88154100 0.02343800 0.02616300
12 0.55517600 0.88190400 0.02246100 0.02543600
