7 0.12031250 0.12500000 0.03750000 0.13515625
0 0.16875000 0.12500000 0.03437500 0.12812500
18 0.21875000 0.12187500 0.04062500 0.13203125
4 0.65156250 0.11796875 0.03281250 0.11484375
7 0.83593750 0.12500000 0.03437500 0.11796875
4 0.87968750 0.12500000 0.03593750 0.12500000
8 0.70156250 0.29843750 0.03125000 0.12500000
2 0.92656250 0.29140625 0.02812500 0.12187500
0 0.16562500 0.48281250 0.03281250 0.13515625
3 0.21562500 0.48281250 0.03906250 0.13906250
3 0.46562500 0.47890625 0.03593750 0.13203125
13 0.31562500 0.66328125 0.03906250 0.13515625
22 0.11250000 0.86796875 0.03593750 0.13906250
6 0.36406250 0.86093750 0.03750000 0.13515625
19 0.46250000 0.85390625 0.03281250 0.12500000
18 0.65781250 0.84062500 0.03125000 0.12187500
14 0.79531250 0.83359375 0.03593750 0.12812500
4 0.84062500 0.64609375 0.03593750 0.12812500
