1 0.04843750 0.13194444 0.03593750 0.12847222
11 0.09531250 0.13194444 0.04218750 0.12847222
0 0.13750000 0.12847222 0.03750000 0.12847222
13 0.18437500 0.12847222 0.03906250 0.12500000
10 0.23437500 0.12847222 0.04062500 0.12500000
12 0.32812500 0.13194444 0.03906250 0.13194444
3 0.42343750 0.13194444 0.03906250 0.12152778
7 0.61250000 0.13888889 0.03750000 0.13888889
4 0.65937500 0.13541667 0.03906250 0.13541667
18 0.75468750 0.13888889 0.03750000 0.11805556
3 0.80156250 0.13888889 0.03593750 0.12500000
7 0.89218750 0.14236111 0.03593750 0.13194444
4 0.93750000 0.14583333 0.03437500 0.13194444
3 0.04843750 0.30555556 0.03593750 0.12152778
17 0.09062500 0.30555556 0.03593750 0.12152778
12 0.18437500 0.30555556 0.03750000 0.13194444
13 0.47187500 0.31597222 0.03593750 0.13194444
7 0.56406250 0.31597222 0.03593750 0.12500000
4 0.61250000 0.31597222 0.03593750 0.12847222
22 0.70781250 0.31250000 0.03750000 0.12500000
13 0.80000000 0.31597222 0.03593750 0.12500000
19 0.84687500 0.31597222 0.03593750 0.12152778
4 0.56406250 0.48611111 0.03437500 0.12152778
11 0.61093750 0.48958333 0.03593750 0.11805556
11 0.65937500 0.48958333 0.03437500 0.11458333
12 0.80156250 0.48958333 0.03437500 0.11805556
3 0.18437500 0.66319444 0.03750000 0.13194444
8 0.23281250 0.65972222 0.03750000 0.13541667
18 0.27968750 0.66319444 0.04062500 0.12500000
14 0.37500000 0.66319444 0.03906250 0.12847222
22 0.51875000 0.66319444 0.03437500 0.12152778
11 0.70625000 0.66319444 0.04062500 0.12500000
18 0.93750000 0.66666667 0.03437500 0.12152778
17 0.09218750 0.83333333 0.03750000 0.12500000
4 0.13750000 0.83680556 0.03593750 0.13194444
4 0.18437500 0.83680556 0.03906250 0.13194444
14 0.27812500 0.84027778 0.03750000 0.12847222
17 0.32812500 0.84375000 0.03906250 0.13541667
5 0.42187500 0.84027778 0.03906250 0.13194444
17 0.51718750 0.83680556 0.03750000 0.12500000
3 0.65781250 0.84027778 0.03750000 0.12847222
18 0.70468750 0.84027778 0.03593750 0.12847222
