19 0.04843750 0.19453125 0.03281250 0.09687500
18 0.15625000 0.19453125 0.03281250 0.10390625
2 0.26875000 0.19062500 0.02812500 0.10078125
17 0.34375000 0.19062500 0.03125000 0.10390625
6 0.41875000 0.19453125 0.02968750 0.10781250
19 0.07812500 0.33359375 0.03281250 0.11093750
3 0.15312500 0.32968750 0.02968750 0.11484375
1 0.22812500 0.32656250 0.02968750 0.09687500
18 0.41875000 0.31953125 0.03281250 0.10781250
3 0.45468750 0.31562500 0.03593750 0.11093750
3 0.56875000 0.31562500 0.03125000 0.11093750
18 0.64218750 0.31250000 0.02968750 0.11093750
14 0.76093750 0.44453125 0.03125000 0.11093750
11 0.41718750 0.45468750 0.03437500 0.10781250
3 0.30312500 0.45859375 0.03437500 0.11093750
17 0.18437500 0.45859375 0.03437500 0.11093750
22 0.03750000 0.46875000 0.03281250 0.11093750
19 0.14218750 0.60781250 0.03593750 0.11093750
15 0.22187500 0.60781250 0.03750000 0.11093750
0 0.25937500 0.60781250 0.02968750 0.11796875
2 0.30000000 0.60390625 0.03125000 0.11093750
4 0.37812500 0.60078125 0.02656250 0.11796875
4 0.60937500 0.59062500 0.03281250 0.10781250
11 0.69062500 0.59062500 0.03281250 0.11484375
17 0.90937500 0.58671875 0.03125000 0.11093750
17 0.91406250 0.72890625 0.03125000 0.10078125
19 0.77187500 0.73281250 0.03437500 0.11093750
4 0.69218750 0.73281250 0.03125000 0.11093750
6 0.65156250 0.73593750 0.03281250 0.11093750
4 0.45625000 0.73593750 0.03125000 0.11093750
22 0.41875000 0.74296875 0.03593750 0.11484375
4 0.17968750 0.75000000 0.03125000 0.11093750
13 0.02343750 0.75703125 0.03750000 0.11484375
10 0.02031250 0.90625000 0.03750000 0.12500000
4 0.05781250 0.90312500 0.03593750 0.12500000
0 0.13437500 0.90625000 0.03125000 0.11796875
3 0.17500000 0.90625000 0.03125000 0.12187500
17 0.21562500 0.90312500 0.03437500 0.11796875
5 0.29687500 0.89921875 0.03750000 0.12187500
19 0.33593750 0.89921875 0.03281250 0.11093750
3 0.53750000 0.89218750 0.03750000 0.12500000
9 0.61718750 0.88515625 0.03437500 0.12500000
22 0.77500000 0.88203125 0.03281250 0.12500000
