22 0.14697300 0.14462200 0.01855500 0.02034900
7 0.19433600 0.14280500 0.01953100 0.02107600
14 0.21777300 0.14135200 0.01953100 0.02107600
3 0.24121100 0.13989800 0.01953100 0.02107600
1 0.28857400 0.13626500 0.02050800 0.02107600
14 0.31298800 0.13553800 0.02050800 0.02107600
17 0.33740200 0.13408400 0.02050800 0.02107600
2 0.36230500 0.13335800 0.01953100 0.02107600
0 0.38720700 0.13190400 0.02050800 0.02107600
8 0.14697300 0.17369200 0.01855500 0.02034900
22 0.16894500 0.17369200 0.01757800 0.02034900
0 0.19287100 0.17223800 0.01855500 0.02034900
13 0.21435500 0.17078500 0.01855500 0.02034900
0 0.23877000 0.16896800 0.01855500 0.02107600
14 0.28710900 0.16678800 0.01953100 0.02107600
6 0.31103500 0.16606100 0.01855500 0.02107600
20 0.33593800 0.16460800 0.01953100 0.02107600
17 0.36084000 0.16388100 0.01855500 0.02107600
2 0.38574200 0.16242700 0.01953100 0.02107600
0 0.41113300 0.16170100 0.01953100 0.02107600
22 0.18994100 0.20130800 0.01855500 0.02034900
4 0.21289100 0.20021800 0.01757800 0.02107600
18 0.23681600 0.19949100 0.01855500 0.02107600
4 0.26025400 0.19840100 0.01855500 0.02034900
11 0.28564500 0.19731100 0.01855500 0.02107600
4 0.33447300 0.19549400 0.01855500 0.02180200
18 0.38427700 0.19367700 0.01855500 0.02107600
2 0.41015600 0.19295100 0.01953100 0.02107600
4 0.43554700 0.19149700 0.01953100 0.02107600
13 0.46093800 0.19004400 0.01953100 0.02107600
3 0.18750000 0.23074100 0.01757800 0.02107600
4 0.21142600 0.23001500 0.01855500 0.02107600
4 0.25927700 0.22856100 0.01855500 0.02107600
22 0.28369100 0.22783400 0.01855500 0.02107600
4 0.33252000 0.22638100 0.01855500 0.02107600
2 0.38330100 0.22420100 0.01855500 0.02107600
4 0.40820300 0.22347400 0.01953100 0.02107600
13 0.43359400 0.22311000 0.01953100 0.02180200
15 0.18505900 0.26162800 0.01855500 0.02180200
14 0.20849600 0.26053800 0.01855500 0.02107600
11 0.23242200 0.25981100 0.01757800 0.02107600
13 0.25634800 0.25908400 0.01855500 0.02107600
4 0.30615200 0.25763100 0.01855500 0.02107600
18 0.35546900 0.25726700 0.01953100 0.02180200
1 0.38085900 0.25581400 0.01953100 0.02180200
14 0.40625000 0.25508700 0.01953100 0.02180200
17 0.43261700 0.25436000 0.01953100 0.02180200
14 0.18310500 0.29251500 0.01855500 0.02107600
6 0.20556600 0.29178800 0.01855500 0.02107600
17 0.22998000 0.29106100 0.01855500 0.02107600
14 0.25390600 0.29069800 0.01757800 0.02180200
12 0.27880900 0.28997100 0.01855500 0.02180200
13 0.30419900 0.28924400 0.01855500 0.02180200
20 0.40429700 0.28670100 0.01953100 0.02252900
18 0.43066400 0.28597400 0.01953100 0.02252900
15 0.45654300 0.28524700 0.01855500 0.02252900
4 0.48291000 0.28452000 0.01855500 0.02252900
7 0.50976600 0.28379400 0.01953100 0.02252900
10 0.13427700 0.32412800 0.01855500 0.02180200
17 0.15771500 0.32412800 0.01855500 0.02180200
4 0.18115200 0.32340100 0.01855500 0.02180200
18 0.20459000 0.32267400 0.01855500 0.02180200
11 0.22851600 0.32231100 0.01757800 0.02107600
14 0.25244100 0.32158400 0.01855500 0.02252900
15 0.32763700 0.32049400 0.01855500 0.02180200
14 0.35253900 0.32013100 0.01953100 0.02252900
11 0.37793000 0.31940400 0.01953100 0.02252900
19 0.40332000 0.31940400 0.01953100 0.02252900
8 0.42919900 0.31867700 0.02050800 0.02252900
13 0.45556600 0.31795100 0.02050800 0.02252900
13 0.48193400 0.31722400 0.02050800 0.02252900
8 0.50830100 0.31649700 0.02050800 0.02252900
10 0.53564500 0.31649700 0.02050800 0.02252900
11 0.13232400 0.35428800 0.01855500 0.02107600
14 0.15527300 0.35428800 0.01757800 0.02107600
9 0.17871100 0.35392400 0.01757800 0.02180200
8 0.20214800 0.35356100 0.01757800 0.02107600
3 0.12939500 0.38553800 0.01855500 0.02107600
14 0.15283200 0.38553800 0.01855500 0.02107600
17 0.17627000 0.38517400 0.01855500 0.02180200
14 0.19970700 0.38481100 0.01855500 0.02107600
9 0.22460900 0.38481100 0.01757800 0.02107600
4 0.24951200 0.38481100 0.01855500 0.02107600
22 0.12744100 0.41642400 0.01855500 0.02180200
7 0.17431600 0.41642400 0.01855500 0.02180200
14 0.19824200 0.41642400 0.01757800 0.02180200
3 0.22216800 0.41642400 0.01855500 0.02180200
14 0.27246100 0.41642400 0.01953100 0.02180200
1 0.29638700 0.41606100 0.01855500 0.02252900
17 0.32226600 0.41606100 0.01953100 0.02252900
0 0.34716800 0.41569800 0.02050800 0.02325600
19 0.37353500 0.41569800 0.02050800 0.02325600
13 0.39892600 0.41569800 0.02050800 0.02325600
14 0.42431600 0.41569800 0.02050800 0.02325600
1 0.12597700 0.44767400 0.01757800 0.02180200
4 0.14892600 0.44767400 0.01855500 0.02180200
18 0.17236300 0.44767400 0.01855500 0.02180200
15 0.19677700 0.44767400 0.01855500 0.02180200
11 0.22070300 0.44767400 0.01757800 0.02180200
0 0.24560500 0.44767400 0.01855500 0.02180200
19 0.27002000 0.44803800 0.01855500 0.02252900
13 0.29541000 0.44803800 0.01855500 0.02252900
14 0.32031200 0.44803800 0.01953100 0.02252900
3 0.12402300 0.47892400 0.01953100 0.02180200
11 0.14697300 0.47892400 0.01855500 0.02180200
22 0.21875000 0.47965100 0.01953100 0.02180200
18 0.24365200 0.47965100 0.01855500 0.02180200
4 0.26855500 0.48037800 0.01953100 0.02180200
7 0.29394500 0.48037800 0.01953100 0.02180200
0 0.50097700 0.51526200 0.02148400 0.02470900
13 0.21484400 0.54433100 0.01953100 0.02325600
0 0.23925800 0.54505800 0.01953100 0.02325600
16 0.26464800 0.54505800 0.01953100 0.02325600
8 0.29003900 0.54578500 0.01953100 0.02325600
13 0.31543000 0.54614800 0.01953100 0.02252900
0 0.34130900 0.54651200 0.02050800 0.02325600
4 0.36669900 0.54723800 0.02050800 0.02325600
19 0.39306600 0.54723800 0.02050800 0.02325600
18 0.41943400 0.54760200 0.02050800 0.02398300
15 0.50000000 0.54905500 0.02148400 0.02398300
17 0.52734400 0.54978200 0.02148400 0.02398300
14 0.55468800 0.55014500 0.02148400 0.02325600
6 0.58105500 0.55087200 0.02148400 0.02470900
17 0.60937500 0.55123500 0.02148400 0.02398300
0 0.63867200 0.55196200 0.02148400 0.02398300
12 0.66699200 0.55268900 0.02148400 0.02398300
12 0.69628900 0.55341600 0.02148400 0.02398300
0 0.72509800 0.55450600 0.02246100 0.02470900
3 0.21289100 0.57703500 0.01953100 0.02325600
22 0.23730500 0.57739800 0.01953100 0.02252900
0 0.26269500 0.57812500 0.01953100 0.02252900
17 0.31347700 0.57921500 0.01953100 0.02325600
20 0.33886700 0.57994200 0.01953100 0.02325600
16 0.36523400 0.57994200 0.02148400 0.02325600
13 0.39111300 0.58066900 0.02050800 0.02325600
7 0.44384800 0.58175900 0.02050800 0.02398300
6 0.49853500 0.58284900 0.02050800 0.02325600
8 0.52587900 0.58357600 0.02050800 0.02325600
15 0.55273400 0.58430200 0.02148400 0.02470900
15 0.58105500 0.58502900 0.02148400 0.02470900
14 0.60937500 0.58611900 0.02148400 0.02398300
15 0.63769500 0.58720900 0.02148400 0.02470900
14 0.66601600 0.58793600 0.02148400 0.02470900
19 0.69531200 0.58866300 0.02148400 0.02470900
0 0.72460900 0.58939000 0.02148400 0.02470900
12 0.75341800 0.59011600 0.02246100 0.02470900
0 0.78173800 0.59011600 0.02246100 0.02470900
17 0.21191400 0.60937500 0.01953100 0.02252900
0 0.23584000 0.61010200 0.01855500 0.02252900
25 0.26074200 0.61082800 0.01953100 0.02252900
3 0.28613300 0.61191900 0.01953100 0.02325600
4 0.31152300 0.61300900 0.01953100 0.02252900
11 0.33740200 0.61300900 0.02050800 0.02398300
8 0.36328100 0.61373500 0.01953100 0.02398300
22 0.39013700 0.61482600 0.02050800 0.02325600
8 0.44287100 0.61664200 0.02050800 0.02398300
7 0.46923800 0.61700600 0.02050800 0.02470900
15 0.52392600 0.61882300 0.02050800 0.02398300
4 0.55127000 0.61954900 0.02050800 0.02398300
17 0.58007800 0.62064000 0.02148400 0.02470900
22 0.60937500 0.62136600 0.02148400 0.02470900
15 0.72412100 0.62500000 0.02246100 0.02470900
17 0.75293000 0.62572700 0.02148400 0.02470900
8 0.78222700 0.62645300 0.02148400 0.02470900
25 0.81054700 0.62645300 0.02148400 0.02470900
8 0.20947300 0.64171500 0.02050800 0.02325600
18 0.23388700 0.64316900 0.02050800 0.02325600
15 0.25927700 0.64425900 0.02050800 0.02398300
14 0.28418000 0.64498500 0.02148400 0.02398300
11 0.30908200 0.64571200 0.02050800 0.02398300
13 0.33544900 0.64643900 0.02050800 0.02398300
19 0.41455100 0.65007300 0.02050800 0.02398300
22 0.46826200 0.65225300 0.02050800 0.02398300
0 0.49560500 0.65370600 0.02050800 0.02398300
11 0.52294900 0.65370600 0.02246100 0.02543600
18 0.57910200 0.65625000 0.02148400 0.02470900
10 0.63574200 0.65843000 0.02148400 0.02470900
0 0.66503900 0.65952000 0.02148400 0.02543600
15 0.69384800 0.65988400 0.02246100 0.02470900
17 0.72314500 0.66061000 0.02246100 0.02470900
8 0.75244100 0.66133700 0.02246100 0.02470900
25 0.78173800 0.66242700 0.02246100 0.02543600
1 0.49414100 0.68786300 0.02148400 0.02398300
22 0.10937500 0.70348800 0.01953100 0.02325600
16 0.15722700 0.70603200 0.01953100 0.02252900
4 0.18164100 0.70712200 0.01953100 0.02325600
19 0.20556600 0.70857600 0.02050800 0.02325600
17 0.25634800 0.71075600 0.02050800 0.02470900
4 0.28076200 0.71220900 0.02050800 0.02470900
17 0.33252000 0.71511600 0.02050800 0.02470900
20 0.35791000 0.71657000 0.02050800 0.02470900
10 0.38427700 0.71802300 0.02050800 0.02470900
8 0.41064500 0.71875000 0.02246100 0.02470900
14 0.46533200 0.72202000 0.02246100 0.02543600
1 0.49267600 0.72347400 0.02246100 0.02543600
4 0.52050800 0.72456400 0.02148400 0.02470900
25 0.54931600 0.72638100 0.02246100 0.02543600
13 0.63525400 0.73074100 0.02246100 0.02543600
0 0.66259800 0.73110500 0.02246100 0.02470900
8 0.10742200 0.73619200 0.01953100 0.02325600
6 0.13085900 0.73764500 0.01953100 0.02325600
17 0.15478500 0.73909900 0.02050800 0.02325600
0 0.17919900 0.74055200 0.02050800 0.02325600
4 0.20361300 0.74200600 0.02050800 0.02325600
19 0.22802700 0.74345900 0.02050800 0.02325600
13 0.27880900 0.74636600 0.02050800 0.02325600
0 0.30517600 0.74782000 0.02050800 0.02325600
5 0.35693400 0.75109000 0.02050800 0.02398300
14 0.38281200 0.75290700 0.02148400 0.02470900
17 0.40966800 0.75436000 0.02246100 0.02470900
19 0.43652300 0.75581400 0.02148400 0.02470900
4 0.46386700 0.75726700 0.02148400 0.02470900
15 0.49169900 0.75908400 0.02246100 0.02543600
13 0.57666000 0.76344500 0.02246100 0.02543600
14 0.60498000 0.76489800 0.02246100 0.02543600
2 0.49023400 0.79396800 0.02148400 0.02398300
15 0.10205100 0.80196200 0.02050800 0.02398300
14 0.12646500 0.80377900 0.02050800 0.02470900
3 0.14990200 0.80559600 0.02050800 0.02398300
18 0.19921900 0.80959300 0.02148400 0.02470900
22 0.22460900 0.81141000 0.02148400 0.02398300
8 0.25000000 0.81322700 0.02148400 0.02470900
18 0.27539100 0.81468000 0.02148400 0.02470900
19 0.30078100 0.81686000 0.02148400 0.02470900
8 0.35351600 0.82049400 0.02148400 0.02470900
23 0.40771500 0.82412800 0.02246100 0.02470900
4 0.43505900 0.82667200 0.02246100 0.02543600
11 0.46240200 0.82812500 0.02246100 0.02543600
10 0.48974600 0.83030500 0.02246100 0.02543600
0 0.51757800 0.83175900 0.02343800 0.02543600
13 0.54589800 0.83357600 0.02343800 0.02616300
4 0.60302700 0.83684600 0.02441400 0.02543600
1 0.66113300 0.84011600 0.02343800 0.02616300
8 0.69140600 0.84193300 0.02343800 0.02543600
16 0.72070300 0.84266000 0.02343800 0.02543600
4 0.75000000 0.84411300 0.02343800 0.02543600
13 0.10058600 0.83502900 0.02148400 0.02325600
0 0.12353500 0.83757300 0.02050800 0.02398300
11 0.17236300 0.84120600 0.02050800 0.02398300
14 0.19677700 0.84338700 0.02050800 0.02398300
0 0.24755900 0.84774700 0.02050800 0.02398300
3 0.27294900 0.84956400 0.02246100 0.02616300
8 0.29882800 0.85138100 0.02148400 0.02543600
15 0.35205100 0.85574100 0.02246100 0.02543600
14 0.37841800 0.85792200 0.02246100 0.02543600
10 0.43310500 0.86155500 0.02246100 0.02543600
17 0.46044900 0.86373500 0.02246100 0.02543600
20 0.48779300 0.86591600 0.02246100 0.02543600
6 0.51611300 0.86773300 0.02246100 0.02616300
20 0.54443400 0.86991300 0.02246100 0.02616300
