25 0.10625000 0.24218750 0.08750000 0.20312500
5 0.38281250 0.16562500 0.08593750 0.17968750
11 0.48750000 0.15156250 0.08750000 0.17187500
19 0.58125000 0.12968750 0.09062500 0.17500000
17 0.67656250 0.11718750 0.08750000 0.17031250
21 0.05156250 0.46406250 0.07812500 0.18906250
13 0.13281250 0.45625000 0.09062500 0.18750000
18 0.32343750 0.41250000 0.08281250 0.17500000
7 0.41875000 0.40625000 0.08750000 0.18750000
4 0.51250000 0.38281250 0.08593750 0.18437500
16 0.07187500 0.69062500 0.09375000 0.17968750
18 0.24062500 0.66562500 0.09531250 0.18906250
7 0.34062500 0.64375000 0.08593750 0.19218750
16 0.44531250 0.61406250 0.09062500 0.16718750
4 0.46093750 0.82656250 0.08593750 0.17656250
11 0.55468750 0.80468750 0.09375000 0.17031250
7 0.76250000 0.10625000 0.09062500 0.16250000
12 0.65468750 0.78437500 0.08750000 0.17656250
4 0.53125000 0.58593750 0.07656250 0.17187500
11 0.69531250 0.32968750 0.09375000 0.16093750
4 0.62500000 0.56250000 0.08125000 0.17187500
