4 0.12187500 0.64843750 0.09062500 0.16250000
25 0.22968750 0.62187500 0.08125000 0.13906250
14 0.09687500 0.86718750 0.07656250 0.15625000
7 0.49843750 0.92812500 0.07343750 0.14375000
0 0.07187500 0.22968750 0.07656250 0.15625000
3 0.15937500 0.17031250 0.08125000 0.16093750
18 0.47031250 0.72812500 0.08593750 0.15000000
19 0.45468750 0.09531250 0.08750000 0.15312500
4 0.25781250 0.14531250 0.08125000 0.15625000
16 0.58593750 0.88750000 0.08125000 0.13593750
7 0.55468750 0.69218750 0.07812500 0.14843750
5 0.52187500 0.49843750 0.07656250 0.15000000
11 0.60625000 0.47187500 0.08281250 0.15312500
4 0.67187500 0.84062500 0.07812500 0.13437500
4 0.63906250 0.66718750 0.08593750 0.15000000
4 0.74687500 0.80468750 0.07656250 0.14062500
15 0.54375000 0.08125000 0.08281250 0.15312500
