3 0.31406250 0.09027778 0.03437500 0.11458333
14 0.48125000 0.09722222 0.03125000 0.12152778
1 0.57031250 0.09027778 0.03750000 0.11458333
18 0.73750000 0.10416667 0.03125000 0.11805556
22 0.11562500 0.25347222 0.02812500 0.11805556
0 0.15000000 0.25347222 0.03125000 0.11458333
24 0.18906250 0.25000000 0.03593750 0.12152778
0 0.31250000 0.25000000 0.03437500 0.11458333
13 0.35468750 0.25000000 0.03593750 0.11111111
7 0.43906250 0.25000000 0.03281250 0.11805556
13 0.52500000 0.25347222 0.03437500 0.11805556
17 0.77812500 0.26041667 0.02968750 0.11458333
4 0.81718750 0.26388889 0.02968750 0.10416667
19 0.97031250 0.28125000 0.02812500 0.10763889
3 0.11406250 0.40972222 0.02968750 0.11458333
8 0.15000000 0.40625000 0.02968750 0.11111111
6 0.18906250 0.40625000 0.03437500 0.11458333
19 0.31250000 0.40972222 0.03437500 0.11805556
8 0.35468750 0.40972222 0.03125000 0.11458333
18 0.43906250 0.41319444 0.03125000 0.11805556
2 0.56562500 0.57291667 0.03281250 0.11458333
17 0.65000000 0.57986111 0.03437500 0.12500000
18 0.69375000 0.58333333 0.03437500 0.12500000
18 0.97343750 0.58680556 0.02812500 0.11805556
13 0.18750000 0.72222222 0.03125000 0.10763889
18 0.31093750 0.72569444 0.03281250 0.11111111
10 0.35000000 0.72916667 0.02968750 0.11458333
8 0.39375000 0.72916667 0.03437500 0.11805556
15 0.43593750 0.72916667 0.03281250 0.11458333
7 0.65000000 0.73958333 0.03281250 0.11805556
0 0.77812500 0.73958333 0.03125000 0.12152778
13 0.81718750 0.74652778 0.03125000 0.12152778
14 0.11406250 0.86458333 0.02812500 0.11458333
13 0.15000000 0.87152778 0.02968750 0.11111111
0 0.22968750 0.87500000 0.03437500 0.10416667
19 0.39375000 0.89236111 0.02968750 0.11458333
13 0.52187500 0.89583333 0.03125000 0.11111111
5 0.60625000 0.89236111 0.03437500 0.11111111
0 0.69375000 0.89930556 0.03125000 0.11111111
13 0.73593750 0.90277778 0.03281250 0.11111111
