13 0.12812500 0.11484375 0.03437500 0.11484375
24 0.16875000 0.11484375 0.03437500 0.11093750
20 0.33125000 0.10781250 0.03437500 0.11796875
15 0.37343750 0.10078125 0.03593750 0.12187500
22 0.53593750 0.11484375 0.03281250 0.11796875
4 0.57812500 0.11093750 0.03437500 0.12187500
19 0.08437500 0.26015625 0.02968750 0.12187500
17 0.16250000 0.25703125 0.03437500 0.11796875
2 0.24375000 0.26015625 0.03593750 0.12500000
4 0.28750000 0.25312500 0.03593750 0.12500000
14 0.11718750 0.41328125 0.03125000 0.12187500
15 0.15625000 0.40625000 0.03437500 0.11796875
15 0.19843750 0.40625000 0.03281250 0.12500000
18 0.28437500 0.40625000 0.03593750 0.11093750
0 0.40937500 0.40312500 0.03125000 0.10781250
19 0.49531250 0.40937500 0.03750000 0.11093750
0 0.53593750 0.40625000 0.03281250 0.11796875
23 0.57968750 0.40937500 0.03437500 0.11484375
8 0.62031250 0.40625000 0.03593750 0.11093750
12 0.53750000 0.25703125 0.03906250 0.11484375
0 0.57812500 0.25312500 0.03281250 0.11093750
3 0.61875000 0.25312500 0.03125000 0.11093750
4 0.65781250 0.25703125 0.03281250 0.10781250
11 0.70000000 0.25703125 0.03437500 0.12187500
24 0.74218750 0.25703125 0.03750000 0.11093750
13 0.78281250 0.25703125 0.03281250 0.11484375
4 0.65625000 0.11484375 0.03593750 0.12187500
0 0.69687500 0.11093750 0.03437500 0.12187500
11 0.81718750 0.11484375 0.03281250 0.11484375
8 0.85625000 0.11484375 0.02656250 0.11093750
21 0.89531250 0.11796875 0.03750000 0.11796875
4 0.93437500 0.11796875 0.03125000 0.10781250
17 0.97968750 0.26406250 0.03281250 0.12187500
17 0.74687500 0.40937500 0.03593750 0.12500000
8 0.78906250 0.41640625 0.03281250 0.11796875
3 0.82968750 0.41328125 0.03593750 0.12500000
4 0.87031250 0.41640625 0.03281250 0.12187500
8 0.95000000 0.41328125 0.03125000 0.12500000
0 0.15625000 0.56953125 0.03281250 0.12500000
18 0.19375000 0.56953125 0.03593750 0.12812500
18 0.23750000 0.56953125 0.03750000 0.12812500
0 0.28125000 0.56953125 0.03750000 0.12812500
18 0.32500000 0.56562500 0.03750000 0.12812500
18 0.36875000 0.56250000 0.03750000 0.12812500
18 0.45312500 0.56250000 0.03593750 0.12812500
17 0.66718750 0.56562500 0.03593750 0.12500000
14 0.10625000 0.73593750 0.03750000 0.12500000
17 0.14843750 0.73281250 0.03750000 0.12187500
4 0.23437500 0.73281250 0.03750000 0.13203125
1 0.36875000 0.73281250 0.03750000 0.13203125
0 0.40937500 0.72578125 0.03906250 0.13906250
3 0.45468750 0.72578125 0.03750000 0.13203125
6 0.54062500 0.72187500 0.03906250 0.12187500
20 0.58281250 0.72890625 0.03906250 0.11796875
24 0.62656250 0.72187500 0.04062500 0.13203125
1 0.79375000 0.56250000 0.03437500 0.12812500
0 0.83281250 0.56562500 0.03125000 0.12187500
3 0.87500000 0.56562500 0.03750000 0.12812500
6 0.95781250 0.56953125 0.03750000 0.12812500
0 0.79843750 0.72578125 0.03437500 0.12812500
11 0.84062500 0.72890625 0.03750000 0.14218750
11 0.88125000 0.72578125 0.02812500 0.13515625
8 0.96718750 0.73281250 0.03750000 0.13515625
13 0.45156250 0.89609375 0.04375000 0.14218750
6 0.53906250 0.89609375 0.04062500 0.13906250
0 0.58437500 0.89609375 0.03437500 0.13203125
19 0.62812500 0.89609375 0.04062500 0.13906250
24 0.84687500 0.89609375 0.04062500 0.13906250
19 0.93281250 0.89218750 0.03906250 0.13906250
2 0.10156250 0.89921875 0.03593750 0.13906250
11 0.14218750 0.90312500 0.03593750 0.12812500
20 0.18437500 0.90312500 0.03593750 0.13203125
12 0.22812500 0.89921875 0.03750000 0.13515625
15 0.27500000 0.89921875 0.03593750 0.13203125
24 0.31718750 0.89921875 0.03750000 0.13515625
