18 0.08437500 0.13437500 0.08750000 0.15625000
14 0.17031250 0.12343750 0.08281250 0.15312500
11 0.26250000 0.11406250 0.08281250 0.15312500
11 0.07500000 0.34687500 0.08750000 0.15312500
11 0.16562500 0.33593750 0.09531250 0.16250000
3 0.08125000 0.79375000 0.08593750 0.17031250
8 0.07031250 0.56250000 0.08281250 0.17187500
11 0.16406250 0.55937500 0.09843750 0.17031250
3 0.36093750 0.08593750 0.08593750 0.14375000
11 0.26875000 0.54375000 0.10468750 0.17500000
18 0.26875000 0.77812500 0.09843750 0.19375000
16 0.36250000 0.30937500 0.09375000 0.16718750
7 0.37500000 0.77031250 0.10468750 0.19843750
8 0.46093750 0.29843750 0.08593750 0.17656250
4 0.48750000 0.73750000 0.10468750 0.18437500
6 0.55468750 0.29218750 0.09062500 0.18125000
7 0.65156250 0.27656250 0.08593750 0.17500000
4 0.63437500 0.07500000 0.07343750 0.14843750
11 0.71406250 0.07031250 0.07187500 0.14062500
18 0.74687500 0.26718750 0.09062500 0.17656250
13 0.67812500 0.70468750 0.10781250 0.19218750
