19 0.16250000 0.61875000 0.10312500 0.15000000
4 0.25468750 0.59062500 0.09062500 0.16250000
25 0.38125000 0.55781250 0.08125000 0.13906250
3 0.13125000 0.85156250 0.08750000 0.15781250
14 0.21875000 0.82343750 0.08750000 0.15312500
21 0.33437500 0.77968750 0.09375000 0.16250000
13 0.41562500 0.74531250 0.08281250 0.16718750
18 0.54531250 0.89687500 0.08593750 0.16250000
7 0.62812500 0.86718750 0.08125000 0.15625000
12 0.09843750 0.19062500 0.07343750 0.14531250
0 0.19375000 0.16093750 0.07656250 0.15312500
3 0.29375000 0.12968750 0.08281250 0.16093750
18 0.58906250 0.66562500 0.08593750 0.14375000
19 0.58125000 0.07031250 0.08593750 0.13593750
4 0.39375000 0.10781250 0.08125000 0.15625000
16 0.70625000 0.83125000 0.08125000 0.13593750
7 0.66406250 0.64375000 0.07812500 0.14843750
5 0.63125000 0.45156250 0.07343750 0.15000000
