3 0.14531250 0.07968750 0.03437500 0.11796875
8 0.18750000 0.07968750 0.03437500 0.11484375
18 0.23281250 0.07968750 0.03593750 0.11796875
10 0.27656250 0.08359375 0.03750000 0.12187500
14 0.32031250 0.08359375 0.03750000 0.12500000
15 0.40937500 0.08359375 0.03593750 0.12187500
14 0.45312500 0.09062500 0.03593750 0.12500000
19 0.54218750 0.08671875 0.03750000 0.11796875
0 0.80937500 0.08671875 0.03593750 0.11093750
11 0.85468750 0.09062500 0.03750000 0.11796875
19 0.89687500 0.09375000 0.03437500 0.11796875
18 0.98125000 0.09687500 0.03437500 0.11093750
24 0.18593750 0.24687500 0.03593750 0.12187500
4 0.23125000 0.24687500 0.03437500 0.12187500
0 0.36562500 0.25000000 0.03750000 0.11796875
24 0.62968750 0.25312500 0.03437500 0.11796875
5 0.01875000 0.40625000 0.03281250 0.11484375
12 0.09843750 0.40937500 0.03437500 0.11796875
19 0.27500000 0.40937500 0.03437500 0.11796875
22 0.32031250 0.41640625 0.03437500 0.11796875
8 0.36406250 0.41328125 0.03593750 0.11796875
7 0.62812500 0.41640625 0.03437500 0.11484375
18 0.71718750 0.42343750 0.03593750 0.11796875
19 0.80625000 0.42343750 0.03437500 0.11796875
6 0.85000000 0.42343750 0.03593750 0.12187500
17 0.89375000 0.42734375 0.03437500 0.12187500
4 0.02031250 0.57656250 0.03437500 0.12812500
17 0.22812500 0.57968750 0.03437500 0.12187500
4 0.40625000 0.58359375 0.03593750 0.12500000
15 0.49531250 0.58359375 0.03593750 0.11796875
22 0.62656250 0.58671875 0.03281250 0.11796875
2 0.71562500 0.58359375 0.03750000 0.11796875
19 0.85000000 0.59062500 0.03593750 0.12187500
11 0.94062500 0.58671875 0.03750000 0.12187500
3 0.97812500 0.58671875 0.03125000 0.11796875
24 0.18593750 0.74296875 0.03437500 0.12500000
15 0.36406250 0.74687500 0.03593750 0.12500000
13 0.45156250 0.74687500 0.03593750 0.12187500
18 0.62968750 0.75000000 0.03437500 0.11796875
7 0.76093750 0.75000000 0.03437500 0.11796875
0 0.80468750 0.75000000 0.03281250 0.11796875
0 0.89375000 0.75312500 0.03437500 0.11484375
0 0.18437500 0.90312500 0.03281250 0.11484375
8 0.45156250 0.90937500 0.03593750 0.11796875
17 0.62656250 0.91640625 0.03437500 0.12812500
0 0.93437500 0.92031250 0.03125000 0.11484375
