21 0.05156250 0.09375000 0.03750000 0.11805556
10 0.16875000 0.08680556 0.03906250 0.11458333
4 0.21406250 0.08333333 0.03906250 0.12152778
4 0.25312500 0.08680556 0.03281250 0.12500000
15 0.29687500 0.08333333 0.03906250 0.11805556
18 0.46406250 0.08333333 0.03750000 0.13194444
18 0.54843750 0.07291667 0.03437500 0.12847222
4 0.59218750 0.07291667 0.04062500 0.13194444
15 0.63437500 0.06944444 0.03593750 0.12847222
17 0.71875000 0.07291667 0.04062500 0.13888889
0 0.76406250 0.06944444 0.03906250 0.12847222
19 0.80468750 0.07638889 0.03593750 0.13541667
4 0.84531250 0.07291667 0.03437500 0.13194444
2 0.12343750 0.22916667 0.03125000 0.12152778
14 0.16093750 0.22916667 0.03437500 0.12152778
17 0.20468750 0.23263889 0.03593750 0.12152778
10 0.24531250 0.22916667 0.02968750 0.13541667
0 0.33437500 0.22569444 0.03281250 0.12152778
13 0.37812500 0.22569444 0.03750000 0.12152778
10 0.54687500 0.21875000 0.03125000 0.12847222
17 0.63437500 0.21875000 0.03750000 0.12847222
24 0.67812500 0.21527778 0.03906250 0.12847222
12 0.76718750 0.21527778 0.03437500 0.11458333
22 0.07500000 0.38541667 0.03750000 0.12152778
0 0.11406250 0.38194444 0.03281250 0.11458333
13 0.15312500 0.38888889 0.03750000 0.11805556
19 0.20000000 0.38541667 0.03750000 0.12847222
6 0.37500000 0.38194444 0.03750000 0.12500000
1 0.46093750 0.37847222 0.03593750 0.11805556
0 0.50312500 0.37500000 0.03750000 0.12847222
2 0.54843750 0.37500000 0.03750000 0.13194444
10 0.59375000 0.37847222 0.03593750 0.12847222
1 0.72656250 0.37152778 0.03906250 0.13194444
24 0.86093750 0.37500000 0.04218750 0.13541667
0 0.06406250 0.54513889 0.03281250 0.13194444
13 0.10625000 0.55208333 0.03906250 0.13541667
24 0.27968750 0.54861111 0.04062500 0.14236111
17 0.37187500 0.54166667 0.03906250 0.13541667
0 0.41406250 0.54513889 0.03593750 0.12847222
13 0.46093750 0.53472222 0.03593750 0.12500000
11 0.68281250 0.53472222 0.03906250 0.13194444
3 0.73281250 0.53472222 0.03750000 0.14236111
0 0.09687500 0.71180556 0.03281250 0.13194444
13 0.14062500 0.71527778 0.03906250 0.13888889
24 0.32187500 0.71180556 0.03750000 0.13888889
7 0.46093750 0.70833333 0.04062500 0.14583333
0 0.55312500 0.70486111 0.04062500 0.14236111
13 0.59843750 0.70486111 0.03906250 0.13888889
3 0.17812500 0.88541667 0.03906250 0.14583333
5 0.36562500 0.88194444 0.04062500 0.13888889
17 0.41250000 0.88888889 0.03593750 0.15625000
3 0.50625000 0.88541667 0.04218750 0.14236111
18 0.55312500 0.88194444 0.04218750 0.14583333
14 0.64687500 0.88194444 0.03750000 0.15972222
12 0.69375000 0.88194444 0.04062500 0.14930556
11 0.92812500 0.87847222 0.03593750 0.14930556
