2 0.04296875 0.10625000 0.02812500 0.12343750
19 0.12656250 0.10000000 0.03437500 0.12500000
0 0.16718750 0.09609375 0.03281250 0.12500000
18 0.34218750 0.08125000 0.03281250 0.11718750
1 0.38359375 0.07812500 0.03437500 0.12031250
14 0.42656250 0.07812500 0.03281250 0.11562500
3 0.46953125 0.08046875 0.03437500 0.11875000
24 0.51406250 0.08281250 0.03906250 0.12968750
4 0.59843750 0.07343750 0.04218750 0.12968750
11 0.64453125 0.07500000 0.04062500 0.12656250
18 0.68671875 0.07265625 0.03437500 0.12031250
4 0.73046875 0.07500000 0.03750000 0.13125000
0 0.89687500 0.07109375 0.03593750 0.11250000
11 0.93750000 0.06875000 0.03750000 0.11406250
8 0.03750000 0.26250000 0.03750000 0.12343750
8 0.25312500 0.25234375 0.03593750 0.13437500
3 0.33906250 0.25000000 0.03906250 0.13750000
14 0.38281250 0.24531250 0.03750000 0.12812500
13 0.42734375 0.24453125 0.03437500 0.13281250
19 0.51562500 0.23828125 0.03750000 0.12968750
12 0.60156250 0.23281250 0.03437500 0.11875000
13 0.68984375 0.22890625 0.03281250 0.13437500
19 0.02812500 0.58046875 0.03593750 0.13125000
4 0.06953125 0.57890625 0.03281250 0.12812500
7 0.24609375 0.58125000 0.03750000 0.15156250
4 0.29140625 0.57265625 0.04062500 0.13750000
11 0.33906250 0.56796875 0.04218750 0.15156250
15 0.38203125 0.56953125 0.03593750 0.14218750
20 0.47265625 0.56718750 0.03750000 0.13281250
3 0.74140625 0.55156250 0.03906250 0.12343750
17 0.78828125 0.54765625 0.03593750 0.13281250
4 0.83125000 0.54609375 0.03750000 0.12968750
21 0.87968750 0.54687500 0.04375000 0.14218750
4 0.92109375 0.55000000 0.03437500 0.14375000
7 0.19843750 0.91484375 0.03906250 0.14531250
4 0.24453125 0.91875000 0.03906250 0.14687500
7 0.38359375 0.91171875 0.04218750 0.15000000
4 0.47421875 0.90937500 0.04531250 0.15156250
23 0.52421875 0.90625000 0.03437500 0.13906250
19 0.56640625 0.89843750 0.03906250 0.14531250
17 0.61484375 0.90234375 0.03906250 0.13593750
0 0.66171875 0.89765625 0.04062500 0.15000000
18 0.75390625 0.89375000 0.03750000 0.13125000
8 0.80078125 0.89218750 0.03593750 0.15000000
2 0.84531250 0.88828125 0.04062500 0.13125000
10 0.89062500 0.88671875 0.03750000 0.15000000
