17 0.25937500 0.08359375 0.03750000 0.12500000
18 0.30312500 0.08359375 0.03437500 0.11093750
11 0.47343750 0.08671875 0.04062500 0.12500000
4 0.55468750 0.09375000 0.03750000 0.12812500
24 0.21562500 0.23593750 0.03750000 0.12500000
4 0.25781250 0.23984375 0.03281250 0.12500000
18 0.30156250 0.23984375 0.03593750 0.11796875
22 0.21406250 0.39609375 0.03750000 0.12500000
4 0.25781250 0.40312500 0.03281250 0.12500000
9 0.34531250 0.40312500 0.03750000 0.12500000
2 0.43125000 0.39921875 0.03593750 0.12500000
0 0.47343750 0.39921875 0.03437500 0.12187500
11 0.51562500 0.39921875 0.03437500 0.12187500
11 0.55937500 0.40312500 0.03750000 0.12500000
18 0.72968750 0.39609375 0.03593750 0.11796875
0 0.77187500 0.39609375 0.03750000 0.12187500
24 0.81718750 0.39218750 0.03750000 0.12500000
7 0.90468750 0.38515625 0.03593750 0.11796875
8 0.95000000 0.37812500 0.03750000 0.12812500
17 0.25781250 0.56250000 0.03437500 0.12500000
2 0.43281250 0.56562500 0.03437500 0.13515625
0 0.47500000 0.56953125 0.03437500 0.14609375
13 0.51718750 0.56250000 0.03593750 0.13906250
14 0.55781250 0.55937500 0.03593750 0.12500000
13 0.60156250 0.55546875 0.03750000 0.12812500
24 0.21250000 0.72187500 0.03750000 0.12500000
4 0.25625000 0.72187500 0.03437500 0.12812500
18 0.29843750 0.71875000 0.03750000 0.12187500
1 0.29843750 0.88515625 0.03281250 0.13203125
14 0.34375000 0.88515625 0.03593750 0.12500000
14 0.38437500 0.88906250 0.03750000 0.12812500
