1 0.10468750 0.09687500 0.03593750 0.13906250
11 0.14375000 0.09687500 0.04062500 0.13906250
0 0.18437500 0.10078125 0.04062500 0.13906250
13 0.22500000 0.09687500 0.04062500 0.13203125
10 0.26875000 0.09687500 0.04375000 0.12500000
4 0.31250000 0.09687500 0.04375000 0.12812500
19 0.35156250 0.11093750 0.03437500 0.10781250
18 0.39375000 0.11093750 0.02968750 0.11484375
13 0.51406250 0.13203125 0.03281250 0.10390625
22 0.63281250 0.14218750 0.03593750 0.12812500
13 0.71093750 0.13906250 0.03593750 0.11796875
4 0.74687500 0.14218750 0.03437500 0.12500000
3 0.86875000 0.14609375 0.03125000 0.11484375
14 0.26718750 0.25703125 0.03750000 0.12187500
7 0.30781250 0.25703125 0.03906250 0.12187500
8 0.43437500 0.26406250 0.03125000 0.11093750
5 0.47187500 0.26718750 0.03906250 0.12187500
23 0.55312500 0.27812500 0.03750000 0.12187500
8 0.63281250 0.28828125 0.03437500 0.12812500
18 0.66875000 0.29140625 0.03750000 0.11796875
13 0.70781250 0.29140625 0.03593750 0.12187500
19 0.78750000 0.29531250 0.03593750 0.12500000
11 0.86875000 0.29843750 0.03593750 0.13203125
11 0.90937500 0.29843750 0.04375000 0.12812500
7 0.26562500 0.40937500 0.03906250 0.12500000
20 0.30468750 0.40937500 0.03593750 0.12500000
8 0.55000000 0.42734375 0.03750000 0.11093750
18 0.70781250 0.44062500 0.03593750 0.11796875
19 0.25781250 0.56250000 0.03750000 0.11796875
4 0.34687500 0.56250000 0.03750000 0.12500000
19 0.62656250 0.57656250 0.03750000 0.11484375
24 0.70781250 0.58359375 0.03750000 0.12187500
18 0.78593750 0.58359375 0.03281250 0.11093750
15 0.86718750 0.59062500 0.03281250 0.11093750
14 0.94687500 0.59375000 0.03125000 0.11093750
7 0.25625000 0.71562500 0.03750000 0.14218750
20 0.30000000 0.71562500 0.04375000 0.13906250
7 0.34218750 0.71875000 0.04218750 0.13515625
19 0.51093750 0.72187500 0.03750000 0.13203125
17 0.54843750 0.71875000 0.03750000 0.12500000
4 0.58750000 0.72187500 0.03593750 0.12500000
1 0.62656250 0.72187500 0.03906250 0.12812500
8 0.98437500 0.74296875 0.03125000 0.12187500
9 0.12343750 0.87812500 0.03906250 0.13906250
14 0.16406250 0.87500000 0.03906250 0.13203125
7 0.20937500 0.88203125 0.03593750 0.13515625
13 0.25468750 0.88203125 0.04375000 0.13906250
18 0.30000000 0.87812500 0.04062500 0.14218750
14 0.33906250 0.88203125 0.03750000 0.13906250
13 0.38593750 0.87812500 0.04375000 0.14218750
8 0.59062500 0.88203125 0.03750000 0.13906250
12 0.66718750 0.88203125 0.03906250 0.12812500
19 0.86562500 0.88906250 0.03750000 0.11796875
