0 0.17627000 0.12173000 0.02050800 0.02107600
3 0.20068400 0.12064000 0.02050800 0.02180200
8 0.15087900 0.15334300 0.02050800 0.02470900
10 0.20117200 0.15298000 0.02148400 0.02543600
1 0.25244100 0.15261600 0.02050800 0.02470900
14 0.27929700 0.15261600 0.02148400 0.02470900
11 0.30566400 0.15152600 0.02148400 0.02398300
14 0.38330100 0.15043600 0.02050800 0.02325600
17 0.46142600 0.14970900 0.02050800 0.02325600
4 0.48681600 0.14970900 0.02050800 0.02325600
10 0.51416000 0.14934600 0.02050800 0.02252900
4 0.54052700 0.14898300 0.02050800 0.02325600
15 0.14892600 0.21766000 0.02050800 0.02398300
14 0.17529300 0.21729700 0.02050800 0.02325600
1 0.20068400 0.21693300 0.02050800 0.02398300
4 0.22607400 0.21693300 0.02050800 0.02398300
9 0.25293000 0.21693300 0.02148400 0.02398300
0 0.27929700 0.21620600 0.01953100 0.02398300
11 0.30517600 0.21620600 0.02050800 0.02398300
12 0.35791000 0.21548000 0.02050800 0.02398300
4 0.38330100 0.21548000 0.02050800 0.02398300
3 0.40966800 0.21475300 0.02050800 0.02398300
22 0.43505900 0.21475300 0.02050800 0.02398300
4 0.46142600 0.21402600 0.02050800 0.02398300
3 0.48779300 0.21402600 0.02050800 0.02398300
0 0.14990200 0.28197700 0.02050800 0.02325600
22 0.20019500 0.28088700 0.02148400 0.02398300
1 0.25244100 0.28088700 0.02050800 0.02398300
14 0.27880900 0.28088700 0.02050800 0.02398300
11 0.30517600 0.28052300 0.02050800 0.02325600
14 0.38330100 0.27943300 0.02050800 0.02398300
17 0.46142600 0.27907000 0.02050800 0.02325600
4 0.48779300 0.27907000 0.02050800 0.02325600
10 0.51513700 0.27907000 0.02050800 0.02325600
4 0.54101600 0.27907000 0.01953100 0.02325600
10 0.14892600 0.34556700 0.02050800 0.02398300
17 0.17431600 0.34593000 0.02050800 0.02325600
14 0.19970700 0.34593000 0.02050800 0.02325600
10 0.22509800 0.34556700 0.02050800 0.02398300
14 0.25244100 0.34556700 0.02050800 0.02398300
3 0.27880900 0.34520300 0.02050800 0.02325600
8 0.30517600 0.34520300 0.02050800 0.02325600
11 0.33105500 0.34520300 0.02148400 0.02325600
11 0.14843800 0.40988400 0.02148400 0.02180200
4 0.17431600 0.40952000 0.02050800 0.02252900
9 0.19970700 0.40952000 0.02050800 0.02252900
8 0.22607400 0.40952000 0.02050800 0.02252900
19 0.25244100 0.40952000 0.02050800 0.02252900
8 0.14746100 0.47492700 0.02148400 0.02252900
22 0.19970700 0.47492700 0.02050800 0.02252900
25 0.25244100 0.47456400 0.02050800 0.02180200
20 0.27880900 0.47456400 0.02050800 0.02180200
1 0.30517600 0.47456400 0.02050800 0.02180200
0 0.33154300 0.47456400 0.02050800 0.02180200
7 0.35791000 0.47420100 0.02050800 0.02252900
4 0.41064500 0.47420100 0.02050800 0.02252900
6 0.43603500 0.47383700 0.02050800 0.02180200
14 0.46240200 0.47383700 0.02050800 0.02180200
13 0.14648400 0.54033400 0.02148400 0.02252900
4 0.17285200 0.54033400 0.02148400 0.02252900
14 0.22558600 0.53997100 0.02148400 0.02325600
6 0.25195300 0.53997100 0.02148400 0.02325600
14 0.27880900 0.53997100 0.02050800 0.02325600
13 0.30517600 0.53997100 0.02050800 0.02325600
6 0.38427700 0.53960800 0.02050800 0.02252900
14 0.41015600 0.53924400 0.02148400 0.02325600
17 0.43603500 0.53924400 0.02050800 0.02325600
8 0.46289100 0.53924400 0.02148400 0.02325600
19 0.48877000 0.53924400 0.02050800 0.02325600
18 0.14550800 0.60610500 0.02148400 0.02325600
14 0.17236300 0.60610500 0.02050800 0.02325600
11 0.19726600 0.60610500 0.02148400 0.02325600
13 0.22363300 0.60574100 0.02148400 0.02252900
2 0.25146500 0.60537800 0.02050800 0.02325600
4 0.27783200 0.60537800 0.02050800 0.02325600
10 0.33105500 0.60537800 0.02148400 0.02325600
17 0.35791000 0.60537800 0.02050800 0.02325600
0 0.38427700 0.60537800 0.02050800 0.02325600
18 0.41015600 0.60537800 0.02148400 0.02325600
13 0.43701200 0.60465100 0.02050800 0.02325600
14 0.46240200 0.60465100 0.02050800 0.02325600
4 0.48925800 0.60465100 0.02148400 0.02325600
18 0.14453100 0.67223800 0.02148400 0.02325600
14 0.17089800 0.67151200 0.02148400 0.02325600
11 0.19726600 0.67151200 0.02148400 0.02325600
13 0.22363300 0.67151200 0.02148400 0.02325600
2 0.25000000 0.67114800 0.02148400 0.02252900
4 0.27734400 0.67114800 0.02148400 0.02252900
10 0.33105500 0.67078500 0.02148400 0.02325600
17 0.35839800 0.67078500 0.02148400 0.02325600
0 0.38378900 0.67078500 0.02148400 0.02325600
3 0.41015600 0.67078500 0.02148400 0.02325600
4 0.43652300 0.67078500 0.02148400 0.02325600
13 0.46289100 0.67078500 0.02148400 0.02325600
14 0.48925800 0.67078500 0.02148400 0.02325600
4 0.51660200 0.67078500 0.02148400 0.02325600
15 0.14355500 0.73946200 0.02148400 0.02398300
14 0.17089800 0.73946200 0.02148400 0.02398300
3 0.19628900 0.73946200 0.02148400 0.02398300
14 0.22265600 0.73909900 0.02148400 0.02470900
11 0.30322300 0.73982600 0.02050800 0.02325600
12 0.35693400 0.73946200 0.02050800 0.02398300
4 0.38378900 0.73873500 0.02148400 0.02398300
3 0.41015600 0.73909900 0.02148400 0.02470900
22 0.43554700 0.73909900 0.02148400 0.02470900
4 0.46289100 0.73946200 0.02148400 0.02398300
3 0.48925800 0.73946200 0.02148400 0.02398300
19 0.57031200 0.74018900 0.02148400 0.02398300
8 0.59765600 0.74055200 0.02148400 0.02470900
7 0.62500000 0.74055200 0.02148400 0.02470900
14 0.65136700 0.74091600 0.02148400 0.02398300
13 0.67871100 0.74091600 0.02148400 0.02398300
10 0.73339800 0.74164200 0.02148400 0.02398300
14 0.76074200 0.74200600 0.02148400 0.02470900
19 0.14257800 0.80777600 0.02148400 0.02398300
14 0.16992200 0.80777600 0.02148400 0.02398300
11 0.19580100 0.80741300 0.02050800 0.02325600
10 0.22216800 0.80704900 0.02050800 0.02398300
0 0.24951200 0.80704900 0.02050800 0.02398300
13 0.27636700 0.80704900 0.02148400 0.02398300
20 0.30273400 0.80704900 0.02148400 0.02398300
11 0.32959000 0.80777600 0.02050800 0.02398300
4 0.38378900 0.80814000 0.02148400 0.02325600
6 0.40918000 0.80850300 0.02148400 0.02398300
14 0.43554700 0.80814000 0.02148400 0.02325600
11 0.48828100 0.80814000 0.02148400 0.02325600
4 0.51660200 0.80850300 0.02148400 0.02398300
6 0.54443400 0.80886600 0.02246100 0.02470900
14 0.57128900 0.80886600 0.02148400 0.02470900
13 0.59814500 0.80886600 0.02246100 0.02470900
10 0.65283200 0.80995600 0.02246100 0.02398300
14 0.67968800 0.80995600 0.02148400 0.02398300
6 0.17089800 0.87463700 0.02148400 0.02398300
14 0.19628900 0.87391000 0.02148400 0.02398300
22 0.22265600 0.87427300 0.02148400 0.02470900
14 0.24951200 0.87463700 0.02246100 0.02398300
17 0.27636700 0.87463700 0.02148400 0.02398300
19 0.35644500 0.87536300 0.02148400 0.02398300
4 0.38378900 0.87536300 0.02148400 0.02398300
1 0.41015600 0.87536300 0.02148400 0.02398300
4 0.43652300 0.87500000 0.02148400 0.02470900
25 0.48974600 0.87572700 0.02246100 0.02470900
11 0.51660200 0.87609000 0.02148400 0.02398300
14 0.54394500 0.87681700 0.02148400 0.02398300
3 0.57128900 0.87681700 0.02148400 0.02398300
4 0.59863300 0.87681700 0.02148400 0.02398300
