2 0.08906250 0.05546875 0.03281250 0.10781250
0 0.12968750 0.05937500 0.02812500 0.10781250
11 0.17187500 0.05937500 0.03281250 0.11484375
11 0.21562500 0.06562500 0.03281250 0.12500000
7 0.38906250 0.06953125 0.03593750 0.12187500
14 0.42968750 0.07265625 0.03437500 0.12812500
15 0.47500000 0.07265625 0.03437500 0.12500000
15 0.51875000 0.06953125 0.03281250 0.12500000
0 0.55781250 0.07265625 0.03125000 0.11796875
11 0.60156250 0.07265625 0.03593750 0.12187500
14 0.64375000 0.07656250 0.03750000 0.12187500
11 0.07812500 0.20859375 0.03437500 0.14218750
0 0.12187500 0.21562500 0.03281250 0.12812500
22 0.25312500 0.21875000 0.03593750 0.11796875
4 0.29843750 0.21875000 0.03437500 0.11796875
4 0.34218750 0.22187500 0.03750000 0.11484375
10 0.38593750 0.22187500 0.03437500 0.12187500
7 0.11406250 0.37187500 0.03593750 0.12812500
14 0.15781250 0.37500000 0.03437500 0.12500000
15 0.20000000 0.37812500 0.03750000 0.13203125
15 0.24843750 0.37500000 0.03437500 0.11796875
0 0.29218750 0.37500000 0.03125000 0.11796875
11 0.33906250 0.38515625 0.03906250 0.13515625
14 0.38125000 0.38203125 0.03593750 0.13203125
19 0.91562500 0.39609375 0.03750000 0.12500000
2 0.10625000 0.53125000 0.03437500 0.11484375
8 0.90781250 0.23593750 0.03593750 0.12812500
4 0.94843750 0.23593750 0.03281250 0.12187500
8 0.51406250 0.38906250 0.03593750 0.11796875
0 0.55781250 0.38515625 0.03281250 0.12187500
14 0.15000000 0.53437500 0.03593750 0.12812500
17 0.19531250 0.53437500 0.03750000 0.13203125
21 0.24218750 0.54140625 0.03593750 0.13906250
4 0.28750000 0.54140625 0.03750000 0.13906250
19 0.33437500 0.54140625 0.03750000 0.13515625
19 0.38125000 0.54531250 0.04062500 0.12812500
4 0.42500000 0.53828125 0.03593750 0.13515625
18 0.46875000 0.54140625 0.03750000 0.13203125
0 0.09687500 0.69453125 0.03593750 0.12812500
8 0.14218750 0.69765625 0.03750000 0.12812500
17 0.18750000 0.70156250 0.04062500 0.13906250
3 0.37500000 0.70468750 0.03593750 0.12812500
18 0.42187500 0.70468750 0.03750000 0.13515625
4 0.64843750 0.71562500 0.03593750 0.13515625
0 0.60312500 0.54140625 0.03281250 0.12500000
13 0.64843750 0.54843750 0.04218750 0.12187500
24 0.69531250 0.54843750 0.03750000 0.13203125
19 0.78593750 0.55234375 0.03750000 0.13203125
20 0.83125000 0.55234375 0.03906250 0.13203125
17 0.87656250 0.55234375 0.03437500 0.13203125
13 0.92031250 0.55937500 0.04062500 0.12500000
8 0.96406250 0.55546875 0.03281250 0.12187500
21 0.74375000 0.71171875 0.03906250 0.13203125
4 0.78906250 0.71171875 0.03906250 0.12812500
3 0.88281250 0.72187500 0.04062500 0.13906250
17 0.92656250 0.72187500 0.03906250 0.13515625
0 0.96875000 0.72187500 0.03593750 0.12812500
13 0.84062500 0.89921875 0.04218750 0.12812500
13 0.93281250 0.89609375 0.03906250 0.14218750
0 0.97500000 0.89609375 0.03593750 0.13515625
0 0.74375000 0.89609375 0.03437500 0.13906250
5 0.04218750 0.87500000 0.03593750 0.13203125
11 0.08437500 0.87812500 0.03750000 0.14921875
0 0.13437500 0.87812500 0.04062500 0.13515625
6 0.18281250 0.87812500 0.03906250 0.14609375
22 0.41718750 0.88515625 0.03906250 0.14218750
17 0.46562500 0.88906250 0.04218750 0.14921875
8 0.51250000 0.88906250 0.03750000 0.15312500
19 0.55781250 0.88906250 0.04218750 0.14921875
19 0.60625000 0.89218750 0.04218750 0.14609375
