21 0.17187500 0.36458333 0.03906250 0.13194444
14 0.21406250 0.36458333 0.03750000 0.13194444
11 0.26093750 0.36458333 0.04218750 0.13194444
20 0.30781250 0.36111111 0.04062500 0.13888889
12 0.35312500 0.36111111 0.03750000 0.14236111
4 0.39843750 0.36458333 0.04062500 0.14236111
8 0.58125000 0.35416667 0.04218750 0.13194444
8 0.62656250 0.35416667 0.03906250 0.13194444
15 0.17187500 0.53125000 0.04218750 0.13194444
0 0.21562500 0.53125000 0.03593750 0.13194444
6 0.26093750 0.53125000 0.04531250 0.13541667
4 0.30625000 0.53125000 0.03906250 0.13541667
18 0.35156250 0.53125000 0.04375000 0.13194444
8 0.49218750 0.52777778 0.03750000 0.12500000
0 0.97656250 0.52777778 0.03593750 0.12500000
8 0.93593750 0.52777778 0.03281250 0.12152778
1 0.89375000 0.52777778 0.03750000 0.12500000
6 0.80937500 0.52430556 0.03906250 0.12152778
3 0.76250000 0.52083333 0.03906250 0.12152778
0 0.71718750 0.52430556 0.03437500 0.12152778
2 0.30781250 0.70486111 0.03593750 0.13541667
8 0.26093750 0.70486111 0.03906250 0.12500000
8 0.21406250 0.70486111 0.03906250 0.11805556
0 0.16875000 0.70486111 0.03437500 0.11458333
