18 0.16093750 0.06597222 0.03281250 0.10416667
14 0.23750000 0.07291667 0.02812500 0.10069444
14 0.27656250 0.07638889 0.03125000 0.10416667
13 0.31562500 0.08333333 0.03125000 0.10416667
12 0.40625000 0.23263889 0.03906250 0.10763889
11 0.46250000 0.23611111 0.03593750 0.10416667
11 0.67187500 0.25000000 0.02968750 0.10069444
1 0.63593750 0.25000000 0.02968750 0.10069444
12 0.74375000 0.25000000 0.03593750 0.10069444
14 0.88750000 0.24305556 0.02968750 0.09375000
14 0.92343750 0.24652778 0.02812500 0.09722222
11 0.27187500 0.34722222 0.03437500 0.10069444
0 0.23125000 0.34722222 0.02968750 0.09722222
18 0.19218750 0.34375000 0.03593750 0.10069444
19 0.31093750 0.35069444 0.03281250 0.10416667
18 0.38750000 0.36458333 0.03125000 0.09722222
7 0.49531250 0.37152778 0.03125000 0.10069444
12 0.53125000 0.37152778 0.02968750 0.09722222
0 0.60312500 0.37152778 0.02656250 0.08680556
13 0.63750000 0.37847222 0.02968750 0.09375000
3 0.92812500 0.37500000 0.03281250 0.09722222
11 0.15000000 0.48263889 0.03437500 0.10763889
10 0.22968750 0.48958333 0.03281250 0.10069444
11 0.30937500 0.49305556 0.02968750 0.10416667
4 0.26875000 0.49305556 0.02968750 0.10416667
8 0.34687500 0.50000000 0.02812500 0.10069444
4 0.38593750 0.50000000 0.02812500 0.09722222
21 0.60312500 0.51041667 0.02968750 0.09722222
4 0.74531250 0.51388889 0.02656250 0.09722222
4 0.85625000 0.51388889 0.02968750 0.10069444
10 0.16093750 0.63194444 0.03593750 0.10763889
17 0.34531250 0.63888889 0.02968750 0.10416667
4 0.38437500 0.63888889 0.02812500 0.10069444
18 0.60312500 0.64583333 0.02656250 0.09027778
11 0.63906250 0.64930556 0.02812500 0.09027778
0 0.78437500 0.65277778 0.02812500 0.10416667
12 0.14062500 0.77777778 0.03593750 0.11111111
24 0.17968750 0.78125000 0.03437500 0.11805556
24 0.89531250 0.64930556 0.03125000 0.10069444
6 0.34375000 0.78125000 0.02812500 0.10069444
14 0.49375000 0.78125000 0.03125000 0.10416667
20 0.64062500 0.78472222 0.02968750 0.10416667
11 0.71406250 0.78125000 0.03125000 0.10069444
10 0.82500000 0.78472222 0.03437500 0.10416667
17 0.97343750 0.78472222 0.03281250 0.10416667
11 0.13593750 0.92708333 0.03437500 0.11111111
14 0.17656250 0.93055556 0.03281250 0.10763889
0 0.42031250 0.92361111 0.03125000 0.10416667
24 0.56875000 0.92361111 0.03125000 0.10763889
