0 0.06093750 0.25481799 0.05781250 0.12419700
1 0.17187500 0.26124197 0.07656250 0.13062099
2 0.27500000 0.26124197 0.07343750 0.13276231
3 0.38125000 0.26124197 0.07187500 0.13704497
4 0.48906250 0.26552463 0.07031250 0.13276231
5 0.59687500 0.26338330 0.07187500 0.13704497
6 0.70312500 0.26338330 0.07343750 0.13490364
7 0.80781250 0.26338330 0.06718750 0.13918630
8 0.91562500 0.26124197 0.07187500 0.13276231
9 0.06406250 0.57173448 0.06875000 0.15417559
10 0.16718750 0.57815846 0.06562500 0.15845824
11 0.27812500 0.57173448 0.06718750 0.15417559
12 0.38281250 0.57815846 0.07343750 0.14132762
13 0.48750000 0.57387580 0.06562500 0.15631692
14 0.59687500 0.57815846 0.07187500 0.16488223
15 0.69843750 0.57387580 0.08750000 0.17130621
16 0.80781250 0.56745182 0.07187500 0.15631692
17 0.91562500 0.58029979 0.07187500 0.14989293
18 0.06875000 0.85653105 0.07187500 0.15417559
19 0.17187500 0.86081370 0.07656250 0.13276231
20 0.27500000 0.85438972 0.07500000 0.16274090
21 0.38593750 0.86081370 0.07187500 0.14561028
22 0.49531250 0.86937901 0.08437500 0.15203426
23 0.59531250 0.85653105 0.07656250 0.14132762
24 0.70312500 0.86081370 0.06562500 0.14989293
25 0.80937500 0.85867238 0.06875000 0.15845824
