14 0.04218750 0.40468750 0.08125000 0.17187500
5 0.12812500 0.37500000 0.09375000 0.17968750
4 0.04687500 0.63750000 0.08750000 0.17656250
18 0.14687500 0.62187500 0.09531250 0.17968750
18 0.35937500 0.34687500 0.09062500 0.16718750
4 0.27343750 0.84375000 0.10312500 0.17500000
11 0.38750000 0.82031250 0.10000000 0.18906250
11 0.36875000 0.56562500 0.09062500 0.15781250
7 0.45000000 0.32500000 0.08125000 0.17031250
14 0.47187500 0.54531250 0.09375000 0.15312500
14 0.59687500 0.76093750 0.09843750 0.17500000
12 0.49375000 0.77656250 0.08750000 0.17656250
0 0.54843750 0.31718750 0.08593750 0.17187500
18 0.64375000 0.30625000 0.07812500 0.17968750
17 0.56406250 0.51406250 0.08593750 0.16250000
18 0.66406250 0.50625000 0.09375000 0.17968750
