19 0.56718750 0.16875000 0.05156250 0.15312500
19 0.63593750 0.50781250 0.05625000 0.13593750
13 0.69062500 0.50781250 0.04687500 0.13437500
14 0.79375000 0.15937500 0.05156250 0.13437500
14 0.79843750 0.33125000 0.05156250 0.13593750
14 0.92343750 0.65468750 0.05156250 0.13125000
11 0.80937500 0.50000000 0.05625000 0.13906250
20 0.70000000 0.67812500 0.05156250 0.12656250
0 0.64375000 0.68437500 0.05156250 0.12187500
15 0.62812500 0.16250000 0.05000000 0.13437500
18 0.74062500 0.16406250 0.05156250 0.14375000
17 0.74218750 0.32500000 0.06250000 0.14843750
9 0.57968750 0.51718750 0.05156250 0.13906250
6 0.75156250 0.50312500 0.05468750 0.13125000
4 0.85625000 0.50156250 0.04687500 0.13593750
4 0.75625000 0.67656250 0.04687500 0.13593750
7 0.58593750 0.69062500 0.05156250 0.13906250
12 0.86718750 0.65937500 0.04687500 0.12500000
14 0.64843750 0.85781250 0.05000000 0.12656250
2 0.58593750 0.85937500 0.05468750 0.11875000
19 0.70781250 0.85156250 0.05625000 0.13593750
16 0.76406250 0.85000000 0.05000000 0.13906250
17 0.81875000 0.84687500 0.04687500 0.15000000
4 0.87187500 0.83750000 0.04687500 0.14062500
25 0.92656250 0.82968750 0.04687500 0.11875000
