4 0.17656250 0.22031250 0.07656250 0.17187500
3 0.09062500 0.63906250 0.08593750 0.15781250
0 0.17500000 0.63593750 0.08281250 0.16093750
12 0.27187500 0.19375000 0.08281250 0.16562500
3 0.46093750 0.17812500 0.07656250 0.16718750
14 0.55000000 0.17500000 0.08125000 0.16093750
3 0.27812500 0.62031250 0.09062500 0.17187500
0 0.27343750 0.40312500 0.07812500 0.15312500
5 0.37500000 0.40000000 0.07812500 0.17187500
18 0.46718750 0.37500000 0.08750000 0.17968750
21 0.64375000 0.15468750 0.07812500 0.16562500
13 0.72656250 0.14843750 0.07343750 0.16093750
11 0.49062500 0.82656250 0.09375000 0.17968750
0 0.38593750 0.84687500 0.08593750 0.17656250
18 0.47656250 0.59218750 0.09375000 0.16718750
4 0.56718750 0.38125000 0.08593750 0.17187500
16 0.65156250 0.36562500 0.08281250 0.16718750
14 0.57812500 0.57500000 0.08750000 0.17031250
11 0.60156250 0.80781250 0.10468750 0.17968750
11 0.67031250 0.56406250 0.08593750 0.16250000
