3 0.06250000 0.19765625 0.04062500 0.13203125
13 0.15781250 0.20468750 0.03750000 0.13906250
2 0.35000000 0.21875000 0.03750000 0.13515625
7 0.58125000 0.23281250 0.03125000 0.12812500
21 0.66875000 0.23281250 0.03281250 0.12500000
15 0.39687500 0.39218750 0.03906250 0.12812500
19 0.06875000 0.55234375 0.03593750 0.13203125
14 0.35000000 0.56250000 0.03750000 0.12812500
5 0.44218750 0.55937500 0.03437500 0.12500000
19 0.57500000 0.56562500 0.03750000 0.13203125
3 0.48593750 0.72578125 0.03593750 0.12187500
3 0.78593750 0.72578125 0.03281250 0.11796875
13 0.82500000 0.72578125 0.03281250 0.11093750
19 0.90312500 0.71875000 0.03125000 0.10781250
18 0.16562500 0.89218750 0.03437500 0.11796875
14 0.30156250 0.89218750 0.03593750 0.12187500
4 0.48437500 0.89218750 0.03750000 0.12187500
