24 0.12968750 0.07968750 0.04218750 0.12187500
24 0.26406250 0.07265625 0.03906250 0.11796875
1 0.44062500 0.07656250 0.03593750 0.12500000
20 0.48437500 0.07656250 0.03437500 0.11484375
14 0.52656250 0.07968750 0.03750000 0.12187500
24 0.57343750 0.07656250 0.03906250 0.11796875
2 0.83437500 0.07656250 0.03437500 0.11484375
0 0.87500000 0.07265625 0.03437500 0.12187500
17 0.08437500 0.23593750 0.03437500 0.12500000
14 0.12812500 0.23984375 0.03593750 0.11796875
2 0.17031250 0.23281250 0.03750000 0.12812500
10 0.21250000 0.23281250 0.03437500 0.11796875
24 0.25937500 0.23984375 0.03906250 0.12812500
1 0.34687500 0.22890625 0.03281250 0.12187500
14 0.39375000 0.22890625 0.04218750 0.12187500
19 0.43750000 0.23593750 0.03437500 0.12500000
19 0.48593750 0.23593750 0.03906250 0.13906250
14 0.52812500 0.23593750 0.03437500 0.12187500
12 0.57500000 0.23593750 0.03593750 0.12187500
3 0.25625000 0.39609375 0.03906250 0.13515625
0 0.30312500 0.39921875 0.03750000 0.12812500
3 0.34843750 0.39921875 0.03906250 0.12812500
18 0.44062500 0.40312500 0.03593750 0.13515625
4 0.48281250 0.39609375 0.04062500 0.12812500
7 0.62031250 0.39609375 0.03750000 0.13203125
4 0.66562500 0.39921875 0.03750000 0.12812500
22 0.75781250 0.39609375 0.03906250 0.12187500
3 0.80156250 0.39921875 0.03750000 0.13203125
13 0.84375000 0.39609375 0.03906250 0.12812500
13 0.93593750 0.39921875 0.03437500 0.12812500
5 0.07500000 0.57265625 0.03906250 0.13906250
8 0.11718750 0.57265625 0.03593750 0.14218750
21 0.16093750 0.57656250 0.03906250 0.12812500
4 0.20937500 0.57656250 0.03593750 0.14218750
12 0.29843750 0.56953125 0.03906250 0.12500000
8 0.34687500 0.56953125 0.03593750 0.13515625
11 0.39375000 0.56562500 0.04062500 0.13515625
4 0.43906250 0.56250000 0.03906250 0.13515625
14 0.52656250 0.57265625 0.03593750 0.14218750
24 0.66718750 0.56562500 0.04062500 0.13906250
3 0.89687500 0.55937500 0.03906250 0.13906250
0 0.94218750 0.55937500 0.03437500 0.12500000
24 0.29531250 0.74296875 0.04062500 0.13906250
3 0.39218750 0.72890625 0.03906250 0.12812500
14 0.43906250 0.73593750 0.03906250 0.14218750
13 0.48281250 0.73593750 0.03750000 0.13203125
19 0.57656250 0.73984375 0.04218750 0.13203125
7 0.67343750 0.73593750 0.04218750 0.13906250
4 0.71875000 0.73984375 0.03906250 0.13203125
6 0.81250000 0.73984375 0.04062500 0.15312500
8 0.85781250 0.73984375 0.03750000 0.13906250
19 0.90468750 0.74687500 0.04062500 0.15312500
7 0.06250000 0.92031250 0.03437500 0.13515625
3 0.15468750 0.92343750 0.04062500 0.14921875
18 0.48593750 0.92031250 0.04218750 0.14921875
3 0.53125000 0.92343750 0.03906250 0.15312500
14 0.72187500 0.92031250 0.04062500 0.15312500
17 0.81718750 0.91640625 0.04062500 0.14218750
