2 0.24062500 0.11805556 0.03281250 0.11458333
17 0.31718750 0.11458333 0.03593750 0.11458333
8 0.35937500 0.11458333 0.03125000 0.10763889
4 0.39843750 0.11458333 0.03281250 0.12152778
10 0.50156250 0.10416667 0.03906250 0.13888889
15 0.56406250 0.10069444 0.03593750 0.12152778
8 0.60625000 0.10416667 0.03437500 0.12847222
19 0.65000000 0.09375000 0.03750000 0.12847222
12 0.69218750 0.09375000 0.03593750 0.12847222
0 0.73281250 0.09027778 0.03281250 0.12152778
13 0.77656250 0.09027778 0.03437500 0.11805556
4 0.27812500 0.26736111 0.03437500 0.11805556
22 0.35937500 0.25694444 0.03593750 0.12500000
0 0.40000000 0.26041667 0.03437500 0.11805556
13 0.44062500 0.25347222 0.03125000 0.11805556
19 0.48125000 0.25347222 0.03437500 0.12847222
19 0.65000000 0.25000000 0.03906250 0.12847222
17 0.69375000 0.24305556 0.03906250 0.12500000
0 0.73750000 0.24652778 0.03593750 0.12847222
3 0.77968750 0.24652778 0.03906250 0.12847222
4 0.82343750 0.25000000 0.03750000 0.12152778
17 0.03125000 0.43055556 0.03906250 0.13194444
18 0.07187500 0.43055556 0.03750000 0.12500000
8 0.11093750 0.42361111 0.03125000 0.10763889
18 0.27031250 0.41666667 0.03750000 0.12152778
20 0.35468750 0.41319444 0.03437500 0.12500000
8 0.39687500 0.41666667 0.03125000 0.10763889
3 0.43906250 0.41666667 0.03750000 0.14236111
1 0.56562500 0.41319444 0.03593750 0.12500000
3 0.69687500 0.39930556 0.03593750 0.11458333
8 0.74062500 0.39930556 0.03437500 0.12847222
18 0.78593750 0.39930556 0.03593750 0.13888889
10 0.82656250 0.40625000 0.03593750 0.12847222
14 0.87187500 0.40277778 0.03281250 0.12847222
2 0.02812500 0.57291667 0.03750000 0.12152778
4 0.06875000 0.57291667 0.03437500 0.12152778
0 0.39531250 0.56597222 0.03281250 0.12152778
17 0.48281250 0.56597222 0.03593750 0.12847222
8 0.52500000 0.56944444 0.03437500 0.12847222
4 0.56718750 0.56597222 0.03906250 0.13194444
22 0.01875000 0.72916667 0.03593750 0.13541667
3 0.09843750 0.73611111 0.03593750 0.12152778
0 0.26406250 0.73263889 0.03593750 0.12152778
13 0.30781250 0.73611111 0.03593750 0.12500000
14 0.39375000 0.73263889 0.03750000 0.13194444
17 0.43750000 0.73611111 0.03906250 0.13194444
7 0.57031250 0.72916667 0.03906250 0.13541667
0 0.61406250 0.72916667 0.03125000 0.12152778
11 0.65937500 0.72569444 0.03437500 0.12500000
5 0.70312500 0.72916667 0.03281250 0.13194444
0 0.79531250 0.72569444 0.03593750 0.12152778
17 0.17500000 0.89930556 0.04062500 0.14583333
8 0.21718750 0.90277778 0.03750000 0.13888889
10 0.25781250 0.89583333 0.03750000 0.14236111
14 0.38750000 0.89583333 0.03593750 0.13194444
13 0.43437500 0.89930556 0.03906250 0.14583333
18 0.61875000 0.89236111 0.04062500 0.14930556
