8 0.19628900 0.12500000 0.02148400 0.02180200
5 0.84423800 0.12500000 0.02050800 0.02180200
6 0.86914100 0.12500000 0.02148400 0.02180200
22 0.14404300 0.15625000 0.02050800 0.02180200
14 0.16992200 0.15697700 0.01953100 0.02180200
19 0.19580100 0.15770300 0.02050800 0.02180200
10 0.24853500 0.15697700 0.02050800 0.02180200
0 0.27441400 0.15661300 0.01953100 0.02252900
10 0.30029300 0.15661300 0.02050800 0.02252900
14 0.32812500 0.15625000 0.01953100 0.02180200
17 0.40527300 0.15625000 0.01953100 0.02180200
0 0.43066400 0.15625000 0.01953100 0.02180200
18 0.45605500 0.15625000 0.01953100 0.02180200
18 0.48193400 0.15661300 0.02050800 0.02107600
4 0.50830100 0.15661300 0.02050800 0.02107600
13 0.56005900 0.15697700 0.02050800 0.02180200
13 0.58642600 0.15697700 0.02050800 0.02180200
18 0.14404300 0.18822700 0.02050800 0.02180200
20 0.19531200 0.18822700 0.01953100 0.02180200
11 0.22168000 0.18822700 0.01953100 0.02180200
8 0.24804700 0.18822700 0.01953100 0.02180200
2 0.27441400 0.18750000 0.01953100 0.02180200
1 0.35253900 0.18786300 0.01953100 0.02107600
0 0.37890600 0.18750000 0.01953100 0.02180200
18 0.40429700 0.18750000 0.01953100 0.02180200
18 0.43066400 0.18750000 0.01953100 0.02180200
4 0.45654300 0.18750000 0.02050800 0.02180200
13 0.50830100 0.18750000 0.02050800 0.02180200
14 0.53466800 0.18750000 0.02050800 0.02180200
22 0.37841800 0.25036300 0.02050800 0.02252900
14 0.40478500 0.25036300 0.02050800 0.02252900
11 0.43017600 0.25036300 0.02050800 0.02252900
10 0.45654300 0.25072700 0.02050800 0.02180200
8 0.50878900 0.25072700 0.01953100 0.02180200
11 0.56152300 0.25072700 0.01953100 0.02180200
8 0.58740200 0.25072700 0.02050800 0.02180200
18 0.61279300 0.25072700 0.02050800 0.02180200
0 0.63964800 0.25109000 0.01953100 0.02252900
18 0.14209000 0.28306700 0.02050800 0.02252900
4 0.16748000 0.28234000 0.02050800 0.02252900
17 0.19433600 0.28270300 0.01953100 0.02180200
22 0.29931600 0.28161300 0.02050800 0.02252900
14 0.32470700 0.28197700 0.02050800 0.02180200
11 0.35156200 0.28197700 0.01953100 0.02180200
10 0.37793000 0.28197700 0.01953100 0.02180200
22 0.43017600 0.28234000 0.02050800 0.02252900
6 0.48339800 0.28234000 0.01953100 0.02252900
20 0.50878900 0.28234000 0.01953100 0.02252900
18 0.53515600 0.28197700 0.01953100 0.02180200
19 0.56152300 0.28197700 0.01953100 0.02180200
14 0.58740200 0.28234000 0.02050800 0.02252900
12 0.61279300 0.28270300 0.02050800 0.02180200
11 0.66552700 0.28306700 0.02050800 0.02252900
4 0.69140600 0.28306700 0.01953100 0.02252900
18 0.71630900 0.28343000 0.02050800 0.02180200
20 0.74218800 0.28379400 0.01953100 0.02252900
22 0.14160200 0.31504400 0.01953100 0.02252900
18 0.16748000 0.31468000 0.02050800 0.02180200
19 0.19335900 0.31431700 0.01953100 0.02252900
17 0.21972700 0.31431700 0.01953100 0.02252900
4 0.24609400 0.31395300 0.01953100 0.02180200
19 0.27246100 0.31395300 0.01953100 0.02180200
8 0.29882800 0.31359000 0.01953100 0.02252900
11 0.32519500 0.31359000 0.01953100 0.02252900
17 0.37793000 0.31359000 0.01953100 0.02252900
9 0.43066400 0.31431700 0.01953100 0.02252900
20 0.45703100 0.31395300 0.01953100 0.02180200
11 0.53515600 0.31431700 0.01953100 0.02252900
8 0.56152300 0.31431700 0.01953100 0.02252900
18 0.58789100 0.31431700 0.01953100 0.02252900
20 0.61377000 0.31504400 0.02050800 0.02252900
11 0.21972700 0.34629400 0.01953100 0.02252900
8 0.24560500 0.34629400 0.02050800 0.02252900
18 0.27197300 0.34556700 0.02050800 0.02252900
0 0.29834000 0.34556700 0.02050800 0.02252900
22 0.32519500 0.34556700 0.01953100 0.02252900
4 0.35107400 0.34593000 0.02050800 0.02180200
19 0.37793000 0.34593000 0.01953100 0.02180200
0 0.40429700 0.34629400 0.01953100 0.02252900
25 0.45703100 0.34629400 0.01953100 0.02252900
3 0.48388700 0.34629400 0.02050800 0.02252900
17 0.50976600 0.34665700 0.01953100 0.02180200
0 0.53515600 0.34665700 0.01953100 0.02180200
22 0.56201200 0.34665700 0.01855500 0.02180200
18 0.58789100 0.34665700 0.01953100 0.02180200
19 0.61425800 0.34665700 0.01953100 0.02180200
22 0.64062500 0.34665700 0.01953100 0.02180200
20 0.66601600 0.34665700 0.01953100 0.02180200
10 0.21875000 0.37827000 0.01953100 0.02252900
0 0.24560500 0.37827000 0.02050800 0.02252900
10 0.27197300 0.37827000 0.02050800 0.02252900
3 0.32519500 0.37899700 0.01953100 0.02252900
4 0.35156200 0.37827000 0.01953100 0.02252900
11 0.37793000 0.37899700 0.01953100 0.02252900
0 0.40527300 0.37899700 0.01953100 0.02252900
25 0.45752000 0.37863400 0.02050800 0.02180200
20 0.48339800 0.37827000 0.01953100 0.02252900
1 0.50976600 0.37827000 0.01953100 0.02252900
0 0.53564500 0.37863400 0.01855500 0.02180200
18 0.56201200 0.37863400 0.01855500 0.02180200
19 0.58837900 0.37863400 0.01855500 0.02180200
13 0.16601600 0.41097400 0.01953100 0.02252900
8 0.19238300 0.41097400 0.01953100 0.02252900
16 0.21875000 0.41097400 0.01953100 0.02252900
4 0.24511700 0.41024700 0.01953100 0.02252900
6 0.27148400 0.41024700 0.01953100 0.02252900
14 0.29882800 0.41097400 0.01953100 0.02252900
8 0.35156200 0.41097400 0.01953100 0.02252900
3 0.37841800 0.41097400 0.02050800 0.02252900
20 0.40527300 0.41097400 0.01953100 0.02252900
19 0.43164100 0.41097400 0.01953100 0.02252900
3 0.48388700 0.41024700 0.02050800 0.02252900
4 0.50976600 0.41061000 0.01953100 0.02180200
11 0.53613300 0.41097400 0.01953100 0.02252900
0 0.56250000 0.41097400 0.01953100 0.02252900
6 0.14013700 0.44331400 0.02050800 0.02180200
14 0.16552700 0.44331400 0.02050800 0.02180200
11 0.19189500 0.44331400 0.02050800 0.02180200
14 0.21826200 0.44331400 0.02050800 0.02180200
22 0.24511700 0.44331400 0.01953100 0.02180200
0 0.27197300 0.44367700 0.02050800 0.02252900
4 0.32568400 0.44295100 0.02050800 0.02252900
23 0.35205100 0.44295100 0.02050800 0.02252900
4 0.37841800 0.44295100 0.02050800 0.02252900
2 0.43212900 0.44295100 0.02050800 0.02252900
4 0.45800800 0.44295100 0.01953100 0.02252900
11 0.48437500 0.44295100 0.01953100 0.02252900
0 0.51025400 0.44295100 0.02050800 0.02252900
6 0.21826200 0.47565400 0.02050800 0.02252900
3 0.24511700 0.47565400 0.01953100 0.02252900
4 0.27148400 0.47565400 0.01953100 0.02252900
19 0.32568400 0.47565400 0.02050800 0.02252900
1 0.40576200 0.47565400 0.02050800 0.02252900
11 0.45800800 0.47529100 0.01953100 0.02180200
13 0.21777300 0.50835800 0.01953100 0.02252900
0 0.24462900 0.50835800 0.02050800 0.02252900
17 0.29882800 0.50799400 0.01953100 0.02325600
13 0.35205100 0.50763100 0.02050800 0.02252900
10 0.37841800 0.50763100 0.02050800 0.02252900
4 0.40527300 0.50763100 0.01953100 0.02252900
16 0.21777300 0.54106100 0.01953100 0.02252900
19 0.24414100 0.54106100 0.01953100 0.02252900
14 0.27099600 0.54069800 0.02050800 0.02325600
10 0.32519500 0.54033400 0.01953100 0.02252900
20 0.35156200 0.54033400 0.01953100 0.02252900
15 0.37841800 0.54033400 0.02050800 0.02252900
8 0.40527300 0.53997100 0.01953100 0.02325600
11 0.43212900 0.53960800 0.02050800 0.02252900
18 0.21728500 0.57412800 0.02050800 0.02325600
22 0.24365200 0.57412800 0.02050800 0.02325600
8 0.27148400 0.57412800 0.01953100 0.02325600
13 0.29834000 0.57412800 0.02050800 0.02325600
8 0.32519500 0.57340100 0.01953100 0.02325600
13 0.35058600 0.57303800 0.01953100 0.02252900
10 0.37793000 0.57303800 0.01953100 0.02252900
8 0.40527300 0.57267400 0.01953100 0.02325600
18 0.16406200 0.60719500 0.01953100 0.02252900
10 0.19043000 0.60755800 0.01953100 0.02325600
14 0.21679700 0.60719500 0.01953100 0.02252900
11 0.24365200 0.60719500 0.02050800 0.02252900
10 0.29785200 0.60683100 0.01953100 0.02325600
14 0.32470700 0.60683100 0.02050800 0.02325600
22 0.37841800 0.60610500 0.02050800 0.02325600
25 0.40527300 0.60537800 0.01953100 0.02325600
11 0.45849600 0.60465100 0.02050800 0.02325600
8 0.48486300 0.60465100 0.02050800 0.02325600
4 0.18994100 0.64098800 0.02050800 0.02325600
17 0.21728500 0.64098800 0.02050800 0.02325600
18 0.24365200 0.64062500 0.02050800 0.02252900
19 0.27002000 0.64026200 0.02050800 0.02325600
8 0.29736300 0.64026200 0.02050800 0.02325600
10 0.35205100 0.63953500 0.02050800 0.02325600
11 0.37841800 0.63917200 0.02050800 0.02252900
14 0.40576200 0.63880800 0.02050800 0.02325600
10 0.43212900 0.63808100 0.02050800 0.02325600
14 0.18896500 0.67369200 0.02050800 0.02325600
1 0.21533200 0.67369200 0.02050800 0.02325600
14 0.24316400 0.67369200 0.01953100 0.02325600
3 0.27002000 0.67369200 0.02050800 0.02325600
17 0.29687500 0.67369200 0.01953100 0.02325600
0 0.32421900 0.67296500 0.01953100 0.02325600
11 0.35107400 0.67296500 0.02050800 0.02325600
8 0.37841800 0.67260200 0.02050800 0.02252900
15 0.18896500 0.70748500 0.02050800 0.02398300
17 0.21630900 0.70784900 0.02050800 0.02325600
0 0.24365200 0.70784900 0.02050800 0.02325600
22 0.27002000 0.70712200 0.02050800 0.02325600
1 0.37841800 0.70639500 0.02050800 0.02325600
14 0.40576200 0.70566900 0.02050800 0.02325600
10 0.43212900 0.70494200 0.02050800 0.02325600
7 0.18896500 0.74127900 0.02050800 0.02325600
22 0.21630900 0.74055200 0.02050800 0.02325600
14 0.24316400 0.74091600 0.02148400 0.02252900
18 0.27002000 0.74055200 0.02050800 0.02325600
19 0.29736300 0.74018900 0.02050800 0.02252900
14 0.35205100 0.73982600 0.02050800 0.02325600
19 0.37841800 0.73946200 0.02050800 0.02252900
6 0.40576200 0.73909900 0.02050800 0.02325600
17 0.43310500 0.73837200 0.02050800 0.02325600
25 0.48584000 0.73728200 0.02050800 0.02252900
11 0.51269500 0.73691900 0.02148400 0.02325600
8 0.53906200 0.73691900 0.02148400 0.02325600
22 0.59228500 0.73582800 0.02246100 0.02398300
3 0.64502000 0.73473800 0.02246100 0.02325600
17 0.67089800 0.73437500 0.02148400 0.02398300
0 0.69726600 0.73401200 0.02148400 0.02325600
10 0.72363300 0.73328500 0.02148400 0.02325600
4 0.74902300 0.73328500 0.02148400 0.02325600
10 0.21533200 0.77507300 0.02050800 0.02252900
19 0.24267600 0.77507300 0.02050800 0.02252900
14 0.27002000 0.77507300 0.02050800 0.02398300
14 0.32470700 0.77398300 0.02050800 0.02325600
19 0.35107400 0.77361900 0.02050800 0.02398300
6 0.37841800 0.77325600 0.02050800 0.02325600
17 0.40576200 0.77252900 0.02050800 0.02325600
25 0.45947300 0.77180200 0.02050800 0.02325600
18 0.21533200 0.80814000 0.02050800 0.02325600
14 0.24169900 0.80814000 0.02050800 0.02325600
1 0.26904300 0.80814000 0.02050800 0.02325600
0 0.29736300 0.80814000 0.02050800 0.02325600
10 0.32470700 0.80777600 0.02050800 0.02252900
8 0.35205100 0.80741300 0.02050800 0.02325600
18 0.16113300 0.84302300 0.01953100 0.02325600
19 0.21533200 0.84229700 0.02050800 0.02325600
11 0.26904300 0.84157000 0.02050800 0.02325600
8 0.29736300 0.84157000 0.02050800 0.02325600
12 0.35205100 0.84048000 0.02050800 0.02252900
8 0.37890600 0.84011600 0.02148400 0.02325600
11 0.40625000 0.83939000 0.02148400 0.02325600
10 0.51318400 0.83720900 0.02050800 0.02325600
20 0.54003900 0.83648300 0.02148400 0.02325600
12 0.56689500 0.83575600 0.02050800 0.02325600
0 0.59375000 0.83502900 0.02148400 0.02325600
13 0.62011700 0.83466600 0.02148400 0.02398300
4 0.64648400 0.83393900 0.02148400 0.02398300
10 0.67236300 0.83357600 0.02050800 0.02325600
4 0.16113300 0.87609000 0.02148400 0.02398300
11 0.18798800 0.87609000 0.02050800 0.02398300
4 0.21484400 0.87572700 0.02148400 0.02325600
13 0.26953100 0.87536300 0.02148400 0.02398300
14 0.29687500 0.87536300 0.02148400 0.02398300
6 0.32421900 0.87463700 0.02148400 0.02398300
8 0.35205100 0.87427300 0.02050800 0.02325600
20 0.40673800 0.87282000 0.02050800 0.02325600
22 0.43359400 0.87173000 0.02148400 0.02398300
14 0.46044900 0.87136600 0.02050800 0.02325600
11 0.48632800 0.87064000 0.02148400 0.02325600
14 0.51416000 0.87027600 0.02050800 0.02398300
10 0.54052700 0.86954900 0.02050800 0.02398300
