14 0.36250000 0.06250000 0.03281250 0.11796875
4 0.49687500 0.07265625 0.03437500 0.12187500
17 0.76250000 0.08671875 0.03593750 0.12500000
17 0.09843750 0.22187500 0.03437500 0.11796875
4 0.14062500 0.22187500 0.03281250 0.12187500
12 0.22968750 0.22578125 0.03593750 0.11796875
17 0.53906250 0.24296875 0.03437500 0.12187500
4 0.67343750 0.24687500 0.03437500 0.12187500
6 0.80312500 0.25703125 0.03437500 0.12500000
0 0.93281250 0.26015625 0.02968750 0.10781250
11 0.97343750 0.26406250 0.03437500 0.11796875
12 0.09843750 0.38515625 0.03437500 0.12187500
0 0.27343750 0.39609375 0.03593750 0.12500000
8 0.31875000 0.39921875 0.03437500 0.11796875
8 0.62656250 0.40937500 0.03593750 0.12187500
11 0.71406250 0.41640625 0.03281250 0.11796875
19 0.18437500 0.55937500 0.03593750 0.12500000
15 0.45000000 0.56953125 0.03437500 0.11796875
11 0.62812500 0.57656250 0.03906250 0.12187500
20 0.88750000 0.58671875 0.03437500 0.12187500
8 0.97187500 0.59062500 0.03125000 0.11796875
23 0.27343750 0.72890625 0.03593750 0.12812500
18 0.36093750 0.72890625 0.03906250 0.12187500
19 0.53593750 0.73593750 0.03281250 0.11484375
13 0.62343750 0.73984375 0.03437500 0.11796875
18 0.80000000 0.75000000 0.03437500 0.11484375
3 0.84375000 0.75000000 0.03281250 0.11484375
7 0.97031250 0.75312500 0.03281250 0.11796875
23 0.14218750 0.88906250 0.03593750 0.12187500
19 0.44843750 0.89921875 0.03906250 0.11796875
13 0.53437500 0.90312500 0.03281250 0.11093750
