18 0.15937500 0.35312500 0.09062500 0.16718750
4 0.10625000 0.85781250 0.08750000 0.16718750
11 0.20625000 0.85625000 0.10000000 0.18906250
11 0.18125000 0.59218750 0.09062500 0.15781250
7 0.27812500 0.33750000 0.10468750 0.17968750
14 0.29531250 0.56406250 0.09531250 0.16562500
14 0.42656250 0.77500000 0.09843750 0.17500000
12 0.31093750 0.81093750 0.08593750 0.17656250
0 0.38281250 0.31093750 0.08593750 0.17187500
18 0.48906250 0.30000000 0.09062500 0.17968750
17 0.41250000 0.53750000 0.08593750 0.16250000
18 0.51718750 0.51718750 0.09062500 0.17968750
