25 0.07812500 0.17031250 0.10000000 0.18437500
17 0.41250000 0.11562500 0.09531250 0.17968750
22 0.09687500 0.70468750 0.11718750 0.22812500
18 0.24218750 0.66406250 0.11406250 0.22031250
13 0.39375000 0.88437500 0.10468750 0.22968750
18 0.48281250 0.56875000 0.09531250 0.18437500
0 0.50781250 0.09062500 0.08125000 0.15312500
4 0.51875000 0.83125000 0.10000000 0.19375000
8 0.60625000 0.09687500 0.07343750 0.15781250
7 0.57812500 0.55000000 0.09062500 0.18125000
3 0.69218750 0.09062500 0.08125000 0.16250000
