21 0.09687500 0.18750000 0.09375000 0.17500000
0 0.18906250 0.16562500 0.07343750 0.16562500
17 0.29062500 0.14375000 0.08750000 0.18437500
7 0.18437500 0.64375000 0.10781250 0.22031250
0 0.31562500 0.61093750 0.09531250 0.19843750
6 0.49062500 0.11875000 0.08593750 0.16250000
15 0.42968750 0.57343750 0.10468750 0.20625000
16 0.45312500 0.86718750 0.11250000 0.21562500
14 0.58593750 0.10625000 0.08593750 0.15312500
13 0.66875000 0.09531250 0.07343750 0.15781250
2 0.07500000 0.65000000 0.11250000 0.21250000
19 0.57968750 0.82031250 0.10937500 0.22968750
18 0.55000000 0.55000000 0.10312500 0.20156250
4 0.65312500 0.52343750 0.10000000 0.21250000
17 0.69843750 0.78906250 0.10937500 0.24218750
18 0.81093750 0.75312500 0.09531250 0.22968750
4 0.75312500 0.08750000 0.06875000 0.14062500
