7 0.08125000 0.07968750 0.03125000 0.11484375
4 0.21250000 0.07968750 0.03437500 0.12187500
24 0.25468750 0.07656250 0.03593750 0.11796875
18 0.34218750 0.07656250 0.03125000 0.11796875
17 0.42968750 0.07656250 0.03750000 0.11796875
2 0.56093750 0.06953125 0.03593750 0.12187500
0 0.86875000 0.06953125 0.03437500 0.12812500
18 0.91562500 0.06953125 0.03437500 0.11484375
10 0.96093750 0.06953125 0.03593750 0.12187500
18 0.04062500 0.23984375 0.03593750 0.12187500
19 0.16875000 0.23984375 0.03593750 0.12500000
19 0.34218750 0.23984375 0.03281250 0.11796875
24 0.64687500 0.23593750 0.03437500 0.12187500
11 0.78281250 0.22890625 0.03593750 0.12187500
3 0.87031250 0.22890625 0.03437500 0.12500000
18 0.95937500 0.22890625 0.03593750 0.12187500
7 0.08281250 0.40625000 0.03593750 0.12500000
0 0.16718750 0.39921875 0.03437500 0.11484375
4 0.38437500 0.40312500 0.03125000 0.11796875
24 0.47187500 0.39921875 0.03437500 0.11484375
19 0.55937500 0.39921875 0.03437500 0.11484375
13 0.55937500 0.56250000 0.03437500 0.11093750
8 0.60312500 0.56250000 0.03125000 0.11484375
13 0.78125000 0.55937500 0.03593750 0.11484375
2 0.64687500 0.56250000 0.03437500 0.11484375
24 0.95937500 0.56562500 0.03593750 0.12187500
20 0.21250000 0.72890625 0.03750000 0.12500000
0 0.12500000 0.73281250 0.03437500 0.11796875
4 0.25625000 0.72890625 0.03593750 0.12187500
11 0.30000000 0.72890625 0.03750000 0.12500000
18 0.38750000 0.73281250 0.03593750 0.12187500
2 0.47187500 0.72890625 0.03906250 0.12812500
19 0.55937500 0.72890625 0.03593750 0.11093750
17 0.60312500 0.72890625 0.03593750 0.11796875
24 0.64687500 0.73281250 0.03906250 0.12187500
9 0.82656250 0.73593750 0.03750000 0.12500000
0 0.86875000 0.73593750 0.03593750 0.12500000
