19 0.11562500 0.05156250 0.03593750 0.10312500
0 0.15312500 0.04765625 0.02812500 0.09531250
10 0.18906250 0.04843750 0.03281250 0.09687500
20 0.40703125 0.04609375 0.02968750 0.09218750
15 0.44531250 0.04531250 0.03125000 0.09062500
8 0.48203125 0.04765625 0.03125000 0.09531250
3 0.51875000 0.04687500 0.02968750 0.09375000
0 0.22031250 0.16484375 0.02812500 0.09531250
19 0.25781250 0.17109375 0.03281250 0.10781250
15 0.40781250 0.16562500 0.02968750 0.10156250
11 0.44687500 0.16250000 0.03125000 0.10000000
0 0.48125000 0.17187500 0.03125000 0.10312500
2 0.51875000 0.16796875 0.03125000 0.11250000
4 0.55703125 0.16718750 0.03125000 0.10937500
22 0.63203125 0.15859375 0.03593750 0.10468750
4 0.67109375 0.15625000 0.03437500 0.10468750
22 0.74687500 0.14843750 0.03437500 0.10156250
19 0.82109375 0.14609375 0.03437500 0.10625000
2 0.93281250 0.14531250 0.03281250 0.10000000
17 0.96796875 0.14687500 0.03281250 0.09843750
4 0.25390625 0.30000000 0.03593750 0.11406250
17 0.36796875 0.29609375 0.03125000 0.10156250
4 0.40625000 0.29843750 0.03437500 0.11250000
4 0.44531250 0.29921875 0.03281250 0.10781250
3 0.52109375 0.29218750 0.03437500 0.11562500
8 0.55781250 0.29140625 0.03281250 0.10937500
19 0.71250000 0.27578125 0.03281250 0.10625000
15 0.78984375 0.27812500 0.03437500 0.10937500
0 0.82734375 0.27734375 0.03437500 0.10781250
18 0.90703125 0.27265625 0.03125000 0.10468750
4 0.13046875 0.43671875 0.03281250 0.11093750
0 0.11093750 0.71328125 0.03437500 0.11406250
12 0.19375000 0.71953125 0.03437500 0.13125000
4 0.23593750 0.71718750 0.03750000 0.12187500
11 0.27734375 0.71875000 0.04062500 0.12500000
4 0.31796875 0.71328125 0.03906250 0.12812500
1 0.10546875 0.87500000 0.03750000 0.12656250
12 0.18515625 0.87343750 0.03281250 0.12343750
8 0.22812500 0.87656250 0.03906250 0.12968750
11 0.27109375 0.88203125 0.03281250 0.12968750
4 0.31171875 0.87968750 0.03281250 0.13593750
18 0.35390625 0.87656250 0.03593750 0.12500000
