18 0.05000000 0.16562500 0.09843750 0.20156250
25 0.15000000 0.14531250 0.10000000 0.18437500
17 0.48437500 0.10156250 0.08750000 0.16250000
4 0.05781250 0.70781250 0.10937500 0.21093750
22 0.18906250 0.67500000 0.11718750 0.22968750
18 0.32656250 0.63593750 0.10000000 0.21250000
14 0.35781250 0.90156250 0.10781250 0.19687500
13 0.48125000 0.85625000 0.10312500 0.21562500
18 0.55625000 0.55000000 0.09531250 0.18750000
0 0.58125000 0.09375000 0.08125000 0.15312500
4 0.59218750 0.81406250 0.10000000 0.19375000
8 0.67031250 0.09687500 0.07343750 0.15781250
7 0.65312500 0.54375000 0.09062500 0.18125000
