0 0.37548800 0.08975300 0.01660200 0.02543600
1 0.40918000 0.08939000 0.01757800 0.02616300
13 0.51025400 0.08720900 0.01660200 0.02616300
22 0.54492200 0.08648300 0.01757800 0.02616300
0 0.57812500 0.08648300 0.01757800 0.02616300
17 0.61328100 0.08575600 0.01757800 0.02616300
3 0.24267600 0.13771800 0.01660200 0.02543600
14 0.27539100 0.13699100 0.01757800 0.02543600
12 0.30908200 0.13626500 0.01660200 0.02543600
0 0.34326200 0.13553800 0.01660200 0.02543600
13 0.41015600 0.13481100 0.01757800 0.02543600
17 0.54589800 0.13263100 0.01757800 0.02543600
0 0.57861300 0.13299400 0.01660200 0.02616300
1 0.61279300 0.13299400 0.01660200 0.02616300
14 0.64697300 0.13226700 0.01660200 0.02616300
19 0.68115200 0.13154100 0.01660200 0.02616300
0 0.71484400 0.13117700 0.01757800 0.02543600
20 0.37646500 0.18168600 0.01660200 0.02616300
15 0.41064500 0.18095900 0.01660200 0.02616300
17 0.44482400 0.18023300 0.01660200 0.02616300
1 0.57959000 0.17914200 0.01660200 0.02689000
5 0.61425800 0.17877900 0.01757800 0.02616300
6 0.64794900 0.17841600 0.01660200 0.02689000
17 0.17871100 0.23183100 0.01562500 0.02470900
4 0.21093800 0.23110500 0.01562500 0.02616300
1 0.24267600 0.23037800 0.01660200 0.02616300
19 0.31005900 0.22892400 0.01660200 0.02616300
0 0.34326200 0.22819800 0.01660200 0.02616300
3 0.41162100 0.22747100 0.01660200 0.02616300
14 0.44482400 0.22674400 0.01660200 0.02616300
6 0.47851600 0.22565400 0.01562500 0.02543600
14 0.51318400 0.22529100 0.01660200 0.02616300
22 0.54736300 0.22529100 0.01660200 0.02616300
22 0.85791000 0.26962200 0.01660200 0.02616300
14 0.58154300 0.22529100 0.01660200 0.02616300
11 0.61474600 0.22529100 0.01660200 0.02616300
8 0.64892600 0.22529100 0.01660200 0.02616300
11 0.68408200 0.22456400 0.01660200 0.02616300
8 0.71826200 0.22456400 0.01660200 0.02616300
18 0.75244100 0.22456400 0.01660200 0.02616300
22 0.14648400 0.27870600 0.01562500 0.02543600
18 0.17773400 0.27798000 0.01562500 0.02543600
19 0.20996100 0.27689000 0.01562500 0.02616300
17 0.24316400 0.27616300 0.01562500 0.02616300
4 0.27636700 0.27579900 0.01562500 0.02543600
19 0.30957000 0.27470900 0.01562500 0.02616300
8 0.34326200 0.27470900 0.01660200 0.02616300
19 0.37744100 0.27434600 0.01660200 0.02689000
18 0.44531200 0.27325600 0.01757800 0.02616300
20 0.54736300 0.27216600 0.01660200 0.02689000
10 0.64990200 0.27216600 0.01660200 0.02689000
14 0.68408200 0.27143900 0.01660200 0.02689000
11 0.71826200 0.27143900 0.01660200 0.02689000
3 0.17773400 0.32340100 0.01562500 0.02616300
16 0.24316400 0.32303800 0.01562500 0.02689000
0 0.27636700 0.32267400 0.01562500 0.02616300
18 0.30957000 0.32231100 0.01562500 0.02689000
0 0.34375000 0.32231100 0.01562500 0.02689000
6 0.47998000 0.32158400 0.01660200 0.02689000
0 0.51318400 0.32122100 0.01660200 0.02616300
11 0.54736300 0.32085800 0.01660200 0.02689000
14 0.65087900 0.31940400 0.01660200 0.02689000
15 0.68457000 0.31904100 0.01757800 0.02616300
14 0.71923800 0.31867700 0.01660200 0.02689000
25 0.75488300 0.31795100 0.01757800 0.02689000
3 0.78955100 0.31758700 0.01660200 0.02616300
0 0.82373000 0.31795100 0.01660200 0.02689000
11 0.85839800 0.31758700 0.01757800 0.02616300
0 0.89355500 0.31758700 0.01757800 0.02616300
15 0.21093800 0.37064000 0.01562500 0.02616300
17 0.24316400 0.36991300 0.01562500 0.02616300
14 0.27734400 0.36991300 0.01562500 0.02616300
18 0.31054700 0.36991300 0.01562500 0.02616300
19 0.34472700 0.36954900 0.01562500 0.02689000
8 0.37890600 0.36954900 0.01562500 0.02689000
19 0.41259800 0.36954900 0.01660200 0.02689000
4 0.44580100 0.36954900 0.01660200 0.02689000
15 0.51318400 0.36882300 0.01660200 0.02689000
14 0.54736300 0.36882300 0.01660200 0.02689000
9 0.58203100 0.36809600 0.01562500 0.02689000
0 0.61621100 0.36809600 0.01562500 0.02689000
11 0.64990200 0.36736900 0.01660200 0.02689000
20 0.68505900 0.36700600 0.01660200 0.02616300
18 0.75537100 0.36591600 0.01660200 0.02689000
19 0.79003900 0.36591600 0.01757800 0.02689000
0 0.82421900 0.36518900 0.01757800 0.02689000
13 0.21093800 0.41751500 0.01562500 0.02689000
4 0.24511700 0.41787800 0.01562500 0.02616300
12 0.31152300 0.41715100 0.01562500 0.02616300
14 0.34521500 0.41715100 0.01660200 0.02616300
6 0.37939500 0.41642400 0.01660200 0.02616300
11 0.41210900 0.41642400 0.01562500 0.02616300
0 0.44580100 0.41751500 0.01660200 0.02689000
15 0.51416000 0.41642400 0.01660200 0.02616300
17 0.54931600 0.41606100 0.01660200 0.02689000
8 0.58252000 0.41569800 0.01660200 0.02616300
19 0.65185500 0.41497100 0.01660200 0.02616300
8 0.68554700 0.41460800 0.01757800 0.02689000
22 0.75585900 0.41351700 0.01757800 0.02761600
14 0.79101600 0.41315400 0.01757800 0.02689000
22 0.82714800 0.41315400 0.01757800 0.02689000
17 0.86181600 0.41315400 0.01660200 0.02689000
4 0.89648400 0.41315400 0.01757800 0.02689000
12 0.14550800 0.46475300 0.01562500 0.02689000
18 0.31250000 0.46511600 0.01562500 0.02616300
10 0.34570300 0.46439000 0.01562500 0.02616300
0 0.37890600 0.46439000 0.01562500 0.02616300
25 0.41357400 0.46366300 0.01660200 0.02616300
0 0.44677700 0.46366300 0.01660200 0.02616300
11 0.48046900 0.46293600 0.01562500 0.02616300
0 0.51416000 0.46293600 0.01660200 0.02616300
14 0.58252000 0.46257300 0.01660200 0.02543600
13 0.61669900 0.46257300 0.01660200 0.02543600
0 0.65136700 0.46148300 0.01757800 0.02616300
15 0.72070300 0.46148300 0.01757800 0.02616300
14 0.75585900 0.46148300 0.01757800 0.02616300
3 0.79199200 0.46111900 0.01757800 0.02543600
7 0.82763700 0.46075600 0.01855500 0.02616300
14 0.86328100 0.46075600 0.01757800 0.02616300
3 0.89843800 0.46039200 0.01757800 0.02543600
10 0.14502000 0.51126500 0.01660200 0.02543600
17 0.21289100 0.51126500 0.01562500 0.02543600
4 0.24658200 0.51126500 0.01660200 0.02543600
1 0.27978500 0.51090100 0.01660200 0.02616300
4 0.31298800 0.51053800 0.01660200 0.02543600
19 0.34716800 0.51053800 0.01660200 0.02543600
0 0.38037100 0.51053800 0.01660200 0.02543600
12 0.41455100 0.50981100 0.01660200 0.02543600
