7 0.25937500 0.06597222 0.03750000 0.12847222
4 0.53125000 0.06597222 0.04062500 0.12847222
0 0.67187500 0.06597222 0.03750000 0.12500000
13 0.71562500 0.06597222 0.04218750 0.12847222
17 0.93750000 0.06944444 0.03750000 0.13541667
4 0.94218750 0.23611111 0.03750000 0.12152778
1 0.66875000 0.22916667 0.03125000 0.12152778
18 0.53281250 0.23611111 0.03437500 0.12847222
4 0.48593750 0.23611111 0.03437500 0.13194444
10 0.17343750 0.22569444 0.04218750 0.13194444
0 0.13125000 0.22916667 0.03750000 0.13541667
19 0.08906250 0.22916667 0.04531250 0.13541667
2 0.17187500 0.39930556 0.04375000 0.12847222
17 0.25781250 0.39583333 0.04218750 0.13888889
8 0.30312500 0.39583333 0.03906250 0.13888889
4 0.35000000 0.39583333 0.03750000 0.13194444
8 0.57500000 0.40277778 0.03593750 0.12500000
19 0.62187500 0.40277778 0.03593750 0.12847222
13 0.76093750 0.40625000 0.03593750 0.13541667
0 0.97968750 0.40625000 0.03750000 0.12847222
11 0.98125000 0.57638889 0.03750000 0.13194444
13 0.85156250 0.56944444 0.03750000 0.12847222
15 0.57656250 0.57291667 0.03750000 0.12847222
2 0.44375000 0.56944444 0.03750000 0.12847222
8 0.39531250 0.57291667 0.03750000 0.14236111
19 0.34843750 0.56944444 0.04375000 0.13888889
13 0.30468750 0.56944444 0.04375000 0.13888889
0 0.25937500 0.56597222 0.03906250 0.13541667
11 0.21562500 0.56944444 0.04062500 0.12500000
19 0.17187500 0.56597222 0.04218750 0.12847222
0 0.12812500 0.56597222 0.03750000 0.13194444
20 0.12812500 0.72916667 0.03750000 0.13194444
22 0.62031250 0.74305556 0.03906250 0.11805556
17 0.75625000 0.74652778 0.03437500 0.11805556
4 0.80312500 0.74305556 0.03906250 0.13194444
12 0.84375000 0.91319444 0.03906250 0.13194444
14 0.75468750 0.91666667 0.04218750 0.12500000
4 0.48437500 0.90625000 0.03281250 0.12500000
6 0.35000000 0.90972222 0.03906250 0.13194444
11 0.21406250 0.90972222 0.03281250 0.12500000
8 0.17187500 0.90625000 0.03750000 0.13194444
18 0.08750000 0.89236111 0.03750000 0.12847222
