7 0.11250000 0.05902778 0.03750000 0.11111111
5 0.29531250 0.06597222 0.03437500 0.11111111
5 0.65468750 0.05555556 0.03281250 0.11111111
12 0.90468750 0.07986111 0.02968750 0.11805556
0 0.11093750 0.19444444 0.03593750 0.13541667
19 0.52500000 0.20833333 0.03281250 0.11805556
14 0.05937500 0.35763889 0.03593750 0.12152778
10 0.10625000 0.35763889 0.03593750 0.12500000
12 0.61093750 0.37847222 0.03281250 0.11458333
3 0.14843750 0.53819444 0.03593750 0.12847222
17 0.19531250 0.53819444 0.03593750 0.12152778
6 0.87343750 0.55902778 0.03437500 0.12152778
12 0.14531250 0.71180556 0.03750000 0.12847222
24 0.19218750 0.71180556 0.03593750 0.13194444
18 0.38281250 0.71527778 0.03750000 0.12152778
8 0.42968750 0.71527778 0.03437500 0.12152778
11 0.09531250 0.88888889 0.03281250 0.12847222
10 0.28593750 0.89236111 0.03593750 0.12847222
10 0.56875000 0.89236111 0.03906250 0.12500000
18 0.70156250 0.89583333 0.03125000 0.12500000
12 0.74687500 0.89236111 0.03125000 0.12847222
0 0.78906250 0.89236111 0.03281250 0.12500000
11 0.87656250 0.89236111 0.03125000 0.11805556
0 0.95781250 0.89236111 0.03125000 0.12152778
