11 0.20625000 0.19843750 0.09062500 0.16093750
14 0.30000000 0.18437500 0.09062500 0.15781250
14 0.39843750 0.17343750 0.08593750 0.16250000
4 0.04062500 0.45156250 0.08125000 0.18750000
4 0.13281250 0.43437500 0.08750000 0.19218750
3 0.31562500 0.38750000 0.09531250 0.17500000
0 0.40937500 0.38281250 0.08281250 0.17031250
23 0.51406250 0.37187500 0.09062500 0.17500000
17 0.59687500 0.36718750 0.08125000 0.17656250
11 0.04843750 0.65625000 0.09531250 0.18437500
12 0.13593750 0.64843750 0.10000000 0.17500000
14 0.23750000 0.63750000 0.10000000 0.18906250
18 0.42968750 0.58750000 0.08750000 0.16562500
25 0.13906250 0.87187500 0.08593750 0.18125000
3 0.24062500 0.91093750 0.08593750 0.17656250
17 0.43906250 0.82031250 0.09531250 0.18125000
0 0.54218750 0.80000000 0.08593750 0.17968750
4 0.04218750 0.24218750 0.08281250 0.17968750
14 0.52343750 0.57656250 0.09375000 0.16718750
