0 0.15087900 0.13917200 0.02050800 0.02252900
22 0.20166000 0.13699100 0.02050800 0.02252900
0 0.22705100 0.13553800 0.02050800 0.02252900
13 0.25244100 0.13481100 0.02050800 0.02252900
10 0.30322300 0.13263100 0.02050800 0.02252900
0 0.32861300 0.13154100 0.02050800 0.02180200
13 0.38037100 0.12899700 0.02050800 0.02252900
4 0.40722700 0.12754400 0.02148400 0.02252900
7 0.46044900 0.12463700 0.02050800 0.02252900
14 0.48730500 0.12354700 0.02148400 0.02325600
16 0.51269500 0.12209300 0.02148400 0.02325600
4 0.54101600 0.12064000 0.02148400 0.02325600
19 0.56835900 0.11991300 0.02148400 0.02325600
15 0.65136700 0.11482600 0.02148400 0.02325600
17 0.67968800 0.11337200 0.02148400 0.02325600
8 0.70752000 0.11119200 0.02246100 0.02325600
11 0.73584000 0.10973800 0.02246100 0.02325600
9 0.79443400 0.10683100 0.02246100 0.02325600
4 0.82421900 0.10501500 0.02343800 0.02398300
19 0.85205100 0.10392400 0.02246100 0.02325600
8 0.62353500 0.15007300 0.02246100 0.02398300
22 0.67968800 0.14680200 0.02148400 0.02325600
18 0.70800800 0.14534900 0.02148400 0.02325600
10 0.73632800 0.14389500 0.02148400 0.02325600
14 0.76660200 0.14207800 0.02148400 0.02398300
16 0.79541000 0.14062500 0.02246100 0.02398300
8 0.82470700 0.13917200 0.02246100 0.02398300
19 0.85400400 0.13771800 0.02246100 0.02398300
20 0.14892600 0.20167200 0.02050800 0.02252900
11 0.17431600 0.20058100 0.02050800 0.02180200
9 0.22412100 0.19876500 0.02050800 0.02252900
4 0.25000000 0.19803800 0.01953100 0.02252900
19 0.27587900 0.19731100 0.02050800 0.02252900
18 0.30224600 0.19658400 0.02050800 0.02252900
18 0.38037100 0.19331400 0.02050800 0.02325600
13 0.40673800 0.19295100 0.02050800 0.02252900
14 0.43310500 0.19186000 0.02050800 0.02325600
22 0.45996100 0.19077000 0.02148400 0.02252900
0 0.48632800 0.18968000 0.02148400 0.02325600
8 0.54150400 0.18750000 0.02246100 0.02325600
22 0.59619100 0.18459300 0.02246100 0.02325600
18 0.62353500 0.18350300 0.02246100 0.02398300
19 0.65185500 0.18204900 0.02246100 0.02398300
0 0.68115200 0.18059600 0.02246100 0.02398300
13 0.70947300 0.17914200 0.02246100 0.02398300
4 0.73779300 0.17768900 0.02246100 0.02398300
19 0.76611300 0.17659900 0.02246100 0.02470900
14 0.73828100 0.21220900 0.02343800 0.02470900
15 0.76709000 0.21075600 0.02441400 0.02470900
19 0.82519500 0.20821200 0.02343800 0.02543600
20 0.09570300 0.26562500 0.01953100 0.02252900
10 0.12060500 0.26489800 0.01855500 0.02252900
17 0.14550800 0.26453500 0.01953100 0.02180200
14 0.17089800 0.26380800 0.01953100 0.02180200
19 0.22168000 0.26271800 0.01953100 0.02252900
4 0.27343800 0.26126500 0.01953100 0.02252900
6 0.29980500 0.26090100 0.01953100 0.02180200
14 0.32568400 0.26053800 0.02050800 0.02252900
14 0.37939500 0.25872100 0.02050800 0.02325600
3 0.40625000 0.25799400 0.01953100 0.02325600
4 0.43310500 0.25726700 0.02050800 0.02325600
11 0.48584000 0.25617700 0.02050800 0.02252900
14 0.51269500 0.25545100 0.01953100 0.02252900
12 0.54101600 0.25436000 0.02148400 0.02325600
13 0.59570300 0.25181700 0.02148400 0.02398300
0 0.62353500 0.25036300 0.02246100 0.02398300
22 0.68017600 0.24745600 0.02246100 0.02398300
0 0.70947300 0.24673000 0.02246100 0.02398300
19 0.73828100 0.24600300 0.02148400 0.02398300
4 0.76709000 0.24527600 0.02246100 0.02398300
22 0.09472700 0.29723800 0.01953100 0.02180200
14 0.11962900 0.29651200 0.02050800 0.02180200
18 0.16992200 0.29542200 0.01953100 0.02252900
13 0.19531200 0.29469500 0.01953100 0.02252900
4 0.22168000 0.29396800 0.01953100 0.02252900
14 0.27343800 0.29324100 0.01953100 0.02252900
3 0.30029300 0.29287800 0.02050800 0.02180200
4 0.32666000 0.29251500 0.02050800 0.02252900
11 0.37939500 0.29142400 0.02050800 0.02325600
14 0.40576200 0.29106100 0.02050800 0.02252900
14 0.46044900 0.28960800 0.02050800 0.02252900
19 0.48681600 0.28924400 0.02050800 0.02325600
1 0.51367200 0.28851700 0.02148400 0.02325600
17 0.54199200 0.28706400 0.02148400 0.02325600
14 0.56835900 0.28633700 0.02148400 0.02325600
18 0.59668000 0.28561000 0.02148400 0.02325600
8 0.62402300 0.28415700 0.02148400 0.02325600
19 0.65234400 0.28343000 0.02148400 0.02325600
14 0.71044900 0.28088700 0.02246100 0.02398300
13 0.73877000 0.28016000 0.02246100 0.02398300
15 0.73925800 0.31431700 0.02343800 0.02398300
17 0.76855500 0.31359000 0.02343800 0.02398300
14 0.79834000 0.31286300 0.02246100 0.02398300
16 0.82812500 0.31213700 0.02343800 0.02398300
8 0.09228500 0.36082800 0.02050800 0.02252900
18 0.14257800 0.35973800 0.01953100 0.02325600
13 0.16748000 0.35937500 0.02050800 0.02252900
14 0.19287100 0.35901200 0.02050800 0.02325600
22 0.21923800 0.35901200 0.02050800 0.02325600
0 0.24560500 0.35864800 0.02050800 0.02252900
10 0.29834000 0.35828500 0.02050800 0.02325600
0 0.32421900 0.35828500 0.02148400 0.02325600
10 0.35205100 0.35792200 0.02050800 0.02398300
15 0.40576200 0.35755800 0.02050800 0.02325600
17 0.43261700 0.35719500 0.02148400 0.02398300
4 0.45996100 0.35683100 0.02148400 0.02325600
9 0.48681600 0.35610500 0.02050800 0.02325600
3 0.51318400 0.35537800 0.02050800 0.02325600
4 0.54101600 0.35465100 0.02148400 0.02325600
18 0.59570300 0.35356100 0.02148400 0.02398300
19 0.62402300 0.35283400 0.02148400 0.02398300
14 0.65234400 0.35210800 0.02148400 0.02398300
8 0.68115200 0.35138100 0.02246100 0.02398300
19 0.70996100 0.35065400 0.02148400 0.02398300
13 0.59570300 0.38771800 0.02148400 0.02398300
0 0.62304700 0.38699100 0.02148400 0.02398300
10 0.68164100 0.38590100 0.02343800 0.02470900
17 0.71044900 0.38517400 0.02246100 0.02470900
14 0.73925800 0.38444800 0.02343800 0.02470900
22 0.76904300 0.38372100 0.02246100 0.02470900
0 0.79931600 0.38299400 0.02246100 0.02470900
19 0.82910200 0.38226700 0.02343800 0.02470900
8 0.85839800 0.38117700 0.02343800 0.02398300
18 0.08837900 0.42623500 0.02050800 0.02252900
19 0.11279300 0.42550900 0.02050800 0.02252900
14 0.13916000 0.42550900 0.02050800 0.02252900
8 0.16455100 0.42550900 0.02050800 0.02252900
19 0.19043000 0.42478200 0.02148400 0.02252900
13 0.24365200 0.42478200 0.02050800 0.02252900
0 0.26904300 0.42478200 0.02050800 0.02252900
10 0.32373000 0.42441900 0.02050800 0.02325600
17 0.35058600 0.42441900 0.02148400 0.02325600
14 0.37695300 0.42405500 0.02148400 0.02252900
22 0.40429700 0.42369200 0.02148400 0.02325600
0 0.43164100 0.42369200 0.02148400 0.02325600
19 0.45800800 0.42332800 0.02148400 0.02398300
8 0.48437500 0.42296500 0.02148400 0.02325600
17 0.54003900 0.42260200 0.02148400 0.02398300
4 0.56738300 0.42223800 0.02148400 0.02325600
1 0.59570300 0.42151200 0.02148400 0.02325600
4 0.62402300 0.42151200 0.02148400 0.02325600
13 0.65234400 0.42078500 0.02148400 0.02325600
14 0.68164100 0.42042200 0.02148400 0.02252900
10 0.70996100 0.42005800 0.02148400 0.02325600
22 0.65283200 0.45530500 0.02246100 0.02398300
18 0.68164100 0.45494200 0.02148400 0.02470900
13 0.77050800 0.45348800 0.02343800 0.02470900
14 0.80029300 0.45348800 0.02246100 0.02470900
16 0.83056600 0.45276200 0.02246100 0.02470900
11 0.13623000 0.49055200 0.02050800 0.02325600
4 0.16259800 0.49055200 0.02050800 0.02325600
16 0.18847700 0.49055200 0.02148400 0.02325600
8 0.21484400 0.49055200 0.02148400 0.02325600
11 0.24169900 0.49055200 0.02050800 0.02325600
4 0.29589800 0.49055200 0.02148400 0.02325600
6 0.32275400 0.49055200 0.02050800 0.02325600
14 0.34960900 0.49055200 0.02148400 0.02325600
3 0.40380900 0.49055200 0.02050800 0.02325600
14 0.43017600 0.49055200 0.02050800 0.02325600
10 0.45752000 0.49055200 0.02050800 0.02325600
19 0.48437500 0.49091600 0.02148400 0.02398300
14 0.51171900 0.49127900 0.02148400 0.02325600
17 0.53955100 0.49127900 0.02050800 0.02325600
8 0.59619100 0.48982600 0.02246100 0.02470900
25 0.62451200 0.48982600 0.02246100 0.02470900
3 0.68261700 0.48946200 0.02148400 0.02398300
4 0.71142600 0.48946200 0.02246100 0.02398300
19 0.74023400 0.48946200 0.02148400 0.02398300
18 0.77002000 0.48946200 0.02246100 0.02398300
10 0.80029300 0.48909900 0.02246100 0.02470900
14 0.83105500 0.48909900 0.02343800 0.02470900
1 0.65283200 0.52470900 0.02246100 0.02470900
14 0.68212900 0.52507300 0.02246100 0.02398300
11 0.71191400 0.52470900 0.02148400 0.02470900
13 0.77099600 0.52470900 0.02246100 0.02470900
8 0.80127000 0.52470900 0.02246100 0.02470900
2 0.83154300 0.52470900 0.02246100 0.02470900
1 0.13427700 0.55704900 0.02050800 0.02398300
14 0.15966800 0.55704900 0.02050800 0.02398300
11 0.18603500 0.55741300 0.02050800 0.02325600
13 0.23974600 0.55741300 0.02050800 0.02325600
14 0.26660200 0.55777600 0.02148400 0.02398300
12 0.29345700 0.55777600 0.02050800 0.02398300
20 0.32080100 0.55814000 0.02050800 0.02325600
18 0.37500000 0.55814000 0.02148400 0.02325600
10 0.40234400 0.55850300 0.02148400 0.02398300
0 0.42968800 0.55850300 0.02148400 0.02398300
25 0.45703100 0.55850300 0.02148400 0.02398300
0 0.48437500 0.55886600 0.02148400 0.02325600
11 0.51171900 0.55886600 0.02148400 0.02325600
14 0.56835900 0.55923000 0.02148400 0.02398300
13 0.59570300 0.55923000 0.02148400 0.02398300
19 0.65332000 0.55959300 0.02148400 0.02470900
0 0.68310500 0.55995600 0.02246100 0.02398300
10 0.71240200 0.56032000 0.02246100 0.02470900
8 0.74121100 0.56032000 0.02343800 0.02470900
4 0.77099600 0.56032000 0.02246100 0.02470900
18 0.74121100 0.59629400 0.02343800 0.02543600
11 0.77148400 0.59665700 0.02343800 0.02616300
14 0.80175800 0.59702000 0.02343800 0.02543600
22 0.83300800 0.59702000 0.02343800 0.02543600
0 0.86425800 0.59702000 0.02343800 0.02543600
19 0.15722700 0.62500000 0.02148400 0.02325600
4 0.18359400 0.62536300 0.02148400 0.02252900
1 0.20996100 0.62572700 0.02148400 0.02325600
4 0.23730500 0.62572700 0.02148400 0.02325600
3 0.29199200 0.62681700 0.02148400 0.02398300
14 0.31835900 0.62681700 0.02148400 0.02398300
17 0.34668000 0.62681700 0.02148400 0.02398300
14 0.37353500 0.62681700 0.02050800 0.02398300
6 0.40136700 0.62681700 0.02148400 0.02398300
14 0.42871100 0.62754400 0.02148400 0.02398300
15 0.51171900 0.62863400 0.02148400 0.02470900
14 0.54003900 0.62899700 0.02148400 0.02398300
19 0.56787100 0.62936000 0.02246100 0.02470900
14 0.59619100 0.63008700 0.02246100 0.02470900
12 0.62548800 0.63008700 0.02246100 0.02470900
20 0.65478500 0.63081400 0.02246100 0.02470900
13 0.59619100 0.66460800 0.02246100 0.02543600
4 0.62451200 0.66533400 0.02246100 0.02543600
11 0.68408200 0.66715100 0.02246100 0.02470900
4 0.71386700 0.66824100 0.02343800 0.02543600
9 0.74365200 0.66896800 0.02246100 0.02543600
8 0.77343800 0.66969500 0.02343800 0.02543600
19 0.80371100 0.67005800 0.02343800 0.02616300
18 0.83398400 0.67078500 0.02343800 0.02616300
16 0.12890600 0.69258700 0.02148400 0.02470900
19 0.15527300 0.69331400 0.02148400 0.02470900
14 0.18164100 0.69404100 0.02148400 0.02470900
18 0.23632800 0.69476700 0.02148400 0.02470900
11 0.26269500 0.69549400 0.02148400 0.02470900
8 0.29003900 0.69549400 0.02148400 0.02470900
10 0.34472700 0.69622100 0.02148400 0.02470900
14 0.37255900 0.69694800 0.02246100 0.02470900
12 0.39892600 0.69767400 0.02246100 0.02470900
11 0.45459000 0.69876500 0.02246100 0.02543600
4 0.48291000 0.69949100 0.02246100 0.02543600
6 0.51123000 0.69985500 0.02246100 0.02470900
10 0.53955100 0.70021800 0.02246100 0.02543600
0 0.56787100 0.70058100 0.02246100 0.02470900
20 0.62646500 0.70130800 0.02246100 0.02470900
19 0.68408200 0.70203500 0.02246100 0.02470900
4 0.71386700 0.70421500 0.02343800 0.02616300
1 0.74414100 0.70530500 0.02343800 0.02543600
6 0.71435500 0.74164200 0.02441400 0.02689000
14 0.74365200 0.74236900 0.02441400 0.02689000
11 0.77490200 0.74382300 0.02441400 0.02689000
14 0.80517600 0.74454900 0.02441400 0.02689000
22 0.83544900 0.74491300 0.02441400 0.02616300
0 0.86669900 0.74527600 0.02441400 0.02689000
3 0.28613300 0.80159900 0.02343800 0.02470900
4 0.31347700 0.80196200 0.02343800 0.02543600
19 0.34130900 0.80305200 0.02246100 0.02616300
10 0.36962900 0.80341600 0.02246100 0.02543600
8 0.39648400 0.80450600 0.02343800 0.02616300
22 0.45361300 0.80595900 0.02246100 0.02616300
10 0.51123000 0.80814000 0.02246100 0.02616300
11 0.53906200 0.80886600 0.02343800 0.02616300
4 0.56787100 0.80995600 0.02246100 0.02543600
19 0.59716800 0.81104700 0.02246100 0.02616300
10 0.62597700 0.81177300 0.02343800 0.02616300
4 0.65527300 0.81250000 0.02343800 0.02616300
25 0.39697300 0.84084300 0.02246100 0.02470900
14 0.42431600 0.84193300 0.02246100 0.02543600
14 0.45166000 0.84266000 0.02246100 0.02543600
18 0.48095700 0.84411300 0.02246100 0.02543600
0 0.50927700 0.84484000 0.02246100 0.02543600
3 0.53808600 0.84556700 0.02343800 0.02543600
17 0.06298800 0.90189000 0.02246100 0.02616300
0 0.09033200 0.90407000 0.02246100 0.02616300
13 0.11669900 0.90479700 0.02246100 0.02616300
14 0.14404300 0.90552300 0.02246100 0.02616300
17 0.19970700 0.90770300 0.02246100 0.02616300
0 0.22656200 0.90879400 0.02148400 0.02543600
13 0.25439500 0.90988400 0.02246100 0.02616300
14 0.28173800 0.91061000 0.02246100 0.02616300
12 0.33837900 0.91279100 0.02246100 0.02616300
22 0.42334000 0.91606100 0.02246100 0.02689000
18 0.45117200 0.91751500 0.02343800 0.02689000
19 0.47949200 0.91824100 0.02343800 0.02689000
0 0.50976600 0.91969500 0.02343800 0.02689000
4 0.53808600 0.92114800 0.02343800 0.02689000
12 0.56738300 0.92223800 0.02343800 0.02616300
6 0.06103500 0.93786300 0.02246100 0.02543600
17 0.08740200 0.93931700 0.02246100 0.02543600
14 0.11474600 0.94040700 0.02246100 0.02616300
12 0.14209000 0.94149700 0.02246100 0.02543600
10 0.16943400 0.94295100 0.02246100 0.02543600
14 0.19726600 0.94404100 0.02343800 0.02616300
18 0.25244100 0.94658400 0.02246100 0.02543600
19 0.28027300 0.94803800 0.02343800 0.02543600
14 0.30810500 0.94912800 0.02246100 0.02616300
17 0.33691400 0.95021800 0.02343800 0.02543600
14 0.36474600 0.95130800 0.02246100 0.02616300
9 0.39355500 0.95239800 0.02343800 0.02543600
0 0.42236300 0.95385200 0.02246100 0.02689000
25 0.47998000 0.95639500 0.02246100 0.02616300
14 0.50976600 0.95748500 0.02343800 0.02689000
22 0.53808600 0.95893900 0.02343800 0.02689000
4 0.56738300 0.96002900 0.02343800 0.02761600
12 0.59668000 0.96148300 0.02343800 0.02761600
