7 0.80859400 0.08829900 0.01953100 0.02107600
8 0.83300800 0.08902600 0.01953100 0.02107600
8 0.14599600 0.07376500 0.02050800 0.02252900
0 0.14502000 0.10501500 0.02050800 0.02252900
19 0.19775400 0.10210800 0.02050800 0.02252900
14 0.22412100 0.10247100 0.02050800 0.02325600
11 0.25097700 0.10283400 0.02148400 0.02252900
18 0.27783200 0.10319800 0.02050800 0.02325600
19 0.30566400 0.10356100 0.02148400 0.02252900
10 0.35937500 0.10428800 0.02148400 0.02252900
12 0.41455100 0.10610500 0.02050800 0.02180200
14 0.44140600 0.10683100 0.02148400 0.02180200
11 0.46826200 0.10792200 0.02050800 0.02252900
16 0.49511700 0.10901200 0.02148400 0.02180200
8 0.52148400 0.10973800 0.02148400 0.02180200
19 0.54834000 0.11046500 0.02050800 0.02180200
13 0.62744100 0.11337200 0.02050800 0.02180200
4 0.65283200 0.11482600 0.02050800 0.02180200
18 0.70507800 0.11591600 0.01953100 0.02107600
11 0.73144500 0.11700600 0.01953100 0.02180200
8 0.80810500 0.11918600 0.02050800 0.02180200
19 0.83349600 0.11991300 0.02050800 0.02180200
0 0.14502000 0.13626500 0.02050800 0.02252900
13 0.16894500 0.13590100 0.01953100 0.02180200
0 0.19580100 0.13553800 0.02050800 0.02252900
13 0.22265600 0.13481100 0.01953100 0.02252900
0 0.25048800 0.13444800 0.02050800 0.02180200
18 0.27783200 0.13517400 0.02050800 0.02325600
13 0.30419900 0.13553800 0.02050800 0.02252900
12 0.35937500 0.13626500 0.02148400 0.02252900
15 0.41357400 0.13771800 0.02050800 0.02252900
0 0.44043000 0.13844500 0.02148400 0.02252900
17 0.46826200 0.13953500 0.02050800 0.02180200
14 0.49462900 0.14026200 0.02050800 0.02180200
12 0.52148400 0.14098800 0.01953100 0.02180200
3 0.57470700 0.14244200 0.02050800 0.02180200
8 0.65332000 0.14534900 0.01953100 0.02180200
19 0.67871100 0.14607600 0.01953100 0.02180200
13 0.09082000 0.17114800 0.01953100 0.02252900
0 0.11474600 0.16824100 0.02050800 0.02252900
18 0.16796900 0.16751500 0.01953100 0.02252900
15 0.19482400 0.16606100 0.02050800 0.02252900
8 0.22216800 0.16678800 0.02050800 0.02252900
13 0.24902300 0.16678800 0.02148400 0.02252900
4 0.27685500 0.16751500 0.02050800 0.02252900
4 0.33154300 0.16751500 0.02050800 0.02252900
6 0.35888700 0.16824100 0.02050800 0.02252900
14 0.38623000 0.16824100 0.02050800 0.02252900
18 0.44091800 0.16969500 0.02050800 0.02252900
20 0.46728500 0.17042200 0.02050800 0.02252900
6 0.49560500 0.17151200 0.02050800 0.02325600
17 0.52197300 0.17187500 0.02050800 0.02252900
14 0.54834000 0.17332800 0.02050800 0.02252900
1 0.57470700 0.17441900 0.02050800 0.02325600
15 0.09033200 0.20276200 0.02050800 0.02180200
14 0.11474600 0.20130800 0.02050800 0.02180200
1 0.14013700 0.20094500 0.02050800 0.02252900
4 0.16650400 0.20058100 0.02050800 0.02180200
11 0.19287100 0.20021800 0.02050800 0.02252900
4 0.22119100 0.19949100 0.02050800 0.02252900
11 0.24853500 0.19912800 0.02050800 0.02180200
1 0.30322300 0.19840100 0.02050800 0.02180200
0 0.33056600 0.19949100 0.02050800 0.02252900
6 0.35791000 0.20058100 0.02050800 0.02325600
17 0.38525400 0.20094500 0.02050800 0.02252900
14 0.41357400 0.20167200 0.02050800 0.02252900
22 0.44091800 0.20239800 0.02050800 0.02252900
11 0.54834000 0.20530500 0.02050800 0.02252900
14 0.57470700 0.20639500 0.02050800 0.02180200
1 0.60107400 0.20675900 0.02050800 0.02252900
15 0.13916000 0.23292200 0.02050800 0.02252900
14 0.16552700 0.23219500 0.02050800 0.02252900
18 0.19189500 0.23146800 0.02050800 0.02252900
8 0.21923800 0.23146800 0.02050800 0.02252900
13 0.24658200 0.23146800 0.02050800 0.02252900
4 0.27490200 0.23074100 0.02050800 0.02252900
11 0.30224600 0.23146800 0.02050800 0.02252900
8 0.32959000 0.23219500 0.02050800 0.02252900
14 0.38525400 0.23364800 0.02050800 0.02252900
1 0.41259800 0.23437500 0.02050800 0.02252900
0 0.43994100 0.23510200 0.02050800 0.02252900
20 0.49414100 0.23655500 0.01953100 0.02252900
7 0.52099600 0.23728200 0.02050800 0.02252900
0 0.54834000 0.23800900 0.02050800 0.02252900
1 0.13818400 0.26562500 0.02050800 0.02252900
14 0.16455100 0.26526200 0.02050800 0.02325600
17 0.19091800 0.26489800 0.02050800 0.02252900
14 0.21826200 0.26417200 0.02050800 0.02252900
3 0.24609400 0.26380800 0.02148400 0.02325600
0 0.27392600 0.26417200 0.02050800 0.02252900
1 0.32959000 0.26380800 0.02050800 0.02325600
4 0.35693400 0.26598800 0.02050800 0.02325600
11 0.38525400 0.26635200 0.02050800 0.02252900
4 0.41210900 0.26707800 0.02148400 0.02252900
4 0.43994100 0.26780500 0.02050800 0.02252900
15 0.49462900 0.26853200 0.02050800 0.02252900
20 0.52197300 0.26925900 0.02050800 0.02252900
7 0.54834000 0.26998500 0.02050800 0.02252900
0 0.57568400 0.27034900 0.02050800 0.02180200
13 0.08740200 0.30159900 0.02050800 0.02325600
0 0.10986300 0.30050900 0.02050800 0.02252900
25 0.16259800 0.29869200 0.02050800 0.02325600
0 0.18994100 0.29760200 0.02050800 0.02252900
19 0.21728500 0.29760200 0.02050800 0.02252900
11 0.27246100 0.29723800 0.02148400 0.02325600
10 0.30078100 0.29723800 0.02148400 0.02325600
4 0.32861300 0.29723800 0.02050800 0.02325600
18 0.41210900 0.29941900 0.02148400 0.02325600
13 0.43896500 0.30014500 0.02050800 0.02325600
4 0.46630900 0.30087200 0.02050800 0.02325600
9 0.49414100 0.30159900 0.02148400 0.02325600
13 0.52148400 0.30196200 0.01953100 0.02252900
10 0.62939500 0.30414200 0.02050800 0.02252900
14 0.65625000 0.30414200 0.01953100 0.02252900
12 0.68261700 0.30486900 0.01953100 0.02252900
18 0.08544900 0.33284900 0.02050800 0.02325600
13 0.10986300 0.33284900 0.02050800 0.02325600
4 0.13525400 0.33212200 0.02050800 0.02325600
6 0.16162100 0.33139500 0.02050800 0.02325600
13 0.21630900 0.33066900 0.02050800 0.02325600
0 0.24414100 0.33066900 0.02148400 0.02325600
11 0.32812500 0.33139500 0.02148400 0.02325600
15 0.38427700 0.33284900 0.02050800 0.02325600
4 0.41162100 0.33284900 0.02050800 0.02325600
10 0.46728500 0.33393900 0.02050800 0.02398300
14 0.49414100 0.33430200 0.02148400 0.02325600
11 0.52099600 0.33502900 0.02050800 0.02325600
15 0.54834000 0.33539200 0.02050800 0.02398300
0 0.57568400 0.33611900 0.02050800 0.02252900
10 0.60253900 0.33648300 0.01953100 0.02325600
14 0.62890600 0.33720900 0.01953100 0.02325600
12 0.65625000 0.33793600 0.01953100 0.02325600
14 0.13427700 0.36482600 0.02050800 0.02325600
13 0.15966800 0.36482600 0.02050800 0.02325600
18 0.21533200 0.36409900 0.02050800 0.02325600
19 0.24267600 0.36409900 0.02050800 0.02325600
14 0.27050800 0.36409900 0.02148400 0.02325600
8 0.29931600 0.36446200 0.02050800 0.02398300
19 0.32714800 0.36518900 0.02148400 0.02398300
8 0.38378900 0.36591600 0.02148400 0.02398300
13 0.43945300 0.36700600 0.02148400 0.02325600
4 0.46679700 0.36773300 0.02148400 0.02325600
4 0.54834000 0.36918600 0.02050800 0.02325600
22 0.57568400 0.36918600 0.02050800 0.02325600
4 0.62890600 0.37064000 0.01953100 0.02325600
11 0.65625000 0.37136600 0.01953100 0.02325600
8 0.68261700 0.37209300 0.01953100 0.02325600
19 0.70898400 0.37282000 0.01953100 0.02325600
18 0.73535200 0.37173000 0.01953100 0.02252900
0 0.13378900 0.39680200 0.02148400 0.02325600
10 0.18652300 0.39716600 0.02148400 0.02398300
17 0.21484400 0.39789200 0.02148400 0.02398300
20 0.24218800 0.39789200 0.02148400 0.02398300
6 0.27050800 0.39825600 0.02148400 0.02325600
14 0.29785200 0.39825600 0.02148400 0.02325600
12 0.32714800 0.39861900 0.02148400 0.02398300
20 0.41064500 0.39970900 0.02050800 0.02325600
12 0.43896500 0.40043600 0.02050800 0.02325600
8 0.46630900 0.40116300 0.02050800 0.02325600
19 0.49365200 0.40116300 0.02050800 0.02325600
12 0.54834000 0.40189000 0.02050800 0.02325600
4 0.57568400 0.40261600 0.02050800 0.02325600
19 0.60253900 0.40261600 0.01953100 0.02325600
4 0.62890600 0.40298000 0.01953100 0.02252900
11 0.65576200 0.40334300 0.02050800 0.02325600
8 0.68310500 0.40370600 0.02050800 0.02252900
2 0.70947300 0.40370600 0.02050800 0.02252900
0 0.73584000 0.40407000 0.02050800 0.02325600
10 0.07812500 0.46693300 0.02148400 0.02398300
0 0.10351600 0.46693300 0.02148400 0.02398300
10 0.12988300 0.46693300 0.02148400 0.02398300
20 0.18457000 0.46548000 0.02148400 0.02398300
13 0.24023400 0.46620600 0.02148400 0.02398300
0 0.26855500 0.46620600 0.02148400 0.02398300
4 0.32617200 0.46620600 0.02148400 0.02398300
6 0.35449200 0.46693300 0.02148400 0.02398300
14 0.38281200 0.46693300 0.02148400 0.02398300
3 0.43896500 0.46766000 0.02050800 0.02398300
22 0.46630900 0.46802300 0.02050800 0.02325600
14 0.49365200 0.46802300 0.02050800 0.02325600
17 0.52050800 0.46802300 0.02148400 0.02325600
0 0.54834000 0.46838700 0.02050800 0.02398300
13 0.07666000 0.50109000 0.02050800 0.02398300
13 0.12841800 0.50109000 0.02050800 0.02398300
16 0.15478500 0.50072700 0.02050800 0.02470900
4 0.18359400 0.50036300 0.02148400 0.02398300
22 0.23974600 0.50072700 0.02050800 0.02325600
17 0.29687500 0.50109000 0.02148400 0.02398300
14 0.32519500 0.50109000 0.02148400 0.02398300
18 0.35400400 0.50109000 0.02050800 0.02398300
11 0.38232400 0.50145300 0.02050800 0.02325600
0 0.41064500 0.50181700 0.02050800 0.02398300
6 0.46630900 0.50181700 0.02050800 0.02398300
14 0.49365200 0.50181700 0.02050800 0.02398300
17 0.52050800 0.50181700 0.02148400 0.02398300
0 0.54882800 0.50181700 0.02148400 0.02398300
22 0.07568400 0.53524700 0.02050800 0.02398300
18 0.10107400 0.53524700 0.02050800 0.02398300
3 0.18212900 0.53488400 0.02050800 0.02470900
14 0.21044900 0.53597400 0.02246100 0.02398300
17 0.23828100 0.53597400 0.02148400 0.02398300
14 0.26660200 0.53561000 0.02148400 0.02470900
6 0.29541000 0.53561000 0.02246100 0.02470900
0 0.32470700 0.53524700 0.02050800 0.02398300
25 0.38183600 0.53524700 0.02148400 0.02398300
0 0.40966800 0.53597400 0.02050800 0.02398300
6 0.43798800 0.53561000 0.02050800 0.02325600
14 0.46582000 0.53597400 0.02148400 0.02398300
17 0.49365200 0.53597400 0.02050800 0.02398300
14 0.52099600 0.53633700 0.02050800 0.02325600
9 0.54931600 0.53633700 0.02050800 0.02325600
4 0.57617200 0.53597400 0.02148400 0.02398300
13 0.60351600 0.53633700 0.02148400 0.02325600
0 0.63085900 0.53633700 0.02148400 0.02325600
10 0.07373000 0.56976700 0.02050800 0.02470900
0 0.09912100 0.57049400 0.02050800 0.02470900
19 0.12500000 0.57049400 0.02148400 0.02470900
8 0.15283200 0.57049400 0.02050800 0.02470900
19 0.18066400 0.57049400 0.02148400 0.02470900
22 0.23730500 0.57085800 0.02148400 0.02398300
18 0.29492200 0.57122100 0.02148400 0.02470900
0 0.32324200 0.57013100 0.02148400 0.02398300
13 0.35253900 0.57049400 0.02148400 0.02470900
14 0.38085900 0.57013100 0.02148400 0.02398300
16 0.41015600 0.57013100 0.02148400 0.02398300
10 0.43750000 0.57013100 0.02148400 0.02398300
0 0.46582000 0.56976700 0.02148400 0.02470900
7 0.49365200 0.56976700 0.02050800 0.02470900
13 0.54931600 0.56976700 0.02050800 0.02470900
0 0.57666000 0.56976700 0.02050800 0.02470900
17 0.60449200 0.57013100 0.02148400 0.02398300
14 0.63134800 0.57013100 0.02050800 0.02398300
3 0.65820300 0.57013100 0.02148400 0.02398300
15 0.07177700 0.60392400 0.02050800 0.02470900
14 0.09668000 0.60465100 0.02148400 0.02470900
3 0.12353500 0.60501500 0.02050800 0.02543600
15 0.17871100 0.60610500 0.02148400 0.02470900
14 0.20800800 0.60610500 0.02148400 0.02470900
11 0.23632800 0.60610500 0.02148400 0.02470900
14 0.26513700 0.60610500 0.02246100 0.02470900
25 0.29394500 0.60610500 0.02148400 0.02470900
12 0.37988300 0.60537800 0.02148400 0.02470900
8 0.40918000 0.60537800 0.02148400 0.02470900
13 0.46582000 0.60501500 0.02148400 0.02398300
4 0.49316400 0.60501500 0.02148400 0.02398300
11 0.54882800 0.60465100 0.02148400 0.02470900
4 0.57617200 0.60465100 0.02148400 0.02470900
3 0.60449200 0.60428800 0.02148400 0.02398300
0 0.17724600 0.64171500 0.02246100 0.02470900
10 0.23486300 0.64171500 0.02246100 0.02470900
11 0.26416000 0.64171500 0.02246100 0.02470900
20 0.29296900 0.64171500 0.02148400 0.02470900
1 0.32226600 0.64171500 0.02148400 0.02470900
13 0.35156200 0.64135200 0.02148400 0.02398300
8 0.37939500 0.64098800 0.02246100 0.02470900
16 0.40820300 0.64098800 0.02148400 0.02470900
13 0.43652300 0.64098800 0.02148400 0.02470900
14 0.46484400 0.64026200 0.02148400 0.02470900
4 0.49316400 0.64026200 0.02148400 0.02470900
25 0.17724600 0.67659900 0.02246100 0.02470900
4 0.20410200 0.67659900 0.02148400 0.02470900
12 0.23339800 0.67623500 0.02148400 0.02543600
11 0.26318400 0.67623500 0.02246100 0.02543600
13 0.32080100 0.67732600 0.02246100 0.02470900
8 0.34960900 0.67696200 0.02148400 0.02543600
16 0.37841800 0.67696200 0.02246100 0.02543600
13 0.40673800 0.67659900 0.02246100 0.02470900
14 0.43603500 0.67587200 0.02246100 0.02470900
4 0.46533200 0.67550900 0.02246100 0.02543600
8 0.17431600 0.71257300 0.02246100 0.02543600
12 0.20361300 0.71293600 0.02246100 0.02470900
4 0.23291000 0.71402600 0.02246100 0.02543600
13 0.26171900 0.71402600 0.02148400 0.02543600
8 0.29101600 0.71366300 0.02148400 0.02616300
13 0.32031200 0.71329900 0.02148400 0.02543600
13 0.34863300 0.71293600 0.02148400 0.02616300
14 0.37793000 0.71257300 0.02148400 0.02543600
4 0.40673800 0.71220900 0.02246100 0.02470900
0 0.17334000 0.74963700 0.02246100 0.02543600
15 0.20263700 0.74963700 0.02246100 0.02543600
4 0.23193400 0.74963700 0.02246100 0.02543600
11 0.26074200 0.75072700 0.02148400 0.02616300
18 0.31884800 0.74963700 0.02246100 0.02543600
8 0.34814500 0.74891000 0.02246100 0.02543600
13 0.37695300 0.74854700 0.02148400 0.02616300
13 0.40625000 0.74818300 0.02148400 0.02543600
14 0.43505900 0.74782000 0.02246100 0.02470900
4 0.46435500 0.74745600 0.02246100 0.02543600
15 0.17187500 0.78633700 0.02343800 0.02616300
17 0.20117200 0.78633700 0.02343800 0.02616300
4 0.23095700 0.78706400 0.02246100 0.02616300
10 0.25976600 0.78706400 0.02343800 0.02616300
17 0.28906200 0.78633700 0.02343800 0.02616300
0 0.31835900 0.78597400 0.02343800 0.02543600
18 0.34765600 0.78561000 0.02343800 0.02616300
13 0.37695300 0.78488400 0.02343800 0.02616300
14 0.40576200 0.78561000 0.02246100 0.02616300
4 0.43505900 0.78488400 0.02246100 0.02616300
0 0.17138700 0.82340100 0.02246100 0.02616300
13 0.20019500 0.82340100 0.02343800 0.02616300
0 0.22998000 0.82340100 0.02246100 0.02616300
13 0.25976600 0.82412800 0.02343800 0.02616300
0 0.28808600 0.82412800 0.02343800 0.02616300
18 0.31787100 0.82340100 0.02246100 0.02616300
13 0.34619100 0.82267400 0.02246100 0.02616300
14 0.37548800 0.82267400 0.02246100 0.02616300
4 0.40625000 0.82194800 0.02343800 0.02616300
12 0.16992200 0.86046500 0.02343800 0.02616300
14 0.20019500 0.86046500 0.02343800 0.02616300
17 0.22851600 0.86082800 0.02343800 0.02689000
14 0.25781200 0.86119200 0.02343800 0.02616300
9 0.28759800 0.86046500 0.02246100 0.02616300
4 0.31738300 0.86010200 0.02343800 0.02543600
13 0.34668000 0.85937500 0.02343800 0.02543600
14 0.37695300 0.85864800 0.02343800 0.02543600
4 0.40625000 0.85792200 0.02343800 0.02543600
