20 0.64375000 0.22031250 0.05625000 0.14843750
0 0.58125000 0.21718750 0.05625000 0.14531250
4 0.70625000 0.20937500 0.05468750 0.15312500
7 0.51250000 0.22343750 0.05000000 0.14062500
14 0.58437500 0.40781250 0.05625000 0.14062500
2 0.51875000 0.41875000 0.05937500 0.14531250
19 0.64843750 0.40156250 0.05625000 0.14531250
16 0.70937500 0.39531250 0.05156250 0.14531250
17 0.77343750 0.39218750 0.05156250 0.15000000
17 0.84218750 0.57656250 0.05625000 0.15312500
16 0.72031250 0.58750000 0.06250000 0.14531250
9 0.77812500 0.57812500 0.05468750 0.15000000
8 0.65312500 0.59843750 0.05156250 0.15781250
1 0.58750000 0.60468750 0.05468750 0.15312500
21 0.84687500 0.75937500 0.05937500 0.15312500
4 0.90937500 0.75625000 0.05156250 0.15625000
7 0.72187500 0.77500000 0.05468750 0.15000000
2 0.65781250 0.77968750 0.05156250 0.13906250
19 0.59218750 0.80312500 0.05468750 0.14375000
12 0.52812500 0.80937500 0.05625000 0.15312500
