0 0.50000000 0.05678400 0.01953100 0.02972600
5 0.56591800 0.06173800 0.02050800 0.02896300
4 0.60009800 0.06478700 0.01855500 0.02896300
22 0.63134800 0.06631100 0.01855500 0.02896300
17 0.66357400 0.06859800 0.01855500 0.02896300
0 0.69287100 0.07088400 0.01855500 0.02896300
11 0.72509800 0.07240900 0.01855500 0.02896300
3 0.24804700 0.09870400 0.01953100 0.02972600
14 0.28466800 0.09946600 0.02050800 0.02972600
12 0.32128900 0.10099100 0.01953100 0.02972600
0 0.35888700 0.10175300 0.02050800 0.02972600
13 0.43066400 0.10327700 0.01953100 0.02972600
17 0.56543000 0.11242400 0.01953100 0.02972600
0 0.59716800 0.11394800 0.01855500 0.02972600
1 0.62939500 0.11585400 0.01855500 0.02896300
14 0.66210900 0.11737800 0.01953100 0.02896300
19 0.69531200 0.11966500 0.01953100 0.02896300
0 0.72558600 0.12118900 0.01953100 0.02896300
13 0.24951200 0.15243900 0.01855500 0.03048800
4 0.36132800 0.15434500 0.01953100 0.03125000
2 0.17822300 0.20731700 0.01855500 0.03048800
5 0.21435500 0.20693600 0.01855500 0.03125000
3 0.36230500 0.20693600 0.01953100 0.02972600
6 0.47070300 0.21074700 0.01953100 0.02972600
5 0.60449200 0.21570100 0.01953100 0.02896300
2 0.63623000 0.21646300 0.01855500 0.02896300
4 0.18066400 0.26143300 0.01953100 0.03048800
5 0.21484400 0.25914600 0.01953100 0.03048800
7 0.36523400 0.25990900 0.01953100 0.03048800
8 0.47070300 0.26295700 0.01757800 0.02896300
5 0.60546900 0.26524400 0.01757800 0.02896300
2 0.63769500 0.26562500 0.01757800 0.02972600
4 0.18017600 0.31402400 0.01855500 0.03048800
3 0.21533200 0.31326200 0.01855500 0.03048800
8 0.36523400 0.31288100 0.01953100 0.02972600
2 0.50683600 0.31326200 0.01953100 0.03048800
2 0.63867200 0.31554900 0.01953100 0.03048800
5 0.18115200 0.36661600 0.01855500 0.03048800
3 0.21826200 0.36585400 0.01855500 0.03048800
7 0.36669900 0.36471000 0.01855500 0.02972600
1 0.50732400 0.36509100 0.01855500 0.02896300
0 0.53955100 0.36547300 0.01855500 0.02972600
6 0.67236300 0.36661600 0.01855500 0.02896300
4 0.79687500 0.36737800 0.01757800 0.02896300
2 0.18310500 0.42035100 0.01855500 0.03125000
5 0.21923800 0.41958800 0.01855500 0.03125000
8 0.36767600 0.41730200 0.01855500 0.03125000
1 0.50976600 0.41730200 0.01757800 0.02972600
4 0.54296900 0.41730200 0.01757800 0.02972600
4 0.67529300 0.41577700 0.01660200 0.02820100
8 0.79882800 0.41577700 0.01757800 0.02820100
6 0.18310500 0.47256100 0.02050800 0.03201200
1 0.21923800 0.47218000 0.02050800 0.03125000
8 0.37011700 0.46951200 0.01953100 0.03048800
6 0.51123000 0.46760700 0.01855500 0.02972600
6 0.61181600 0.46684500 0.01855500 0.02972600
4 0.74023400 0.46608200 0.01757800 0.02972600
6 0.77050800 0.46608200 0.01757800 0.02972600
0 0.18359400 0.52629600 0.01953100 0.03125000
9 0.22021500 0.52553400 0.02050800 0.03125000
9 0.25781200 0.52477100 0.01953100 0.03125000
3 0.44238300 0.52134100 0.01953100 0.03048800
1 0.47802700 0.52057900 0.02050800 0.03048800
7 0.61328100 0.51753000 0.01757800 0.02896300
4 0.77246100 0.51486300 0.01757800 0.02972600
9 0.80224600 0.51486300 0.01660200 0.02972600
0 0.18457000 0.58003000 0.01953100 0.03048800
9 0.22070300 0.57964900 0.02148400 0.03125000
9 0.25927700 0.57926800 0.02050800 0.03201200
6 0.44384800 0.57317100 0.01855500 0.03048800
4 0.47851600 0.57202700 0.01953100 0.03125000
0 0.61328100 0.56897900 0.01757800 0.02972600
4 0.64648400 0.56745400 0.01757800 0.02972600
0 0.80371100 0.56364300 0.01757800 0.02972600
9 0.83398400 0.56288100 0.01757800 0.02972600
0 0.18554700 0.63338400 0.01953100 0.03048800
9 0.22168000 0.63262200 0.01953100 0.03048800
9 0.25927700 0.63224100 0.02246100 0.02972600
5 0.44531200 0.62576200 0.02148400 0.03048800
3 0.47998000 0.62538100 0.01855500 0.02972600
0 0.61572300 0.61890200 0.01855500 0.02896300
3 0.64892600 0.61737800 0.01855500 0.02896300
4 0.80761700 0.61356700 0.01757800 0.02896300
9 0.86669900 0.61089900 0.01660200 0.02820100
