19 0.06718750 0.21406250 0.09375000 0.17500000
17 0.16406250 0.18281250 0.08750000 0.17968750
11 0.07812500 0.90156250 0.08750000 0.17031250
7 0.26250000 0.16718750 0.09531250 0.18437500
12 0.15625000 0.90156250 0.09531250 0.19687500
4 0.04218750 0.69062500 0.08281250 0.16093750
11 0.18593750 0.41250000 0.09531250 0.16718750
4 0.12500000 0.68125000 0.09375000 0.17187500
14 0.25156250 0.90312500 0.10468750 0.17968750
14 0.29843750 0.39375000 0.09375000 0.17031250
18 0.47500000 0.12343750 0.09062500 0.17656250
14 0.40312500 0.37500000 0.09062500 0.16718750
3 0.32812500 0.61093750 0.09843750 0.17656250
18 0.45468750 0.82031250 0.09062500 0.20312500
14 0.56093750 0.79375000 0.09531250 0.17500000
23 0.53281250 0.55937500 0.09843750 0.17500000
0 0.42812500 0.59062500 0.07812500 0.16250000
7 0.56875000 0.11406250 0.08593750 0.17500000
4 0.66875000 0.10000000 0.10000000 0.18437500
17 0.62500000 0.55312500 0.08593750 0.17500000
