15 0.11875000 0.10078125 0.03437500 0.12187500
8 0.15781250 0.10390625 0.03437500 0.12187500
4 0.19843750 0.10078125 0.03750000 0.12187500
2 0.24062500 0.10078125 0.03906250 0.11796875
4 0.28437500 0.09687500 0.04062500 0.12187500
12 0.54687500 0.11484375 0.03437500 0.13515625
3 0.63281250 0.11484375 0.03750000 0.12500000
8 0.86562500 0.12187500 0.04062500 0.12187500
12 0.96562500 0.13515625 0.03437500 0.11796875
3 0.11875000 0.25703125 0.03437500 0.11796875
14 0.15625000 0.26015625 0.03281250 0.12187500
19 0.28281250 0.27109375 0.03437500 0.11093750
3 0.37187500 0.27812500 0.03593750 0.11796875
4 0.41406250 0.27812500 0.03437500 0.12187500
21 0.54375000 0.27812500 0.03437500 0.11796875
0 0.84218750 0.27812500 0.03125000 0.10390625
19 0.11718750 0.42031250 0.03281250 0.12500000
0 0.19687500 0.42343750 0.03281250 0.10390625
12 0.23906250 0.42343750 0.03281250 0.11093750
18 0.32812500 0.43437500 0.03437500 0.10781250
7 0.50156250 0.43437500 0.03437500 0.10781250
14 0.88125000 0.44765625 0.03437500 0.10781250
1 0.11562500 0.57968750 0.03281250 0.11484375
11 0.15625000 0.58359375 0.03750000 0.11796875
0 0.19531250 0.57656250 0.03281250 0.10390625
12 0.24062500 0.58359375 0.03750000 0.12187500
4 0.28281250 0.58671875 0.04062500 0.12187500
18 0.41250000 0.59375000 0.03750000 0.12500000
8 0.45781250 0.58671875 0.03593750 0.11093750
3 0.49843750 0.59062500 0.03593750 0.11484375
24 0.15781250 0.74687500 0.03750000 0.12187500
24 0.41250000 0.75312500 0.03437500 0.12187500
2 0.54062500 0.75312500 0.03593750 0.10781250
4 0.66875000 0.76406250 0.03281250 0.11796875
2 0.79375000 0.75703125 0.03125000 0.11093750
15 0.87500000 0.76406250 0.03281250 0.11484375
7 0.12031250 0.89609375 0.03750000 0.12187500
3 0.20000000 0.90312500 0.03437500 0.11093750
