3 0.17236300 0.21075600 0.01464800 0.02180200
4 0.19873000 0.21039200 0.01464800 0.02107600
13 0.22705100 0.21002900 0.01464800 0.02180200
8 0.25634800 0.20966600 0.01464800 0.02107600
8 0.34082000 0.20893900 0.01562500 0.02107600
13 0.39794900 0.21075600 0.01464800 0.02180200
0 0.42627000 0.21075600 0.01464800 0.02180200
15 0.45459000 0.21111900 0.01464800 0.02107600
8 0.48388700 0.21111900 0.01464800 0.02107600
18 0.51269500 0.21111900 0.01562500 0.02107600
0 0.54052700 0.21111900 0.01464800 0.02107600
13 0.56982400 0.21111900 0.01464800 0.02107600
8 0.59960900 0.21148300 0.01562500 0.02180200
4 0.62841800 0.21148300 0.01464800 0.02180200
11 0.68554700 0.21148300 0.01562500 0.02180200
0 0.71386700 0.21184600 0.01562500 0.02107600
13 0.74316400 0.21184600 0.01562500 0.02107600
0 0.80175800 0.21184600 0.01562500 0.02107600
8 0.16894500 0.25036300 0.01367200 0.02252900
19 0.19677700 0.24891000 0.01464800 0.02252900
0 0.22509800 0.24854700 0.01464800 0.02180200
13 0.28173800 0.24818300 0.01464800 0.02252900
0 0.30957000 0.24818300 0.01367200 0.02252900
1 0.33837900 0.24782000 0.01464800 0.02180200
11 0.36767600 0.24782000 0.01464800 0.02180200
3 0.42627000 0.24818300 0.01464800 0.02252900
4 0.45459000 0.24854700 0.01464800 0.02180200
13 0.48388700 0.24891000 0.01464800 0.02252900
8 0.51318400 0.24854700 0.01464800 0.02180200
25 0.60009800 0.24891000 0.01464800 0.02252900
0 0.62841800 0.24891000 0.01464800 0.02252900
8 0.68701200 0.24927300 0.01464800 0.02180200
25 0.71533200 0.24927300 0.01464800 0.02180200
12 0.74462900 0.24927300 0.01464800 0.02180200
4 0.77490200 0.24927300 0.01464800 0.02180200
13 0.16699200 0.28670100 0.01367200 0.02252900
4 0.19482400 0.28670100 0.01464800 0.02252900
13 0.22314500 0.28670100 0.01464800 0.02252900
8 0.25146500 0.28670100 0.01464800 0.02252900
4 0.28076200 0.28597400 0.01464800 0.02252900
12 0.30810500 0.28597400 0.01464800 0.02252900
19 0.36669900 0.28633700 0.01464800 0.02325600
4 0.39599600 0.28633700 0.01464800 0.02325600
17 0.42529300 0.28670100 0.01464800 0.02252900
17 0.45410200 0.28670100 0.01562500 0.02252900
8 0.48291000 0.28670100 0.01464800 0.02252900
19 0.51220700 0.28706400 0.01464800 0.02325600
14 0.54150400 0.28742700 0.01464800 0.02252900
17 0.57080100 0.28742700 0.01464800 0.02252900
8 0.59960900 0.28742700 0.01562500 0.02252900
8 0.62939500 0.28815400 0.01464800 0.02252900
13 0.68750000 0.28815400 0.01562500 0.02252900
0 0.71582000 0.28815400 0.01562500 0.02252900
15 0.74560500 0.28815400 0.01464800 0.02252900
17 0.77539100 0.28815400 0.01562500 0.02252900
0 0.80468800 0.28815400 0.01562500 0.02252900
19 0.16503900 0.32558100 0.01562500 0.02325600
9 0.22216800 0.32594500 0.01464800 0.02252900
4 0.25000000 0.32558100 0.01562500 0.02325600
13 0.27880900 0.32558100 0.01464800 0.02325600
8 0.30712900 0.32558100 0.01464800 0.02325600
4 0.33691400 0.32558100 0.01562500 0.02325600
3 0.39502000 0.32558100 0.01464800 0.02325600
11 0.42334000 0.32558100 0.01464800 0.02325600
8 0.45312500 0.32558100 0.01562500 0.02325600
19 0.48242200 0.32594500 0.01562500 0.02252900
4 0.51171900 0.32594500 0.01562500 0.02252900
11 0.54052700 0.32630800 0.01464800 0.02180200
13 0.59960900 0.32667200 0.01562500 0.02252900
14 0.62890600 0.32667200 0.01562500 0.02252900
6 0.65918000 0.32667200 0.01562500 0.02252900
14 0.68847700 0.32667200 0.01562500 0.02252900
22 0.74707000 0.32703500 0.01562500 0.02180200
17 0.77636700 0.32703500 0.01562500 0.02180200
4 0.80664100 0.32703500 0.01562500 0.02180200
12 0.16308600 0.36482600 0.01562500 0.02325600
13 0.21972700 0.36482600 0.01367200 0.02034900
8 0.24804700 0.36482600 0.01367200 0.02034900
0 0.16113300 0.40552300 0.01562500 0.02325600
0 0.18847700 0.40479700 0.01562500 0.02325600
14 0.21679700 0.40443300 0.01562500 0.02398300
16 0.24609400 0.40479700 0.01562500 0.02325600
4 0.27539100 0.40479700 0.01562500 0.02325600
13 0.30468800 0.40516000 0.01562500 0.02398300
3 0.15820300 0.44440400 0.01562500 0.02252900
4 0.18750000 0.44476700 0.01562500 0.02325600
19 0.24511700 0.44476700 0.01562500 0.02325600
4 0.27343800 0.44513100 0.01562500 0.02252900
11 0.30273400 0.44513100 0.01562500 0.02252900
13 0.36230500 0.44549400 0.01562500 0.02325600
14 0.39160200 0.44585800 0.01562500 0.02252900
18 0.42089800 0.44585800 0.01562500 0.02252900
19 0.45214800 0.44585800 0.01562500 0.02252900
0 0.35791000 0.57013100 0.01660200 0.02398300
7 0.38867200 0.57085800 0.01562500 0.02398300
13 0.44921900 0.57085800 0.01562500 0.02398300
14 0.48046900 0.57085800 0.01562500 0.02398300
1 0.54003900 0.57122100 0.01562500 0.02470900
17 0.57080100 0.57158400 0.01660200 0.02398300
22 0.23730500 0.61228200 0.01562500 0.02543600
0 0.26562500 0.61228200 0.01562500 0.02543600
9 0.29589800 0.61228200 0.01562500 0.02543600
13 0.32714800 0.61264500 0.01562500 0.02470900
4 0.35742200 0.61264500 0.01562500 0.02470900
8 0.47949200 0.61337200 0.01562500 0.02470900
4 0.50927700 0.61409900 0.01660200 0.02470900
6 0.57128900 0.61482600 0.01562500 0.02470900
4 0.60156200 0.61482600 0.01562500 0.02470900
14 0.63232400 0.61482600 0.01660200 0.02470900
6 0.66308600 0.61518900 0.01562500 0.02543600
17 0.69287100 0.61555200 0.01660200 0.02470900
0 0.72314500 0.61591600 0.01660200 0.02398300
5 0.75439500 0.61591600 0.01660200 0.02398300
8 0.78564500 0.61664200 0.01660200 0.02398300
16 0.14599600 0.65261600 0.01660200 0.02470900
4 0.17529300 0.65298000 0.01660200 0.02543600
18 0.20459000 0.65370600 0.01660200 0.02543600
10 0.23388700 0.65443300 0.01660200 0.02543600
8 0.26416000 0.65516000 0.01660200 0.02543600
4 0.29492200 0.65516000 0.01562500 0.02543600
14 0.35546900 0.65588700 0.01562500 0.02543600
19 0.38574200 0.65661300 0.01562500 0.02543600
10 0.41503900 0.65661300 0.01562500 0.02543600
17 0.44726600 0.65661300 0.01562500 0.02543600
19 0.50927700 0.65734000 0.01660200 0.02543600
8 0.54003900 0.65734000 0.01562500 0.02543600
10 0.23144500 0.69767400 0.01562500 0.02616300
10 0.35253900 0.69949100 0.01562500 0.02543600
14 0.38378900 0.69949100 0.01562500 0.02543600
11 0.41406200 0.69985500 0.01562500 0.02616300
20 0.44531200 0.70021800 0.01562500 0.02543600
12 0.47656200 0.70021800 0.01562500 0.02543600
1 0.50781200 0.70094500 0.01562500 0.02543600
14 0.60156200 0.70239800 0.01562500 0.02543600
13 0.63281200 0.70239800 0.01562500 0.02543600
15 0.69482400 0.70312500 0.01660200 0.02543600
17 0.72607400 0.70312500 0.01660200 0.02543600
8 0.75732400 0.70385200 0.01660200 0.02543600
22 0.78857400 0.70385200 0.01660200 0.02543600
25 0.85058600 0.70385200 0.01562500 0.02543600
19 0.14062500 0.73946200 0.01562500 0.02543600
0 0.16943400 0.73946200 0.01660200 0.02543600
12 0.19921900 0.74018900 0.01562500 0.02543600
0 0.23046900 0.74091600 0.01562500 0.02543600
19 0.26025400 0.74164200 0.01660200 0.02543600
10 0.32080100 0.74273300 0.01660200 0.02616300
0 0.35107400 0.74273300 0.01660200 0.02616300
17 0.38330100 0.74345900 0.01660200 0.02616300
19 0.41406200 0.74382300 0.01562500 0.02543600
14 0.44531200 0.74418600 0.01562500 0.02616300
5 0.47656200 0.74491300 0.01562500 0.02616300
4 0.50781200 0.74564000 0.01562500 0.02616300
11 0.53808600 0.74564000 0.01562500 0.02616300
10 0.63085900 0.74673000 0.01562500 0.02543600
20 0.66259800 0.74673000 0.01660200 0.02543600
10 0.69384800 0.74673000 0.01660200 0.02543600
20 0.72607400 0.74709300 0.01660200 0.02470900
17 0.75781200 0.74745600 0.01562500 0.02543600
20 0.78955100 0.74745600 0.01660200 0.02543600
25 0.13916000 0.78197700 0.01660200 0.02470900
0 0.16748000 0.78270300 0.01660200 0.02470900
15 0.22802700 0.78452000 0.01660200 0.02543600
14 0.28955100 0.78597400 0.01660200 0.02543600
3 0.35107400 0.78742700 0.01660200 0.02543600
18 0.38232400 0.78742700 0.01660200 0.02543600
14 0.41259800 0.78742700 0.01660200 0.02543600
11 0.44384800 0.78815400 0.01660200 0.02543600
13 0.47509800 0.78888100 0.01660200 0.02543600
4 0.50634800 0.78960800 0.01660200 0.02543600
16 0.53857400 0.78960800 0.01660200 0.02543600
13 0.56982400 0.79033400 0.01660200 0.02543600
8 0.60058600 0.79106100 0.01562500 0.02543600
10 0.63134800 0.79106100 0.01660200 0.02543600
0 0.34668000 0.92114800 0.01757800 0.02543600
2 0.37890600 0.92187500 0.01757800 0.02543600
0 0.50439500 0.92623500 0.01660200 0.02398300
1 0.63330100 0.92659900 0.01660200 0.02470900
9 0.66552700 0.92696200 0.01660200 0.02398300
1 0.69775400 0.92623500 0.01660200 0.02398300
1 0.72900400 0.92659900 0.01660200 0.02470900
