0 0.03281250 0.10781250 0.03437500 0.11484375
13 0.07031250 0.10781250 0.03281250 0.11796875
14 0.11093750 0.10781250 0.03437500 0.12500000
17 0.19687500 0.11093750 0.03437500 0.11796875
15 0.28125000 0.11093750 0.03437500 0.11796875
10 0.40625000 0.11796875 0.03125000 0.11796875
19 0.49218750 0.12500000 0.03437500 0.11796875
5 0.61093750 0.12812500 0.03593750 0.11484375
19 0.77343750 0.13515625 0.03125000 0.11484375
7 0.02812500 0.27109375 0.03593750 0.12500000
0 0.07031250 0.27109375 0.03437500 0.12500000
0 0.36875000 0.27812500 0.04062500 0.12812500
12 0.57343750 0.28125000 0.03125000 0.11484375
0 0.69531250 0.29140625 0.03593750 0.12187500
7 0.02812500 0.43437500 0.03437500 0.12812500
7 0.15468750 0.42343750 0.03281250 0.12187500
17 0.27968750 0.43046875 0.03281250 0.11796875
4 0.32343750 0.43046875 0.03437500 0.12500000
2 0.36718750 0.43046875 0.03125000 0.11484375
10 0.40625000 0.43046875 0.03437500 0.11796875
2 0.11093750 0.58671875 0.03281250 0.12812500
7 0.28125000 0.59375000 0.03437500 0.13203125
0 0.31875000 0.59375000 0.02968750 0.13203125
2 0.49062500 0.59062500 0.03281250 0.12500000
7 0.88906250 0.59687500 0.03125000 0.12500000
12 0.02656250 0.73984375 0.03437500 0.13203125
0 0.06875000 0.73593750 0.03437500 0.12812500
13 0.11093750 0.73984375 0.03593750 0.12812500
0 0.15156250 0.73984375 0.03593750 0.12812500
6 0.19531250 0.73984375 0.03593750 0.13203125
4 0.23750000 0.74296875 0.03437500 0.12500000
19 0.32343750 0.74296875 0.03281250 0.12500000
0 0.69218750 0.74296875 0.03437500 0.11796875
13 0.73125000 0.74296875 0.03125000 0.11796875
0 0.96250000 0.73984375 0.03437500 0.12500000
0 0.06875000 0.89218750 0.03281250 0.11484375
21 0.11250000 0.89609375 0.03750000 0.12500000
2 0.19531250 0.89609375 0.03437500 0.11796875
14 0.23750000 0.89609375 0.03437500 0.11796875
14 0.27812500 0.89609375 0.03281250 0.12187500
18 0.36250000 0.89609375 0.03125000 0.11484375
4 0.40468750 0.89609375 0.02968750 0.11093750
24 0.52968750 0.89609375 0.03125000 0.11484375
13 0.69218750 0.89609375 0.03281250 0.11093750
