22 0.11406250 0.09027778 0.03437500 0.11458333
8 0.15625000 0.09027778 0.03437500 0.11458333
3 0.24218750 0.09027778 0.03281250 0.11458333
22 0.32968750 0.25347222 0.03593750 0.11458333
0 0.37187500 0.25347222 0.03125000 0.11458333
24 0.41406250 0.25694444 0.03750000 0.11111111
8 0.54375000 0.25694444 0.03437500 0.11111111
18 0.62812500 0.25694444 0.03281250 0.11458333
18 0.71562500 0.25694444 0.03281250 0.11458333
4 0.75937500 0.25694444 0.03281250 0.11458333
23 0.84687500 0.25694444 0.03593750 0.11458333
4 0.11250000 0.41319444 0.03750000 0.12152778
4 0.15625000 0.41319444 0.03593750 0.11458333
18 0.41406250 0.41666667 0.03281250 0.11805556
8 0.20000000 0.57638889 0.03281250 0.11805556
18 0.28593750 0.57986111 0.03281250 0.11805556
2 0.37187500 0.57638889 0.03125000 0.11458333
17 0.41406250 0.57638889 0.03281250 0.11111111
18 0.50000000 0.57638889 0.03281250 0.11111111
14 0.71406250 0.57986111 0.03437500 0.10763889
13 0.75781250 0.57986111 0.03437500 0.11111111
13 0.88750000 0.58333333 0.03281250 0.11805556
4 0.97187500 0.57986111 0.03281250 0.11111111
4 0.45625000 0.73263889 0.03281250 0.10763889
0 0.58437500 0.73263889 0.03281250 0.10069444
14 0.75781250 0.74305556 0.03437500 0.11805556
7 0.11406250 0.89583333 0.03281250 0.12152778
21 0.20156250 0.89583333 0.03750000 0.11458333
4 0.24218750 0.89583333 0.03281250 0.11805556
24 0.28593750 0.89583333 0.03593750 0.11458333
