2 0.27031250 0.06328125 0.03750000 0.12500000
0 0.35390625 0.06171875 0.03750000 0.11562500
18 0.44296875 0.06640625 0.04375000 0.13281250
14 0.52656250 0.06875000 0.03906250 0.13593750
14 0.57187500 0.07734375 0.03906250 0.12968750
13 0.61484375 0.08203125 0.03593750 0.14531250
11 0.74453125 0.07343750 0.03906250 0.12968750
6 0.91328125 0.08046875 0.03906250 0.12656250
18 0.08984375 0.22265625 0.03593750 0.12031250
3 0.13125000 0.22343750 0.03750000 0.12343750
7 0.26484375 0.21562500 0.03750000 0.12968750
21 0.35468750 0.22109375 0.03593750 0.12343750
4 0.39921875 0.22421875 0.03750000 0.12500000
24 0.44296875 0.22812500 0.03750000 0.12031250
6 0.26015625 0.37343750 0.03750000 0.12968750
3 0.44062500 0.38125000 0.04062500 0.13281250
7 0.66406250 0.38281250 0.03906250 0.14218750
14 0.70859375 0.38203125 0.03593750 0.13437500
17 0.75312500 0.38281250 0.03750000 0.12968750
13 0.79765625 0.38437500 0.03906250 0.13281250
4 0.88671875 0.38828125 0.03750000 0.13750000
5 0.92890625 0.38515625 0.03437500 0.13593750
6 0.07031250 0.54140625 0.04062500 0.14218750
14 0.11328125 0.54609375 0.03906250 0.14062500
5 0.29921875 0.53906250 0.03906250 0.13281250
6 0.61875000 0.55234375 0.03906250 0.13593750
17 0.66640625 0.54687500 0.03906250 0.13593750
1 0.75156250 0.55000000 0.03593750 0.13281250
7 0.84921875 0.55000000 0.04062500 0.14375000
14 0.89531250 0.55156250 0.04062500 0.13281250
11 0.93828125 0.55000000 0.03437500 0.13281250
3 0.98203125 0.54921875 0.03593750 0.13593750
24 0.20078125 0.71796875 0.03750000 0.13281250
5 0.34296875 0.71640625 0.03750000 0.12968750
7 0.43984375 0.71953125 0.03593750 0.13125000
4 0.48437500 0.71562500 0.03906250 0.13593750
17 0.57734375 0.71875000 0.04218750 0.14687500
20 0.62500000 0.71953125 0.04062500 0.14218750
13 0.66953125 0.71875000 0.04218750 0.13593750
15 0.85703125 0.71875000 0.03593750 0.13593750
0 0.90234375 0.72187500 0.03593750 0.12968750
2 0.94765625 0.72109375 0.04062500 0.13593750
15 0.05625000 0.89453125 0.03906250 0.13750000
10 0.14531250 0.90000000 0.04218750 0.14375000
4 0.19531250 0.90000000 0.04062500 0.14375000
24 0.23984375 0.90156250 0.03750000 0.15156250
0 0.38750000 0.89687500 0.03750000 0.14218750
1 0.43359375 0.89843750 0.03593750 0.14062500
0 0.47968750 0.89765625 0.03906250 0.13750000
19 0.57734375 0.89921875 0.04218750 0.15312500
5 0.67343750 0.90390625 0.04062500 0.15625000
8 0.72265625 0.90703125 0.03906250 0.15156250
5 0.77031250 0.90546875 0.03750000 0.14843750
19 0.81796875 0.90312500 0.04062500 0.15000000
24 0.86562500 0.90000000 0.04375000 0.14375000
19 0.95781250 0.90234375 0.03750000 0.14218750
