0 0.06406250 0.31658291 0.04687500 0.21105528
1 0.13750000 0.32663317 0.04375000 0.21105528
2 0.20156250 0.32160804 0.04062500 0.21105528
3 0.27656250 0.31658291 0.04687500 0.21105528
4 0.35000000 0.32160804 0.04375000 0.19597990
5 0.42343750 0.31658291 0.04687500 0.20100503
6 0.50000000 0.31658291 0.04531250 0.20100503
7 0.57343750 0.31155779 0.04687500 0.20100503
8 0.64843750 0.31155779 0.04687500 0.20100503
9 0.72031250 0.31658291 0.04531250 0.20603015
10 0.80625000 0.32160804 0.04687500 0.20100503
11 0.88125000 0.32160804 0.05156250 0.19597990
12 0.94375000 0.32160804 0.04687500 0.19597990
13 0.05468750 0.79396985 0.04375000 0.20100503
14 0.12812500 0.79396985 0.04218750 0.19597990
15 0.20312500 0.79396985 0.04687500 0.21105528
16 0.27656250 0.79396985 0.04531250 0.21105528
17 0.35156250 0.79899497 0.04843750 0.20603015
18 0.42343750 0.79396985 0.04843750 0.20603015
19 0.50000000 0.79396985 0.04687500 0.21105528
20 0.57343750 0.79396985 0.04531250 0.21105528
21 0.64843750 0.79396985 0.04687500 0.19597990
22 0.72343750 0.78894472 0.04531250 0.20603015
23 0.79531250 0.79396985 0.04218750 0.21105528
24 0.87031250 0.79396985 0.04687500 0.21105528
25 0.94375000 0.79899497 0.04687500 0.20603015
