6 0.04531250 0.17968750 0.09062500 0.17968750
7 0.13750000 0.15156250 0.09531250 0.18906250
18 0.25156250 0.12656250 0.10000000 0.20156250
25 0.36875000 0.10312500 0.10000000 0.18437500
17 0.65625000 0.08750000 0.07656250 0.15625000
13 0.15937500 0.65312500 0.12187500 0.22343750
4 0.29218750 0.61718750 0.10937500 0.21093750
22 0.42343750 0.56875000 0.10000000 0.18906250
18 0.52968750 0.53906250 0.09062500 0.17656250
17 0.19531250 0.91406250 0.09531250 0.17187500
6 0.44531250 0.85000000 0.10000000 0.21562500
14 0.55156250 0.80937500 0.09843750 0.20156250
13 0.65781250 0.75000000 0.08593750 0.21093750
