20 0.71093750 0.32187500 0.05625000 0.14843750
0 0.64843750 0.31875000 0.05625000 0.14531250
4 0.76718750 0.32031250 0.05156250 0.15312500
7 0.58593750 0.32031250 0.05156250 0.14062500
14 0.65312500 0.49843750 0.05625000 0.14062500
2 0.59218750 0.49687500 0.05156250 0.14062500
19 0.71562500 0.50156250 0.05625000 0.14531250
16 0.77500000 0.49687500 0.05156250 0.14531250
17 0.83125000 0.48906250 0.05156250 0.15000000
17 0.89375000 0.65781250 0.05468750 0.14062500
16 0.77968750 0.67031250 0.06250000 0.14531250
9 0.83750000 0.66093750 0.05468750 0.15000000
8 0.71562500 0.67500000 0.05156250 0.14375000
1 0.65937500 0.68750000 0.05625000 0.14062500
21 0.89843750 0.82968750 0.05156250 0.15312500
4 0.95625000 0.82812500 0.05000000 0.15625000
7 0.78437500 0.85000000 0.05468750 0.15000000
2 0.72500000 0.84531250 0.05156250 0.13906250
19 0.66406250 0.86562500 0.05468750 0.14062500
12 0.59687500 0.87187500 0.05468750 0.14062500
