19 0.06562500 0.40937500 0.10312500 0.21250000
17 0.19687500 0.38437500 0.09843750 0.21875000
4 0.33125000 0.36875000 0.10468750 0.21875000
2 0.08437500 0.67968750 0.10468750 0.20156250
10 0.21562500 0.66875000 0.11250000 0.22031250
18 0.51562500 0.88750000 0.10468750 0.22500000
18 0.49218750 0.62656250 0.10312500 0.20625000
7 0.61718750 0.59687500 0.11406250 0.21562500
8 0.59062500 0.32031250 0.10468750 0.21875000
0 0.64375000 0.87187500 0.11875000 0.22500000
13 0.70781250 0.30781250 0.10468750 0.23437500
4 0.73750000 0.57968750 0.10468750 0.21093750
