8 0.18505900 0.07158400 0.02246100 0.02398300
0 0.87793000 0.09484000 0.01953100 0.02252900
2 0.90283200 0.09556700 0.02050800 0.02252900
15 0.18603500 0.10646800 0.02246100 0.02398300
17 0.21386700 0.10574100 0.02148400 0.02398300
8 0.24218800 0.10574100 0.02148400 0.02398300
7 0.27099600 0.10574100 0.02246100 0.02398300
14 0.29980500 0.10465100 0.02148400 0.02470900
3 0.32861300 0.10574100 0.02246100 0.02398300
8 0.35693400 0.10683100 0.02246100 0.02470900
19 0.38623000 0.10683100 0.02246100 0.02470900
13 0.44335900 0.10901200 0.02148400 0.02470900
0 0.47216800 0.11010200 0.02246100 0.02398300
25 0.50000000 0.11119200 0.02148400 0.02470900
0 0.52880900 0.11228200 0.02246100 0.02398300
3 0.55664100 0.11337200 0.02148400 0.02470900
16 0.66699200 0.11882300 0.02148400 0.02398300
19 0.69335900 0.11991300 0.02148400 0.02470900
14 0.72021500 0.12136600 0.02246100 0.02470900
19 0.77343800 0.12391000 0.02148400 0.02398300
0 0.79931600 0.12500000 0.02050800 0.02325600
10 0.82568400 0.12572700 0.02050800 0.02325600
14 0.85205100 0.12681700 0.02050800 0.02398300
4 0.87841800 0.12790700 0.02050800 0.02325600
7 0.24218800 0.14062500 0.02148400 0.02398300
22 0.27002000 0.14098800 0.02246100 0.02470900
14 0.29882800 0.14098800 0.02148400 0.02470900
18 0.32812500 0.14171500 0.02148400 0.02470900
19 0.35742200 0.14171500 0.02148400 0.02470900
8 0.38574200 0.14244200 0.02148400 0.02470900
10 0.41503900 0.14316900 0.02148400 0.02470900
13 0.50000000 0.14571200 0.02148400 0.02398300
0 0.52832000 0.14643900 0.02148400 0.02398300
15 0.58447300 0.14934600 0.02050800 0.02398300
14 0.61181600 0.15079900 0.02050800 0.02398300
3 0.63916000 0.15152600 0.02050800 0.02398300
20 0.66650400 0.15298000 0.02050800 0.02398300
10 0.72021500 0.15552300 0.02050800 0.02325600
4 0.74658200 0.15661300 0.02050800 0.02398300
13 0.24169900 0.17514500 0.02246100 0.02470900
0 0.26953100 0.17587200 0.02148400 0.02470900
15 0.32812500 0.17659900 0.02148400 0.02470900
17 0.35693400 0.17659900 0.02246100 0.02470900
14 0.38525400 0.17768900 0.02050800 0.02398300
18 0.41455100 0.17841600 0.02050800 0.02398300
19 0.44335900 0.17914200 0.02148400 0.02398300
13 0.49951200 0.17986900 0.02050800 0.02398300
10 0.52832000 0.18059600 0.02148400 0.02398300
4 0.55615200 0.18277600 0.02050800 0.02398300
20 0.63916000 0.18568300 0.02050800 0.02398300
10 0.69384800 0.18786300 0.02050800 0.02398300
8 0.72021500 0.18931700 0.02050800 0.02398300
17 0.18457000 0.21075600 0.02148400 0.02470900
0 0.21337900 0.21075600 0.02246100 0.02470900
25 0.24121100 0.21075600 0.02148400 0.02470900
22 0.26953100 0.21039200 0.02148400 0.02398300
4 0.29882800 0.21111900 0.02148400 0.02398300
19 0.35742200 0.21220900 0.02148400 0.02470900
0 0.38525400 0.21257300 0.02246100 0.02398300
10 0.41455100 0.21257300 0.02050800 0.02398300
18 0.47168000 0.21475300 0.02148400 0.02398300
15 0.50000000 0.21548000 0.02148400 0.02398300
19 0.55615200 0.21766000 0.02050800 0.02398300
15 0.63916000 0.22056700 0.02050800 0.02398300
4 0.66601600 0.22129400 0.02148400 0.02398300
17 0.69287100 0.22202000 0.02050800 0.02398300
4 0.72021500 0.22347400 0.02050800 0.02398300
22 0.74658200 0.22420100 0.02050800 0.02398300
4 0.77294900 0.22565400 0.02050800 0.02398300
17 0.79931600 0.22638100 0.02050800 0.02398300
13 0.82568400 0.22783400 0.02050800 0.02398300
20 0.85107400 0.22856100 0.02050800 0.02398300
11 0.87744100 0.22928800 0.02050800 0.02398300
0 0.90332000 0.23037800 0.02148400 0.02325600
14 0.12890600 0.24782000 0.02148400 0.02470900
13 0.15625000 0.24709300 0.02148400 0.02470900
0 0.18457000 0.24564000 0.02148400 0.02470900
10 0.24121100 0.24600300 0.02148400 0.02398300
14 0.26953100 0.24636600 0.02148400 0.02470900
19 0.29882800 0.24636600 0.02148400 0.02470900
4 0.32714800 0.24673000 0.02148400 0.02398300
13 0.35644500 0.24709300 0.02148400 0.02470900
10 0.38476600 0.24709300 0.02148400 0.02470900
0 0.41455100 0.24854700 0.02050800 0.02470900
20 0.47119100 0.24963700 0.02050800 0.02398300
11 0.50000000 0.25036300 0.02148400 0.02398300
14 0.52783200 0.25109000 0.02050800 0.02398300
9 0.55566400 0.25181700 0.02148400 0.02398300
8 0.58398400 0.25327000 0.02148400 0.02398300
11 0.61084000 0.25399700 0.02050800 0.02398300
0 0.63818400 0.25472400 0.02050800 0.02398300
10 0.69335900 0.25617700 0.02148400 0.02398300
0 0.71972700 0.25763100 0.02148400 0.02398300
10 0.74609400 0.25835800 0.02148400 0.02398300
13 0.79882800 0.25981100 0.02148400 0.02398300
0 0.82421900 0.26053800 0.02148400 0.02398300
3 0.85058600 0.26162800 0.02148400 0.02325600
14 0.87695300 0.26235500 0.02148400 0.02325600
15 0.24072300 0.28052300 0.02246100 0.02470900
14 0.26953100 0.28125000 0.02148400 0.02470900
3 0.29785200 0.28125000 0.02148400 0.02470900
18 0.35644500 0.28270300 0.02148400 0.02470900
15 0.38525400 0.28306700 0.02050800 0.02398300
8 0.41406200 0.28343000 0.02148400 0.02470900
13 0.44287100 0.28415700 0.02050800 0.02470900
10 0.47119100 0.28488400 0.02050800 0.02470900
20 0.49951200 0.28524700 0.02050800 0.02398300
15 0.24023400 0.31686000 0.02148400 0.02470900
4 0.26953100 0.31686000 0.02148400 0.02470900
17 0.29785200 0.31686000 0.02148400 0.02470900
8 0.32714800 0.31758700 0.02148400 0.02470900
13 0.35644500 0.31831400 0.02148400 0.02470900
10 0.38574200 0.31867700 0.02148400 0.02398300
20 0.41455100 0.31904100 0.02050800 0.02470900
13 0.18359400 0.35283400 0.02148400 0.02543600
0 0.21191400 0.35283400 0.02148400 0.02543600
15 0.26953100 0.35247100 0.02148400 0.02470900
4 0.29882800 0.35283400 0.02148400 0.02398300
17 0.32714800 0.35283400 0.02148400 0.02398300
8 0.35644500 0.35319800 0.02148400 0.02470900
13 0.38574200 0.35392400 0.02148400 0.02470900
10 0.41455100 0.35428800 0.02050800 0.02398300
20 0.44335900 0.35501500 0.02148400 0.02398300
15 0.18359400 0.38808100 0.02148400 0.02470900
17 0.21191400 0.38808100 0.02148400 0.02470900
14 0.24023400 0.38808100 0.02148400 0.02470900
18 0.26953100 0.38808100 0.02148400 0.02470900
19 0.29882800 0.38844500 0.02148400 0.02543600
13 0.35644500 0.38880800 0.02148400 0.02470900
10 0.38525400 0.38880800 0.02246100 0.02470900
20 0.41503900 0.38953500 0.02148400 0.02470900
15 0.24023400 0.42296500 0.02148400 0.02470900
14 0.26855500 0.42296500 0.02148400 0.02470900
3 0.29882800 0.42296500 0.02148400 0.02470900
20 0.35644500 0.42405500 0.02148400 0.02398300
10 0.41503900 0.42478200 0.02148400 0.02398300
8 0.44335900 0.42514500 0.02148400 0.02470900
15 0.23974600 0.45857600 0.02246100 0.02470900
14 0.26855500 0.45857600 0.02148400 0.02470900
3 0.29882800 0.45893900 0.02148400 0.02398300
20 0.32812500 0.45930200 0.02148400 0.02470900
10 0.38574200 0.45930200 0.02148400 0.02470900
8 0.41503900 0.45966600 0.02148400 0.02398300
0 0.18261700 0.49454900 0.02148400 0.02543600
18 0.23974600 0.49454900 0.02246100 0.02543600
0 0.26855500 0.49454900 0.02148400 0.02543600
12 0.29882800 0.49454900 0.02148400 0.02543600
0 0.32812500 0.49454900 0.02148400 0.02543600
15 0.38574200 0.49454900 0.02148400 0.02543600
14 0.41406200 0.49491300 0.02148400 0.02470900
11 0.47168000 0.49527600 0.02148400 0.02398300
0 0.49902300 0.49527600 0.02148400 0.02398300
20 0.55664100 0.49527600 0.02148400 0.02398300
9 0.58300800 0.49527600 0.02148400 0.02398300
8 0.61132800 0.49527600 0.02148400 0.02398300
13 0.63964800 0.49527600 0.02148400 0.02398300
0 0.66699200 0.49564000 0.02148400 0.02470900
19 0.69335900 0.49600300 0.02148400 0.02398300
15 0.79980500 0.49600300 0.02148400 0.02398300
17 0.82568400 0.49600300 0.02050800 0.02398300
8 0.85156200 0.49600300 0.02148400 0.02398300
7 0.87793000 0.49636600 0.02148400 0.02325600
14 0.90429700 0.49636600 0.02148400 0.02325600
3 0.12793000 0.52979700 0.02148400 0.02470900
8 0.15527300 0.53016000 0.02148400 0.02543600
19 0.18261700 0.53052300 0.02148400 0.02470900
14 0.24023400 0.53052300 0.02148400 0.02470900
15 0.26904300 0.53052300 0.02246100 0.02470900
19 0.32763700 0.53052300 0.02246100 0.02470900
16 0.47168000 0.52979700 0.02148400 0.02470900
19 0.49902300 0.53016000 0.02148400 0.02398300
14 0.52734400 0.52979700 0.02148400 0.02470900
19 0.58398400 0.52979700 0.02148400 0.02470900
0 0.61084000 0.52979700 0.02050800 0.02470900
10 0.63867200 0.52979700 0.02148400 0.02470900
14 0.66601600 0.53016000 0.02148400 0.02398300
4 0.69335900 0.53016000 0.02148400 0.02398300
13 0.24121100 0.56613400 0.02148400 0.02470900
8 0.26855500 0.56577000 0.02148400 0.02398300
15 0.32714800 0.56577000 0.02148400 0.02398300
4 0.35644500 0.56540700 0.02148400 0.02470900
17 0.38574200 0.56540700 0.02148400 0.02470900
8 0.41455100 0.56540700 0.02050800 0.02470900
13 0.44238300 0.56540700 0.02148400 0.02470900
10 0.47021500 0.56468000 0.02050800 0.02470900
8 0.49902300 0.56468000 0.02148400 0.02470900
13 0.24023400 0.60174400 0.02148400 0.02470900
8 0.26757800 0.60101700 0.02148400 0.02470900
15 0.32714800 0.60174400 0.02148400 0.02470900
17 0.35546900 0.60138100 0.02148400 0.02398300
14 0.38476600 0.60174400 0.02148400 0.02470900
18 0.41406200 0.60101700 0.02148400 0.02470900
19 0.44238300 0.60101700 0.02148400 0.02470900
13 0.49951200 0.59956400 0.02050800 0.02470900
10 0.52734400 0.59956400 0.02148400 0.02470900
8 0.55566400 0.59992700 0.02148400 0.02398300
13 0.23925800 0.63735500 0.02148400 0.02470900
8 0.26757800 0.63735500 0.02148400 0.02470900
15 0.32666000 0.63771800 0.02246100 0.02543600
14 0.35595700 0.63771800 0.02246100 0.02543600
3 0.38476600 0.63662800 0.02148400 0.02470900
20 0.41406200 0.63626500 0.02148400 0.02398300
10 0.47070300 0.63590100 0.02148400 0.02470900
8 0.49902300 0.63553800 0.02148400 0.02398300
13 0.23877000 0.67296500 0.02246100 0.02470900
4 0.26757800 0.67296500 0.02148400 0.02470900
22 0.32617200 0.67260200 0.02148400 0.02543600
8 0.35546900 0.67260200 0.02148400 0.02543600
3 0.38476600 0.67223800 0.02148400 0.02470900
0 0.41308600 0.67223800 0.02148400 0.02470900
19 0.44238300 0.67151200 0.02148400 0.02470900
0 0.23779300 0.71002900 0.02246100 0.02470900
20 0.29687500 0.70930200 0.02148400 0.02470900
18 0.32617200 0.70930200 0.02148400 0.02470900
0 0.35546900 0.70893900 0.02148400 0.02398300
19 0.38476600 0.70821200 0.02148400 0.02398300
15 0.23779300 0.74564000 0.02246100 0.02470900
14 0.26660200 0.74527600 0.02148400 0.02543600
11 0.29638700 0.74527600 0.02246100 0.02543600
14 0.32617200 0.74491300 0.02148400 0.02470900
18 0.35498000 0.74491300 0.02246100 0.02470900
0 0.38476600 0.74491300 0.02148400 0.02470900
19 0.41357400 0.74418600 0.02246100 0.02470900
15 0.23779300 0.78052300 0.02246100 0.02470900
4 0.26709000 0.78052300 0.02246100 0.02470900
17 0.29638700 0.78052300 0.02246100 0.02470900
4 0.32568400 0.78052300 0.02246100 0.02470900
1 0.35498000 0.77979700 0.02246100 0.02470900
17 0.38378900 0.77979700 0.02148400 0.02470900
0 0.41259800 0.77907000 0.02246100 0.02470900
11 0.44189500 0.77834300 0.02246100 0.02470900
18 0.47119100 0.77761600 0.02246100 0.02470900
15 0.23779300 0.81686000 0.02246100 0.02470900
14 0.26709000 0.81686000 0.02246100 0.02470900
3 0.29638700 0.81649700 0.02246100 0.02543600
10 0.35546900 0.81613400 0.02148400 0.02470900
17 0.38427700 0.81540700 0.02246100 0.02470900
14 0.41308600 0.81468000 0.02148400 0.02470900
22 0.44189500 0.81395300 0.02246100 0.02470900
0 0.47070300 0.81250000 0.02148400 0.02470900
19 0.49951200 0.81177300 0.02246100 0.02470900
17 0.18066400 0.85174400 0.02148400 0.02470900
0 0.20898400 0.85247100 0.02148400 0.02470900
25 0.23779300 0.85319800 0.02246100 0.02470900
22 0.26757800 0.85247100 0.02148400 0.02470900
4 0.29687500 0.85247100 0.02148400 0.02470900
19 0.35546900 0.85138100 0.02148400 0.02398300
0 0.38427700 0.85029100 0.02246100 0.02470900
10 0.41357400 0.84956400 0.02246100 0.02470900
18 0.47070300 0.84811000 0.02148400 0.02470900
15 0.49951200 0.84738400 0.02246100 0.02470900
19 0.55664100 0.84484000 0.02148400 0.02398300
22 0.63867200 0.84193300 0.02343800 0.02398300
14 0.66650400 0.84084300 0.02246100 0.02470900
19 0.69335900 0.83975300 0.02148400 0.02398300
10 0.74658200 0.83720900 0.02246100 0.02470900
0 0.77343800 0.83611900 0.02148400 0.02398300
10 0.79980500 0.83502900 0.02148400 0.02470900
14 0.82568400 0.83430200 0.02246100 0.02470900
6 0.12500000 0.88590100 0.02148400 0.02470900
11 0.15234400 0.88662800 0.02148400 0.02470900
20 0.18066400 0.88735500 0.02148400 0.02470900
15 0.20898400 0.88808100 0.02148400 0.02470900
10 0.32568400 0.88771800 0.02246100 0.02543600
14 0.35498000 0.88662800 0.02246100 0.02470900
19 0.38427700 0.88590100 0.02246100 0.02470900
4 0.41357400 0.88444800 0.02246100 0.02470900
13 0.44189500 0.88372100 0.02246100 0.02470900
14 0.47119100 0.88190400 0.02246100 0.02543600
10 0.49951200 0.88190400 0.02246100 0.02398300
