11 0.10937500 0.11458333 0.03281250 0.11805556
14 0.14375000 0.11805556 0.03437500 0.10763889
21 0.18281250 0.10763889 0.02968750 0.10416667
4 0.22187500 0.10416667 0.03437500 0.11111111
6 0.42656250 0.08680556 0.02968750 0.10763889
4 0.50781250 0.08333333 0.03281250 0.11458333
21 0.55000000 0.08680556 0.03281250 0.11805556
0 0.59062500 0.08333333 0.02968750 0.11458333
13 0.14218750 0.26041667 0.02968750 0.11458333
20 0.18125000 0.25694444 0.02968750 0.11458333
4 0.26093750 0.25000000 0.03125000 0.11458333
19 0.30312500 0.24652778 0.03437500 0.12152778
14 0.38437500 0.24305556 0.03593750 0.11805556
13 0.42812500 0.23958333 0.03593750 0.11805556
12 0.55156250 0.23958333 0.03125000 0.12152778
14 0.59375000 0.23611111 0.03281250 0.11805556
13 0.63750000 0.23263889 0.03437500 0.12152778
21 0.10312500 0.42013889 0.02812500 0.12500000
14 0.14062500 0.41666667 0.03125000 0.11111111
11 0.17968750 0.41319444 0.03437500 0.11805556
11 0.22031250 0.40972222 0.03593750 0.11805556
4 0.26093750 0.40277778 0.03437500 0.11805556
24 0.30312500 0.40625000 0.03437500 0.12152778
1 0.34375000 0.40277778 0.03281250 0.12500000
0 0.38593750 0.39583333 0.03281250 0.12500000
11 0.42968750 0.40277778 0.03125000 0.12152778
11 0.46875000 0.40277778 0.03437500 0.12500000
13 0.13906250 0.57291667 0.02968750 0.10763889
21 0.17812500 0.57291667 0.02968750 0.12500000
4 0.25937500 0.55902778 0.03125000 0.11458333
19 0.30156250 0.56250000 0.03281250 0.12152778
0 0.38750000 0.55902778 0.03125000 0.11805556
10 0.51250000 0.55555556 0.03437500 0.11805556
23 0.10000000 0.72916667 0.02968750 0.11458333
18 0.17812500 0.72222222 0.03750000 0.12847222
19 0.30000000 0.72222222 0.03281250 0.12152778
15 0.47031250 0.71180556 0.03281250 0.12847222
21 0.13437500 0.88194444 0.02968750 0.13194444
11 0.17343750 0.88194444 0.03437500 0.12500000
0 0.21718750 0.88194444 0.03437500 0.12847222
3 0.25625000 0.88541667 0.03281250 0.12152778
18 0.34062500 0.88194444 0.03437500 0.12500000
10 0.38281250 0.88541667 0.03750000 0.13541667
24 0.42656250 0.88541667 0.03750000 0.13541667
0 0.60312500 0.87847222 0.03437500 0.12500000
17 0.51250000 0.71527778 0.03125000 0.11458333
8 0.55625000 0.71180556 0.03593750 0.12847222
21 0.60156250 0.71527778 0.04062500 0.13541667
0 0.64375000 0.71527778 0.03593750 0.12847222
19 0.68593750 0.71527778 0.03750000 0.13194444
4 0.73281250 0.71527778 0.03750000 0.13541667
3 0.82031250 0.71527778 0.03906250 0.14930556
4 0.86406250 0.71527778 0.03750000 0.14930556
19 0.90781250 0.70833333 0.03593750 0.14583333
8 0.95156250 0.71180556 0.03281250 0.15277778
11 0.68906250 0.88194444 0.03281250 0.13541667
8 0.73437500 0.87847222 0.03750000 0.13541667
2 0.77968750 0.88194444 0.03593750 0.12847222
18 0.86562500 0.87847222 0.03750000 0.12500000
4 0.91093750 0.87500000 0.03593750 0.13541667
23 0.68593750 0.55208333 0.03906250 0.13541667
18 0.77500000 0.55555556 0.03593750 0.13888889
4 0.81875000 0.54861111 0.03906250 0.13541667
4 0.86093750 0.54861111 0.03593750 0.13541667
12 0.90468750 0.54513889 0.03437500 0.12500000
18 0.94687500 0.54166667 0.03281250 0.11805556
2 0.90000000 0.38194444 0.03906250 0.13541667
0 0.94218750 0.38194444 0.03593750 0.13541667
3 0.72343750 0.22916667 0.03750000 0.12500000
1 0.76093750 0.07638889 0.03281250 0.11805556
17 0.88906250 0.06597222 0.03750000 0.11805556
4 0.92968750 0.06944444 0.03281250 0.11458333
1 0.96875000 0.06597222 0.03281250 0.10763889
