11 0.33750000 0.15312500 0.09375000 0.16093750
14 0.43593750 0.14375000 0.09062500 0.15781250
14 0.52343750 0.13281250 0.08593750 0.16250000
16 0.05000000 0.43125000 0.08281250 0.16718750
4 0.13750000 0.40937500 0.09062500 0.18125000
4 0.24687500 0.39843750 0.10312500 0.20156250
3 0.44843750 0.37187500 0.09531250 0.17500000
0 0.54375000 0.35937500 0.08125000 0.17031250
23 0.63437500 0.33437500 0.09062500 0.17656250
17 0.72656250 0.32343750 0.08281250 0.17656250
4 0.05156250 0.64843750 0.08750000 0.17187500
11 0.15156250 0.64062500 0.09531250 0.18437500
12 0.25781250 0.61875000 0.10312500 0.17500000
14 0.36875000 0.61250000 0.10000000 0.18906250
18 0.56406250 0.55625000 0.09062500 0.16562500
18 0.17656250 0.86718750 0.08750000 0.18906250
7 0.08125000 0.87343750 0.08750000 0.17656250
25 0.27656250 0.87343750 0.08281250 0.18125000
3 0.38281250 0.89375000 0.10312500 0.18906250
17 0.57968750 0.78437500 0.09531250 0.18125000
0 0.67968750 0.76250000 0.08593750 0.17968750
4 0.13593750 0.19062500 0.08281250 0.17968750
14 0.65781250 0.54843750 0.09062500 0.16718750
