12 0.18437500 0.05937500 0.03593750 0.11484375
4 0.41406250 0.05937500 0.03593750 0.11796875
15 0.50468750 0.06562500 0.03750000 0.12187500
14 0.55156250 0.06562500 0.03593750 0.12812500
18 0.59687500 0.06953125 0.03437500 0.12187500
18 0.64218750 0.06953125 0.03750000 0.12500000
8 0.68750000 0.06953125 0.03437500 0.12187500
12 0.82187500 0.07265625 0.03593750 0.11796875
0 0.86406250 0.07265625 0.03437500 0.11796875
10 0.90937500 0.07656250 0.03750000 0.11796875
4 0.95000000 0.07968750 0.03437500 0.11796875
0 0.14375000 0.23281250 0.04843750 0.13203125
18 0.22968750 0.22890625 0.03750000 0.12500000
8 0.55156250 0.23984375 0.03750000 0.12500000
17 0.82343750 0.24687500 0.03437500 0.12500000
12 0.95156250 0.25000000 0.03437500 0.11796875
14 0.18437500 0.40312500 0.03750000 0.12500000
14 0.41406250 0.40625000 0.03750000 0.12812500
17 0.50468750 0.40625000 0.03750000 0.12500000
5 0.68593750 0.41328125 0.03906250 0.12500000
4 0.77656250 0.41640625 0.03593750 0.13203125
1 0.86562500 0.40937500 0.03437500 0.12187500
14 0.90937500 0.41640625 0.03437500 0.12500000
0 0.95468750 0.41328125 0.03593750 0.12187500
0 0.14062500 0.56562500 0.03593750 0.11484375
22 0.18437500 0.57656250 0.03750000 0.11796875
0 0.22812500 0.56953125 0.03437500 0.11484375
24 0.27656250 0.57265625 0.04062500 0.11796875
11 0.37031250 0.57265625 0.04062500 0.12187500
1 0.45937500 0.57656250 0.04062500 0.11796875
4 0.54843750 0.57265625 0.03437500 0.11796875
5 0.68593750 0.57656250 0.03593750 0.11796875
0 0.77656250 0.57656250 0.03593750 0.10781250
2 0.86406250 0.57656250 0.03281250 0.11484375
17 0.90625000 0.57968750 0.03281250 0.11796875
21 0.14062500 0.73984375 0.03906250 0.13203125
14 0.18437500 0.74296875 0.03437500 0.12500000
8 0.22968750 0.74296875 0.03593750 0.12500000
2 0.27500000 0.74296875 0.03437500 0.11796875
4 0.32031250 0.73984375 0.03593750 0.11796875
18 0.36718750 0.74296875 0.03593750 0.12500000
17 0.59062500 0.74687500 0.03437500 0.12187500
0 0.63593750 0.75000000 0.03281250 0.11796875
19 0.68437500 0.74687500 0.03437500 0.12187500
19 0.72968750 0.74687500 0.03750000 0.11093750
11 0.77500000 0.74687500 0.03593750 0.11796875
18 0.14062500 0.90625000 0.03593750 0.11796875
18 0.63906250 0.91640625 0.03750000 0.12187500
