9 0.05781250 0.57289003 0.05781250 0.15601023
10 0.17031250 0.57289003 0.06562500 0.15856777
11 0.27812500 0.57289003 0.07812500 0.15345269
12 0.37500000 0.57544757 0.06406250 0.15345269
13 0.50000000 0.57544757 0.06875000 0.15856777
14 0.61093750 0.57289003 0.06562500 0.16112532
15 0.73125000 0.56777494 0.07031250 0.15345269
16 0.82656250 0.57289003 0.06718750 0.16112532
17 0.92812500 0.57289003 0.06250000 0.15601023
18 0.10625000 0.91560102 0.06562500 0.15601023
19 0.21875000 0.91815857 0.06875000 0.15856777
20 0.32812500 0.91815857 0.06718750 0.15601023
21 0.44921875 0.92455243 0.07656250 0.15089514
22 0.56250000 0.92071611 0.06718750 0.15856777
23 0.66562500 0.92071611 0.06093750 0.14322251
24 0.78437500 0.92071611 0.07031250 0.15345269
25 0.89375000 0.91304348 0.05937500 0.14066496
