4 0.16093750 0.22031250 0.07656250 0.17187500
3 0.05937500 0.65156250 0.08593750 0.15781250
0 0.15312500 0.64218750 0.08281250 0.16093750
12 0.25156250 0.20468750 0.08281250 0.16562500
3 0.43750000 0.17812500 0.07656250 0.16718750
14 0.52656250 0.17500000 0.08125000 0.16093750
3 0.25312500 0.62812500 0.09062500 0.17187500
0 0.25312500 0.40625000 0.07812500 0.15312500
5 0.34843750 0.40000000 0.07812500 0.17187500
18 0.45625000 0.37500000 0.08750000 0.17968750
21 0.61875000 0.16250000 0.07812500 0.16562500
13 0.70625000 0.15468750 0.07656250 0.16093750
11 0.47656250 0.82656250 0.09375000 0.17968750
0 0.37187500 0.84687500 0.08593750 0.17656250
18 0.46406250 0.59218750 0.09375000 0.16718750
4 0.54531250 0.38125000 0.08593750 0.17187500
16 0.63281250 0.36718750 0.08281250 0.16718750
14 0.55468750 0.58593750 0.08750000 0.17031250
11 0.58125000 0.81093750 0.10468750 0.17968750
11 0.64687500 0.57500000 0.08593750 0.16250000
18 0.85156250 0.15625000 0.06718750 0.13906250
