0 0.06093750 0.07291667 0.03437500 0.11805556
13 0.10937500 0.07291667 0.03750000 0.11458333
13 0.47187500 0.07986111 0.03750000 0.12500000
19 0.56406250 0.07986111 0.03437500 0.12500000
18 0.06250000 0.24652778 0.03750000 0.12500000
14 0.19843750 0.24652778 0.03593750 0.12500000
13 0.65312500 0.25000000 0.03593750 0.11805556
5 0.78906250 0.25000000 0.03750000 0.12152778
4 0.92187500 0.25000000 0.03750000 0.12500000
19 0.96562500 0.25347222 0.03593750 0.12500000
18 0.06250000 0.42013889 0.03906250 0.11805556
8 0.10781250 0.41666667 0.03593750 0.12152778
11 0.15625000 0.41666667 0.04531250 0.12152778
4 0.24687500 0.42361111 0.03906250 0.13541667
1 0.56406250 0.42361111 0.03906250 0.12500000
20 0.60781250 0.42013889 0.03593750 0.11805556
13 0.65312500 0.41666667 0.03750000 0.11805556
11 0.74531250 0.42013889 0.03437500 0.12152778
18 0.92500000 0.42013889 0.03750000 0.12152778
11 0.06250000 0.58680556 0.03906250 0.13194444
4 0.15312500 0.59027778 0.03750000 0.12847222
2 0.78750000 0.75694444 0.03593750 0.12152778
0 0.83125000 0.76041667 0.03281250 0.12847222
15 0.87812500 0.75694444 0.03593750 0.12152778
11 0.92187500 0.75694444 0.03437500 0.12152778
10 0.08281250 0.92361111 0.04062500 0.12500000
8 0.20000000 0.92708333 0.03593750 0.12152778
