18 0.11562500 0.13437500 0.08750000 0.15625000
14 0.19687500 0.11875000 0.08593750 0.15312500
11 0.29062500 0.10937500 0.08281250 0.15312500
11 0.10468750 0.34218750 0.08750000 0.15000000
21 0.02968750 0.56875000 0.05937500 0.16562500
13 0.04218750 0.78437500 0.07343750 0.16250000
11 0.19687500 0.33593750 0.09531250 0.16250000
3 0.11875000 0.78593750 0.08593750 0.17031250
8 0.10625000 0.55937500 0.08281250 0.17187500
11 0.19218750 0.54687500 0.09375000 0.16250000
3 0.39062500 0.09218750 0.08593750 0.14375000
11 0.30000000 0.53125000 0.09375000 0.16250000
18 0.31406250 0.76875000 0.09843750 0.19375000
16 0.38906250 0.30468750 0.09375000 0.16718750
7 0.42500000 0.75312500 0.10468750 0.19843750
8 0.48906250 0.29843750 0.08593750 0.17656250
4 0.53281250 0.72656250 0.10468750 0.18437500
6 0.58437500 0.28437500 0.09062500 0.18125000
7 0.67656250 0.28125000 0.08593750 0.17656250
4 0.65937500 0.07500000 0.07343750 0.14843750
11 0.74218750 0.07031250 0.07187500 0.14062500
18 0.77343750 0.26718750 0.09062500 0.17656250
13 0.72031250 0.69062500 0.10781250 0.19218750
