0 0.45468750 0.51093750 0.10781250 0.20312500
19 0.44375000 0.23906250 0.10937500 0.19375000
3 0.46562500 0.86250000 0.12500000 0.25000000
17 0.57031250 0.22968750 0.11406250 0.20781250
11 0.59062500 0.49843750 0.11875000 0.20156250
4 0.61718750 0.82656250 0.11718750 0.25156250
13 0.75625000 0.79062500 0.12656250 0.25937500
11 0.71562500 0.47656250 0.11875000 0.19687500
18 0.67656250 0.22500000 0.10000000 0.20781250
23 0.77968750 0.20781250 0.09531250 0.17656250
16 0.29843750 0.26093750 0.11875000 0.22500000
