19 0.05781250 0.14583333 0.02812500 0.11111111
0 0.49843750 0.30902778 0.03593750 0.10416667
1 0.53593750 0.30902778 0.03281250 0.10069444
6 0.65000000 0.31250000 0.02968750 0.10763889
8 0.68750000 0.31250000 0.02968750 0.10763889
4 0.76406250 0.31597222 0.03125000 0.10416667
18 0.72500000 0.46527778 0.02812500 0.10416667
24 0.80156250 0.46527778 0.02812500 0.10416667
7 0.17500000 0.60069444 0.03125000 0.10763889
16 0.29375000 0.60069444 0.03125000 0.11111111
19 0.41406250 0.60069444 0.03125000 0.10763889
11 0.49531250 0.60069444 0.02812500 0.10763889
11 0.53281250 0.60416667 0.02812500 0.10416667
8 0.57187500 0.60416667 0.02812500 0.10416667
19 0.68750000 0.60763889 0.02968750 0.10416667
13 0.80000000 0.60763889 0.03125000 0.10416667
13 0.02656250 0.73611111 0.02812500 0.11111111
19 0.29375000 0.75000000 0.03125000 0.11111111
0 0.25156250 0.75000000 0.03281250 0.11458333
0 0.45312500 0.74652778 0.03281250 0.10416667
8 0.68593750 0.75347222 0.02656250 0.10416667
20 0.80000000 0.75347222 0.03281250 0.10416667
18 0.29375000 0.89583333 0.02968750 0.10416667
14 0.49062500 0.89583333 0.02968750 0.10763889
20 0.76250000 0.89930556 0.02812500 0.10763889
18 0.79843750 0.89930556 0.02812500 0.10069444
