0 0.11035200 0.09847400 0.02148400 0.02398300
9 0.13671900 0.09774700 0.02148400 0.02252900
10 0.08349600 0.13408400 0.02050800 0.02398300
17 0.10986300 0.13263100 0.02050800 0.02398300
14 0.13720700 0.13117700 0.02050800 0.02398300
10 0.16455100 0.12972400 0.02050800 0.02398300
14 0.19287100 0.12827000 0.02050800 0.02398300
3 0.22119100 0.12718000 0.02246100 0.02470900
8 0.24902300 0.12609000 0.02148400 0.02398300
11 0.27734400 0.12463700 0.02148400 0.02398300
0 0.30615200 0.12354700 0.02246100 0.02470900
15 0.36230500 0.11991300 0.02343800 0.02470900
14 0.39013700 0.11845900 0.02246100 0.02470900
1 0.41894500 0.11700600 0.02343800 0.02470900
4 0.44873000 0.11555200 0.02246100 0.02470900
3 0.47753900 0.11409900 0.02343800 0.02470900
8 0.50683600 0.11264500 0.02343800 0.02470900
19 0.53613300 0.11119200 0.02343800 0.02470900
4 0.56640600 0.10937500 0.02343800 0.02543600
16 0.08300800 0.20312500 0.02148400 0.02543600
19 0.11035200 0.20203500 0.02148400 0.02470900
14 0.13769500 0.20094500 0.02148400 0.02398300
1 0.16503900 0.19949100 0.02148400 0.02398300
9 0.25000000 0.19731100 0.02148400 0.02543600
0 0.27929700 0.19585800 0.02148400 0.02543600
3 0.30712900 0.19476700 0.02246100 0.02470900
13 0.33544900 0.19367700 0.02246100 0.02543600
10 0.44970700 0.18750000 0.02246100 0.02470900
17 0.47949200 0.18641000 0.02343800 0.02543600
14 0.50830100 0.18495600 0.02246100 0.02543600
10 0.53808600 0.18350300 0.02343800 0.02543600
14 0.56787100 0.18204900 0.02246100 0.02543600
3 0.59814500 0.18059600 0.02246100 0.02543600
8 0.62793000 0.17914200 0.02343800 0.02543600
11 0.65771500 0.17768900 0.02246100 0.02543600
18 0.08398400 0.27289200 0.02148400 0.02543600
14 0.11132800 0.27252900 0.02148400 0.02616300
11 0.13818400 0.27143900 0.02050800 0.02543600
13 0.16699200 0.27071200 0.02148400 0.02543600
2 0.19531200 0.26962200 0.02148400 0.02470900
4 0.22460900 0.26889500 0.02148400 0.02470900
22 0.28027300 0.26671500 0.02148400 0.02470900
13 0.33789100 0.26489800 0.02148400 0.02543600
4 0.36572300 0.26344500 0.02246100 0.02543600
1 0.39404300 0.26199100 0.02246100 0.02543600
14 0.42236300 0.26126500 0.02246100 0.02543600
22 0.48095700 0.25835800 0.02246100 0.02543600
14 0.51074200 0.25799400 0.02148400 0.02470900
17 0.54003900 0.25654100 0.02148400 0.02470900
14 0.56982400 0.25472400 0.02246100 0.02543600
19 0.59960900 0.25327000 0.02343800 0.02689000
8 0.62988300 0.25181700 0.02343800 0.02689000
11 0.65918000 0.25109000 0.02343800 0.02689000
13 0.08544900 0.34375000 0.02050800 0.02470900
14 0.11328100 0.34266000 0.02148400 0.02543600
12 0.16796900 0.34120600 0.02148400 0.02543600
14 0.19628900 0.34048000 0.02148400 0.02543600
7 0.22412100 0.34011600 0.02246100 0.02616300
13 0.25293000 0.33975300 0.02148400 0.02543600
0 0.28173800 0.33902600 0.02246100 0.02543600
19 0.30957000 0.33757300 0.02148400 0.02543600
4 0.36767600 0.33539200 0.02246100 0.02543600
1 0.42334000 0.33357600 0.02246100 0.02616300
14 0.45263700 0.33248500 0.02246100 0.02543600
19 0.51269500 0.33030500 0.02148400 0.02543600
18 0.54248000 0.32885200 0.02246100 0.02543600
6 0.11377000 0.41315400 0.02246100 0.02543600
3 0.14209000 0.41315400 0.02246100 0.02543600
4 0.16845700 0.41242700 0.02246100 0.02543600
13 0.22607400 0.41170100 0.02246100 0.02543600
0 0.25439500 0.41097400 0.02246100 0.02543600
12 0.28369100 0.41024700 0.02246100 0.02543600
18 0.34033200 0.40843000 0.02246100 0.02470900
19 0.42627000 0.40625000 0.02246100 0.02470900
0 0.45507800 0.40516000 0.02343800 0.02543600
10 0.48437500 0.40479700 0.02343800 0.02470900
8 0.51416000 0.40407000 0.02246100 0.02470900
12 0.54345700 0.40298000 0.02441400 0.02689000
18 0.60400400 0.40079900 0.02441400 0.02689000
17 0.63330100 0.39970900 0.02441400 0.02616300
0 0.66455100 0.39861900 0.02441400 0.02689000
9 0.69482400 0.39752900 0.02441400 0.02616300
0 0.72656200 0.39643900 0.02343800 0.02689000
19 0.75781200 0.39571200 0.02539100 0.02689000
18 0.82226600 0.39353200 0.02539100 0.02689000
14 0.08642600 0.48546500 0.02246100 0.02616300
13 0.11377000 0.48510200 0.02246100 0.02543600
8 0.16992200 0.48364800 0.02148400 0.02543600
6 0.22705100 0.48255800 0.02246100 0.02470900
17 0.25537100 0.48219500 0.02246100 0.02543600
14 0.28418000 0.48183100 0.02148400 0.02470900
25 0.31298800 0.48110500 0.02246100 0.02470900
4 0.34130900 0.48037800 0.02246100 0.02616300
13 0.36962900 0.48001500 0.02246100 0.02543600
8 0.42773400 0.47856100 0.02148400 0.02543600
25 0.48584000 0.47747100 0.02246100 0.02616300
20 0.51513700 0.47710800 0.02246100 0.02543600
1 0.54443400 0.47638100 0.02246100 0.02543600
0 0.57470700 0.47565400 0.02246100 0.02543600
18 0.60498000 0.47492700 0.02246100 0.02543600
19 0.63525400 0.47420100 0.02246100 0.02543600
14 0.08642600 0.55704900 0.02246100 0.02543600
13 0.11474600 0.55632300 0.02246100 0.02543600
13 0.17041000 0.55559600 0.02246100 0.02543600
0 0.19873000 0.55559600 0.02246100 0.02543600
12 0.22753900 0.55486900 0.02343800 0.02543600
18 0.28466800 0.55341600 0.02246100 0.02543600
14 0.31347700 0.55305200 0.02148400 0.02616300
11 0.34228500 0.55268900 0.02246100 0.02543600
13 0.37109400 0.55196200 0.02148400 0.02543600
2 0.39941400 0.55159900 0.02148400 0.02616300
0 0.42822300 0.55123500 0.02246100 0.02543600
13 0.48828100 0.55087200 0.02343800 0.02616300
4 0.51709000 0.55014500 0.02246100 0.02616300
14 0.57714800 0.54941900 0.02343800 0.02616300
19 0.60742200 0.54905500 0.02343800 0.02689000
3 0.63720700 0.54941900 0.02441400 0.02761600
0 0.66845700 0.54905500 0.02441400 0.02689000
18 0.70068400 0.54832800 0.02441400 0.02689000
19 0.73242200 0.54832800 0.02539100 0.02689000
1 0.14209000 0.62754400 0.02246100 0.02543600
4 0.17041000 0.62754400 0.02246100 0.02543600
6 0.19873000 0.62754400 0.02246100 0.02543600
20 0.22753900 0.62754400 0.02148400 0.02543600
19 0.25634800 0.62718000 0.02246100 0.02470900
14 0.31396500 0.62681700 0.02246100 0.02543600
13 0.34228500 0.62681700 0.02246100 0.02543600
8 0.37060500 0.62645300 0.02246100 0.02616300
10 0.42578100 0.62572700 0.02343800 0.02616300
12 0.48828100 0.62572700 0.02343800 0.02616300
4 0.51855500 0.62572700 0.02343800 0.02616300
3 0.54834000 0.62572700 0.02246100 0.02616300
22 0.57910200 0.62572700 0.02343800 0.02616300
4 0.60986300 0.62572700 0.02246100 0.02616300
3 0.64062500 0.62572700 0.02343800 0.02761600
8 0.08691400 0.62827000 0.02343800 0.02398300
22 0.64355500 0.70457800 0.02539100 0.02834300
1 0.70605500 0.70530500 0.02539100 0.02834300
4 0.73925800 0.70566900 0.02539100 0.02907000
17 0.77148400 0.70603200 0.02539100 0.02834300
11 0.80419900 0.70639500 0.02441400 0.02907000
14 0.83691400 0.70675900 0.02539100 0.02834300
6 0.87109400 0.70712200 0.02539100 0.02907000
20 0.90332000 0.70675900 0.02539100 0.02979700
22 0.11474600 0.77543600 0.02246100 0.02616300
7 0.16992200 0.77579900 0.02343800 0.02689000
14 0.19775400 0.77616300 0.02246100 0.02616300
3 0.22656200 0.77652600 0.02343800 0.02689000
8 0.25585900 0.77761600 0.02343800 0.02761600
10 0.31250000 0.77834300 0.02343800 0.02761600
0 0.34179700 0.77870600 0.02343800 0.02834300
19 0.39941400 0.77943300 0.02343800 0.02834300
12 0.48974600 0.78125000 0.02441400 0.02761600
4 0.52050800 0.78234000 0.02539100 0.02834300
3 0.55175800 0.78306700 0.02539100 0.02834300
22 0.58300800 0.78379400 0.02539100 0.02834300
4 0.61425800 0.78452000 0.02539100 0.02834300
3 0.64550800 0.78524700 0.02539100 0.02834300
13 0.61669900 0.86627900 0.02441400 0.02907000
0 0.64746100 0.86773300 0.02539100 0.02907000
15 0.71289100 0.86918600 0.02539100 0.02907000
14 0.74658200 0.87064000 0.02441400 0.02907000
3 0.77880900 0.87136600 0.02441400 0.02907000
12 0.81250000 0.87209300 0.02539100 0.02907000
14 0.84472700 0.87209300 0.02539100 0.02907000
6 0.87793000 0.87245600 0.02539100 0.02979700
20 0.91064500 0.87245600 0.02636700 0.02979700
