4 0.01718750 0.11805556 0.03437500 0.12500000
19 0.06093750 0.11458333 0.03593750 0.12847222
4 0.50937500 0.09722222 0.03125000 0.12500000
0 0.86093750 0.08680556 0.03125000 0.12500000
13 0.90000000 0.08680556 0.03593750 0.12500000
4 0.94375000 0.25000000 0.03437500 0.13194444
13 0.55781250 0.26041667 0.03593750 0.12847222
22 0.46718750 0.26388889 0.03750000 0.12500000
10 0.10625000 0.28125000 0.03437500 0.13541667
2 0.06250000 0.28125000 0.03281250 0.12500000
0 0.01875000 0.45138889 0.03281250 0.12152778
8 0.06250000 0.45138889 0.03593750 0.12152778
17 0.10468750 0.44791667 0.03750000 0.11458333
18 0.15000000 0.44791667 0.03593750 0.11805556
18 0.37812500 0.43402778 0.03437500 0.11805556
16 0.42343750 0.43402778 0.03593750 0.11805556
20 0.46875000 0.43402778 0.03593750 0.12152778
8 0.51406250 0.43055556 0.03281250 0.12500000
3 0.82343750 0.42013889 0.03125000 0.12500000
8 0.86562500 0.41666667 0.03281250 0.13541667
4 0.69375000 0.59375000 0.03125000 0.11458333
17 0.60625000 0.59375000 0.03593750 0.12152778
2 0.10937500 0.62152778 0.03593750 0.12500000
17 0.02187500 0.62152778 0.03750000 0.12500000
4 0.06562500 0.78819444 0.03750000 0.12500000
0 0.38281250 0.77777778 0.03125000 0.12500000
14 0.51718750 0.76736111 0.03281250 0.12152778
0 0.73750000 0.75347222 0.03281250 0.11805556
11 0.78437500 0.75000000 0.03593750 0.12152778
13 0.56562500 0.93055556 0.03750000 0.12500000
15 0.02500000 0.94791667 0.03281250 0.10416667
