0 0.15527300 0.12827000 0.01953100 0.02252900
15 0.20312500 0.12645300 0.01953100 0.02180200
14 0.22656200 0.12463700 0.01953100 0.02107600
10 0.25097700 0.12391000 0.01953100 0.02107600
0 0.27441400 0.12245600 0.01953100 0.02107600
18 0.13183600 0.15952000 0.01757800 0.02107600
10 0.15478500 0.15879400 0.01855500 0.02107600
0 0.17773400 0.15770300 0.01757800 0.02034900
25 0.20214800 0.15661300 0.01757800 0.02107600
0 0.22558600 0.15588700 0.01757800 0.02107600
11 0.25000000 0.15407000 0.01953100 0.02180200
0 0.27441400 0.15298000 0.01953100 0.02107600
12 0.32324200 0.15079900 0.01953100 0.02107600
0 0.34765600 0.14970900 0.01953100 0.02180200
19 0.37304700 0.14825600 0.01953100 0.02180200
13 0.15283200 0.18895300 0.01855500 0.02180200
4 0.17724600 0.18786300 0.01855500 0.02107600
15 0.22412100 0.18604700 0.01855500 0.02180200
14 0.24755900 0.18495600 0.01855500 0.02107600
17 0.27197300 0.18386600 0.01855500 0.02180200
0 0.29638700 0.18277600 0.01855500 0.02107600
11 0.34716800 0.18132300 0.01855500 0.02107600
8 0.37158200 0.18023300 0.01855500 0.02180200
22 0.12841800 0.21984000 0.01855500 0.02107600
0 0.15185500 0.21911300 0.01855500 0.02107600
12 0.17529300 0.21838700 0.01855500 0.02107600
22 0.22314500 0.21693300 0.01855500 0.02107600
18 0.24755900 0.21584300 0.01855500 0.02180200
19 0.27148400 0.21511600 0.01757800 0.02180200
0 0.29638700 0.21402600 0.01855500 0.02107600
22 0.32080100 0.21366300 0.01855500 0.02180200
0 0.34619100 0.21293600 0.01855500 0.02180200
19 0.37158200 0.21220900 0.01855500 0.02180200
7 0.19775400 0.24782000 0.01855500 0.02180200
14 0.22168000 0.24745600 0.01757800 0.02107600
17 0.24560500 0.24673000 0.01855500 0.02107600
14 0.27050800 0.24600300 0.01757800 0.02107600
14 0.31982400 0.24491300 0.01855500 0.02180200
18 0.39550800 0.24236900 0.01953100 0.02252900
4 0.42089800 0.24164200 0.01953100 0.02252900
16 0.47363300 0.24018900 0.01953100 0.02252900
0 0.49902300 0.24018900 0.01953100 0.02252900
18 0.52441400 0.23946200 0.01953100 0.02252900
22 0.57812500 0.23764500 0.02148400 0.02325600
18 0.60449200 0.23655500 0.02148400 0.02252900
19 0.63281200 0.23546500 0.02148400 0.02325600
0 0.66015600 0.23473800 0.02148400 0.02325600
4 0.68847700 0.23401200 0.02148400 0.02325600
12 0.71630900 0.23328500 0.02246100 0.02325600
14 0.17236300 0.27907000 0.01855500 0.02180200
19 0.19580100 0.27870600 0.01855500 0.02107600
22 0.22021500 0.27834300 0.01855500 0.02180200
4 0.24462900 0.27798000 0.01855500 0.02107600
16 0.26904300 0.27761600 0.01855500 0.02180200
0 0.29345700 0.27689000 0.01855500 0.02180200
11 0.31884800 0.27616300 0.01855500 0.02180200
8 0.34375000 0.27543600 0.01953100 0.02180200
12 0.39502000 0.27434600 0.01855500 0.02107600
22 0.47216800 0.27289200 0.02050800 0.02252900
3 0.49853500 0.27216600 0.02050800 0.02252900
22 0.52490200 0.27143900 0.02050800 0.02252900
14 0.55127000 0.27034900 0.02050800 0.02325600
4 0.57763700 0.26962200 0.02050800 0.02325600
12 0.60546900 0.26853200 0.01953100 0.02252900
12 0.12353500 0.31104700 0.01855500 0.02180200
14 0.19482400 0.30995600 0.01855500 0.02107600
3 0.21826200 0.30959300 0.01855500 0.02180200
4 0.24365200 0.30959300 0.01855500 0.02180200
19 0.26806600 0.30923000 0.01855500 0.02107600
8 0.12158200 0.34193300 0.01855500 0.02107600
14 0.16943400 0.34157000 0.01855500 0.02180200
1 0.19384800 0.34157000 0.01855500 0.02180200
20 0.21826200 0.34120600 0.01855500 0.02107600
19 0.24218800 0.34084300 0.01757800 0.02180200
12 0.12060500 0.37282000 0.01855500 0.02180200
15 0.19189500 0.37209300 0.01855500 0.02180200
14 0.21630900 0.37209300 0.01855500 0.02180200
1 0.24121100 0.37282000 0.01953100 0.02180200
17 0.26660200 0.37245600 0.01953100 0.02252900
8 0.29101600 0.37209300 0.01953100 0.02180200
11 0.31591800 0.37209300 0.01855500 0.02180200
8 0.34082000 0.37173000 0.01953100 0.02252900
18 0.36669900 0.37136600 0.01855500 0.02180200
22 0.11914100 0.40334300 0.01953100 0.02180200
3 0.16699200 0.40407000 0.01953100 0.02180200
22 0.19140600 0.40407000 0.01953100 0.02180200
4 0.21533200 0.40370600 0.01855500 0.02252900
12 0.26562500 0.40407000 0.01953100 0.02180200
8 0.29052700 0.40407000 0.01855500 0.02180200
13 0.31494100 0.40407000 0.01855500 0.02180200
20 0.34033200 0.40407000 0.01855500 0.02180200
19 0.36621100 0.40370600 0.01953100 0.02252900
16 0.14209000 0.43459300 0.01855500 0.02180200
19 0.16552700 0.43459300 0.01855500 0.02180200
14 0.18994100 0.43495600 0.01855500 0.02252900
10 0.23925800 0.43568300 0.01953100 0.02252900
0 0.26367200 0.43568300 0.01953100 0.02252900
18 0.28857400 0.43568300 0.01855500 0.02252900
0 0.31445300 0.43568300 0.01953100 0.02252900
4 0.33935500 0.43568300 0.01855500 0.02252900
19 0.36474600 0.43568300 0.01855500 0.02252900
18 0.39013700 0.43568300 0.01855500 0.02252900
1 0.11767600 0.46620600 0.01855500 0.02107600
17 0.14062500 0.46657000 0.01757800 0.02180200
8 0.16455100 0.46657000 0.01855500 0.02180200
19 0.18896500 0.46657000 0.01855500 0.02180200
1 0.11621100 0.49709300 0.01757800 0.02180200
17 0.14013700 0.49782000 0.01855500 0.02180200
8 0.16357400 0.49818300 0.01855500 0.02252900
11 0.18798800 0.49854700 0.01855500 0.02180200
18 0.21240200 0.49854700 0.01855500 0.02180200
15 0.28759800 0.49963700 0.01855500 0.02252900
0 0.31298800 0.50000000 0.01855500 0.02180200
15 0.33789100 0.50000000 0.01953100 0.02180200
0 0.36279300 0.50000000 0.02050800 0.02180200
0 0.11377000 0.52907000 0.01855500 0.02180200
13 0.16259800 0.52979700 0.01855500 0.02180200
4 0.18701200 0.53016000 0.01855500 0.02252900
12 0.16162100 0.56104700 0.01855500 0.02180200
15 0.23486300 0.56250000 0.01855500 0.02180200
14 0.25976600 0.56322700 0.01953100 0.02180200
18 0.28466800 0.56395300 0.01855500 0.02180200
19 0.31005900 0.56468000 0.01855500 0.02180200
4 0.33544900 0.56540700 0.02050800 0.02325600
11 0.36084000 0.56577000 0.02050800 0.02252900
20 0.43847700 0.56686000 0.01953100 0.02325600
1 0.46435500 0.56722400 0.02050800 0.02252900
17 0.49072300 0.56758700 0.02050800 0.02325600
0 0.51709000 0.56867700 0.02050800 0.02398300
11 0.54345700 0.56904100 0.02050800 0.02325600
8 0.57080100 0.56976700 0.02050800 0.02325600
18 0.62597700 0.57085800 0.02148400 0.02398300
0 0.65332000 0.57122100 0.02148400 0.02325600
12 0.68164100 0.57194800 0.02148400 0.02325600
8 0.70996100 0.57231100 0.02148400 0.02398300
22 0.16064500 0.59266000 0.01855500 0.02252900
12 0.18505900 0.59338700 0.01855500 0.02252900
4 0.20947300 0.59411300 0.01855500 0.02252900
18 0.23388700 0.59484000 0.01855500 0.02252900
19 0.25878900 0.59556700 0.01953100 0.02252900
4 0.28369100 0.59629400 0.01855500 0.02252900
18 0.33398400 0.59702000 0.01953100 0.02252900
12 0.38525400 0.59883700 0.02050800 0.02325600
0 0.41064500 0.59956400 0.02050800 0.02325600
12 0.43701200 0.59956400 0.02050800 0.02325600
14 0.46289100 0.60029100 0.01953100 0.02325600
15 0.54296900 0.60247100 0.02148400 0.02325600
8 0.56982400 0.60319800 0.02050800 0.02325600
11 0.59668000 0.60392400 0.02148400 0.02325600
8 0.62451200 0.60465100 0.02050800 0.02325600
16 0.68164100 0.60610500 0.02148400 0.02325600
0 0.70996100 0.60719500 0.02148400 0.02398300
0 0.15918000 0.62536300 0.01953100 0.02252900
15 0.20800800 0.62500000 0.01953100 0.02325600
14 0.23291000 0.62609000 0.01855500 0.02252900
19 0.25781200 0.62754400 0.01953100 0.02252900
14 0.28271500 0.62827000 0.01855500 0.02252900
12 0.30761700 0.62899700 0.01953100 0.02252900
18 0.35839800 0.63081400 0.01953100 0.02325600
10 0.38378900 0.63154100 0.01953100 0.02325600
0 0.40918000 0.63226700 0.01953100 0.02325600
25 0.43603500 0.63335800 0.02050800 0.02252900
0 0.46191400 0.63408400 0.01953100 0.02252900
11 0.48828100 0.63444800 0.02148400 0.02325600
8 0.51513700 0.63553800 0.02050800 0.02398300
12 0.56982400 0.63735500 0.02050800 0.02325600
0 0.59668000 0.63844500 0.02148400 0.02398300
12 0.62451200 0.63917200 0.02050800 0.02398300
4 0.65234400 0.64026200 0.02148400 0.02325600
3 0.18261700 0.65734000 0.01953100 0.02252900
14 0.20752000 0.65843000 0.01855500 0.02180200
18 0.25683600 0.66024700 0.01953100 0.02252900
22 0.28173800 0.66097400 0.01855500 0.02252900
8 0.30712900 0.66206400 0.01855500 0.02325600
3 0.33203100 0.66242700 0.01953100 0.02252900
0 0.35742200 0.66351700 0.01953100 0.02325600
13 0.38281200 0.66460800 0.01953100 0.02252900
13 0.51464800 0.66896800 0.02148400 0.02398300
4 0.54150400 0.66969500 0.02050800 0.02398300
18 0.59668000 0.67260200 0.02148400 0.02398300
10 0.62402300 0.67332800 0.02148400 0.02398300
20 0.65234400 0.67441900 0.02148400 0.02470900
16 0.68017600 0.67550900 0.02246100 0.02398300
0 0.70800800 0.67623500 0.02148400 0.02398300
15 0.10937500 0.68641000 0.01953100 0.02252900
4 0.13330100 0.68713700 0.01855500 0.02252900
17 0.15722700 0.68859000 0.01953100 0.02252900
4 0.18212900 0.68931700 0.01855500 0.02252900
3 0.20654300 0.69040700 0.01855500 0.02180200
3 0.25585900 0.69258700 0.01953100 0.02180200
14 0.28125000 0.69367700 0.01953100 0.02252900
12 0.30615200 0.69440400 0.01855500 0.02252900
14 0.33105500 0.69585800 0.01953100 0.02252900
12 0.35644500 0.69658400 0.01953100 0.02252900
13 0.40820300 0.69912800 0.01953100 0.02325600
0 0.43408200 0.70021800 0.02050800 0.02398300
18 0.48681600 0.70239800 0.02050800 0.02398300
0 0.51416000 0.70348800 0.02050800 0.02325600
3 0.54150400 0.70457800 0.02050800 0.02398300
14 0.56884800 0.70603200 0.02050800 0.02398300
22 0.59570300 0.70675900 0.02148400 0.02398300
14 0.62402300 0.70821200 0.02148400 0.02398300
18 0.10791000 0.71838700 0.01855500 0.02252900
4 0.13134800 0.71911300 0.01855500 0.02252900
11 0.15625000 0.72056700 0.01953100 0.02252900
8 0.18066400 0.72165700 0.01953100 0.02325600
12 0.22949200 0.72383700 0.01953100 0.02325600
22 0.30468800 0.72747100 0.01953100 0.02325600
19 0.35546900 0.73001500 0.01953100 0.02252900
17 0.38085900 0.73110500 0.01953100 0.02325600
14 0.40673800 0.73255800 0.02050800 0.02325600
11 0.43310500 0.73364800 0.02050800 0.02398300
11 0.45996100 0.73510200 0.02148400 0.02398300
4 0.48632800 0.73619200 0.02148400 0.02325600
1 0.54003900 0.73873500 0.02148400 0.02398300
20 0.56787100 0.73982600 0.02246100 0.02470900
18 0.59521500 0.74127900 0.02246100 0.02470900
13 0.65087900 0.74345900 0.02246100 0.02470900
14 0.67919900 0.74454900 0.02246100 0.02398300
22 0.70703100 0.74564000 0.02148400 0.02470900
8 0.10644500 0.74963700 0.01953100 0.02252900
25 0.13037100 0.75109000 0.01855500 0.02252900
14 0.17968800 0.75363400 0.01953100 0.02180200
19 0.20410200 0.75472400 0.01953100 0.02252900
10 0.22851600 0.75617700 0.01953100 0.02252900
17 0.25390600 0.75763100 0.01953100 0.02252900
19 0.30468800 0.76017400 0.01953100 0.02325600
14 0.32910200 0.76126500 0.01953100 0.02252900
6 0.35498000 0.76271800 0.02050800 0.02252900
14 0.38037100 0.76453500 0.02050800 0.02325600
14 0.43261700 0.76744200 0.01953100 0.02325600
10 0.45849600 0.76816900 0.02050800 0.02325600
13 0.48486300 0.76962200 0.02050800 0.02325600
0 0.51220700 0.77143900 0.02050800 0.02398300
22 0.10546900 0.78161300 0.01953100 0.02252900
18 0.12890600 0.78306700 0.01953100 0.02252900
18 0.20312500 0.78706400 0.01953100 0.02325600
0 0.22753900 0.78851700 0.01953100 0.02325600
3 0.25244100 0.78997100 0.02050800 0.02325600
14 0.27783200 0.79142400 0.02050800 0.02325600
22 0.30322300 0.79287800 0.02050800 0.02325600
0 0.32861300 0.79396800 0.02050800 0.02398300
22 0.40576200 0.79905500 0.02050800 0.02398300
8 0.43212900 0.80087200 0.02050800 0.02325600
3 0.45849600 0.80232600 0.02050800 0.02325600
13 0.48437500 0.80341600 0.02148400 0.02398300
0 0.51074200 0.80523300 0.02148400 0.02470900
12 0.15136700 0.81686000 0.01953100 0.02325600
16 0.17578100 0.81831400 0.01953100 0.02325600
0 0.20117200 0.81976700 0.01953100 0.02325600
19 0.22607400 0.82122100 0.02050800 0.02325600
18 0.25146500 0.82267400 0.02050800 0.02325600
18 0.32763700 0.82739800 0.02050800 0.02398300
19 0.35302700 0.82921500 0.02050800 0.02325600
0 0.37841800 0.83103200 0.02050800 0.02398300
12 0.43066400 0.83466600 0.02148400 0.02398300
8 0.45703100 0.83611900 0.02148400 0.02398300
15 0.53710900 0.84120600 0.02148400 0.02398300
14 0.56494100 0.84302300 0.02246100 0.02470900
1 0.59228500 0.84447700 0.02246100 0.02470900
4 0.62011700 0.84629400 0.02148400 0.02398300
3 0.64892600 0.84774700 0.02246100 0.02398300
12 0.17431600 0.85101700 0.02050800 0.02325600
14 0.19970700 0.85210800 0.02050800 0.02252900
18 0.22460900 0.85392400 0.01953100 0.02325600
10 0.25048800 0.85610500 0.02050800 0.02325600
22 0.27490200 0.85755800 0.02050800 0.02325600
8 0.30029300 0.85901200 0.02050800 0.02325600
16 0.32568400 0.86119200 0.02050800 0.02325600
8 0.35205100 0.86264500 0.02050800 0.02325600
22 0.42919900 0.86809600 0.02050800 0.02398300
4 0.45556600 0.87027600 0.02050800 0.02398300
11 0.48242200 0.87209300 0.02148400 0.02470900
14 0.50927700 0.87391000 0.02050800 0.02398300
18 0.53613300 0.87609000 0.02148400 0.02398300
8 0.56347700 0.87827000 0.02148400 0.02398300
15 0.59179700 0.87972400 0.02148400 0.02398300
4 0.62011700 0.88154100 0.02148400 0.02470900
3 0.64746100 0.88335800 0.02148400 0.02398300
4 0.14941400 0.88190400 0.01953100 0.02252900
3 0.17334000 0.88335800 0.02050800 0.02252900
4 0.19873000 0.88481100 0.02050800 0.02252900
19 0.22314500 0.88662800 0.02050800 0.02325600
18 0.27392600 0.88989800 0.02050800 0.02252900
15 0.32470700 0.89316900 0.02050800 0.02325600
14 0.35009800 0.89607600 0.02050800 0.02325600
16 0.37646500 0.89752900 0.02050800 0.02325600
19 0.40234400 0.89934600 0.02148400 0.02398300
14 0.42871100 0.90152600 0.02148400 0.02398300
15 0.50878900 0.90734000 0.02148400 0.02398300
14 0.53613300 0.90952000 0.02148400 0.02398300
16 0.56250000 0.91170100 0.02148400 0.02398300
19 0.59082000 0.91388100 0.02148400 0.02398300
0 0.61914100 0.91606100 0.02148400 0.02398300
11 0.64697300 0.91751500 0.02246100 0.02398300
14 0.70459000 0.92078500 0.02246100 0.02470900
13 0.73242200 0.92151200 0.02343800 0.02470900
