19 0.66250000 0.44375000 0.05625000 0.13437500
13 0.72187500 0.44062500 0.05625000 0.13906250
14 0.83437500 0.25937500 0.05156250 0.13593750
11 0.84062500 0.43437500 0.05625000 0.13906250
20 0.72656250 0.63281250 0.05156250 0.12656250
0 0.66875000 0.62187500 0.05156250 0.12187500
17 0.77812500 0.26093750 0.06250000 0.14843750
9 0.60312500 0.44687500 0.05156250 0.13906250
6 0.77812500 0.43437500 0.05468750 0.13437500
4 0.78750000 0.62187500 0.04687500 0.13593750
7 0.60625000 0.63281250 0.05156250 0.13906250
12 0.90000000 0.60468750 0.04687500 0.12500000
14 0.67343750 0.80468750 0.05000000 0.12656250
2 0.61250000 0.80625000 0.04687500 0.13125000
19 0.73593750 0.79531250 0.05625000 0.13593750
16 0.79375000 0.79375000 0.05000000 0.13906250
17 0.85156250 0.79218750 0.04687500 0.15000000
4 0.90781250 0.79375000 0.04687500 0.14062500
25 0.96406250 0.77031250 0.04687500 0.11875000
