1 0.16552700 0.25390600 0.02050800 0.04427100
6 0.20117200 0.25260400 0.02148400 0.04427100
2 0.31005900 0.25260400 0.02050800 0.04427100
9 0.34423800 0.25260400 0.02050800 0.04427100
2 0.44677700 0.25651000 0.01660200 0.04166700
4 0.47998000 0.25716100 0.01660200 0.04036500
3 0.57763700 0.26041700 0.01660200 0.04166700
4 0.60742200 0.26106800 0.01562500 0.04036500
5 0.69824200 0.26171900 0.01562500 0.03906200
4 0.72705100 0.26171900 0.01464800 0.03906200
8 0.81689500 0.26041700 0.01464800 0.03906300
3 0.84716800 0.25976600 0.01464800 0.03776000
5 0.16064500 0.32421900 0.02050800 0.04687500
3 0.19824200 0.31966100 0.01953100 0.04557300
5 0.30957000 0.32291700 0.01953100 0.04427100
9 0.34570300 0.32421900 0.01953100 0.04427100
4 0.45068400 0.32682300 0.01660200 0.04166700
9 0.48486300 0.32747400 0.01660200 0.04296900
3 0.58398400 0.32812500 0.01757800 0.04166700
9 0.61474600 0.32747400 0.01660200 0.04036500
2 0.70947300 0.32682300 0.01660200 0.04166700
9 0.74267600 0.32617200 0.01660200 0.04036500
1 0.83154300 0.32487000 0.01660200 0.03776000
9 0.86181600 0.32226600 0.01660200 0.03776000
1 0.15429700 0.40299500 0.02148400 0.05078100
17 0.19433600 0.40169300 0.02148400 0.05078100
1 0.34619100 0.40039100 0.02050800 0.04817700
9 0.38330100 0.40104200 0.01855500 0.04687500
9 0.41943400 0.40104200 0.01855500 0.04687500
10 0.45410200 0.40104200 0.01757800 0.04687500
0 0.55761700 0.40039100 0.01757800 0.04557300
17 0.59277300 0.40039100 0.01757800 0.04557300
0 0.72216800 0.39843800 0.01464800 0.04166700
9 0.75732400 0.39713500 0.01464800 0.04166700
9 0.78564500 0.39713500 0.01464800 0.04166700
5 0.15234400 0.48828100 0.02148400 0.05208300
3 0.30859400 0.48307300 0.02148400 0.05208300
0 0.45996100 0.48242200 0.01757800 0.04817700
2 0.56738300 0.47981800 0.01757800 0.04817700
1 0.60058600 0.47981800 0.01757800 0.04817700
5 0.73584000 0.47200500 0.01660200 0.04296900
2 0.86572300 0.46549500 0.01660200 0.04296900
5 0.89599600 0.46484400 0.01660200 0.04427100
5 0.14306600 0.57747400 0.02246100 0.05338500
3 0.18505900 0.57487000 0.02246100 0.05338500
5 0.34960900 0.56901000 0.02148400 0.04947900
6 0.50341800 0.56445300 0.01855500 0.04817700
9 0.54003900 0.56315100 0.01953100 0.04817700
4 0.64746100 0.55794300 0.01953100 0.04817700
4 0.67968800 0.55599000 0.01757800 0.04427100
4 0.81884800 0.54687500 0.01660200 0.04427100
5 0.09277300 0.68229200 0.02343800 0.05729200
9 0.13525400 0.67968800 0.02441400 0.05729200
