18 0.29687500 0.78437500 0.08593750 0.15000000
19 0.28125000 0.13281250 0.08750000 0.15312500
4 0.10000000 0.21250000 0.08125000 0.15625000
16 0.42968750 0.92656250 0.08125000 0.13593750
7 0.39062500 0.75156250 0.07812500 0.14843750
4 0.51562500 0.89843750 0.07812500 0.13437500
4 0.48593750 0.70625000 0.08593750 0.15000000
4 0.60156250 0.86875000 0.07343750 0.14062500
15 0.37812500 0.10625000 0.08281250 0.15312500
11 0.64687500 0.64687500 0.08281250 0.14375000
13 0.12343750 0.82968750 0.08125000 0.14843750
5 0.34218750 0.53906250 0.07812500 0.15312500
11 0.44843750 0.51875000 0.09062500 0.13593750
19 0.53437500 0.49375000 0.08593750 0.13437500
14 0.73281250 0.63125000 0.08281250 0.14843750
17 0.62343750 0.45156250 0.08125000 0.16562500
