0 0.06562500 0.34609375 0.05000000 0.24140625
1 0.13906250 0.34609375 0.04687500 0.23671875
2 0.21093750 0.34609375 0.04843750 0.23671875
3 0.28281250 0.34609375 0.05000000 0.23203125
4 0.35468750 0.34140625 0.04531250 0.23671875
5 0.42500000 0.34140625 0.04687500 0.23203125
6 0.49843750 0.34140625 0.04843750 0.23203125
7 0.56875000 0.34140625 0.05000000 0.23203125
8 0.64218750 0.33671875 0.05000000 0.23671875
9 0.71406250 0.33671875 0.05000000 0.22265625
10 0.78906250 0.34140625 0.05156250 0.23671875
11 0.86093750 0.34609375 0.05000000 0.24140625
12 0.92968750 0.34140625 0.05312500 0.24140625
13 0.06562500 0.77734375 0.05156250 0.23671875
14 0.13750000 0.77265625 0.05000000 0.23671875
15 0.20937500 0.77265625 0.04843750 0.22734375
16 0.28125000 0.77734375 0.04843750 0.23203125
17 0.35468750 0.77734375 0.04843750 0.22265625
18 0.42656250 0.76796875 0.04687500 0.22734375
19 0.49843750 0.77265625 0.04843750 0.22734375
20 0.57031250 0.77265625 0.05312500 0.22734375
21 0.64218750 0.77265625 0.04843750 0.23203125
22 0.71562500 0.77265625 0.05312500 0.23671875
23 0.78750000 0.77265625 0.05000000 0.22734375
24 0.85781250 0.76796875 0.05156250 0.22734375
25 0.93125000 0.77265625 0.05000000 0.24140625
