0 0.95752000 0.03385400 0.02441400 0.02343700
12 0.46044900 0.14127600 0.02441400 0.02343800
14 0.48974600 0.13802100 0.02441400 0.02343800
3 0.54931600 0.13509100 0.02441400 0.02278600
14 0.57861300 0.13378900 0.02441400 0.02278600
3 0.60839800 0.13248700 0.02343800 0.02278600
17 0.66796900 0.12923200 0.02343800 0.02408900
14 0.14746100 0.23665400 0.02343800 0.02408900
3 0.17529300 0.23502600 0.02246100 0.02343800
4 0.20361300 0.23372400 0.02246100 0.02343800
11 0.26025400 0.23046900 0.02246100 0.02343800
14 0.28906200 0.22884100 0.02343800 0.02408900
20 0.14843800 0.27604200 0.02343800 0.02474000
1 0.17675800 0.27474000 0.02343800 0.02474000
4 0.20556600 0.27343800 0.02246100 0.02474000
9 0.23339800 0.27213500 0.02343800 0.02474000
0 0.26171900 0.27083300 0.02343800 0.02474000
11 0.29003900 0.26920600 0.02343800 0.02408900
14 0.31933600 0.26790400 0.02343800 0.02408900
20 0.14892600 0.31673200 0.02246100 0.02539100
11 0.17724600 0.31543000 0.02246100 0.02539100
4 0.20654300 0.31380200 0.02441400 0.02604200
19 0.23437500 0.31250000 0.02343800 0.02604200
4 0.26318400 0.31152300 0.02441400 0.02539100
11 0.29296900 0.31022100 0.02343800 0.02539100
0 0.32177700 0.30924500 0.02441400 0.02604200
15 0.38085900 0.30664100 0.02343800 0.02604200
17 0.41064500 0.30468800 0.02441400 0.02474000
14 0.43994100 0.30338500 0.02441400 0.02474000
18 0.46972700 0.30175800 0.02539100 0.02539100
19 0.50000000 0.30045600 0.02539100 0.02539100
13 0.56054700 0.29785200 0.02539100 0.02539100
8 0.15039100 0.35677100 0.02343800 0.02604200
15 0.20703100 0.35449200 0.02343800 0.02539100
14 0.23535200 0.35351600 0.02343800 0.02604200
3 0.26513700 0.35221400 0.02441400 0.02604200
20 0.29394500 0.35091100 0.02343800 0.02604200
10 0.35302700 0.34830700 0.02441400 0.02604200
0 0.38232400 0.34700500 0.02441400 0.02604200
10 0.15087900 0.39876300 0.02441400 0.02539100
0 0.17968800 0.39778600 0.02343800 0.02604200
10 0.20849600 0.39681000 0.02441400 0.02669300
11 0.26611300 0.39420600 0.02441400 0.02669300
6 0.32519500 0.39192700 0.02539100 0.02604200
20 0.35498000 0.39062500 0.02441400 0.02604200
10 0.41503900 0.38867200 0.02343800 0.02604200
0 0.44482400 0.38737000 0.02441400 0.02604200
20 0.15234400 0.43945300 0.02343800 0.02474000
18 0.18066400 0.43847700 0.02343800 0.02539100
10 0.20996100 0.43782600 0.02343800 0.02539100
0 0.23877000 0.43684900 0.02441400 0.02474000
10 0.26806600 0.43554700 0.02441400 0.02474000
0 0.29736300 0.43457000 0.02441400 0.02539100
11 0.32617200 0.43359400 0.02343800 0.02474000
0 0.35791000 0.43229200 0.02441400 0.02474000
14 0.41748000 0.42968800 0.02441400 0.02604200
19 0.44677700 0.42903600 0.02441400 0.02604200
12 0.50732400 0.42708300 0.02441400 0.02604200
4 0.53759800 0.42643200 0.02441400 0.02604200
13 0.56884800 0.42578100 0.02441400 0.02604200
25 0.21240200 0.52181000 0.02441400 0.02539100
0 0.24169900 0.52115900 0.02441400 0.02669300
18 0.30029300 0.51920600 0.02441400 0.02669300
22 0.33056600 0.51855500 0.02441400 0.02669300
4 0.36035200 0.51757800 0.02343800 0.02734400
16 0.39013700 0.51692700 0.02441400 0.02734400
10 0.42041000 0.51627600 0.02441400 0.02734400
20 0.45068400 0.51529900 0.02441400 0.02669300
18 0.15527300 0.56575500 0.02343800 0.02604200
22 0.18457000 0.56510400 0.02343800 0.02604200
4 0.21386700 0.56445300 0.02343800 0.02604200
16 0.24267600 0.56380200 0.02441400 0.02604200
10 0.27246100 0.56315100 0.02343800 0.02604200
0 0.30127000 0.56217400 0.02441400 0.02669300
22 0.39257800 0.55989600 0.02539100 0.02734400
15 0.45312500 0.55859400 0.02539100 0.02734400
4 0.48339800 0.55794300 0.02539100 0.02734400
16 0.51416000 0.55729200 0.02441400 0.02734400
10 0.54443400 0.55664100 0.02441400 0.02734400
20 0.57666000 0.55501300 0.02441400 0.02669300
25 0.21533200 0.60742200 0.02441400 0.02604200
0 0.24511700 0.60677100 0.02343800 0.02604200
10 0.30322300 0.60579400 0.02441400 0.02669300
13 0.33349600 0.60546900 0.02441400 0.02604200
8 0.36377000 0.60449200 0.02441400 0.02669300
9 0.39453100 0.60416700 0.02343800 0.02734400
10 0.42480500 0.60351600 0.02343800 0.02734400
20 0.45507800 0.60319000 0.02343800 0.02669300
19 0.15918000 0.65201800 0.02343800 0.02669300
0 0.18750000 0.65136700 0.02343800 0.02669300
1 0.27587900 0.64941400 0.02441400 0.02669300
4 0.30517600 0.64908900 0.02441400 0.02734400
9 0.33544900 0.64843800 0.02441400 0.02734400
0 0.36572300 0.64811200 0.02441400 0.02669300
19 0.39599600 0.64746100 0.02441400 0.02669300
8 0.16113300 0.69433600 0.02343800 0.02669300
22 0.21875000 0.69368500 0.02343800 0.02669300
15 0.24853500 0.69303400 0.02441400 0.02669300
17 0.27880900 0.69270800 0.02441400 0.02734400
8 0.30810500 0.69238300 0.02441400 0.02669300
15 0.33740200 0.69173200 0.02441400 0.02669300
17 0.36767600 0.69140600 0.02441400 0.02734400
9 0.42919900 0.69075500 0.02441400 0.02734400
10 0.45947300 0.69010400 0.02441400 0.02734400
20 0.49023400 0.68912800 0.02539100 0.02669300
15 0.16113300 0.73665400 0.02343800 0.02539100
14 0.19091800 0.73665400 0.02246100 0.02539100
3 0.22070300 0.73632800 0.02539100 0.02604200
10 0.27880900 0.73567700 0.02441400 0.02604200
17 0.31005900 0.73502600 0.02441400 0.02604200
14 0.33984400 0.73502600 0.02539100 0.02604200
22 0.37109400 0.73470100 0.02539100 0.02539100
0 0.40136700 0.73437500 0.02539100 0.02604200
19 0.43115200 0.73437500 0.02441400 0.02604200
