8 0.12890600 0.13606800 0.02343800 0.02343800
5 0.88037100 0.14485700 0.02441400 0.02408900
6 0.90869100 0.14518200 0.02441400 0.02343800
18 0.40820300 0.20638000 0.02343800 0.02343800
19 0.43847700 0.20703100 0.02343800 0.02343800
17 0.46826200 0.20833300 0.02246100 0.02343800
0 0.49853500 0.20865900 0.02246100 0.02278600
13 0.52880900 0.20865900 0.02246100 0.02278600
8 0.55810500 0.20898400 0.02246100 0.02343800
16 0.58740200 0.20898400 0.02246100 0.02343800
10 0.61669900 0.20898400 0.02246100 0.02343800
0 0.64648400 0.20898400 0.02343800 0.02343800
3 0.25537100 0.23990900 0.02441400 0.02408900
11 0.28613300 0.24023400 0.02343800 0.02343800
11 0.37793000 0.24088500 0.02343800 0.02343800
1 0.43847700 0.24121100 0.02343800 0.02408900
14 0.46875000 0.24153600 0.02343800 0.02343700
25 0.49853500 0.24153600 0.02246100 0.02343700
13 0.52880900 0.24186200 0.02246100 0.02278600
0 0.55810500 0.24218800 0.02246100 0.02343800
19 0.58740200 0.24251300 0.02246100 0.02278600
4 0.61767600 0.24251300 0.02246100 0.02278600
11 0.64697300 0.24316400 0.02246100 0.02278600
13 0.70556600 0.24283900 0.02246100 0.02343800
7 0.76416000 0.24316400 0.02246100 0.02278600
10 0.19482400 0.30696600 0.02441400 0.02408900
0 0.22558600 0.30696600 0.02343800 0.02408900
10 0.25683600 0.30729200 0.02343800 0.02343800
14 0.31787100 0.30729200 0.02441400 0.02343800
1 0.34863300 0.30761700 0.02343800 0.02408900
14 0.37890600 0.30761700 0.02343800 0.02408900
25 0.40918000 0.30794300 0.02343800 0.02474000
13 0.43847700 0.30826800 0.02343800 0.02408900
0 0.46923800 0.30794300 0.02246100 0.02343800
16 0.49902300 0.30794300 0.02343800 0.02343800
0 0.52929700 0.30794300 0.02343800 0.02343800
19 0.58935500 0.30794300 0.02246100 0.02343800
18 0.61816400 0.30859400 0.02343800 0.02343800
25 0.70703100 0.30859400 0.02343800 0.02343800
22 0.73584000 0.30859400 0.02246100 0.02343800
20 0.76416000 0.30891900 0.02246100 0.02278600
10 0.79345700 0.30924500 0.02246100 0.02343800
8 0.82275400 0.30859400 0.02246100 0.02343800
22 0.13281200 0.34114600 0.02343800 0.02343800
17 0.19628900 0.34114600 0.02343800 0.02343800
20 0.22656200 0.34114600 0.02343800 0.02343800
18 0.25683600 0.34114600 0.02343800 0.02343800
18 0.28808600 0.34114600 0.02343800 0.02343800
10 0.31835900 0.34114600 0.02343800 0.02343800
14 0.34912100 0.34179700 0.02246100 0.02343800
12 0.37939500 0.34179700 0.02246100 0.02343800
25 0.47021500 0.34179700 0.02246100 0.02343800
10 0.52929700 0.34179700 0.02343800 0.02343800
4 0.55908200 0.34212200 0.02246100 0.02278600
18 0.61865200 0.34212200 0.02246100 0.02278600
20 0.64794900 0.34212200 0.02246100 0.02278600
23 0.67724600 0.34179700 0.02246100 0.02343800
4 0.70654300 0.34212200 0.02246100 0.02278600
18 0.73535200 0.34212200 0.02148400 0.02278600
19 0.76513700 0.34212200 0.02246100 0.02278600
22 0.79394500 0.34212200 0.02148400 0.02278600
20 0.82373000 0.34212200 0.02246100 0.02278600
19 0.88085900 0.34212200 0.02148400 0.02278600
14 0.07128900 0.37500000 0.02343800 0.02343800
15 0.10253900 0.37500000 0.02343800 0.02343800
17 0.13378900 0.37500000 0.02343800 0.02343800
4 0.16503900 0.37500000 0.02343800 0.02343800
3 0.19580100 0.37532600 0.02246100 0.02278600
4 0.22656200 0.37532600 0.02343800 0.02278600
11 0.25732400 0.37532600 0.02246100 0.02278600
13 0.31884800 0.37532600 0.02246100 0.02278600
13 0.34912100 0.37532600 0.02246100 0.02278600
4 0.40966800 0.37467400 0.02246100 0.02278600
14 0.47021500 0.37467400 0.02246100 0.02278600
1 0.50000000 0.37467400 0.02148400 0.02278600
14 0.52978500 0.37467400 0.02246100 0.02278600
25 0.55957000 0.37467400 0.02148400 0.02278600
13 0.58935500 0.37467400 0.02246100 0.02278600
0 0.61865200 0.37467400 0.02246100 0.02278600
16 0.64794900 0.37467400 0.02246100 0.02278600
4 0.67724600 0.37467400 0.02246100 0.02278600
13 0.70654300 0.37500000 0.02246100 0.02213500
8 0.73584000 0.37467400 0.02246100 0.02278600
25 0.82324200 0.37434900 0.02148400 0.02213500
22 0.85205100 0.37434900 0.02246100 0.02213500
20 0.88085900 0.37434900 0.02148400 0.02213500
10 0.07177700 0.40852900 0.02246100 0.02278600
14 0.10302700 0.40852900 0.02246100 0.02278600
22 0.13476600 0.40852900 0.02343800 0.02278600
25 0.22753900 0.40885400 0.02343800 0.02343800
22 0.25781200 0.40885400 0.02343800 0.02343800
20 0.28906200 0.40820300 0.02343800 0.02343800
10 0.31884800 0.40820300 0.02246100 0.02343800
8 0.34960900 0.40820300 0.02343800 0.02343800
14 0.41064500 0.40820300 0.02246100 0.02343800
1 0.44043000 0.40820300 0.02148400 0.02343800
14 0.47021500 0.40787800 0.02246100 0.02278600
25 0.50048800 0.40755200 0.02246100 0.02343800
13 0.52978500 0.40722700 0.02246100 0.02278600
0 0.56005900 0.40722700 0.02246100 0.02278600
16 0.58935500 0.40722700 0.02246100 0.02278600
0 0.61865200 0.40722700 0.02246100 0.02278600
19 0.67724600 0.40722700 0.02246100 0.02278600
18 0.70654300 0.40722700 0.02246100 0.02148400
1 0.79394500 0.40690100 0.02148400 0.02213500
20 0.82226600 0.40690100 0.02148400 0.02213500
10 0.85156200 0.40657600 0.02148400 0.02148400
22 0.87988300 0.40625000 0.02148400 0.02213500
0 0.90820300 0.40625000 0.02148400 0.02213500
12 0.07226600 0.44270800 0.02343800 0.02343800
8 0.10400400 0.44205700 0.02246100 0.02343800
22 0.16601600 0.44205700 0.02343800 0.02343800
10 0.22802700 0.44238300 0.02246100 0.02278600
22 0.25878900 0.44205700 0.02343800 0.02343800
0 0.28906200 0.44173200 0.02343800 0.02278600
3 0.31982400 0.44173200 0.02246100 0.02278600
17 0.35009800 0.44173200 0.02246100 0.02278600
0 0.37988300 0.44173200 0.02343800 0.02278600
19 0.41064500 0.44108100 0.02246100 0.02278600
13 0.43994100 0.44140600 0.02246100 0.02343800
7 0.50000000 0.44075500 0.02148400 0.02213500
18 0.55957000 0.44043000 0.02148400 0.02278600
10 0.58886700 0.44010400 0.02148400 0.02213500
14 0.61914100 0.43977900 0.02148400 0.02278600
1 0.64746100 0.43977900 0.02148400 0.02278600
10 0.67675800 0.44010400 0.02148400 0.02213500
0 0.70605500 0.43977900 0.02148400 0.02278600
7 0.73584000 0.43945300 0.02246100 0.02213500
18 0.82226600 0.43912800 0.02148400 0.02278600
11 0.85058600 0.43880200 0.02148400 0.02213500
14 0.87939500 0.43880200 0.02246100 0.02213500
22 0.90820300 0.43880200 0.02148400 0.02213500
14 0.93701200 0.43880200 0.02246100 0.02213500
10 0.10449200 0.47526000 0.02343800 0.02343800
14 0.13574200 0.47591100 0.02343800 0.02343800
19 0.16699200 0.47591100 0.02343800 0.02343800
12 0.25976600 0.47591100 0.02343800 0.02343800
14 0.29003900 0.47591100 0.02343800 0.02343800
9 0.31982400 0.47493500 0.02246100 0.02278600
13 0.35009800 0.47428400 0.02246100 0.02278600
14 0.38037100 0.47428400 0.02246100 0.02278600
8 0.44091800 0.47395800 0.02246100 0.02343800
25 0.47070300 0.47363300 0.02148400 0.02278600
14 0.50000000 0.47363300 0.02148400 0.02278600
1 0.52978500 0.47363300 0.02246100 0.02278600
17 0.56005900 0.47330700 0.02246100 0.02343800
0 0.58984400 0.47298200 0.02148400 0.02278600
25 0.61865200 0.47298200 0.02246100 0.02278600
8 0.64794900 0.47298200 0.02246100 0.02278600
19 0.67675800 0.47233100 0.02148400 0.02278600
19 0.76464800 0.47135400 0.02148400 0.02213500
0 0.79296900 0.47135400 0.02148400 0.02213500
10 0.82177700 0.47135400 0.02246100 0.02213500
10 0.10546900 0.50976600 0.02343800 0.02343800
14 0.22949200 0.50911500 0.02343800 0.02343800
19 0.35107400 0.50813800 0.02246100 0.02278600
0 0.47119100 0.50683600 0.02246100 0.02278600
18 0.53027300 0.50618500 0.02148400 0.02278600
11 0.56005900 0.50618500 0.02246100 0.02278600
14 0.58984400 0.50585900 0.02148400 0.02213500
22 0.61914100 0.50553400 0.02148400 0.02278600
14 0.64794900 0.50520800 0.02246100 0.02213500
10 0.73486300 0.50423200 0.02246100 0.02278600
8 0.76416000 0.50390600 0.02246100 0.02213500
19 0.79199200 0.50390600 0.02148400 0.02213500
19 0.07519500 0.54296900 0.02343800 0.02343800
0 0.10595700 0.54329400 0.02246100 0.02278600
10 0.13720700 0.54264300 0.02246100 0.02278600
10 0.26025400 0.54199200 0.02246100 0.02278600
8 0.41162100 0.54003900 0.02246100 0.02278600
19 0.53076200 0.53906200 0.02246100 0.02213500
18 0.16796900 0.57584600 0.02343800 0.02278600
17 0.19970700 0.57552100 0.02246100 0.02343800
0 0.23046900 0.57552100 0.02343800 0.02343800
22 0.26123000 0.57519500 0.02246100 0.02278600
13 0.29150400 0.57487000 0.02246100 0.02343800
8 0.32177700 0.57487000 0.02246100 0.02343800
14 0.38232400 0.57356800 0.02246100 0.02343800
1 0.41162100 0.57324200 0.02246100 0.02278600
14 0.44189500 0.57291700 0.02246100 0.02213500
25 0.47119100 0.57194000 0.02246100 0.02278600
13 0.50097700 0.57194000 0.02148400 0.02278600
0 0.53027300 0.57161500 0.02148400 0.02213500
16 0.56054700 0.57128900 0.02148400 0.02278600
4 0.58935500 0.57096400 0.02246100 0.02213500
13 0.61914100 0.57031200 0.02148400 0.02213500
8 0.64843800 0.56998700 0.02148400 0.02278600
15 0.73486300 0.56868500 0.02246100 0.02278600
4 0.76367200 0.56803400 0.02148400 0.02278600
17 0.79248000 0.56770800 0.02246100 0.02213500
22 0.82031200 0.56738300 0.02148400 0.02278600
7 0.87793000 0.56673200 0.02148400 0.02278600
25 0.07617200 0.61035200 0.02343800 0.02278600
22 0.10742200 0.61002600 0.02343800 0.02343800
20 0.13769500 0.60970100 0.02343800 0.02278600
10 0.16894500 0.60937500 0.02343800 0.02343800
14 0.20019500 0.60904900 0.02343800 0.02278600
22 0.23046900 0.60839800 0.02343800 0.02278600
22 0.29150400 0.60774700 0.02246100 0.02278600
19 0.38232400 0.60644500 0.02246100 0.02278600
8 0.41210900 0.60644500 0.02343800 0.02278600
7 0.44238300 0.60579400 0.02343800 0.02278600
18 0.50146500 0.60449200 0.02246100 0.02278600
11 0.53076200 0.60416700 0.02246100 0.02213500
14 0.56103500 0.60351600 0.02246100 0.02213500
22 0.58984400 0.60351600 0.02148400 0.02213500
0 0.61962900 0.60286500 0.02246100 0.02213500
7 0.64843800 0.60221400 0.02148400 0.02213500
16 0.73486300 0.60091100 0.02246100 0.02213500
4 0.76367200 0.60026000 0.02148400 0.02213500
12 0.79199200 0.60026000 0.02148400 0.02213500
14 0.84960900 0.59895800 0.02148400 0.02213500
13 0.87793000 0.59830700 0.02148400 0.02213500
8 0.90625000 0.59798200 0.02148400 0.02148400
17 0.07666000 0.64420600 0.02246100 0.02278600
0 0.10742200 0.64355500 0.02343800 0.02278600
25 0.13818400 0.64290400 0.02246100 0.02278600
11 0.16943400 0.64257800 0.02246100 0.02343800
8 0.20068400 0.64225300 0.02246100 0.02278600
16 0.23144500 0.64160200 0.02343800 0.02278600
0 0.26220700 0.64160200 0.02246100 0.02278600
19 0.32275400 0.64029900 0.02246100 0.02278600
18 0.35302700 0.63997400 0.02246100 0.02213500
25 0.13916000 0.67545600 0.02246100 0.02278600
0 0.16943400 0.67513000 0.02246100 0.02343800
15 0.20117200 0.67480500 0.02343800 0.02278600
8 0.23193400 0.67447900 0.02246100 0.02343800
18 0.26269500 0.67415400 0.02343800 0.02278600
10 0.41259800 0.67187500 0.02246100 0.02213500
15 0.53173800 0.66894500 0.02246100 0.02278600
14 0.56054700 0.66862000 0.02148400 0.02213500
10 0.59033200 0.66829400 0.02246100 0.02278600
0 0.61962900 0.66764300 0.02246100 0.02278600
25 0.64843800 0.66699200 0.02148400 0.02278600
22 0.70654300 0.66569000 0.02246100 0.02278600
0 0.73584000 0.66503900 0.02246100 0.02278600
4 0.76367200 0.66471400 0.02148400 0.02213500
19 0.79248000 0.66406200 0.02246100 0.02213500
16 0.84960900 0.66276000 0.02148400 0.02213500
19 0.87744100 0.66210900 0.02246100 0.02213500
14 0.90673800 0.66145800 0.02246100 0.02213500
25 0.07812500 0.70996100 0.02343800 0.02278600
22 0.10888700 0.70963500 0.02246100 0.02343800
20 0.14013700 0.70931000 0.02246100 0.02278600
10 0.17041000 0.70865900 0.02246100 0.02278600
10 0.26318400 0.70800800 0.02246100 0.02278600
19 0.38378900 0.70540400 0.02148400 0.02278600
22 0.41357400 0.70475300 0.02246100 0.02278600
17 0.47314500 0.70312500 0.02246100 0.02213500
3 0.50293000 0.70279900 0.02148400 0.02278600
18 0.62011700 0.70019500 0.02148400 0.02278600
14 0.64892600 0.69921900 0.02246100 0.02213500
6 0.67773400 0.69856800 0.02148400 0.02213500
11 0.70654300 0.69791700 0.02246100 0.02213500
0 0.73535200 0.69726600 0.02148400 0.02213500
18 0.76416000 0.69661500 0.02246100 0.02213500
13 0.79296900 0.69628900 0.02148400 0.02278600
25 0.07910200 0.74316400 0.02343800 0.02278600
0 0.10937500 0.74251300 0.02343800 0.02278600
15 0.14062500 0.74218800 0.02343800 0.02343800
8 0.17187500 0.74186200 0.02343800 0.02278600
18 0.20166000 0.74121100 0.02246100 0.02278600
10 0.32421900 0.73925800 0.02343800 0.02278600
15 0.44384800 0.73697900 0.02246100 0.02213500
14 0.47314500 0.73600300 0.02246100 0.02278600
10 0.50244100 0.73502600 0.02246100 0.02213500
0 0.53173800 0.73437500 0.02246100 0.02213500
25 0.56201200 0.73372400 0.02246100 0.02213500
22 0.62060500 0.73209600 0.02246100 0.02278600
0 0.64941400 0.73144500 0.02148400 0.02278600
4 0.67822300 0.73079400 0.02246100 0.02278600
19 0.70703100 0.72981800 0.02148400 0.02213500
16 0.76416000 0.72851600 0.02246100 0.02213500
19 0.79248000 0.72786500 0.02246100 0.02213500
14 0.82128900 0.72721400 0.02148400 0.02213500
25 0.07959000 0.77604200 0.02246100 0.02343800
22 0.10986300 0.77539100 0.02246100 0.02343800
20 0.14062500 0.77506500 0.02343800 0.02278600
10 0.17187500 0.77506500 0.02343800 0.02278600
10 0.29394500 0.77246100 0.02343800 0.02278600
12 0.47314500 0.76822900 0.02246100 0.02213500
6 0.53173800 0.76660200 0.02246100 0.02278600
10 0.56201200 0.76562500 0.02246100 0.02213500
8 0.59130900 0.76497400 0.02246100 0.02213500
18 0.67822300 0.76269500 0.02246100 0.02278600
14 0.70654300 0.76171900 0.02246100 0.02213500
6 0.73584000 0.76106800 0.02246100 0.02213500
11 0.76416000 0.76041700 0.02246100 0.02213500
0 0.79345700 0.75976600 0.02246100 0.02213500
18 0.82177700 0.75911500 0.02246100 0.02213500
13 0.08056600 0.80891900 0.02246100 0.02278600
