18 0.03750000 0.23750000 0.07187500 0.16562500
7 0.12187500 0.22187500 0.07812500 0.16093750
4 0.20625000 0.20625000 0.07656250 0.17187500
3 0.12500000 0.63437500 0.09375000 0.16718750
0 0.21250000 0.62812500 0.08281250 0.16093750
12 0.29375000 0.18593750 0.08125000 0.16562500
3 0.47968750 0.15312500 0.07656250 0.16718750
14 0.57187500 0.15000000 0.08125000 0.16093750
3 0.30781250 0.61406250 0.09062500 0.17187500
0 0.30156250 0.39062500 0.07812500 0.15312500
5 0.39531250 0.38437500 0.07812500 0.17031250
18 0.48750000 0.36562500 0.08750000 0.17968750
21 0.66562500 0.14531250 0.07812500 0.16562500
13 0.74687500 0.13281250 0.07656250 0.16093750
11 0.53125000 0.81093750 0.09375000 0.17968750
0 0.42656250 0.82031250 0.08593750 0.17656250
18 0.50468750 0.57968750 0.09375000 0.16718750
4 0.57656250 0.36093750 0.08593750 0.17187500
16 0.67500000 0.34062500 0.08281250 0.16718750
14 0.59687500 0.57187500 0.08750000 0.17031250
11 0.63750000 0.80156250 0.10468750 0.17968750
11 0.69843750 0.55937500 0.08593750 0.16250000
