1 0.10595700 0.06468000 0.02246100 0.02616300
1 0.13574200 0.06540700 0.02343800 0.02470900
19 0.07568400 0.10210800 0.02246100 0.02543600
0 0.10644500 0.10138100 0.02148400 0.02543600
10 0.13574200 0.10065400 0.02148400 0.02543600
8 0.19677700 0.09920100 0.02246100 0.02543600
15 0.25585900 0.09702000 0.02148400 0.02543600
19 0.31787100 0.09338700 0.02441400 0.02689000
8 0.34912100 0.09193300 0.02441400 0.02689000
19 0.38037100 0.09120600 0.02441400 0.02689000
18 0.41162100 0.09011600 0.02441400 0.02616300
19 0.07324200 0.17805200 0.02539100 0.02761600
0 0.10498000 0.17659900 0.02441400 0.02761600
10 0.13330100 0.17550900 0.02441400 0.02834300
8 0.19238300 0.17441900 0.02539100 0.02907000
10 0.25488300 0.17296500 0.02539100 0.02907000
0 0.28613300 0.17114800 0.02539100 0.02834300
19 0.31689500 0.17078500 0.02441400 0.02907000
8 0.34912100 0.17042200 0.02441400 0.02834300
19 0.38037100 0.16969500 0.02441400 0.02834300
18 0.41210900 0.16860500 0.02539100 0.02907000
16 0.31982400 0.32921500 0.02441400 0.02761600
0 0.34960900 0.32848800 0.02539100 0.02761600
18 0.38232400 0.32812500 0.02441400 0.02834300
19 0.41308600 0.32812500 0.02539100 0.02834300
22 0.50830100 0.32667200 0.02441400 0.02834300
19 0.54101600 0.32630800 0.02539100 0.02761600
14 0.57324200 0.32558100 0.02539100 0.02907000
17 0.60644500 0.32485500 0.02539100 0.02907000
0 0.63916000 0.32412800 0.02636700 0.02907000
22 0.06933600 0.41170100 0.02539100 0.02834300
14 0.10107400 0.41133700 0.02441400 0.02761600
19 0.13134800 0.41097400 0.02441400 0.02834300
8 0.19287100 0.41024700 0.02441400 0.02834300
18 0.25585900 0.40952000 0.02539100 0.02834300
19 0.28759800 0.40879400 0.02441400 0.02834300
0 0.32031200 0.40879400 0.02539100 0.02834300
11 0.35156200 0.40843000 0.02539100 0.02761600
19 0.06787100 0.49018900 0.02441400 0.02834300
0 0.09912100 0.49018900 0.02441400 0.02834300
17 0.13037100 0.48982600 0.02441400 0.02761600
0 0.16015600 0.48946200 0.02539100 0.02834300
10 0.19189500 0.48946200 0.02441400 0.02834300
0 0.22412100 0.48946200 0.02441400 0.02834300
13 0.25634800 0.48909900 0.02441400 0.02761600
15 0.32031200 0.48837200 0.02539100 0.02761600
14 0.35253900 0.48837200 0.02539100 0.02761600
1 0.38476600 0.48800900 0.02539100 0.02834300
4 0.41552700 0.48764500 0.02441400 0.02761600
3 0.44580100 0.48764500 0.02441400 0.02761600
8 0.47851600 0.48764500 0.02539100 0.02761600
19 0.51025400 0.48764500 0.02441400 0.02761600
4 0.54248000 0.48691900 0.02441400 0.02761600
11 0.57519500 0.48691900 0.02539100 0.02761600
4 0.60693400 0.48619200 0.02441400 0.02761600
12 0.63964800 0.48619200 0.02539100 0.02761600
8 0.06787100 0.57013100 0.02441400 0.02834300
11 0.12939500 0.56940400 0.02441400 0.02834300
4 0.16015600 0.56940400 0.02539100 0.02834300
18 0.19189500 0.56940400 0.02441400 0.02834300
14 0.22363300 0.56940400 0.02539100 0.02834300
22 0.25585900 0.56904100 0.02539100 0.02907000
8 0.32226600 0.56867700 0.02539100 0.02834300
15 0.38525400 0.56831400 0.02441400 0.02761600
14 0.41552700 0.56831400 0.02441400 0.02761600
11 0.44775400 0.56795100 0.02441400 0.02834300
4 0.47851600 0.56758700 0.02343800 0.02761600
15 0.57617200 0.56758700 0.02539100 0.02761600
14 0.60937500 0.56758700 0.02539100 0.02761600
22 0.64257800 0.56795100 0.02539100 0.02834300
4 0.67480500 0.56795100 0.02539100 0.02834300
11 0.70654300 0.56758700 0.02636700 0.02907000
8 0.74072300 0.56758700 0.02636700 0.02907000
19 0.77392600 0.56758700 0.02636700 0.02907000
4 0.80859400 0.56758700 0.02734400 0.02907000
11 0.84326200 0.56758700 0.02636700 0.02907000
4 0.87793000 0.56722400 0.02734400 0.02979700
12 0.91210900 0.56722400 0.02734400 0.02979700
15 0.06689500 0.65043600 0.02441400 0.02761600
14 0.09863300 0.65043600 0.02539100 0.02761600
10 0.12890600 0.65043600 0.02539100 0.02761600
14 0.15966800 0.65043600 0.02441400 0.02761600
17 0.19140600 0.65007300 0.02539100 0.02834300
8 0.22363300 0.65043600 0.02539100 0.02761600
11 0.25537100 0.65007300 0.02441400 0.02689000
8 0.28857400 0.65007300 0.02441400 0.02689000
18 0.32080100 0.65007300 0.02441400 0.02689000
25 0.41650400 0.64898300 0.02441400 0.02761600
22 0.44775400 0.64898300 0.02441400 0.02761600
4 0.48046900 0.64934600 0.02539100 0.02834300
17 0.51269500 0.64934600 0.02539100 0.02834300
8 0.54492200 0.64934600 0.02539100 0.02834300
20 0.61132800 0.64970900 0.02539100 0.02761600
18 0.64355500 0.65007300 0.02539100 0.02834300
0 0.67675800 0.65007300 0.02539100 0.02834300
19 0.70849600 0.65043600 0.02636700 0.02907000
14 0.74169900 0.65079900 0.02636700 0.02834300
12 0.77636700 0.65116300 0.02539100 0.02907000
20 0.81103500 0.65116300 0.02636700 0.02907000
16 0.09814500 0.73146800 0.02441400 0.02834300
19 0.12890600 0.73146800 0.02539100 0.02834300
14 0.16015600 0.73146800 0.02539100 0.02834300
1 0.19189500 0.73146800 0.02441400 0.02834300
4 0.25537100 0.73146800 0.02441400 0.02834300
12 0.28808600 0.73219500 0.02539100 0.02979700
20 0.32031200 0.73219500 0.02539100 0.02979700
15 0.38476600 0.73219500 0.02539100 0.02979700
17 0.41601600 0.73219500 0.02539100 0.02979700
14 0.44824200 0.73255800 0.02539100 0.03052300
22 0.47998000 0.73255800 0.02441400 0.02907000
0 0.51269500 0.73255800 0.02539100 0.02907000
11 0.54638700 0.73292200 0.02636700 0.02979700
8 0.57959000 0.73328500 0.02636700 0.02907000
19 0.61279300 0.73364800 0.02636700 0.02979700
18 0.67919900 0.73437500 0.02636700 0.02979700
15 0.61474600 0.81976700 0.02636700 0.03052300
17 0.64794900 0.81976700 0.02636700 0.03052300
14 0.68066400 0.82049400 0.02734400 0.03052300
10 0.71435500 0.82049400 0.02636700 0.03052300
11 0.74755900 0.82122100 0.02636700 0.03052300
19 0.81591800 0.82267400 0.02636700 0.03052300
14 0.85058600 0.82340100 0.02734400 0.03052300
12 0.88525400 0.82412800 0.02636700 0.03052300
20 0.91992200 0.82449100 0.02734400 0.02979700
0 0.06689500 0.89534900 0.02441400 0.02907000
14 0.12939500 0.89680200 0.02441400 0.02907000
13 0.15966800 0.89752900 0.02441400 0.02907000
12 0.22314500 0.89898300 0.02441400 0.02907000
4 0.25732400 0.89934600 0.02441400 0.02834300
9 0.28808600 0.90043600 0.02539100 0.03052300
3 0.32128900 0.90079900 0.02539100 0.02979700
20 0.35302700 0.90043600 0.02636700 0.03052300
13 0.41748000 0.90189000 0.02636700 0.03052300
8 0.44970700 0.90261600 0.02636700 0.03052300
12 0.48242200 0.90334300 0.02539100 0.03052300
8 0.51709000 0.90370600 0.02636700 0.02979700
15 0.58252000 0.90479700 0.02636700 0.03052300
14 0.61572300 0.90552300 0.02636700 0.02907000
7 0.64990200 0.90588700 0.02636700 0.02979700
0 0.68359400 0.90588700 0.02539100 0.02979700
9 0.71630900 0.90625000 0.02636700 0.02907000
8 0.74951200 0.90734000 0.02636700 0.02834300
22 0.78369100 0.90806700 0.02636700 0.02834300
0 0.81787100 0.90879400 0.02636700 0.02834300
4 0.85253900 0.90952000 0.02734400 0.02979700
19 0.88769500 0.91061000 0.02734400 0.02907000
25 0.06835900 0.97638100 0.02343800 0.02834300
14 0.09960900 0.97710800 0.02343800 0.02834300
11 0.13037100 0.97819800 0.02441400 0.02907000
14 0.15966800 0.97892400 0.02441400 0.02907000
16 0.19287100 0.98001500 0.02441400 0.02834300
13 0.25537100 0.98146800 0.02441400 0.02834300
14 0.28857400 0.98219500 0.02441400 0.02834300
4 0.32177700 0.98292200 0.02441400 0.02834300
