6 0.03593750 0.18281250 0.07187500 0.18750000
7 0.12187500 0.15468750 0.09531250 0.18906250
18 0.23125000 0.12656250 0.10000000 0.20156250
25 0.35000000 0.10625000 0.10000000 0.18437500
17 0.63750000 0.08750000 0.07656250 0.15625000
13 0.12812500 0.66250000 0.12187500 0.22343750
4 0.26562500 0.62656250 0.10937500 0.21093750
22 0.40156250 0.58125000 0.11406250 0.20156250
18 0.51406250 0.55312500 0.09062500 0.19687500
6 0.41406250 0.85781250 0.10000000 0.21562500
14 0.53593750 0.82031250 0.10781250 0.19687500
13 0.63593750 0.77031250 0.09531250 0.20625000
18 0.70625000 0.50312500 0.09531250 0.18437500
