10 0.09687500 0.47265625 0.06718750 0.13593750
11 0.18906250 0.47578125 0.06718750 0.13750000
12 0.26328125 0.47656250 0.06406250 0.14375000
13 0.35859375 0.47421875 0.06250000 0.14531250
14 0.45468750 0.47890625 0.06562500 0.13906250
15 0.54531250 0.47578125 0.06250000 0.13437500
16 0.64218750 0.47656250 0.06406250 0.13593750
17 0.73671875 0.47890625 0.06718750 0.13906250
18 0.81875000 0.47500000 0.06406250 0.15000000
19 0.90781250 0.47578125 0.06406250 0.14062500
20 0.27109375 0.73203125 0.07343750 0.14375000
21 0.36250000 0.72812500 0.06875000 0.14375000
22 0.45625000 0.72890625 0.07187500 0.14843750
23 0.54843750 0.72890625 0.06875000 0.14062500
24 0.64062500 0.73125000 0.06250000 0.14531250
25 0.73671875 0.72421875 0.06875000 0.13906250
