17 0.42656250 0.09140625 0.03593750 0.12031250
4 0.47187500 0.09531250 0.03281250 0.12187500
24 0.55468750 0.09531250 0.03906250 0.11250000
17 0.67968750 0.09140625 0.03593750 0.12656250
4 0.72109375 0.09140625 0.03437500 0.12968750
4 0.76250000 0.09062500 0.03593750 0.12500000
5 0.84531250 0.09687500 0.03593750 0.12031250
17 0.88515625 0.10234375 0.03750000 0.12500000
14 0.92500000 0.10390625 0.03750000 0.12343750
6 0.96484375 0.10703125 0.03125000 0.11875000
19 0.12968750 0.23750000 0.03281250 0.12812500
14 0.16875000 0.23906250 0.03125000 0.10937500
3 0.21171875 0.23828125 0.03281250 0.11875000
3 0.25390625 0.23750000 0.03437500 0.12812500
3 0.51093750 0.24453125 0.03593750 0.12187500
14 0.55625000 0.24296875 0.03437500 0.11250000
3 0.59687500 0.24375000 0.03593750 0.11875000
3 0.63828125 0.24531250 0.03281250 0.12343750
22 0.81093750 0.24609375 0.03437500 0.13593750
4 0.85000000 0.24531250 0.03593750 0.13437500
22 0.93281250 0.25546875 0.03906250 0.11406250
1 0.08203125 0.39687500 0.03906250 0.12500000
0 0.12578125 0.39687500 0.03750000 0.12500000
14 0.25078125 0.39765625 0.03906250 0.13750000
13 0.29375000 0.39765625 0.03750000 0.12656250
2 0.33906250 0.40312500 0.03593750 0.13750000
4 0.38203125 0.40312500 0.03593750 0.13750000
18 0.51250000 0.40000000 0.03593750 0.12500000
4 0.55312500 0.40312500 0.03437500 0.12656250
4 0.59609375 0.40625000 0.04062500 0.12812500
8 0.68671875 0.40468750 0.03437500 0.12968750
5 0.72734375 0.40234375 0.03593750 0.12812500
18 0.89921875 0.40156250 0.02968750 0.11875000
15 0.93593750 0.40546875 0.03750000 0.12187500
14 0.98046875 0.40703125 0.03906250 0.12968750
3 0.07656250 0.56171875 0.03593750 0.13281250
8 0.11640625 0.56406250 0.03593750 0.14218750
3 0.15625000 0.56484375 0.03906250 0.13906250
3 0.42343750 0.55859375 0.03750000 0.13750000
14 0.46718750 0.55546875 0.03593750 0.13281250
3 0.51093750 0.55546875 0.03906250 0.13281250
3 0.55390625 0.55703125 0.03906250 0.12968750
19 0.68828125 0.55937500 0.03593750 0.13906250
14 0.73046875 0.55703125 0.03750000 0.14531250
14 0.77343750 0.55781250 0.03437500 0.13593750
13 0.24375000 0.72187500 0.03437500 0.12500000
14 0.28671875 0.71875000 0.03750000 0.12500000
11 0.33359375 0.72031250 0.04062500 0.13281250
3 0.37734375 0.72031250 0.04218750 0.15156250
3 0.69140625 0.72656250 0.03906250 0.14062500
0 0.78125000 0.72500000 0.04062500 0.14218750
11 0.87031250 0.72500000 0.03906250 0.13125000
14 0.91093750 0.72656250 0.03281250 0.12812500
19 0.95625000 0.72187500 0.04062500 0.12968750
14 0.23593750 0.90000000 0.03906250 0.13281250
19 0.37734375 0.89765625 0.04218750 0.15000000
22 0.47031250 0.90312500 0.03750000 0.15000000
4 0.51640625 0.90156250 0.03906250 0.14062500
12 0.60625000 0.88906250 0.03906250 0.14375000
0 0.65390625 0.89843750 0.03906250 0.15156250
3 0.69921875 0.89609375 0.04062500 0.14062500
4 0.74375000 0.89921875 0.03906250 0.14218750
22 0.92031250 0.89453125 0.03750000 0.14375000
