15 0.16943400 0.11518900 0.02050800 0.02252900
11 0.19335900 0.11409900 0.02148400 0.02180200
0 0.22021500 0.11264500 0.02050800 0.02180200
13 0.24609400 0.11155500 0.02148400 0.02252900
10 0.27099600 0.11046500 0.02050800 0.02325600
20 0.29687500 0.10937500 0.02148400 0.02252900
10 0.34863300 0.10683100 0.02148400 0.02325600
15 0.40234400 0.10392400 0.02148400 0.02325600
11 0.43017600 0.10319800 0.02246100 0.02325600
0 0.45800800 0.10174400 0.02148400 0.02325600
13 0.48632800 0.10101700 0.02148400 0.02325600
10 0.51269500 0.09883700 0.02148400 0.02325600
4 0.53955100 0.09847400 0.02050800 0.02252900
16 0.16845700 0.14643900 0.02050800 0.02252900
19 0.19189500 0.14498500 0.02050800 0.02252900
14 0.21728500 0.14425900 0.02050800 0.02252900
1 0.24414100 0.14280500 0.02148400 0.02252900
17 0.32275400 0.13953500 0.02050800 0.02325600
0 0.34765600 0.13844500 0.02148400 0.02252900
12 0.37500000 0.13771800 0.02148400 0.02252900
14 0.40185500 0.13662800 0.02050800 0.02325600
16 0.42968800 0.13408400 0.02148400 0.02252900
10 0.45654300 0.13299400 0.02050800 0.02325600
20 0.48437500 0.13226700 0.02148400 0.02325600
12 0.54101600 0.13081400 0.02148400 0.02325600
18 0.16503900 0.17696200 0.02148400 0.02252900
3 0.18994100 0.17696200 0.02050800 0.02252900
4 0.21533200 0.17623500 0.02050800 0.02252900
11 0.24072300 0.17514500 0.02050800 0.02325600
0 0.26709000 0.17405500 0.02050800 0.02252900
19 0.29443400 0.17260200 0.02050800 0.02252900
15 0.37451200 0.16933100 0.02050800 0.02325600
14 0.40185500 0.16896800 0.02246100 0.02398300
15 0.42822300 0.16787800 0.02246100 0.02325600
17 0.45605500 0.16678800 0.02148400 0.02398300
14 0.48339800 0.16569800 0.02148400 0.02325600
16 0.51074200 0.16460800 0.02148400 0.02398300
13 0.53955100 0.16351700 0.02246100 0.02325600
4 0.56835900 0.16351700 0.02148400 0.02325600
10 0.11035200 0.21075600 0.02148400 0.02325600
0 0.13525400 0.21002900 0.02050800 0.02325600
10 0.16064500 0.21002900 0.02050800 0.02325600
20 0.21435500 0.20784900 0.02050800 0.02325600
3 0.23974600 0.20675900 0.02050800 0.02252900
0 0.26611300 0.20603200 0.02050800 0.02252900
17 0.29248000 0.20494200 0.02050800 0.02325600
8 0.31933600 0.20385200 0.02148400 0.02252900
11 0.34521500 0.20276200 0.02050800 0.02325600
12 0.39941400 0.20094500 0.02148400 0.02398300
14 0.42724600 0.20021800 0.02246100 0.02398300
11 0.45507800 0.19949100 0.02148400 0.02398300
14 0.48242200 0.19876500 0.02148400 0.02398300
19 0.51074200 0.19840100 0.02148400 0.02325600
10 0.53857400 0.19767400 0.02246100 0.02325600
14 0.56787100 0.19767400 0.02246100 0.02470900
12 0.59619100 0.19658400 0.02246100 0.02398300
6 0.10888700 0.24164200 0.02050800 0.02252900
22 0.13378900 0.24127900 0.02148400 0.02325600
14 0.15918000 0.24127900 0.02148400 0.02325600
25 0.18505900 0.24055200 0.02050800 0.02325600
3 0.21142600 0.23982600 0.02050800 0.02325600
18 0.29101600 0.23764500 0.02148400 0.02325600
22 0.31738300 0.23691900 0.02148400 0.02325600
4 0.34472700 0.23619200 0.02148400 0.02325600
17 0.37207000 0.23510200 0.02148400 0.02398300
13 0.39843800 0.23437500 0.02148400 0.02398300
20 0.42627000 0.23364800 0.02050800 0.02398300
11 0.45361300 0.23292200 0.02050800 0.02398300
18 0.48144500 0.23219500 0.02148400 0.02398300
16 0.56640600 0.23074100 0.02148400 0.02398300
4 0.59521500 0.23001500 0.02246100 0.02543600
17 0.62304700 0.22965100 0.02343800 0.02470900
22 0.65136700 0.22928800 0.02343800 0.02543600
10 0.71191400 0.22856100 0.02343800 0.02543600
14 0.74072300 0.22856100 0.02441400 0.02543600
12 0.76953100 0.22856100 0.02343800 0.02543600
25 0.15722700 0.27361900 0.02148400 0.02398300
0 0.18310500 0.27325600 0.02050800 0.02325600
1 0.20898400 0.27252900 0.02148400 0.02325600
8 0.23535200 0.27180200 0.02148400 0.02325600
22 0.26171900 0.27107600 0.02148400 0.02325600
0 0.28857400 0.27034900 0.02050800 0.02325600
19 0.31640600 0.27034900 0.02148400 0.02325600
18 0.45263700 0.26671500 0.02246100 0.02470900
19 0.48046900 0.26598800 0.02148400 0.02470900
0 0.50781200 0.26562500 0.02148400 0.02398300
11 0.53662100 0.26489800 0.02246100 0.02398300
3 0.59423800 0.26380800 0.02246100 0.02470900
17 0.62255900 0.26308100 0.02246100 0.02470900
20 0.65136700 0.26271800 0.02343800 0.02543600
6 0.68164100 0.26235500 0.02343800 0.02470900
14 0.71093800 0.26271800 0.02343800 0.02543600
3 0.15576200 0.30632300 0.02050800 0.02398300
0 0.18164100 0.30559600 0.02148400 0.02398300
18 0.23339800 0.30486900 0.02148400 0.02398300
14 0.26074200 0.30414200 0.02148400 0.02398300
6 0.28613300 0.30341600 0.02148400 0.02398300
13 0.31347700 0.30341600 0.02148400 0.02398300
20 0.34082000 0.30268900 0.02148400 0.02398300
11 0.36914100 0.30196200 0.02148400 0.02398300
18 0.39550800 0.30123500 0.02148400 0.02398300
14 0.47998000 0.30087200 0.02246100 0.02470900
13 0.50732400 0.30014500 0.02246100 0.02470900
3 0.56494100 0.29941900 0.02246100 0.02470900
20 0.59375000 0.29832800 0.02343800 0.02543600
6 0.62255900 0.29832800 0.02246100 0.02543600
14 0.65234400 0.29760200 0.02343800 0.02543600
19 0.10253900 0.34011600 0.02148400 0.02325600
17 0.12793000 0.34011600 0.02148400 0.02325600
4 0.15380900 0.34011600 0.02050800 0.02325600
19 0.17919900 0.33975300 0.02050800 0.02398300
8 0.20605500 0.33902600 0.02148400 0.02398300
6 0.28564500 0.33757300 0.02050800 0.02398300
22 0.31250000 0.33720900 0.02148400 0.02325600
14 0.33984400 0.33720900 0.02148400 0.02470900
25 0.36718800 0.33648300 0.02148400 0.02470900
3 0.39453100 0.33611900 0.02148400 0.02398300
25 0.47900400 0.33430200 0.02246100 0.02470900
0 0.50634800 0.33393900 0.02246100 0.02398300
10 0.53466800 0.33430200 0.02246100 0.02470900
14 0.56494100 0.33430200 0.02246100 0.02470900
11 0.59375000 0.33393900 0.02343800 0.02543600
14 0.62255900 0.33357600 0.02246100 0.02470900
19 0.65185500 0.33357600 0.02246100 0.02470900
8 0.68212900 0.33321200 0.02246100 0.02543600
11 0.71093800 0.33321200 0.02343800 0.02543600
11 0.12548800 0.37318300 0.02050800 0.02398300
15 0.17724600 0.37245600 0.02050800 0.02398300
10 0.20263700 0.37209300 0.02050800 0.02325600
20 0.22949200 0.37173000 0.02148400 0.02398300
13 0.28320300 0.37100300 0.02148400 0.02398300
0 0.31054700 0.37100300 0.02148400 0.02398300
1 0.33837900 0.37100300 0.02246100 0.02398300
14 0.36523400 0.37100300 0.02148400 0.02398300
10 0.39355500 0.37064000 0.02148400 0.02470900
18 0.44970700 0.36991300 0.02246100 0.02470900
22 0.47753900 0.36991300 0.02148400 0.02470900
14 0.50537100 0.36918600 0.02246100 0.02470900
17 0.53369100 0.36882300 0.02246100 0.02543600
14 0.56298800 0.36882300 0.02246100 0.02543600
19 0.59228500 0.36882300 0.02246100 0.02543600
8 0.62158200 0.36882300 0.02246100 0.02543600
11 0.65185500 0.36882300 0.02246100 0.02543600
15 0.14941400 0.40661300 0.02148400 0.02398300
11 0.17480500 0.40661300 0.02148400 0.02398300
14 0.20214800 0.40588700 0.02148400 0.02398300
7 0.22753900 0.40588700 0.02148400 0.02398300
8 0.25390600 0.40516000 0.02148400 0.02398300
6 0.30957000 0.40552300 0.02148400 0.02470900
22 0.33691400 0.40552300 0.02148400 0.02470900
14 0.36425800 0.40407000 0.02148400 0.02470900
25 0.39160200 0.40443300 0.02148400 0.02398300
3 0.42089800 0.40443300 0.02148400 0.02398300
8 0.44726600 0.40479700 0.02148400 0.02470900
20 0.50488300 0.40479700 0.02148400 0.02470900
12 0.56347700 0.40479700 0.02148400 0.02470900
4 0.59130900 0.40407000 0.02246100 0.02470900
13 0.62158200 0.40407000 0.02246100 0.02470900
13 0.14648400 0.44004400 0.02148400 0.02398300
4 0.17236300 0.44004400 0.02246100 0.02398300
22 0.22558600 0.43968000 0.02148400 0.02470900
14 0.25244100 0.43968000 0.02246100 0.02470900
1 0.28027300 0.43968000 0.02148400 0.02470900
4 0.33593800 0.43968000 0.02148400 0.02470900
8 0.44580100 0.43968000 0.02246100 0.02470900
7 0.47509800 0.43968000 0.02246100 0.02470900
15 0.53271500 0.43968000 0.02246100 0.02470900
17 0.56201200 0.43968000 0.02246100 0.02470900
12 0.62060500 0.43968000 0.02246100 0.02470900
14 0.65087900 0.44004400 0.02246100 0.02543600
19 0.14453100 0.47383700 0.02148400 0.02470900
0 0.16992200 0.47383700 0.02148400 0.02470900
10 0.19726600 0.47383700 0.02148400 0.02470900
3 0.25097700 0.47420100 0.02148400 0.02398300
14 0.27832000 0.47456400 0.02148400 0.02470900
13 0.33398400 0.47456400 0.02148400 0.02470900
13 0.38964800 0.47383700 0.02148400 0.02470900
4 0.41796900 0.47383700 0.02148400 0.02470900
13 0.47412100 0.47529100 0.02246100 0.02470900
4 0.50341800 0.47529100 0.02246100 0.02470900
6 0.53125000 0.47529100 0.02148400 0.02470900
14 0.56103500 0.47529100 0.02246100 0.02470900
3 0.62060500 0.47565400 0.02246100 0.02543600
13 0.64990200 0.47529100 0.02246100 0.02616300
13 0.14257800 0.50799400 0.02148400 0.02470900
4 0.16845700 0.50799400 0.02246100 0.02470900
6 0.22265600 0.50835800 0.02148400 0.02398300
14 0.25000000 0.50872100 0.02148400 0.02470900
19 0.27734400 0.50872100 0.02148400 0.02470900
14 0.30468800 0.50908400 0.02148400 0.02398300
22 0.33203100 0.50944800 0.02148400 0.02470900
0 0.36084000 0.50981100 0.02246100 0.02398300
17 0.41699200 0.51090100 0.02148400 0.02470900
0 0.44531200 0.50981100 0.02343800 0.02543600
12 0.47363300 0.51017400 0.02343800 0.02616300
0 0.50244100 0.51090100 0.02246100 0.02616300
20 0.08789100 0.57594500 0.02148400 0.02543600
13 0.11279300 0.57630800 0.02246100 0.02470900
22 0.16552700 0.57776200 0.02246100 0.02470900
0 0.19091800 0.57848800 0.02246100 0.02470900
19 0.21875000 0.57885200 0.02148400 0.02543600
13 0.35693400 0.58066900 0.02246100 0.02616300
4 0.38476600 0.58103200 0.02343800 0.02543600
11 0.44287100 0.58212200 0.02246100 0.02616300
1 0.50048800 0.58321200 0.02246100 0.02543600
11 0.52929700 0.58357600 0.02343800 0.02616300
8 0.08544900 0.61046500 0.02050800 0.02470900
25 0.11132800 0.61155500 0.02148400 0.02543600
18 0.16308600 0.61300900 0.02148400 0.02543600
22 0.18994100 0.61373500 0.02246100 0.02543600
14 0.21728500 0.61409900 0.02246100 0.02616300
8 0.24365200 0.61482600 0.02246100 0.02616300
7 0.27099600 0.61555200 0.02246100 0.02616300
3 0.32763700 0.61627900 0.02246100 0.02616300
14 0.35498000 0.61700600 0.02246100 0.02616300
23 0.38330100 0.61736900 0.02246100 0.02543600
4 0.41210900 0.61809600 0.02343800 0.02689000
16 0.44091800 0.61845900 0.02246100 0.02616300
4 0.46972700 0.61882300 0.02343800 0.02689000
10 0.49902300 0.61954900 0.02343800 0.02689000
11 0.13574200 0.64752900 0.02148400 0.02470900
20 0.16113300 0.64789200 0.02148400 0.02543600
16 0.18750000 0.64861900 0.02148400 0.02543600
8 0.21435500 0.64934600 0.02246100 0.02543600
13 0.24169900 0.65007300 0.02246100 0.02543600
14 0.26904300 0.65116300 0.02246100 0.02616300
10 0.29638700 0.65225300 0.02246100 0.02543600
13 0.35400400 0.65370600 0.02246100 0.02543600
0 0.38183600 0.65407000 0.02343800 0.02616300
10 0.41064500 0.65479700 0.02246100 0.02616300
14 0.43896500 0.65552300 0.02246100 0.02616300
11 0.46826200 0.65697700 0.02246100 0.02616300
13 0.08252000 0.67914200 0.02246100 0.02543600
0 0.13330100 0.68241300 0.02246100 0.02616300
25 0.18701200 0.68423000 0.02246100 0.02543600
8 0.21240200 0.68532000 0.02246100 0.02616300
12 0.23974600 0.68641000 0.02246100 0.02543600
20 0.26611300 0.68750000 0.02246100 0.02616300
3 0.32324200 0.68931700 0.02343800 0.02689000
11 0.35205100 0.69004400 0.02441400 0.02689000
15 0.43798800 0.69295100 0.02441400 0.02689000
4 0.46777300 0.69367700 0.02343800 0.02689000
16 0.49707000 0.69476700 0.02343800 0.02616300
4 0.52685500 0.69585800 0.02441400 0.02689000
10 0.55810500 0.69658400 0.02441400 0.02689000
23 0.13183600 0.71766000 0.02148400 0.02543600
4 0.15771500 0.71875000 0.02246100 0.02616300
15 0.18408200 0.72020300 0.02246100 0.02616300
14 0.21093800 0.72129400 0.02148400 0.02543600
16 0.23828100 0.72238400 0.02148400 0.02616300
10 0.26562500 0.72383700 0.02148400 0.02616300
8 0.29296900 0.72492700 0.02148400 0.02543600
10 0.35058600 0.72710800 0.02343800 0.02689000
14 0.37890600 0.72856100 0.02343800 0.02689000
11 0.40722700 0.72965100 0.02343800 0.02616300
16 0.46679700 0.73183100 0.02343800 0.02616300
8 0.49609400 0.73255800 0.02343800 0.02616300
4 0.52539100 0.73328500 0.02343800 0.02616300
19 0.12939500 0.75363400 0.02246100 0.02616300
14 0.15576200 0.75508700 0.02246100 0.02616300
13 0.18212900 0.75654100 0.02246100 0.02616300
10 0.20947300 0.75799400 0.02246100 0.02616300
8 0.23632800 0.75908400 0.02343800 0.02689000
4 0.26416000 0.76053800 0.02246100 0.02689000
6 0.32128900 0.76344500 0.02343800 0.02689000
14 0.34863300 0.76453500 0.02343800 0.02616300
17 0.37793000 0.76598800 0.02343800 0.02616300
16 0.43603500 0.76853200 0.02246100 0.02689000
8 0.46582000 0.76962200 0.02343800 0.02761600
4 0.49511700 0.77071200 0.02343800 0.02689000
25 0.12744100 0.78924400 0.02246100 0.02616300
0 0.15283200 0.79069800 0.02246100 0.02616300
19 0.18017600 0.79287800 0.02246100 0.02616300
17 0.20703100 0.79469500 0.02343800 0.02689000
4 0.23486300 0.79614800 0.02246100 0.02689000
23 0.26269500 0.79760200 0.02343800 0.02689000
0 0.29052700 0.79905500 0.02246100 0.02689000
19 0.31835900 0.80050900 0.02343800 0.02689000
10 0.37548800 0.80341600 0.02441400 0.02689000
0 0.40576200 0.80486900 0.02441400 0.02689000
10 0.43457000 0.80632300 0.02343800 0.02689000
13 0.49414100 0.80850300 0.02539100 0.02834300
0 0.52441400 0.80995600 0.02539100 0.02834300
15 0.58593800 0.81286300 0.02539100 0.02834300
14 0.61669900 0.81431700 0.02441400 0.02834300
9 0.64746100 0.81577000 0.02539100 0.02834300
0 0.67871100 0.81649700 0.02539100 0.02834300
17 0.71044900 0.81722400 0.02636700 0.02834300
4 0.74169900 0.81867700 0.02636700 0.02834300
22 0.12548800 0.82630800 0.02246100 0.02616300
13 0.17822300 0.82994200 0.02246100 0.02616300
0 0.20556600 0.83175900 0.02246100 0.02689000
4 0.26074200 0.83539200 0.02343800 0.02689000
12 0.28906200 0.83684600 0.02343800 0.02689000
18 0.34619100 0.83975300 0.02441400 0.02689000
19 0.37500000 0.84157000 0.02343800 0.02761600
0 0.40332000 0.84302300 0.02343800 0.02761600
17 0.43359400 0.84447700 0.02343800 0.02761600
14 0.46289100 0.84593000 0.02343800 0.02761600
12 0.49267600 0.84811000 0.02441400 0.02761600
18 0.55419900 0.85101700 0.02441400 0.02761600
0 0.58496100 0.85247100 0.02539100 0.02761600
12 0.61572300 0.85392400 0.02441400 0.02761600
14 0.64599600 0.85537800 0.02441400 0.02761600
22 0.67822300 0.85610500 0.02636700 0.02907000
0 0.70947300 0.85755800 0.02636700 0.02907000
17 0.74121100 0.85828500 0.02539100 0.02907000
4 0.77246100 0.85937500 0.02539100 0.02834300
19 0.12353500 0.86191900 0.02246100 0.02616300
14 0.14990200 0.86446200 0.02246100 0.02543600
19 0.20459000 0.86882300 0.02246100 0.02543600
14 0.23144500 0.87136600 0.02343800 0.02616300
22 0.28808600 0.87463700 0.02343800 0.02689000
4 0.31640600 0.87609000 0.02343800 0.02689000
18 0.34472700 0.87790700 0.02343800 0.02616300
4 0.37304700 0.87972400 0.02343800 0.02689000
11 0.40234400 0.88190400 0.02539100 0.02834300
14 0.43212900 0.88335800 0.02441400 0.02834300
6 0.49267600 0.88699100 0.02441400 0.02834300
14 0.52197300 0.88880800 0.02441400 0.02761600
17 0.55322300 0.89062500 0.02441400 0.02834300
19 0.61523400 0.89389500 0.02539100 0.02761600
0 0.12109400 0.89825600 0.02343800 0.02616300
17 0.17480500 0.90261600 0.02343800 0.02616300
4 0.20166000 0.90516000 0.02246100 0.02543600
1 0.22900400 0.90734000 0.02441400 0.02689000
19 0.28564500 0.91170100 0.02441400 0.02689000
0 0.31298800 0.91388100 0.02441400 0.02689000
6 0.37109400 0.91824100 0.02539100 0.02834300
14 0.40039100 0.91969500 0.02539100 0.02834300
22 0.43066400 0.92187500 0.02539100 0.02834300
14 0.46142600 0.92405500 0.02441400 0.02834300
17 0.49121100 0.92623500 0.02539100 0.02834300
19 0.55273400 0.93059600 0.02539100 0.02834300
15 0.65429700 0.09556700 0.02148400 0.02398300
17 0.68164100 0.09556700 0.02148400 0.02252900
8 0.71044900 0.09520300 0.02050800 0.02325600
1 0.73925800 0.09484000 0.02148400 0.02252900
14 0.56933600 0.13045100 0.02148400 0.02252900
4 0.59668000 0.16351700 0.02148400 0.02325600
