14 0.32187500 0.07656250 0.04218750 0.13906250
11 0.37031250 0.08671875 0.04218750 0.13906250
3 0.41562500 0.08671875 0.04218750 0.13906250
11 0.50781250 0.08671875 0.04062500 0.13906250
0 0.55625000 0.08671875 0.03906250 0.13593750
3 0.60312500 0.08671875 0.04062500 0.13906250
24 0.64531250 0.08359375 0.04062500 0.13593750
6 0.83125000 0.08671875 0.03750000 0.12500000
14 0.87812500 0.08671875 0.04218750 0.12812500
7 0.07812500 0.23593750 0.04218750 0.15625000
20 0.12656250 0.23984375 0.03906250 0.14218750
13 0.17500000 0.23984375 0.03906250 0.12500000
22 0.22187500 0.42343750 0.03750000 0.13906250
4 0.26875000 0.42343750 0.03593750 0.13906250
18 0.11875000 0.60078125 0.04375000 0.15937500
6 0.21875000 0.60781250 0.04062500 0.14531250
3 0.26875000 0.60390625 0.03750000 0.14218750
14 0.40937500 0.61093750 0.04062500 0.13906250
18 0.45937500 0.60390625 0.03750000 0.13906250
5 0.65000000 0.78828125 0.04062500 0.13906250
11 0.60000000 0.43750000 0.03750000 0.14218750
2 0.50781250 0.42734375 0.03593750 0.12500000
