11 0.35312500 0.14531250 0.09375000 0.16093750
14 0.45000000 0.13593750 0.09062500 0.15781250
14 0.54843750 0.13125000 0.08593750 0.16250000
16 0.05937500 0.41562500 0.08281250 0.16718750
4 0.16406250 0.39375000 0.09062500 0.18125000
4 0.27343750 0.37812500 0.10312500 0.20156250
3 0.47187500 0.35312500 0.09531250 0.17500000
0 0.56562500 0.34218750 0.08125000 0.17031250
23 0.65937500 0.32656250 0.09062500 0.17656250
17 0.74687500 0.31562500 0.08281250 0.17656250
4 0.07500000 0.63906250 0.08750000 0.17187500
11 0.17187500 0.62656250 0.09531250 0.18437500
12 0.28437500 0.60625000 0.10312500 0.17500000
14 0.39375000 0.59687500 0.10000000 0.18906250
18 0.58125000 0.55000000 0.09062500 0.16562500
18 0.19531250 0.86718750 0.08750000 0.18906250
7 0.09531250 0.87187500 0.08750000 0.17656250
25 0.30000000 0.85000000 0.08593750 0.18125000
3 0.40937500 0.88750000 0.10312500 0.18906250
17 0.60468750 0.77187500 0.09531250 0.18125000
0 0.70000000 0.75000000 0.08593750 0.17968750
4 0.15625000 0.17812500 0.08281250 0.17968750
14 0.67500000 0.53437500 0.09375000 0.17031250
