20 0.48125000 0.58125000 0.05937500 0.16093750
0 0.41562500 0.58437500 0.05625000 0.14531250
4 0.53750000 0.56562500 0.05468750 0.15312500
14 0.42031250 0.74375000 0.05937500 0.15625000
19 0.47812500 0.74218750 0.05625000 0.14531250
16 0.54375000 0.70625000 0.05625000 0.15781250
17 0.65312500 0.87656250 0.04531250 0.15312500
16 0.54375000 0.90468750 0.04687500 0.15312500
9 0.60312500 0.89218750 0.05468750 0.15000000
14 0.69531250 0.53437500 0.04531250 0.17031250
12 0.64375000 0.54375000 0.05937500 0.17031250
19 0.40625000 0.39687500 0.05000000 0.16093750
13 0.46250000 0.38750000 0.05625000 0.16250000
6 0.51875000 0.39531250 0.04687500 0.16250000
13 0.75000000 0.51875000 0.05000000 0.15781250
11 0.57187500 0.38906250 0.05000000 0.15625000
4 0.62812500 0.38437500 0.05156250 0.15781250
17 0.59531250 0.71718750 0.04531250 0.15312500
13 0.71093750 0.85781250 0.04687500 0.15000000
4 0.65000000 0.71718750 0.05156250 0.15781250
4 0.76875000 0.85937500 0.05156250 0.15781250
25 0.70468750 0.70468750 0.05000000 0.13593750
1 0.81406250 0.66875000 0.05156250 0.13906250
10 0.80312500 0.51406250 0.04687500 0.12187500
19 0.86875000 0.65937500 0.04687500 0.14062500
18 0.92031250 0.65312500 0.04531250 0.13593750
17 0.82500000 0.83281250 0.04531250 0.13906250
18 0.88125000 0.82500000 0.04687500 0.13906250
17 0.50781250 0.21718750 0.04687500 0.14531250
14 0.56093750 0.21718750 0.05156250 0.14531250
13 0.67500000 0.19531250 0.05156250 0.15312500
14 0.73125000 0.19531250 0.05625000 0.14375000
21 0.78437500 0.17968750 0.05000000 0.15312500
7 0.73593750 0.36718750 0.05468750 0.14375000
14 0.79218750 0.35000000 0.05156250 0.13906250
9 0.34687500 0.40781250 0.05000000 0.15312500
7 0.35156250 0.59687500 0.05156250 0.14062500
