19 0.67500000 0.39062500 0.05625000 0.14531250
13 0.73750000 0.39062500 0.05156250 0.15312500
20 0.74218750 0.58125000 0.05000000 0.15000000
0 0.67500000 0.58125000 0.05468750 0.13593750
17 0.80000000 0.18437500 0.06250000 0.14843750
9 0.60937500 0.39375000 0.05156250 0.13906250
6 0.80468750 0.37187500 0.05156250 0.14531250
4 0.80468750 0.57343750 0.05156250 0.14062500
7 0.61250000 0.58906250 0.05000000 0.13906250
14 0.67968750 0.77656250 0.05625000 0.14062500
2 0.61718750 0.77187500 0.04687500 0.13125000
19 0.74687500 0.77343750 0.05625000 0.13593750
16 0.80781250 0.76875000 0.05000000 0.13906250
17 0.87187500 0.76093750 0.04687500 0.15000000
4 0.93281250 0.75312500 0.04687500 0.14062500
11 0.86718750 0.37812500 0.05625000 0.15000000
