2 0.11406250 0.11796875 0.03281250 0.11093750
17 0.19375000 0.11093750 0.03281250 0.11093750
0 0.23593750 0.11484375 0.03281250 0.10781250
6 0.27656250 0.11093750 0.03750000 0.11484375
4 0.31718750 0.11484375 0.03593750 0.12187500
18 0.39843750 0.11484375 0.03437500 0.10781250
24 0.14375000 0.25000000 0.03750000 0.12500000
1 0.39687500 0.25000000 0.03281250 0.11484375
11 0.44062500 0.25000000 0.03750000 0.12500000
0 0.48437500 0.25312500 0.03593750 0.11796875
2 0.52343750 0.25000000 0.03437500 0.11796875
10 0.56406250 0.24687500 0.03593750 0.12500000
3 0.05468750 0.40937500 0.03437500 0.12500000
1 0.22500000 0.40312500 0.03750000 0.12500000
0 0.31250000 0.40312500 0.03750000 0.11484375
15 0.39843750 0.40625000 0.03593750 0.13203125
8 0.43906250 0.40625000 0.03125000 0.12500000
11 0.48125000 0.40625000 0.03437500 0.12812500
4 0.52343750 0.40937500 0.03750000 0.13203125
5 0.69843750 0.40312500 0.03906250 0.13203125
17 0.74062500 0.40312500 0.03593750 0.12500000
4 0.78281250 0.41328125 0.04062500 0.13515625
11 0.21562500 0.56562500 0.03281250 0.13203125
6 0.30625000 0.56250000 0.03437500 0.13515625
4 0.35000000 0.56953125 0.03906250 0.12812500
2 0.43906250 0.55937500 0.03593750 0.12500000
14 0.48281250 0.56250000 0.03593750 0.12187500
3 0.52500000 0.56562500 0.02968750 0.13203125
10 0.70000000 0.56250000 0.03906250 0.12500000
18 0.74687500 0.56250000 0.03750000 0.12500000
21 0.82968750 0.56562500 0.03593750 0.13515625
2 0.03906250 0.72890625 0.03437500 0.11796875
4 0.07968750 0.72578125 0.03750000 0.12500000
18 0.25781250 0.72578125 0.03906250 0.14218750
20 0.34531250 0.73281250 0.03593750 0.12500000
8 0.39062500 0.72578125 0.03750000 0.13203125
3 0.43906250 0.72890625 0.03750000 0.14218750
19 0.52812500 0.71875000 0.03593750 0.13515625
19 0.61406250 0.72578125 0.04062500 0.13515625
0 0.65937500 0.72187500 0.03437500 0.12812500
2 0.70625000 0.72187500 0.03593750 0.12500000
11 0.75000000 0.72578125 0.03906250 0.13203125
4 0.79531250 0.72890625 0.03750000 0.13203125
19 0.02656250 0.89609375 0.04375000 0.14218750
7 0.15937500 0.89609375 0.03437500 0.13906250
14 0.20312500 0.90625000 0.03437500 0.13515625
14 0.24843750 0.89921875 0.04218750 0.13203125
10 0.29531250 0.90312500 0.04062500 0.14218750
13 0.48125000 0.89921875 0.04062500 0.12500000
4 0.52812500 0.89921875 0.03750000 0.12187500
23 0.57656250 0.89921875 0.04062500 0.14609375
19 0.62031250 0.89609375 0.03593750 0.13515625
3 0.75781250 0.89921875 0.03593750 0.13203125
24 0.88593750 0.89609375 0.03906250 0.12812500
