8 0.18701200 0.09520300 0.02050800 0.02180200
3 0.82812500 0.09593000 0.02148400 0.02180200
0 0.85302700 0.09593000 0.02050800 0.02180200
1 0.44433600 0.12245600 0.02148400 0.02252900
0 0.47070300 0.12245600 0.02148400 0.02252900
6 0.49609400 0.12391000 0.02148400 0.02252900
0 0.52148400 0.12391000 0.02148400 0.02252900
9 0.54687500 0.12391000 0.02148400 0.02252900
3 0.18505900 0.15298000 0.02050800 0.02107600
0 0.20947300 0.15225300 0.02050800 0.02107600
12 0.23584000 0.15225300 0.02050800 0.02107600
0 0.26025400 0.15152600 0.02050800 0.02107600
18 0.31298800 0.15079900 0.02050800 0.02107600
3 0.33837900 0.15116300 0.02050800 0.02180200
0 0.36474600 0.15116300 0.02050800 0.02180200
22 0.39111300 0.15116300 0.02050800 0.02180200
0 0.41748000 0.15152600 0.02050800 0.02107600
11 0.44384800 0.15189000 0.02050800 0.02180200
0 0.46923800 0.15189000 0.02050800 0.02180200
22 0.52294900 0.15334300 0.02050800 0.02180200
1 0.57421900 0.15588700 0.02148400 0.02252900
0 0.59960900 0.15588700 0.02148400 0.02252900
6 0.62695300 0.15588700 0.02148400 0.02252900
0 0.65136700 0.15588700 0.02148400 0.02252900
9 0.67675800 0.15661300 0.02148400 0.02252900
3 0.23437500 0.18277600 0.01953100 0.02107600
8 0.25878900 0.18204900 0.01953100 0.02107600
22 0.28613300 0.18168600 0.01953100 0.02180200
0 0.31152300 0.18132300 0.01953100 0.02107600
13 0.33789100 0.18059600 0.01953100 0.02107600
16 0.23242200 0.21220900 0.01953100 0.02180200
4 0.25781200 0.21220900 0.01953100 0.02180200
12 0.28466800 0.21220900 0.02050800 0.02180200
14 0.31152300 0.21220900 0.01953100 0.02180200
3 0.33691400 0.21220900 0.01953100 0.02180200
0 0.36328100 0.21220900 0.01953100 0.02180200
13 0.39062500 0.21220900 0.01953100 0.02180200
18 0.23144500 0.24345900 0.01953100 0.02180200
0 0.25781200 0.24345900 0.01953100 0.02180200
10 0.28369100 0.24345900 0.02050800 0.02180200
22 0.31005900 0.24345900 0.02050800 0.02180200
14 0.33691400 0.24309600 0.01953100 0.02252900
9 0.39013700 0.24382300 0.02050800 0.02107600
10 0.22998000 0.27543600 0.02050800 0.02180200
0 0.25634800 0.27507300 0.02050800 0.02252900
17 0.28271500 0.27470900 0.02050800 0.02180200
19 0.30957000 0.27470900 0.01953100 0.02180200
8 0.33642600 0.27470900 0.02050800 0.02180200
13 0.36181600 0.27470900 0.02050800 0.02180200
20 0.38916000 0.27470900 0.02050800 0.02180200
10 0.22851600 0.30668600 0.01953100 0.02180200
14 0.25488300 0.30595900 0.01953100 0.02180200
17 0.28173800 0.30595900 0.02050800 0.02180200
25 0.30859400 0.30595900 0.01953100 0.02180200
8 0.33544900 0.30595900 0.02050800 0.02180200
13 0.36132800 0.30595900 0.01953100 0.02180200
20 0.38916000 0.30595900 0.02050800 0.02180200
10 0.22802700 0.33829900 0.02050800 0.02252900
0 0.25341800 0.33829900 0.02050800 0.02252900
17 0.28076200 0.33829900 0.02050800 0.02252900
19 0.30712900 0.33829900 0.02050800 0.02252900
14 0.33398400 0.33829900 0.01953100 0.02252900
13 0.36132800 0.33829900 0.01953100 0.02252900
10 0.38818400 0.33829900 0.02050800 0.02252900
20 0.41455100 0.33902600 0.02050800 0.02252900
8 0.17480500 0.37136600 0.02148400 0.02325600
12 0.22656200 0.37100300 0.02148400 0.02252900
0 0.25341800 0.37100300 0.02050800 0.02252900
11 0.27978500 0.37100300 0.02050800 0.02252900
4 0.30712900 0.37100300 0.02050800 0.02252900
13 0.33349600 0.37100300 0.02050800 0.02252900
10 0.38769500 0.37100300 0.01953100 0.02252900
20 0.41455100 0.37064000 0.02050800 0.02325600
18 0.49560500 0.37173000 0.02050800 0.02252900
14 0.52148400 0.37245600 0.02148400 0.02252900
1 0.54834000 0.37245600 0.02050800 0.02252900
0 0.57519500 0.37318300 0.02148400 0.02252900
16 0.60107400 0.37318300 0.02050800 0.02252900
14 0.62744100 0.37391000 0.02050800 0.02252900
13 0.65380900 0.37427300 0.02050800 0.02325600
10 0.68017600 0.37463700 0.02050800 0.02252900
20 0.70654300 0.37463700 0.02050800 0.02252900
22 0.17138700 0.43677300 0.02050800 0.02325600
3 0.22314500 0.43604700 0.02050800 0.02325600
0 0.25048800 0.43604700 0.02050800 0.02325600
11 0.27880900 0.43604700 0.02050800 0.02325600
8 0.30517600 0.43641000 0.02050800 0.02252900
3 0.35986300 0.43641000 0.02050800 0.02252900
0 0.38720700 0.43641000 0.02050800 0.02252900
12 0.41455100 0.43641000 0.02050800 0.02252900
4 0.44189500 0.43641000 0.02050800 0.02252900
13 0.49609400 0.43713700 0.01953100 0.02252900
0 0.52294900 0.43713700 0.02050800 0.02252900
18 0.57568400 0.43786300 0.02050800 0.02252900
19 0.60205100 0.43786300 0.02050800 0.02252900
0 0.62793000 0.43859000 0.01953100 0.02252900
13 0.65478500 0.43859000 0.02050800 0.02252900
2 0.68115200 0.43859000 0.02050800 0.02252900
8 0.70703100 0.43859000 0.01953100 0.02252900
8 0.73339800 0.43859000 0.01953100 0.02252900
16 0.16943400 0.46947700 0.02050800 0.02325600
4 0.19580100 0.46947700 0.02050800 0.02325600
19 0.22216800 0.46875000 0.02050800 0.02325600
17 0.27685500 0.46875000 0.02050800 0.02325600
4 0.30419900 0.46911300 0.02050800 0.02252900
25 0.35888700 0.46911300 0.02050800 0.02252900
4 0.38623000 0.46911300 0.02050800 0.02252900
11 0.41357400 0.46947700 0.02050800 0.02325600
4 0.44091800 0.46984000 0.02050800 0.02252900
13 0.46826200 0.46984000 0.02050800 0.02252900
7 0.52197300 0.46984000 0.02050800 0.02252900
10 0.57568400 0.47056700 0.02050800 0.02252900
22 0.60205100 0.47056700 0.02050800 0.02252900
8 0.62841800 0.47093000 0.02050800 0.02325600
19 0.65576200 0.47129400 0.02050800 0.02252900
0 0.68164100 0.47129400 0.01953100 0.02252900
13 0.70752000 0.47165700 0.02050800 0.02325600
2 0.73388700 0.47129400 0.02050800 0.02252900
8 0.76025400 0.47056700 0.02050800 0.02252900
8 0.78662100 0.47056700 0.02050800 0.02252900
14 0.16845700 0.50290700 0.02050800 0.02325600
19 0.22119100 0.50290700 0.02050800 0.02325600
14 0.24853500 0.50254400 0.02050800 0.02398300
12 0.27587900 0.50254400 0.02050800 0.02398300
16 0.33056600 0.50254400 0.02050800 0.02398300
19 0.35791000 0.50254400 0.02050800 0.02398300
14 0.38525400 0.50254400 0.02050800 0.02398300
15 0.44091800 0.50290700 0.02050800 0.02325600
14 0.46777300 0.50290700 0.02148400 0.02325600
11 0.49560500 0.50290700 0.02050800 0.02325600
20 0.52197300 0.50290700 0.02050800 0.02325600
16 0.54931600 0.50290700 0.02050800 0.02325600
4 0.57568400 0.50327000 0.02050800 0.02252900
13 0.60302700 0.50327000 0.02050800 0.02252900
1 0.65576200 0.50363400 0.02050800 0.02325600
0 0.68212900 0.50363400 0.02050800 0.02325600
6 0.70849600 0.50363400 0.02050800 0.02325600
0 0.73486300 0.50290700 0.02050800 0.02180200
9 0.76123000 0.50181700 0.02050800 0.02252900
3 0.21972700 0.53633700 0.02148400 0.02325600
8 0.24658200 0.53633700 0.02050800 0.02325600
22 0.27441400 0.53633700 0.02148400 0.02325600
0 0.30224600 0.53633700 0.02050800 0.02325600
13 0.32959000 0.53633700 0.02050800 0.02325600
16 0.21826200 0.57013100 0.02050800 0.02398300
4 0.24511700 0.57013100 0.02148400 0.02398300
12 0.27246100 0.57013100 0.02148400 0.02398300
14 0.30078100 0.57085800 0.02148400 0.02398300
3 0.32861300 0.57085800 0.02050800 0.02398300
0 0.35693400 0.57085800 0.02050800 0.02398300
13 0.38476600 0.57013100 0.02148400 0.02398300
18 0.21679700 0.60465100 0.02148400 0.02470900
0 0.24365200 0.60465100 0.02050800 0.02470900
10 0.27197300 0.60501500 0.02050800 0.02398300
22 0.29980500 0.60537800 0.02148400 0.02470900
14 0.32812500 0.60501500 0.02148400 0.02398300
9 0.38378900 0.60465100 0.02148400 0.02470900
10 0.21533200 0.63953500 0.02246100 0.02470900
0 0.24316400 0.63989800 0.02148400 0.02398300
17 0.27050800 0.64026200 0.02148400 0.02470900
19 0.29882800 0.64026200 0.02148400 0.02470900
8 0.32714800 0.64026200 0.02148400 0.02470900
13 0.35498000 0.64026200 0.02246100 0.02470900
0 0.38378900 0.63953500 0.02148400 0.02470900
10 0.21386700 0.67478200 0.02148400 0.02543600
14 0.24072300 0.67550900 0.02246100 0.02398300
17 0.26904300 0.67550900 0.02246100 0.02398300
25 0.29687500 0.67587200 0.02148400 0.02470900
8 0.32568400 0.67587200 0.02246100 0.02470900
13 0.35351600 0.67587200 0.02148400 0.02470900
0 0.38281200 0.67587200 0.02148400 0.02470900
10 0.21191400 0.71039200 0.02148400 0.02543600
0 0.23974600 0.71075600 0.02246100 0.02470900
17 0.26806600 0.71148300 0.02246100 0.02470900
19 0.29589800 0.71148300 0.02148400 0.02470900
14 0.32421900 0.71148300 0.02148400 0.02470900
13 0.35351600 0.71075600 0.02148400 0.02470900
10 0.38183600 0.71075600 0.02148400 0.02470900
0 0.41015600 0.71075600 0.02148400 0.02470900
8 0.15673800 0.74600300 0.02246100 0.02543600
12 0.21093800 0.74673000 0.02148400 0.02543600
0 0.23828100 0.74745600 0.02148400 0.02543600
11 0.26660200 0.74745600 0.02148400 0.02543600
4 0.29541000 0.74745600 0.02246100 0.02543600
13 0.32373000 0.74673000 0.02246100 0.02543600
10 0.38134800 0.74673000 0.02246100 0.02543600
0 0.40966800 0.74673000 0.02246100 0.02543600
18 0.49560500 0.74527600 0.02246100 0.02543600
14 0.52294900 0.74527600 0.02246100 0.02543600
1 0.55078100 0.74454900 0.02148400 0.02543600
0 0.57861300 0.74454900 0.02246100 0.02543600
16 0.60693400 0.74382300 0.02246100 0.02543600
14 0.63427700 0.74345900 0.02246100 0.02470900
13 0.66162100 0.74309600 0.02246100 0.02543600
10 0.68896500 0.74273300 0.02246100 0.02470900
0 0.71630900 0.74236900 0.02246100 0.02543600
22 0.15283200 0.81686000 0.02246100 0.02616300
4 0.18017600 0.81831400 0.02246100 0.02616300
23 0.20752000 0.81904100 0.02246100 0.02616300
8 0.23486300 0.82122100 0.02246100 0.02616300
22 0.29345700 0.82049400 0.02246100 0.02616300
4 0.32177700 0.82085800 0.02246100 0.02543600
25 0.35107400 0.82013100 0.02246100 0.02543600
20 0.37939500 0.81940400 0.02246100 0.02543600
19 0.40869100 0.81904100 0.02246100 0.02616300
13 0.46582000 0.81831400 0.02343800 0.02616300
0 0.49462900 0.81758700 0.02246100 0.02616300
15 0.55078100 0.81649700 0.02343800 0.02543600
4 0.57959000 0.81613400 0.02246100 0.02616300
17 0.60742200 0.81577000 0.02343800 0.02543600
17 0.63525400 0.81540700 0.02246100 0.02616300
14 0.66259800 0.81395300 0.02246100 0.02616300
13 0.69091800 0.81322700 0.02246100 0.02616300
10 0.15136700 0.85428800 0.02148400 0.02543600
8 0.17822300 0.85501500 0.02246100 0.02543600
3 0.20556600 0.85574100 0.02246100 0.02543600
0 0.23437500 0.85646800 0.02148400 0.02543600
19 0.29150400 0.85828500 0.02246100 0.02616300
22 0.35009800 0.85683100 0.02246100 0.02616300
14 0.40820300 0.85610500 0.02343800 0.02616300
19 0.43652300 0.85537800 0.02343800 0.02616300
10 0.46582000 0.85465100 0.02343800 0.02616300
17 0.49462900 0.85392400 0.02246100 0.02616300
19 0.55127000 0.85283400 0.02246100 0.02543600
22 0.66357400 0.84992700 0.02246100 0.02543600
0 0.69043000 0.84883700 0.02148400 0.02470900
6 0.71875000 0.84847400 0.02148400 0.02543600
14 0.74560500 0.84774700 0.02246100 0.02543600
13 0.77294900 0.84738400 0.02246100 0.02470900
6 0.15039100 0.89135200 0.02148400 0.02543600
14 0.17627000 0.89244200 0.02246100 0.02616300
19 0.20410200 0.89353200 0.02148400 0.02543600
14 0.23291000 0.89425900 0.02246100 0.02543600
22 0.26171900 0.89534900 0.02148400 0.02616300
14 0.29101600 0.89425900 0.02343800 0.02543600
20 0.37890600 0.89353200 0.02343800 0.02543600
11 0.40722700 0.89280500 0.02343800 0.02543600
14 0.43652300 0.89207800 0.02343800 0.02543600
9 0.46582000 0.89135200 0.02343800 0.02543600
4 0.49511700 0.89062500 0.02343800 0.02543600
13 0.52343800 0.88953500 0.02343800 0.02470900
1 0.58056600 0.88735500 0.02246100 0.02470900
0 0.60937500 0.88662800 0.02343800 0.02470900
6 0.63671900 0.88626500 0.02343800 0.02398300
0 0.66406200 0.88553800 0.02343800 0.02398300
9 0.69238300 0.88481100 0.02343800 0.02398300
