8 0.11562500 0.72916667 0.03125000 0.11458333
12 0.15781250 0.72569444 0.03593750 0.11111111
15 0.19843750 0.72569444 0.03437500 0.11111111
14 0.23593750 0.72569444 0.03125000 0.10763889
17 0.27656250 0.72222222 0.03593750 0.12500000
19 0.31718750 0.72222222 0.03437500 0.12500000
0 0.35937500 0.72222222 0.03125000 0.12847222
13 0.39687500 0.71875000 0.03593750 0.11458333
19 0.43750000 0.71875000 0.03750000 0.11805556
18 0.59687500 0.71875000 0.03593750 0.11805556
8 0.23437500 0.87152778 0.03437500 0.11111111
12 0.27656250 0.87500000 0.03125000 0.11805556
15 0.31562500 0.87152778 0.03281250 0.11458333
14 0.35468750 0.87152778 0.03750000 0.13194444
17 0.39843750 0.87152778 0.03437500 0.13194444
19 0.43906250 0.86805556 0.03593750 0.12500000
0 0.47968750 0.87152778 0.03281250 0.10763889
13 0.51875000 0.87500000 0.03281250 0.12847222
19 0.56093750 0.87500000 0.03281250 0.12847222
13 0.84687500 0.86458333 0.03437500 0.13194444
14 0.88750000 0.86458333 0.03437500 0.13194444
19 0.24062500 0.56944444 0.03125000 0.11805556
17 0.27968750 0.57291667 0.03281250 0.12500000
4 0.32187500 0.57638889 0.03281250 0.12847222
1 0.35625000 0.57291667 0.03125000 0.11805556
7 0.24062500 0.42708333 0.03281250 0.11458333
14 0.28593750 0.43055556 0.03437500 0.10763889
3 0.32187500 0.43055556 0.02968750 0.11805556
24 0.35937500 0.43055556 0.03906250 0.12847222
9 0.32500000 0.28472222 0.03281250 0.12152778
0 0.36562500 0.28125000 0.03125000 0.11458333
13 0.40468750 0.28472222 0.02968750 0.11458333
24 0.51875000 0.28472222 0.03750000 0.10763889
1 0.63437500 0.27777778 0.03593750 0.11458333
3 0.43906250 0.43055556 0.03906250 0.12152778
8 0.48125000 0.42708333 0.03593750 0.11111111
24 0.55937500 0.42013889 0.03593750 0.12152778
21 0.47812500 0.57638889 0.02812500 0.12500000
11 0.51875000 0.57291667 0.03281250 0.12152778
0 0.56093750 0.57291667 0.03125000 0.11458333
3 0.59687500 0.57638889 0.03281250 0.11805556
18 0.67656250 0.56597222 0.02968750 0.12152778
10 0.71875000 0.56944444 0.03281250 0.11458333
24 0.75937500 0.56597222 0.03437500 0.11111111
8 0.84062500 0.56944444 0.03281250 0.11458333
18 0.88281250 0.56944444 0.03593750 0.12152778
6 0.95625000 0.55902778 0.03437500 0.12152778
