7 0.27968750 0.05937500 0.03437500 0.11875000
24 0.19062500 0.05546875 0.03437500 0.11093750
14 0.41406250 0.06250000 0.03281250 0.12187500
3 0.76718750 0.05937500 0.03750000 0.11562500
11 0.23750000 0.21875000 0.03593750 0.12500000
18 0.36875000 0.21875000 0.03750000 0.13281250
17 0.50312500 0.22890625 0.03750000 0.12500000
4 0.54375000 0.22578125 0.03593750 0.13593750
12 0.58906250 0.22578125 0.03750000 0.13125000
3 0.67968750 0.22578125 0.03125000 0.11718750
4 0.90000000 0.22578125 0.03750000 0.12500000
4 0.76718750 0.38906250 0.03750000 0.12500000
15 0.63437500 0.38906250 0.03750000 0.11875000
15 0.41406250 0.38906250 0.03906250 0.12500000
19 0.01718750 0.54140625 0.03437500 0.12500000
7 0.58750000 0.55546875 0.03281250 0.11093750
18 0.67500000 0.55546875 0.03593750 0.12500000
18 0.76406250 0.72578125 0.03281250 0.12187500
11 0.63125000 0.72187500 0.03281250 0.11718750
0 0.58750000 0.72187500 0.03593750 0.12187500
13 0.27656250 0.71562500 0.03750000 0.12812500
13 0.10156250 0.87812500 0.03750000 0.12187500
14 0.27656250 0.88203125 0.03593750 0.12500000
2 0.80937500 0.89218750 0.03437500 0.12500000
4 0.85312500 0.89218750 0.03593750 0.12812500
