18 0.13750000 0.21406250 0.07343750 0.16250000
7 0.22656250 0.19531250 0.07812500 0.16093750
4 0.32031250 0.18437500 0.07656250 0.17187500
3 0.25625000 0.60000000 0.09375000 0.16718750
0 0.35312500 0.58593750 0.08281250 0.16093750
12 0.41875000 0.15937500 0.08281250 0.16562500
3 0.60156250 0.12968750 0.07656250 0.16718750
14 0.68437500 0.12343750 0.08125000 0.16093750
3 0.45625000 0.56875000 0.09062500 0.17187500
0 0.43437500 0.36718750 0.07812500 0.15312500
5 0.52500000 0.35781250 0.07812500 0.17187500
18 0.61718750 0.33593750 0.08750000 0.17656250
21 0.77500000 0.12187500 0.07812500 0.16562500
13 0.84375000 0.11250000 0.06875000 0.14843750
11 0.67656250 0.75937500 0.09843750 0.16250000
0 0.57500000 0.77187500 0.10000000 0.17187500
18 0.63437500 0.52968750 0.09375000 0.16718750
4 0.71250000 0.32500000 0.08593750 0.17187500
16 0.80000000 0.30937500 0.08125000 0.15625000
