18 0.07656250 0.19097222 0.03281250 0.10763889
3 0.34843750 0.21527778 0.03125000 0.10416667
8 0.49375000 0.22916667 0.02968750 0.10069444
14 0.60156250 0.22916667 0.02812500 0.10069444
14 0.75000000 0.22222222 0.02968750 0.10069444
17 0.11250000 0.33680556 0.03125000 0.10763889
4 0.15312500 0.33680556 0.02812500 0.10069444
19 0.30937500 0.35069444 0.02968750 0.10069444
5 0.38437500 0.35069444 0.02812500 0.10069444
5 0.52968750 0.36111111 0.02812500 0.10069444
8 0.56718750 0.36111111 0.02812500 0.09722222
19 0.60156250 0.35763889 0.02812500 0.09375000
18 0.02500000 0.62152778 0.03281250 0.11111111
18 0.30468750 0.62847222 0.03125000 0.10763889
3 0.49218750 0.63194444 0.02968750 0.10416667
0 0.64062500 0.63194444 0.03125000 0.09722222
24 0.94843750 0.63194444 0.03281250 0.10416667
0 0.10468750 0.77083333 0.03281250 0.10069444
13 0.14218750 0.77083333 0.03281250 0.10763889
4 0.49218750 0.77083333 0.02812500 0.11111111
4 0.71875000 0.77430556 0.02968750 0.11111111
15 0.91250000 0.77777778 0.02812500 0.10763889
13 0.05937500 0.92013889 0.03281250 0.11458333
14 0.41562500 0.91666667 0.03125000 0.10763889
5 0.91718750 0.92013889 0.03125000 0.10763889
8 0.60468750 0.92013889 0.03125000 0.11458333
