19 0.65000000 0.47343750 0.05625000 0.13593750
13 0.70625000 0.47812500 0.05625000 0.13906250
14 0.82031250 0.30156250 0.05156250 0.13593750
11 0.82968750 0.47500000 0.05625000 0.13906250
20 0.71562500 0.65000000 0.05156250 0.12656250
0 0.65937500 0.65000000 0.05156250 0.12187500
17 0.76250000 0.30000000 0.06250000 0.15000000
9 0.59062500 0.48281250 0.05156250 0.13906250
6 0.76406250 0.47500000 0.05468750 0.13437500
4 0.77343750 0.65312500 0.04687500 0.13593750
7 0.59687500 0.66406250 0.05000000 0.13906250
12 0.88906250 0.62812500 0.04687500 0.12500000
14 0.66093750 0.83593750 0.05000000 0.12656250
2 0.60000000 0.83750000 0.04687500 0.12500000
19 0.72187500 0.82656250 0.05625000 0.13593750
16 0.77968750 0.82812500 0.05000000 0.13906250
17 0.83750000 0.81406250 0.04687500 0.15000000
4 0.89531250 0.81250000 0.04687500 0.14062500
25 0.95156250 0.79843750 0.04687500 0.11875000
