17 0.06718750 0.06250000 0.02968750 0.10069444
11 0.29062500 0.05902778 0.03281250 0.09722222
12 0.21718750 0.05902778 0.02812500 0.09375000
4 0.33125000 0.05902778 0.03125000 0.09375000
18 0.37031250 0.06597222 0.03281250 0.09375000
1 0.55468750 0.06944444 0.02656250 0.08333333
6 0.63125000 0.07291667 0.02500000 0.08333333
1 0.06406250 0.20138889 0.02500000 0.09722222
14 0.10156250 0.20138889 0.02968750 0.10416667
0 0.13593750 0.20138889 0.02656250 0.10069444
19 0.17656250 0.20138889 0.03125000 0.10416667
11 0.33281250 0.20138889 0.03125000 0.10416667
0 0.29062500 0.20138889 0.02812500 0.09027778
3 0.55937500 0.20833333 0.03125000 0.09027778
14 0.66718750 0.21180556 0.02968750 0.10069444
21 0.70312500 0.22222222 0.02656250 0.09375000
14 0.80468750 0.22569444 0.02812500 0.09722222
4 0.02500000 0.34027778 0.02500000 0.09722222
0 0.25156250 0.33333333 0.02656250 0.08680556
18 0.40781250 0.34722222 0.03125000 0.10763889
2 0.52187500 0.34375000 0.02968750 0.10069444
8 0.09843750 0.48263889 0.03281250 0.10069444
24 0.25156250 0.48958333 0.03437500 0.10416667
11 0.32968750 0.48958333 0.02968750 0.10763889
4 0.29062500 0.48958333 0.02656250 0.10069444
12 0.63125000 0.49305556 0.02812500 0.10069444
4 0.06250000 0.63194444 0.03750000 0.11805556
11 0.36718750 0.63194444 0.02500000 0.10416667
11 0.44531250 0.63194444 0.02968750 0.09722222
11 0.48281250 0.63194444 0.03125000 0.09722222
14 0.52031250 0.63194444 0.02812500 0.09722222
11 0.16875000 0.78125000 0.02812500 0.10763889
4 0.21093750 0.78125000 0.03281250 0.10763889
4 0.32968750 0.78125000 0.03281250 0.10763889
18 0.40625000 0.77777778 0.03125000 0.09722222
14 0.48281250 0.77430556 0.02812500 0.10416667
0 0.59531250 0.77083333 0.02656250 0.09027778
0 0.09375000 0.92361111 0.02656250 0.10416667
6 0.32812500 0.92013889 0.03125000 0.10416667
4 0.44531250 0.91666667 0.02968750 0.10763889
18 0.59687500 0.91666667 0.02968750 0.11111111
15 0.70625000 0.91319444 0.02812500 0.09722222
