14 0.11562500 0.07656250 0.02812500 0.10078125
13 0.15468750 0.07656250 0.02656250 0.09375000
6 0.22812500 0.07968750 0.03125000 0.10078125
17 0.26250000 0.07968750 0.02812500 0.10390625
8 0.30000000 0.08359375 0.02656250 0.10390625
11 0.33593750 0.08359375 0.03125000 0.10390625
11 0.37343750 0.08359375 0.02968750 0.09687500
4 0.51562500 0.07968750 0.03125000 0.10390625
4 0.55000000 0.07968750 0.02968750 0.10390625
18 0.58437500 0.08671875 0.02968750 0.10078125
4 0.62187500 0.08671875 0.02968750 0.10078125
18 0.69531250 0.08359375 0.02968750 0.10390625
22 0.76718750 0.07656250 0.03281250 0.10390625
8 0.80312500 0.07968750 0.02812500 0.10390625
4 0.87500000 0.07968750 0.03281250 0.10390625
18 0.91093750 0.07656250 0.02968750 0.10078125
11 0.11562500 0.20859375 0.03281250 0.10078125
4 0.15312500 0.21171875 0.02968750 0.10390625
4 0.47968750 0.21562500 0.02812500 0.09375000
4 0.51406250 0.21562500 0.02656250 0.09062500
4 0.58593750 0.21171875 0.02968750 0.09687500
0 0.69375000 0.21562500 0.02656250 0.09375000
18 0.80312500 0.20859375 0.02812500 0.09687500
14 0.87656250 0.20859375 0.02968750 0.10078125
18 0.11406250 0.34687500 0.02812500 0.09687500
22 0.18906250 0.34687500 0.03125000 0.09375000
8 0.22656250 0.34375000 0.02968750 0.10390625
4 0.29843750 0.35078125 0.02968750 0.10781250
18 0.33593750 0.34687500 0.02968750 0.10078125
4 0.37187500 0.47890625 0.02968750 0.09687500
18 0.51406250 0.48281250 0.02968750 0.10390625
14 0.65937500 0.47890625 0.02656250 0.09375000
22 0.77031250 0.47890625 0.02812500 0.09687500
14 0.80625000 0.47890625 0.02812500 0.09375000
13 0.84218750 0.47578125 0.02812500 0.09062500
19 0.91718750 0.47890625 0.02968750 0.11093750
11 0.98750000 0.47890625 0.02343750 0.10390625
4 0.14375000 0.75312500 0.02968750 0.10078125
4 0.18281250 0.75703125 0.02812500 0.10078125
18 0.22031250 0.75312500 0.02656250 0.10390625
4 0.25625000 0.75312500 0.02968750 0.10078125
1 0.33125000 0.74687500 0.02968750 0.10078125
0 0.36875000 0.75312500 0.02968750 0.10078125
11 0.40312500 0.75000000 0.02812500 0.09687500
11 0.44062500 0.75000000 0.03125000 0.09687500
18 0.47656250 0.75312500 0.03125000 0.09375000
14 0.54843750 0.75312500 0.03125000 0.10390625
13 0.58437500 0.75000000 0.02968750 0.10078125
3 0.14375000 0.89609375 0.02968750 0.10390625
8 0.18281250 0.89218750 0.02656250 0.09687500
17 0.22031250 0.89218750 0.02968750 0.09687500
19 0.25625000 0.89218750 0.02812500 0.10390625
24 0.29375000 0.89218750 0.02968750 0.09687500
5 0.36718750 0.89218750 0.02656250 0.10078125
4 0.40312500 0.89218750 0.02968750 0.10078125
4 0.43906250 0.89218750 0.02968750 0.10390625
19 0.47500000 0.88906250 0.02812500 0.10390625
18 0.65937500 0.75312500 0.02968750 0.10390625
22 0.73281250 0.75312500 0.02968750 0.09687500
8 0.77031250 0.75312500 0.02656250 0.09375000
4 0.84375000 0.75703125 0.02968750 0.10781250
18 0.88281250 0.75703125 0.02968750 0.10390625
