21 0.06093750 0.19218750 0.09375000 0.17500000
0 0.16250000 0.17812500 0.07343750 0.16718750
17 0.26093750 0.15000000 0.08750000 0.18437500
7 0.15781250 0.64375000 0.10781250 0.22031250
0 0.28125000 0.61093750 0.09531250 0.19843750
6 0.46250000 0.11406250 0.08593750 0.16562500
15 0.40937500 0.57343750 0.10468750 0.20625000
16 0.43281250 0.88437500 0.11875000 0.22968750
14 0.56093750 0.10781250 0.08593750 0.15312500
13 0.64531250 0.09531250 0.07343750 0.15781250
2 0.05000000 0.64687500 0.09843750 0.20625000
19 0.56875000 0.82343750 0.12187500 0.23750000
18 0.52343750 0.55000000 0.10312500 0.20156250
4 0.62656250 0.53750000 0.10000000 0.21093750
17 0.68437500 0.79062500 0.10937500 0.24218750
18 0.79062500 0.75781250 0.09531250 0.22968750
4 0.73125000 0.08750000 0.06875000 0.14062500
16 0.73437500 0.51406250 0.10781250 0.20156250
