14 0.11562500 0.07638889 0.02812500 0.10069444
13 0.15468750 0.07638889 0.02656250 0.09375000
6 0.22812500 0.07986111 0.03125000 0.10069444
17 0.26250000 0.07986111 0.02812500 0.10416667
8 0.30000000 0.08333333 0.02656250 0.10416667
11 0.33593750 0.08333333 0.03125000 0.10416667
11 0.37343750 0.08333333 0.02968750 0.09722222
4 0.51562500 0.07986111 0.03125000 0.10416667
4 0.55000000 0.07986111 0.02968750 0.10416667
18 0.58437500 0.08680556 0.02968750 0.10069444
4 0.62187500 0.08680556 0.02968750 0.10069444
18 0.69531250 0.08333333 0.02968750 0.10416667
22 0.76718750 0.07638889 0.03281250 0.10416667
8 0.80312500 0.07986111 0.02812500 0.10416667
4 0.87500000 0.07986111 0.03281250 0.10416667
18 0.91093750 0.07638889 0.02968750 0.10069444
11 0.11562500 0.20833333 0.03281250 0.10069444
4 0.15312500 0.21180556 0.02968750 0.10416667
4 0.47968750 0.21527778 0.02812500 0.09375000
4 0.51406250 0.21527778 0.02656250 0.09027778
4 0.58593750 0.21180556 0.02968750 0.09722222
0 0.69375000 0.21527778 0.02656250 0.09375000
18 0.80312500 0.20833333 0.02812500 0.09722222
14 0.87656250 0.20833333 0.02968750 0.10069444
18 0.11406250 0.34722222 0.02812500 0.09722222
22 0.18906250 0.34722222 0.03125000 0.09375000
8 0.22656250 0.34375000 0.02968750 0.10416667
4 0.29843750 0.35069444 0.02968750 0.10763889
18 0.33593750 0.34722222 0.02968750 0.10069444
4 0.37187500 0.47916667 0.02968750 0.09722222
18 0.51406250 0.48263889 0.02968750 0.10416667
14 0.65937500 0.47916667 0.02656250 0.09375000
22 0.77031250 0.47916667 0.02812500 0.09722222
14 0.80625000 0.47916667 0.02812500 0.09375000
13 0.84218750 0.47569444 0.02812500 0.09027778
19 0.91718750 0.47916667 0.02968750 0.11111111
11 0.98750000 0.47916667 0.02343750 0.10416667
4 0.14375000 0.75347222 0.02968750 0.10069444
4 0.18281250 0.75694444 0.02812500 0.10069444
18 0.22031250 0.75347222 0.02656250 0.10416667
4 0.25625000 0.75347222 0.02968750 0.10069444
1 0.33125000 0.74652778 0.02968750 0.10069444
0 0.36875000 0.75347222 0.02968750 0.10069444
11 0.40312500 0.75000000 0.02812500 0.09722222
11 0.44062500 0.75000000 0.03125000 0.09722222
18 0.47656250 0.75347222 0.03125000 0.09375000
14 0.54843750 0.75347222 0.03125000 0.10416667
13 0.58437500 0.75000000 0.02968750 0.10069444
3 0.14375000 0.89583333 0.02968750 0.10416667
8 0.18281250 0.89236111 0.02656250 0.09722222
17 0.22031250 0.89236111 0.02968750 0.09722222
19 0.25625000 0.89236111 0.02812500 0.10416667
24 0.29375000 0.89236111 0.02968750 0.09722222
5 0.36718750 0.89236111 0.02656250 0.10069444
4 0.40312500 0.89236111 0.02968750 0.10069444
4 0.43906250 0.89236111 0.02968750 0.10416667
19 0.47500000 0.88888889 0.02812500 0.10416667
18 0.65937500 0.75347222 0.02968750 0.10416667
22 0.73281250 0.75347222 0.02968750 0.09722222
8 0.77031250 0.75347222 0.02656250 0.09375000
4 0.84375000 0.75694444 0.02968750 0.10763889
18 0.88281250 0.75694444 0.02968750 0.10416667
