18 0.14550800 0.09338700 0.02148400 0.02398300
10 0.17187500 0.09229700 0.02148400 0.02325600
14 0.19824200 0.09084300 0.02148400 0.02325600
11 0.22412100 0.08902600 0.02246100 0.02398300
10 0.27929700 0.08539200 0.02148400 0.02398300
14 0.30664100 0.08357600 0.02148400 0.02325600
4 0.36132800 0.07994200 0.02148400 0.02325600
1 0.44726600 0.07340100 0.02343800 0.02616300
11 0.50439500 0.07013100 0.02441400 0.02543600
14 0.53466800 0.06831400 0.02441400 0.02616300
11 0.59521500 0.06504400 0.02441400 0.02543600
4 0.62548800 0.06322700 0.02441400 0.02616300
19 0.65576200 0.06177300 0.02441400 0.02616300
18 0.19677700 0.12318300 0.02050800 0.02398300
10 0.22314500 0.12173000 0.02050800 0.02398300
14 0.24951200 0.12027600 0.02050800 0.02398300
11 0.27734400 0.11882300 0.02148400 0.02398300
10 0.33154300 0.11591600 0.02050800 0.02398300
14 0.35986300 0.11409900 0.02246100 0.02470900
25 0.41796900 0.11119200 0.02148400 0.02470900
8 0.44677700 0.10973800 0.02246100 0.02470900
12 0.47509800 0.10828500 0.02246100 0.02470900
18 0.19531200 0.15734000 0.02148400 0.02398300
19 0.22168000 0.15625000 0.02148400 0.02470900
14 0.24853500 0.15479700 0.02050800 0.02470900
11 0.27587900 0.15334300 0.02050800 0.02470900
10 0.33154300 0.15079900 0.02246100 0.02398300
14 0.35986300 0.14970900 0.02246100 0.02470900
11 0.41699200 0.14680200 0.02148400 0.02470900
4 0.44531200 0.14534900 0.02148400 0.02470900
19 0.47412100 0.14389500 0.02246100 0.02470900
18 0.19287100 0.19077000 0.02050800 0.02398300
14 0.22021500 0.19004400 0.02050800 0.02398300
17 0.24755900 0.18895300 0.02050800 0.02325600
14 0.27441400 0.18822700 0.02148400 0.02470900
10 0.30322300 0.18713700 0.02246100 0.02398300
0 0.35839800 0.18459300 0.02148400 0.02470900
4 0.41601600 0.18204900 0.02148400 0.02398300
23 0.44482400 0.18095900 0.02246100 0.02470900
4 0.47412100 0.17950600 0.02246100 0.02470900
13 0.53271500 0.17732600 0.02246100 0.02470900
4 0.56250000 0.17587200 0.02343800 0.02470900
19 0.59277300 0.17587200 0.02343800 0.02470900
0 0.13623000 0.22710800 0.02050800 0.02398300
22 0.19189500 0.22529100 0.02050800 0.02470900
18 0.21875000 0.22456400 0.02148400 0.02470900
4 0.24609400 0.22383700 0.02148400 0.02470900
6 0.27343800 0.22311000 0.02148400 0.02470900
14 0.30127000 0.22202000 0.02050800 0.02398300
16 0.35791000 0.21947700 0.02246100 0.02470900
4 0.38671900 0.21875000 0.02148400 0.02470900
19 0.41503900 0.21729700 0.02343800 0.02470900
17 0.47314500 0.21511600 0.02246100 0.02470900
4 0.50293000 0.21402600 0.02343800 0.02543600
6 0.56250000 0.21184600 0.02343800 0.02543600
14 0.59179700 0.21039200 0.02343800 0.02543600
3 0.62255900 0.20930200 0.02246100 0.02470900
0 0.65332000 0.20857600 0.02343800 0.02470900
8 0.13476600 0.29614800 0.02148400 0.02398300
1 0.18896500 0.29505800 0.02246100 0.02470900
11 0.24365200 0.29360500 0.02246100 0.02470900
20 0.29980500 0.29215100 0.02148400 0.02470900
13 0.35644500 0.29142400 0.02148400 0.02470900
4 0.38476600 0.29033400 0.02148400 0.02398300
4 0.41308600 0.28960800 0.02343800 0.02543600
10 0.56054700 0.28670100 0.02343800 0.02543600
19 0.59130900 0.28597400 0.02246100 0.02543600
14 0.62207000 0.28415700 0.02343800 0.02616300
20 0.68408200 0.28270300 0.02441400 0.02761600
13 0.74707000 0.28343000 0.02539100 0.02761600
4 0.77832000 0.28343000 0.02539100 0.02761600
4 0.80810500 0.28379400 0.02441400 0.02689000
1 0.08252000 0.33248500 0.02050800 0.02398300
11 0.13378900 0.33103200 0.02148400 0.02398300
18 0.18603500 0.36482600 0.02050800 0.02470900
4 0.21386700 0.36446200 0.02148400 0.02398300
17 0.24121100 0.36409900 0.02148400 0.02470900
20 0.18505900 0.39970900 0.02050800 0.02470900
18 0.21240200 0.39970900 0.02050800 0.02470900
0 0.23974600 0.39970900 0.02050800 0.02470900
19 0.26757800 0.39970900 0.02148400 0.02470900
22 0.18359400 0.43568300 0.02148400 0.02398300
4 0.21093800 0.43568300 0.02148400 0.02543600
18 0.23877000 0.43532000 0.02050800 0.02470900
15 0.32373000 0.43532000 0.02050800 0.02470900
14 0.35205100 0.43532000 0.02050800 0.02470900
11 0.38085900 0.43532000 0.02148400 0.02470900
14 0.40966800 0.43568300 0.02246100 0.02543600
18 0.43847700 0.43568300 0.02148400 0.02543600
0 0.46826200 0.43568300 0.02246100 0.02543600
19 0.49755900 0.43532000 0.02246100 0.02616300
10 0.12793000 0.47093000 0.02148400 0.02470900
19 0.15478500 0.47093000 0.02050800 0.02470900
14 0.18261700 0.47093000 0.02148400 0.02470900
19 0.26562500 0.47165700 0.02148400 0.02470900
14 0.29492200 0.47165700 0.02148400 0.02470900
19 0.35107400 0.47165700 0.02246100 0.02470900
0 0.37988300 0.47202000 0.02148400 0.02543600
10 0.40918000 0.47202000 0.02148400 0.02543600
14 0.43798800 0.47202000 0.02246100 0.02543600
10 0.55712900 0.47274700 0.02246100 0.02543600
14 0.58789100 0.47311000 0.02343800 0.02616300
19 0.61816400 0.47311000 0.02343800 0.02616300
4 0.64941400 0.47311000 0.02343800 0.02616300
13 0.68115200 0.47274700 0.02441400 0.02689000
14 0.71240200 0.47274700 0.02441400 0.02689000
10 0.74462900 0.47347400 0.02441400 0.02689000
18 0.12597700 0.54142400 0.02148400 0.02470900
19 0.15332000 0.54215100 0.02148400 0.02470900
0 0.18017600 0.54287800 0.02050800 0.02470900
11 0.20752000 0.54324100 0.02050800 0.02543600
0 0.23535200 0.54396800 0.02148400 0.02543600
3 0.29199200 0.54505800 0.02148400 0.02470900
4 0.32128900 0.54396800 0.02343800 0.02543600
22 0.34912100 0.54469500 0.02246100 0.02543600
14 0.37841800 0.54505800 0.02246100 0.02616300
16 0.40771500 0.54542200 0.02246100 0.02543600
10 0.43701200 0.54578500 0.02246100 0.02616300
0 0.46630900 0.54614800 0.02246100 0.02543600
10 0.52539100 0.54723800 0.02343800 0.02616300
14 0.55566400 0.54760200 0.02343800 0.02689000
19 0.58593800 0.54796500 0.02343800 0.02616300
4 0.61718800 0.54869200 0.02343800 0.02616300
13 0.64941400 0.54869200 0.02343800 0.02616300
10 0.68017600 0.54941900 0.02441400 0.02616300
0 0.71142600 0.54941900 0.02441400 0.02616300
18 0.77490200 0.55050900 0.02441400 0.02689000
15 0.80615200 0.55123500 0.02441400 0.02689000
0 0.83740200 0.55123500 0.02441400 0.02689000
19 0.86767600 0.55123500 0.02441400 0.02689000
20 0.07275400 0.57558100 0.02050800 0.02470900
10 0.09814500 0.57630800 0.02050800 0.02470900
11 0.12451200 0.57703500 0.02050800 0.02470900
0 0.15185500 0.57776200 0.02050800 0.02470900
3 0.17871100 0.57848800 0.02148400 0.02470900
22 0.23339800 0.57957800 0.02148400 0.02543600
0 0.26269500 0.58030500 0.02148400 0.02543600
19 0.29101600 0.58103200 0.02148400 0.02543600
22 0.20459000 0.61482600 0.02050800 0.02470900
14 0.23242200 0.61555200 0.02148400 0.02470900
19 0.26025400 0.61664200 0.02246100 0.02543600
19 0.31787100 0.61809600 0.02246100 0.02543600
4 0.34619100 0.61882300 0.02246100 0.02543600
1 0.37548800 0.61882300 0.02246100 0.02543600
4 0.40478500 0.61954900 0.02246100 0.02543600
15 0.46435500 0.62100300 0.02246100 0.02543600
14 0.49414100 0.62173000 0.02343800 0.02689000
3 0.52392600 0.62282000 0.02441400 0.02761600
18 0.58544900 0.62427300 0.02441400 0.02761600
15 0.61669900 0.62500000 0.02441400 0.02761600
8 0.64794900 0.62572700 0.02441400 0.02761600
13 0.67919900 0.62645300 0.02441400 0.02761600
10 0.71142600 0.62718000 0.02441400 0.02761600
20 0.74267600 0.62754400 0.02441400 0.02689000
12 0.17724600 0.65007300 0.02050800 0.02543600
6 0.23242200 0.65225300 0.02148400 0.02543600
10 0.26074200 0.65370600 0.02148400 0.02543600
20 0.28808600 0.65516000 0.02148400 0.02543600
15 0.37451200 0.65697700 0.02246100 0.02616300
4 0.40380900 0.65734000 0.02246100 0.02689000
17 0.43359400 0.65843000 0.02343800 0.02761600
8 0.46289100 0.65952000 0.02343800 0.02689000
13 0.49316400 0.66061000 0.02343800 0.02761600
10 0.52343800 0.66170100 0.02343800 0.02689000
20 0.55468800 0.66242700 0.02343800 0.02689000
18 0.12207000 0.68423000 0.02148400 0.02543600
22 0.14843800 0.68568300 0.02148400 0.02543600
4 0.17578100 0.68641000 0.02148400 0.02543600
17 0.20410200 0.68786300 0.02148400 0.02543600
7 0.23144500 0.68895300 0.02148400 0.02470900
20 0.25927700 0.68968000 0.02246100 0.02616300
13 0.31543000 0.69186000 0.02148400 0.02616300
0 0.34472700 0.69258700 0.02148400 0.02616300
15 0.40283200 0.69585800 0.02246100 0.02689000
4 0.43261700 0.69658400 0.02343800 0.02689000
17 0.46191400 0.69803800 0.02343800 0.02689000
8 0.49218800 0.69876500 0.02343800 0.02689000
13 0.52246100 0.70021800 0.02343800 0.02689000
10 0.55371100 0.70094500 0.02343800 0.02689000
20 0.58496100 0.70167200 0.02343800 0.02689000
16 0.12011700 0.72020300 0.02148400 0.02616300
8 0.14746100 0.72129400 0.02148400 0.02543600
18 0.17431600 0.72274700 0.02246100 0.02543600
19 0.20214800 0.72420100 0.02148400 0.02543600
20 0.22998000 0.72601700 0.02246100 0.02616300
15 0.31396500 0.72965100 0.02246100 0.02616300
17 0.34326200 0.73074100 0.02246100 0.02689000
14 0.37255900 0.73183100 0.02246100 0.02616300
18 0.40185500 0.73328500 0.02246100 0.02616300
19 0.43115200 0.73510200 0.02246100 0.02689000
13 0.49121100 0.73728200 0.02343800 0.02689000
10 0.52148400 0.73873500 0.02343800 0.02689000
20 0.55322300 0.73946200 0.02246100 0.02689000
22 0.17285200 0.75908400 0.02148400 0.02543600
14 0.20068400 0.76090100 0.02246100 0.02616300
19 0.22802700 0.76235500 0.02246100 0.02616300
19 0.28466800 0.76526200 0.02246100 0.02616300
4 0.31347700 0.76671500 0.02148400 0.02616300
1 0.34179700 0.76853200 0.02148400 0.02543600
4 0.37109400 0.76998500 0.02343800 0.02689000
15 0.43066400 0.77289200 0.02343800 0.02689000
14 0.46093800 0.77434600 0.02343800 0.02689000
3 0.49121100 0.77543600 0.02343800 0.02616300
20 0.55273400 0.77834300 0.02343800 0.02616300
10 0.61523400 0.78088700 0.02343800 0.02689000
8 0.64599600 0.78161300 0.02441400 0.02689000
1 0.17236300 0.79578500 0.02246100 0.02616300
4 0.19873000 0.79796500 0.02246100 0.02616300
11 0.22705100 0.79941900 0.02246100 0.02616300
4 0.28369100 0.80232600 0.02246100 0.02616300
15 0.34130900 0.80523300 0.02246100 0.02616300
14 0.37060500 0.80704900 0.02246100 0.02543600
3 0.40039100 0.80923000 0.02343800 0.02689000
20 0.43066400 0.81068300 0.02343800 0.02689000
10 0.49023400 0.81431700 0.02343800 0.02689000
8 0.52099600 0.81577000 0.02441400 0.02689000
14 0.11572300 0.82921500 0.02246100 0.02616300
3 0.14257800 0.83066900 0.02343800 0.02616300
4 0.17089800 0.83284900 0.02343800 0.02616300
11 0.22705100 0.83648300 0.02246100 0.02616300
2 0.28271500 0.84011600 0.02246100 0.02616300
4 0.31201200 0.84157000 0.02246100 0.02616300
13 0.37060500 0.84484000 0.02246100 0.02689000
0 0.39941400 0.84629400 0.02343800 0.02689000
15 0.45947300 0.85029100 0.02246100 0.02616300
20 0.49023400 0.85210800 0.02343800 0.02689000
7 0.52050800 0.85428800 0.02343800 0.02689000
20 0.55175800 0.85610500 0.02343800 0.02616300
8 0.11523400 0.86591600 0.02148400 0.02543600
15 0.17041000 0.86954900 0.02246100 0.02543600
11 0.19824200 0.87064000 0.02343800 0.02616300
0 0.22656200 0.87282000 0.02343800 0.02616300
19 0.25390600 0.87500000 0.02343800 0.02616300
14 0.28271500 0.87718000 0.02246100 0.02616300
16 0.31103500 0.87899700 0.02246100 0.02543600
4 0.34082000 0.88117700 0.02343800 0.02543600
10 0.36962900 0.88263100 0.02441400 0.02689000
13 0.42822300 0.88626500 0.02441400 0.02689000
0 0.45898400 0.88844500 0.02343800 0.02689000
22 0.48974600 0.89026200 0.02441400 0.02761600
4 0.52002000 0.89207800 0.02441400 0.02689000
17 0.55127000 0.89389500 0.02441400 0.02761600
7 0.58252000 0.89571200 0.02441400 0.02689000
20 0.61377000 0.89752900 0.02441400 0.02761600
20 0.11474600 0.90152600 0.02246100 0.02543600
11 0.14209000 0.90370600 0.02246100 0.02543600
14 0.16992200 0.90516000 0.02148400 0.02543600
9 0.19775400 0.90734000 0.02246100 0.02543600
8 0.22558600 0.90952000 0.02148400 0.02543600
11 0.25390600 0.91097400 0.02148400 0.02543600
0 0.28222700 0.91315400 0.02343800 0.02689000
10 0.33935500 0.91751500 0.02441400 0.02689000
14 0.36914100 0.92005800 0.02343800 0.02616300
19 0.39843800 0.92223800 0.02343800 0.02616300
4 0.42773400 0.92441900 0.02343800 0.02616300
13 0.45849600 0.92623500 0.02441400 0.02689000
10 0.48877000 0.92768900 0.02441400 0.02689000
0 0.51855500 0.92986900 0.02539100 0.02689000
0 0.58056600 0.93350300 0.02441400 0.02689000
18 0.64453100 0.93677300 0.02539100 0.02761600
0 0.67578100 0.93822700 0.02539100 0.02761600
12 0.70800800 0.93895300 0.02539100 0.02761600
0 0.73925800 0.94004400 0.02539100 0.02689000
15 0.80322300 0.94222400 0.02441400 0.02689000
14 0.83447300 0.94040700 0.02441400 0.02761600
11 0.89502000 0.93968000 0.02441400 0.02761600
0 0.92480500 0.93895300 0.02539100 0.02761600
20 0.06201200 0.93168600 0.02246100 0.02470900
9 0.08789100 0.93386600 0.02343800 0.02470900
8 0.11474600 0.93641000 0.02246100 0.02543600
13 0.14160200 0.93895300 0.02343800 0.02470900
0 0.16894500 0.94149700 0.02343800 0.02543600
19 0.19726600 0.94404100 0.02343800 0.02470900
