19 0.69375000 0.27812500 0.05625000 0.14843750
13 0.75156250 0.27968750 0.05156250 0.15625000
20 0.75468750 0.46093750 0.05000000 0.13906250
0 0.69531250 0.46093750 0.05625000 0.14375000
9 0.63281250 0.28437500 0.05156250 0.14062500
6 0.81406250 0.27500000 0.05156250 0.14375000
4 0.81562500 0.45625000 0.05156250 0.15000000
7 0.63281250 0.45781250 0.05156250 0.13906250
14 0.69687500 0.64062500 0.05625000 0.14062500
2 0.63750000 0.63750000 0.05156250 0.14062500
19 0.75937500 0.63437500 0.05625000 0.13593750
16 0.81718750 0.62812500 0.05000000 0.13906250
17 0.87656250 0.61875000 0.04687500 0.15000000
17 0.94375000 0.79375000 0.05468750 0.14062500
16 0.82343750 0.80937500 0.05937500 0.13906250
9 0.88281250 0.80468750 0.05156250 0.14062500
8 0.76250000 0.80625000 0.05156250 0.14062500
1 0.70312500 0.81562500 0.05625000 0.14062500
