6 0.17285200 0.15266900 0.02343800 0.02278600
5 0.20117200 0.15364600 0.02343800 0.02343800
16 0.37255900 0.21744800 0.02246100 0.02213500
19 0.39990200 0.21777300 0.02246100 0.02148400
14 0.42822300 0.21809900 0.02246100 0.02213500
20 0.48535200 0.21875000 0.02148400 0.02213500
25 0.51416000 0.21940100 0.02246100 0.02213500
13 0.54150400 0.22005200 0.02246100 0.02213500
0 0.56933600 0.22037800 0.02148400 0.02148400
11 0.59716800 0.22102900 0.02246100 0.02148400
8 0.62500000 0.22168000 0.02148400 0.02148400
16 0.34326200 0.27897100 0.02246100 0.02148400
4 0.37158200 0.27962200 0.02246100 0.02148400
12 0.40039100 0.27994800 0.02148400 0.02213500
20 0.42822300 0.28027300 0.02246100 0.02148400
13 0.48486300 0.28092400 0.02246100 0.02148400
0 0.51367200 0.28092400 0.02148400 0.02148400
20 0.54199200 0.28125000 0.02148400 0.02213500
16 0.56933600 0.28157600 0.02148400 0.02148400
8 0.59668000 0.28157600 0.02148400 0.02148400
11 0.62500000 0.28222700 0.02148400 0.02148400
8 0.65234400 0.28255200 0.02148400 0.02083300
18 0.67968800 0.28320300 0.02148400 0.02083300
0 0.22802700 0.37174500 0.02246100 0.02213500
18 0.31396500 0.37207000 0.02246100 0.02278600
14 0.34228500 0.37239600 0.02246100 0.02213500
18 0.37158200 0.37239600 0.02246100 0.02213500
19 0.39941400 0.37239600 0.02148400 0.02213500
0 0.42724600 0.37272100 0.02246100 0.02278600
22 0.45654300 0.37304700 0.02246100 0.02213500
15 0.54052700 0.37369800 0.02246100 0.02213500
14 0.56787100 0.37402300 0.02050800 0.02148400
1 0.65136700 0.37500000 0.02148400 0.02213500
15 0.70556600 0.37565100 0.02050800 0.02213500
17 0.73242200 0.37597700 0.02148400 0.02148400
8 0.75732400 0.37662800 0.02050800 0.02148400
12 0.78271500 0.37727900 0.02050800 0.02148400
4 0.80712900 0.37760400 0.02050800 0.02083300
17 0.83056600 0.37793000 0.02050800 0.02148400
0 0.85400400 0.37793000 0.02050800 0.02148400
13 0.11181600 0.43261700 0.02246100 0.02278600
0 0.14160200 0.43326800 0.02148400 0.02278600
18 0.19921900 0.43359400 0.02148400 0.02213500
11 0.22802700 0.43359400 0.02246100 0.02213500
14 0.25634800 0.43359400 0.02246100 0.02213500
9 0.28515600 0.43359400 0.02148400 0.02213500
4 0.31298800 0.43391900 0.02246100 0.02148400
13 0.34228500 0.43391900 0.02246100 0.02148400
8 0.37060500 0.43391900 0.02246100 0.02148400
4 0.39892600 0.43424500 0.02246100 0.02213500
8 0.45556600 0.43424500 0.02246100 0.02213500
22 0.51318400 0.43489600 0.02246100 0.02213500
16 0.56787100 0.43489600 0.02246100 0.02213500
8 0.59619100 0.43489600 0.02246100 0.02213500
19 0.62353500 0.43554700 0.02246100 0.02213500
0 0.65136700 0.43587200 0.02148400 0.02148400
13 0.67822300 0.43587200 0.02246100 0.02148400
8 0.70507800 0.43619800 0.02148400 0.02213500
4 0.73144500 0.43652300 0.02148400 0.02148400
8 0.11181600 0.49544300 0.02246100 0.02213500
18 0.14160200 0.49544300 0.02148400 0.02213500
15 0.16992200 0.49544300 0.02148400 0.02213500
14 0.19970700 0.49576800 0.02246100 0.02278600
11 0.22851600 0.49576800 0.02148400 0.02278600
25 0.28466800 0.49609400 0.02246100 0.02213500
20 0.31347700 0.49609400 0.02148400 0.02213500
19 0.39892600 0.49609400 0.02246100 0.02213500
17 0.42724600 0.49609400 0.02246100 0.02213500
14 0.45507800 0.49609400 0.02148400 0.02213500
10 0.51220700 0.49641900 0.02246100 0.02148400
8 0.54003900 0.49641900 0.02148400 0.02148400
16 0.59619100 0.49707000 0.02246100 0.02148400
8 0.62353500 0.49674500 0.02246100 0.02213500
18 0.65136700 0.49674500 0.02148400 0.02213500
4 0.67773400 0.49707000 0.02148400 0.02148400
11 0.70459000 0.49707000 0.02246100 0.02148400
0 0.16943400 0.55826800 0.02246100 0.02278600
9 0.19824200 0.55826800 0.02343800 0.02278600
1 0.31298800 0.55826800 0.02246100 0.02278600
7 0.42724600 0.55859400 0.02246100 0.02213500
8 0.67773400 0.55826800 0.02148400 0.02148400
2 0.78222700 0.55761700 0.02148400 0.02148400
5 0.87548800 0.55729200 0.02050800 0.02083300
0 0.39794900 0.62011700 0.02246100 0.02148400
9 0.42675800 0.62011700 0.02148400 0.02148400
6 0.53955100 0.62011700 0.02246100 0.02148400
2 0.65087900 0.61979200 0.02246100 0.02213500
1 0.22656200 0.71321600 0.02148400 0.02148400
18 0.31298800 0.71321600 0.02246100 0.02148400
14 0.34130900 0.71256500 0.02246100 0.02148400
18 0.37011700 0.71321600 0.02148400 0.02148400
19 0.39794900 0.71321600 0.02246100 0.02148400
0 0.42578100 0.71321600 0.02148400 0.02148400
22 0.45459000 0.71321600 0.02246100 0.02148400
3 0.56738300 0.71256500 0.02148400 0.02148400
22 0.62304700 0.71224000 0.02148400 0.02213500
4 0.65087900 0.71191400 0.02246100 0.02148400
17 0.67773400 0.71158900 0.02148400 0.02213500
13 0.70459000 0.71093800 0.02246100 0.02213500
7 0.75683600 0.70963500 0.02148400 0.02213500
17 0.11181600 0.77571600 0.02246100 0.02148400
0 0.14062500 0.77571600 0.02148400 0.02148400
22 0.16992200 0.77539100 0.02148400 0.02083300
4 0.19873000 0.77539100 0.02246100 0.02083300
13 0.22656200 0.77539100 0.02148400 0.02083300
18 0.25488300 0.77539100 0.02148400 0.02083300
19 0.28418000 0.77571600 0.02148400 0.02148400
22 0.31250000 0.77571600 0.02148400 0.02148400
0 0.34082000 0.77571600 0.02148400 0.02148400
8 0.39746100 0.77506500 0.02148400 0.02148400
3 0.48242200 0.77506500 0.02148400 0.02148400
22 0.53955100 0.77441400 0.02246100 0.02148400
4 0.56738300 0.77408900 0.02148400 0.02083300
17 0.59472700 0.77376300 0.02148400 0.02148400
13 0.62304700 0.77343800 0.02148400 0.02083300
7 0.67724600 0.77278600 0.02050800 0.02083300
13 0.73095700 0.77083300 0.02050800 0.02083300
4 0.75634800 0.77018200 0.02050800 0.02083300
17 0.78173800 0.76953100 0.02050800 0.02083300
0 0.80664100 0.76888000 0.02148400 0.02083300
22 0.83056600 0.76757800 0.02050800 0.02083300
4 0.85351600 0.76595100 0.01953100 0.02018200
13 0.87451200 0.76497400 0.01855500 0.02083300
18 0.11181600 0.83821600 0.02246100 0.02148400
19 0.14062500 0.83821600 0.02148400 0.02148400
22 0.16943400 0.83789100 0.02246100 0.02213500
0 0.19775400 0.83756500 0.02246100 0.02148400
8 0.25585900 0.83756500 0.02148400 0.02148400
18 0.28418000 0.83691400 0.02148400 0.02148400
15 0.31250000 0.83691400 0.02148400 0.02148400
14 0.34130900 0.83691400 0.02246100 0.02148400
11 0.37011700 0.83691400 0.02148400 0.02148400
25 0.42578100 0.83658900 0.02148400 0.02083300
20 0.45507800 0.83658900 0.02148400 0.02213500
16 0.53955100 0.83593800 0.02246100 0.02213500
8 0.56738300 0.83593800 0.02148400 0.02213500
18 0.59521500 0.83561200 0.02246100 0.02148400
11 0.62304700 0.83561200 0.02148400 0.02148400
0 0.65039100 0.83496100 0.02148400 0.02148400
6 0.14013700 0.90039100 0.02246100 0.02213500
2 0.25537100 0.89974000 0.02246100 0.02213500
3 0.36914100 0.89876300 0.02148400 0.02148400
7 0.48242200 0.89876300 0.02148400 0.02148400
8 0.59472700 0.89681000 0.02148400 0.02148400
4 0.70410200 0.89355500 0.02148400 0.02148400
1 0.80761700 0.88964800 0.02148400 0.02148400
