5 0.10468750 0.09722222 0.03125000 0.11458333
17 0.14062500 0.09722222 0.03906250 0.12152778
4 0.19062500 0.09375000 0.03125000 0.11111111
4 0.22656250 0.09722222 0.03281250 0.11111111
7 0.30937500 0.09722222 0.03125000 0.11458333
14 0.35156250 0.10069444 0.03281250 0.12152778
19 0.39375000 0.10416667 0.03281250 0.12152778
3 0.47500000 0.10069444 0.03281250 0.11458333
14 0.51875000 0.10416667 0.03125000 0.11111111
6 0.56093750 0.10416667 0.03437500 0.12152778
18 0.60156250 0.10416667 0.03437500 0.11458333
8 0.85156250 0.10763889 0.03281250 0.11805556
3 0.89375000 0.10416667 0.03281250 0.11805556
4 0.93437500 0.10763889 0.03281250 0.11805556
0 0.97812500 0.11111111 0.04062500 0.11458333
18 0.09531250 0.25000000 0.03593750 0.12500000
20 0.13750000 0.25000000 0.03437500 0.12500000
15 0.17812500 0.24652778 0.03593750 0.12500000
15 0.22187500 0.25000000 0.03281250 0.12152778
14 0.26406250 0.24652778 0.03125000 0.12500000
18 0.30781250 0.25347222 0.03437500 0.12152778
11 0.47500000 0.24652778 0.03593750 0.12847222
4 0.51718750 0.25694444 0.03593750 0.12847222
13 0.60312500 0.25347222 0.03593750 0.12152778
11 0.72812500 0.25000000 0.03750000 0.13888889
19 0.85625000 0.25347222 0.03437500 0.12500000
3 0.89687500 0.25000000 0.03437500 0.12847222
14 0.93906250 0.25694444 0.03593750 0.13541667
14 0.98125000 0.25694444 0.03437500 0.12152778
22 0.08906250 0.40277778 0.03906250 0.12500000
4 0.12968750 0.40277778 0.03593750 0.13541667
3 0.21718750 0.40277778 0.03593750 0.12847222
14 0.25781250 0.40277778 0.03125000 0.12500000
13 0.30156250 0.40625000 0.03593750 0.13194444
19 0.38906250 0.40625000 0.03906250 0.13541667
0 0.47500000 0.41319444 0.03437500 0.12500000
11 0.51718750 0.41319444 0.03593750 0.13888889
17 0.55937500 0.40625000 0.03906250 0.12152778
1 0.73281250 0.40972222 0.03593750 0.12847222
23 0.82031250 0.40972222 0.03437500 0.13541667
18 0.90156250 0.40972222 0.03593750 0.12847222
1 0.98281250 0.40972222 0.03281250 0.12500000
17 0.38437500 0.56597222 0.03593750 0.12500000
14 0.51562500 0.56597222 0.03750000 0.12500000
8 0.55937500 0.56597222 0.03437500 0.12500000
2 0.60156250 0.56944444 0.03437500 0.12500000
4 0.64531250 0.56944444 0.03593750 0.13194444
18 0.69062500 0.57291667 0.03906250 0.13888889
6 0.06718750 0.89583333 0.03750000 0.13888889
7 0.15625000 0.89583333 0.03750000 0.14236111
8 0.20156250 0.89583333 0.03906250 0.13888889
10 0.24531250 0.89236111 0.03593750 0.12847222
18 0.55937500 0.89930556 0.03593750 0.13541667
13 0.60468750 0.89930556 0.03906250 0.14236111
