3 0.20849600 0.08975300 0.01855500 0.02398300
14 0.23828100 0.08975300 0.01757800 0.02398300
12 0.27002000 0.08757300 0.01660200 0.02398300
0 0.30175800 0.08684600 0.01757800 0.02398300
13 0.36865200 0.08902600 0.01660200 0.02398300
17 0.49755900 0.09520300 0.01660200 0.02325600
0 0.52783200 0.09702000 0.01660200 0.02398300
1 0.55859400 0.09920100 0.01757800 0.02398300
14 0.58935500 0.10101700 0.01660200 0.02325600
19 0.62158200 0.10392400 0.01660200 0.02325600
0 0.65087900 0.10465100 0.01660200 0.02325600
19 0.14648400 0.13844500 0.01757800 0.02543600
8 0.17675800 0.13626500 0.01757800 0.02543600
8 0.23730500 0.13190400 0.01757800 0.02543600
13 0.26757800 0.12972400 0.01757800 0.02543600
0 0.30078100 0.13081400 0.01757800 0.02470900
8 0.36816400 0.12827000 0.01757800 0.02543600
25 0.40136700 0.13226700 0.01757800 0.02470900
17 0.43359400 0.13372100 0.01757800 0.02470900
4 0.46630900 0.13481100 0.01660200 0.02398300
3 0.49853500 0.13699100 0.01660200 0.02398300
10 0.52978500 0.13844500 0.01660200 0.02398300
14 0.56201200 0.14062500 0.01660200 0.02398300
15 0.62402300 0.14425900 0.01757800 0.02398300
17 0.65429700 0.14571200 0.01562500 0.02252900
22 0.71484400 0.14934600 0.01562500 0.02252900
0 0.74414100 0.15079900 0.01562500 0.02252900
11 0.77343800 0.15225300 0.01562500 0.02252900
0 0.80273400 0.15298000 0.01562500 0.02252900
18 0.83203100 0.15625000 0.01562500 0.02180200
25 0.17480500 0.17877900 0.01757800 0.02470900
22 0.20507800 0.17587200 0.01757800 0.02470900
20 0.23632800 0.17550900 0.01757800 0.02543600
10 0.26660200 0.17478200 0.01757800 0.02543600
14 0.29980500 0.17441900 0.01757800 0.02470900
12 0.33544900 0.17369200 0.01660200 0.02470900
8 0.36816400 0.17514500 0.01757800 0.02470900
3 0.16992200 0.30995600 0.01757800 0.02689000
22 0.20166000 0.30850300 0.01855500 0.02689000
0 0.23193400 0.30814000 0.01855500 0.02616300
3 0.26611300 0.30850300 0.01855500 0.02689000
2 0.29931600 0.30777600 0.01855500 0.02689000
0 0.33252000 0.30777600 0.01855500 0.02689000
19 0.36669900 0.30777600 0.01855500 0.02689000
22 0.46777300 0.30923000 0.01953100 0.02689000
14 0.49951200 0.31068300 0.01660200 0.02543600
18 0.53125000 0.31213700 0.01757800 0.02543600
12 0.56347700 0.31286300 0.01757800 0.02543600
14 0.59619100 0.31431700 0.01660200 0.02543600
4 0.62890600 0.31577000 0.01757800 0.02543600
13 0.72168000 0.31758700 0.01757800 0.02470900
22 0.75146500 0.31831400 0.01660200 0.02470900
0 0.78125000 0.31904100 0.01562500 0.02470900
17 0.81201200 0.32013100 0.01660200 0.02398300
10 0.19775400 0.35392400 0.01855500 0.02761600
11 0.22998000 0.35319800 0.01855500 0.02761600
0 0.26318400 0.35319800 0.01855500 0.02761600
18 0.29736300 0.35319800 0.01855500 0.02761600
18 0.33252000 0.35319800 0.01855500 0.02761600
13 0.36572300 0.35319800 0.01855500 0.02761600
0 0.39990200 0.35392400 0.01855500 0.02761600
17 0.49951200 0.35465100 0.01855500 0.02761600
0 0.53125000 0.35683100 0.01757800 0.02616300
1 0.56347700 0.35755800 0.01757800 0.02616300
14 0.59570300 0.35828500 0.01757800 0.02616300
19 0.62890600 0.35901200 0.01757800 0.02616300
0 0.66015600 0.35901200 0.01757800 0.02616300
15 0.13574200 0.40298000 0.01757800 0.02689000
10 0.16406200 0.40007300 0.01953100 0.02689000
0 0.19628900 0.39970900 0.01953100 0.02761600
16 0.22998000 0.39898300 0.01855500 0.02761600
8 0.26367200 0.39898300 0.01953100 0.02761600
22 0.29834000 0.39898300 0.01855500 0.02761600
14 0.33252000 0.39934600 0.01855500 0.02689000
10 0.43359400 0.40007300 0.01757800 0.02689000
17 0.46777300 0.40079900 0.01757800 0.02689000
11 0.53320300 0.40189000 0.01757800 0.02761600
12 0.62988300 0.40407000 0.01757800 0.02616300
8 0.66162100 0.40370600 0.01660200 0.02543600
11 0.72412100 0.40479700 0.01660200 0.02470900
4 0.75537100 0.40516000 0.01660200 0.02543600
19 0.78662100 0.40588700 0.01660200 0.02543600
8 0.81591800 0.40625000 0.01660200 0.02470900
11 0.84619100 0.40625000 0.01660200 0.02470900
8 0.87548800 0.40697700 0.01660200 0.02470900
2 0.13330100 0.44767400 0.01855500 0.02761600
15 0.22900400 0.44622100 0.01855500 0.02761600
19 0.26318400 0.44549400 0.01855500 0.02761600
8 0.29736300 0.44549400 0.01855500 0.02761600
2 0.33252000 0.44549400 0.01855500 0.02761600
11 0.43359400 0.44549400 0.01757800 0.02616300
4 0.46777300 0.44622100 0.01757800 0.02616300
19 0.53418000 0.44694800 0.01757800 0.02616300
4 0.56640600 0.44694800 0.01757800 0.02616300
11 0.59765600 0.44731100 0.01757800 0.02543600
8 0.62988300 0.44767400 0.01757800 0.02616300
15 0.72558600 0.44840100 0.01757800 0.02470900
14 0.75634800 0.44840100 0.01660200 0.02470900
10 0.78662100 0.44840100 0.01660200 0.02470900
0 0.81689500 0.44840100 0.01660200 0.02470900
11 0.13134800 0.49491300 0.01660200 0.02761600
8 0.16210900 0.49454900 0.01757800 0.02834300
3 0.12890600 0.54215100 0.01953100 0.02761600
14 0.16015600 0.54142400 0.01953100 0.02761600
11 0.19238300 0.54142400 0.01953100 0.02761600
4 0.22656200 0.54142400 0.01953100 0.02761600
19 0.26025400 0.54069800 0.01855500 0.02761600
0 0.29443400 0.54069800 0.01855500 0.02761600
22 0.33007800 0.54033400 0.01953100 0.02689000
3 0.12793000 0.58866300 0.01953100 0.02761600
25 0.19238300 0.58866300 0.01953100 0.02761600
0 0.29394500 0.58866300 0.01953100 0.02761600
7 0.33007800 0.58866300 0.01953100 0.02761600
3 0.36621100 0.58866300 0.01953100 0.02761600
3 0.18798800 0.73909900 0.01855500 0.02907000
14 0.22216800 0.73837200 0.02050800 0.02907000
12 0.25634800 0.73764500 0.02050800 0.02907000
0 0.29150400 0.73691900 0.02050800 0.02907000
13 0.36425800 0.73546500 0.01953100 0.02907000
17 0.50293000 0.73219500 0.01953100 0.02834300
0 0.53613300 0.73146800 0.01953100 0.02834300
1 0.56982400 0.73074100 0.01855500 0.02834300
14 0.60449200 0.72928800 0.01953100 0.02834300
19 0.63818400 0.72856100 0.01855500 0.02834300
0 0.67089800 0.72783400 0.01953100 0.02834300
15 0.15234400 0.78779100 0.01953100 0.02907000
17 0.18554700 0.78779100 0.01953100 0.02907000
0 0.21972700 0.78742700 0.01953100 0.02979700
9 0.25585900 0.78742700 0.01953100 0.02979700
13 0.29199200 0.78742700 0.01953100 0.02979700
4 0.32812500 0.78742700 0.01953100 0.02979700
13 0.36377000 0.78561000 0.02050800 0.02907000
8 0.39892600 0.78561000 0.02050800 0.03052300
4 0.43505900 0.78452000 0.02050800 0.02979700
0 0.53808600 0.78125000 0.01953100 0.02907000
7 0.57226600 0.77979700 0.01953100 0.02907000
3 0.60742200 0.77870600 0.01953100 0.02834300
18 0.70605500 0.77507300 0.01953100 0.02834300
20 0.73925800 0.77398300 0.01953100 0.02907000
3 0.77148400 0.77325600 0.01953100 0.02761600
0 0.80224600 0.77180200 0.01855500 0.02761600
22 0.86669900 0.76962200 0.01855500 0.02761600
12 0.11865200 0.83611900 0.01855500 0.02834300
14 0.15039100 0.83866300 0.01953100 0.02907000
17 0.18505900 0.83829900 0.01855500 0.02979700
13 0.29199200 0.83720900 0.01953100 0.02907000
4 0.32812500 0.83684600 0.01953100 0.02979700
22 0.36425800 0.83611900 0.01953100 0.02979700
7 0.43554700 0.83466600 0.01953100 0.02979700
14 0.47021500 0.83321200 0.02050800 0.02979700
3 0.50537100 0.83212200 0.02050800 0.03052300
8 0.53906200 0.83103200 0.01953100 0.02979700
11 0.57324200 0.82921500 0.01953100 0.02907000
8 0.60839800 0.82812500 0.01953100 0.02834300
15 0.70703100 0.82412800 0.01953100 0.02907000
17 0.74121100 0.82267400 0.01953100 0.02907000
8 0.77392600 0.82122100 0.01855500 0.02907000
1 0.80517600 0.81976700 0.01855500 0.02761600
14 0.86962900 0.81758700 0.01855500 0.02761600
12 0.11621100 0.88626500 0.01757800 0.02834300
14 0.14941400 0.88735500 0.01757800 0.02761600
11 0.18359400 0.88844500 0.01757800 0.02834300
16 0.21923800 0.88917200 0.01855500 0.02834300
0 0.25439500 0.88808100 0.02050800 0.02761600
11 0.29199200 0.88735500 0.01953100 0.02761600
25 0.36425800 0.88553800 0.01953100 0.02834300
0 0.39843800 0.88481100 0.01953100 0.02834300
10 0.43359400 0.88408400 0.01953100 0.02834300
17 0.47070300 0.88299400 0.01953100 0.02761600
22 0.54101600 0.88008700 0.01953100 0.02761600
6 0.60937500 0.87718000 0.01953100 0.02761600
11 0.64306600 0.87572700 0.02050800 0.02761600
0 0.67578100 0.87427300 0.01953100 0.02761600
25 0.71093800 0.87318300 0.01953100 0.02689000
0 0.74316400 0.87173000 0.01953100 0.02689000
1 0.83984400 0.86736900 0.01953100 0.02834300
0 0.87109400 0.86555200 0.01953100 0.02761600
