24 0.18593750 0.14930556 0.03125000 0.12152778
24 0.43281250 0.14930556 0.03281250 0.11458333
2 0.55468750 0.14236111 0.03125000 0.10763889
4 0.67968750 0.15625000 0.03281250 0.11458333
2 0.80000000 0.15972222 0.03125000 0.10763889
15 0.88125000 0.17361111 0.03125000 0.11805556
7 0.14531250 0.30208333 0.03281250 0.12152778
3 0.22343750 0.29861111 0.03281250 0.11458333
18 0.26406250 0.30208333 0.03281250 0.11805556
0 0.25937500 0.44791667 0.03281250 0.11111111
19 0.30156250 0.44444444 0.03750000 0.11458333
18 0.55781250 0.45486111 0.03125000 0.11111111
10 0.59843750 0.45486111 0.03281250 0.11458333
8 0.64062500 0.45833333 0.03281250 0.11458333
3 0.96406250 0.47222222 0.02968750 0.10763889
1 0.38437500 0.61111111 0.03281250 0.12500000
8 0.55625000 0.61458333 0.03281250 0.11458333
18 0.59687500 0.61458333 0.03437500 0.12152778
14 0.68281250 0.62152778 0.03593750 0.11805556
18 0.76718750 0.62152778 0.03281250 0.11458333
4 0.96718750 0.63194444 0.03125000 0.11805556
