19 0.64687500 0.16319444 0.03281250 0.11111111
18 0.76562500 0.17013889 0.03281250 0.11111111
2 0.88125000 0.18402778 0.03125000 0.09722222
17 0.95625000 0.18055556 0.03125000 0.10763889
17 0.95937500 0.32986111 0.03281250 0.11458333
14 0.92343750 0.32638889 0.03593750 0.11805556
11 0.88437500 0.32638889 0.03125000 0.12152778
6 0.84687500 0.32638889 0.03593750 0.12500000
5 0.68906250 0.31597222 0.03750000 0.12500000
12 0.64531250 0.31250000 0.03593750 0.11458333
7 0.60625000 0.31250000 0.03437500 0.12152778
21 0.44218750 0.30555556 0.03593750 0.12500000
14 0.40312500 0.30208333 0.03750000 0.12500000
2 0.36250000 0.30208333 0.03906250 0.12500000
13 0.27812500 0.29861111 0.04218750 0.12500000
15 0.19687500 0.29513889 0.03750000 0.12500000
11 0.07812500 0.29166667 0.04062500 0.12500000
11 0.04062500 0.29166667 0.03437500 0.12500000
6 0.11250000 0.44097222 0.03593750 0.12500000
4 0.15156250 0.44097222 0.03281250 0.12500000
4 0.19375000 0.44444444 0.03750000 0.12500000
0 0.27656250 0.45486111 0.03437500 0.11805556
11 0.36093750 0.44791667 0.04218750 0.12500000
11 0.40156250 0.45486111 0.03750000 0.13541667
7 0.56250000 0.46527778 0.03281250 0.12500000
18 0.60468750 0.46527778 0.03125000 0.14583333
4 0.88437500 0.47569444 0.03125000 0.12152778
0 0.76875000 0.62152778 0.03437500 0.12152778
13 0.52187500 0.61458333 0.03750000 0.12500000
14 0.47968750 0.61111111 0.03437500 0.12500000
4 0.40000000 0.61458333 0.03437500 0.11805556
3 0.35937500 0.61805556 0.03437500 0.12500000
14 0.31718750 0.61111111 0.03593750 0.11458333
17 0.27500000 0.61111111 0.03750000 0.12500000
24 0.19375000 0.60416667 0.03593750 0.12500000
14 0.07343750 0.75000000 0.03593750 0.12152778
17 0.10937500 0.75347222 0.03281250 0.12847222
19 0.15000000 0.75694444 0.03750000 0.12152778
18 0.27187500 0.76736111 0.03437500 0.12152778
13 0.31562500 0.76736111 0.03281250 0.12152778
0 0.35468750 0.76388889 0.03125000 0.11805556
15 0.39531250 0.76736111 0.03281250 0.12500000
15 0.43750000 0.77083333 0.03437500 0.11805556
24 0.47812500 0.77083333 0.03125000 0.11111111
20 0.60312500 0.77430556 0.03125000 0.11111111
13 0.64218750 0.77430556 0.02968750 0.11458333
4 0.68437500 0.78125000 0.02968750 0.11111111
0 0.72500000 0.77777778 0.03281250 0.11458333
24 0.80468750 0.77777778 0.03281250 0.10763889
12 0.88281250 0.78472222 0.03125000 0.12152778
14 0.91875000 0.78125000 0.02656250 0.11805556
2 0.95781250 0.93750000 0.03125000 0.12152778
17 0.88125000 0.92708333 0.03593750 0.13194444
13 0.80625000 0.93055556 0.03750000 0.11805556
0 0.15312500 0.90972222 0.03437500 0.11111111
22 0.11250000 0.91319444 0.03593750 0.12847222
