4 0.04218750 0.24687500 0.08281250 0.16250000
25 0.13593750 0.22343750 0.08750000 0.20312500
5 0.41093750 0.13906250 0.08750000 0.17656250
11 0.50781250 0.12500000 0.08593750 0.16250000
19 0.61093750 0.11406250 0.08750000 0.16718750
17 0.70625000 0.10156250 0.08750000 0.17031250
21 0.05937500 0.44687500 0.07812500 0.18750000
13 0.14843750 0.43437500 0.09062500 0.18750000
18 0.34062500 0.39218750 0.08281250 0.17500000
7 0.43593750 0.38125000 0.08750000 0.18750000
4 0.53437500 0.37031250 0.08593750 0.18437500
16 0.08906250 0.66718750 0.09375000 0.18125000
18 0.27343750 0.62968750 0.09062500 0.17656250
7 0.36718750 0.61406250 0.08125000 0.18750000
14 0.04531250 0.87031250 0.08593750 0.18437500
11 0.11250000 0.87343750 0.08125000 0.16250000
3 0.19531250 0.87500000 0.09375000 0.18437500
16 0.46875000 0.59062500 0.09375000 0.16718750
4 0.48281250 0.80468750 0.08593750 0.17656250
11 0.58906250 0.78437500 0.09375000 0.17031250
7 0.79531250 0.09687500 0.09062500 0.16250000
12 0.68437500 0.76250000 0.08750000 0.17656250
4 0.55312500 0.57031250 0.07656250 0.17187500
11 0.72343750 0.31406250 0.09375000 0.16093750
4 0.64375000 0.55468750 0.07656250 0.17187500
