15 0.35937500 0.09120600 0.02148400 0.02252900
4 0.39062500 0.09120600 0.02148400 0.02252900
17 0.41992200 0.09011600 0.02148400 0.02325600
22 0.45019500 0.08902600 0.02148400 0.02252900
11 0.56835900 0.08720900 0.02148400 0.02325600
3 0.63183600 0.08720900 0.02148400 0.02325600
12 0.15136700 0.12936000 0.02343800 0.02470900
0 0.18066400 0.12899700 0.02343800 0.02543600
12 0.20996100 0.12827000 0.02343800 0.02543600
0 0.23974600 0.12790700 0.02246100 0.02470900
15 0.30127000 0.12681700 0.02246100 0.02543600
14 0.33007800 0.12645300 0.02343800 0.02470900
3 0.36035200 0.12609000 0.02343800 0.02543600
0 0.39062500 0.12572700 0.02343800 0.02470900
17 0.42041000 0.12536300 0.02246100 0.02543600
8 0.45068400 0.12572700 0.02246100 0.02616300
11 0.47998000 0.12463700 0.02246100 0.02543600
0 0.51123000 0.12463700 0.02246100 0.02543600
12 0.57031200 0.12463700 0.02343800 0.02543600
13 0.60058600 0.12427300 0.02343800 0.02616300
4 0.63085900 0.12391000 0.02343800 0.02543600
13 0.69043000 0.12391000 0.02343800 0.02543600
14 0.71972700 0.12245600 0.02343800 0.02543600
22 0.75000000 0.12209300 0.02343800 0.02470900
4 0.77978500 0.12209300 0.02246100 0.02470900
13 0.81005900 0.12209300 0.02246100 0.02470900
10 0.09423800 0.16824100 0.02441400 0.02543600
8 0.12304700 0.16751500 0.02343800 0.02543600
4 0.15136700 0.16678800 0.02343800 0.02543600
10 0.21191400 0.16533400 0.02343800 0.02543600
14 0.24121100 0.16497100 0.02343800 0.02470900
13 0.27197300 0.16497100 0.02246100 0.02470900
10 0.33154300 0.16533400 0.02246100 0.02543600
8 0.36181600 0.16533400 0.02246100 0.02543600
15 0.54101600 0.16279100 0.02343800 0.02616300
14 0.57080100 0.16242700 0.02246100 0.02543600
1 0.60058600 0.16242700 0.02343800 0.02543600
4 0.63085900 0.16206400 0.02343800 0.02616300
9 0.66064500 0.16170100 0.02246100 0.02543600
0 0.69091800 0.16024700 0.02246100 0.02543600
11 0.72119100 0.16024700 0.02246100 0.02543600
18 0.78027300 0.15952000 0.02343800 0.02543600
13 0.84033200 0.15952000 0.02246100 0.02543600
8 0.87011700 0.15915700 0.02343800 0.02616300
12 0.89990200 0.15879400 0.02246100 0.02543600
8 0.92871100 0.15879400 0.02343800 0.02543600
25 0.09472700 0.20530500 0.02343800 0.02543600
0 0.12304700 0.20385200 0.02343800 0.02543600
12 0.15234400 0.20276200 0.02343800 0.02470900
4 0.18261700 0.20276200 0.02343800 0.02470900
11 0.21191400 0.20239800 0.02343800 0.02543600
13 0.27197300 0.20203500 0.02441400 0.02616300
8 0.30273400 0.20203500 0.02343800 0.02616300
2 0.33252000 0.20167200 0.02441400 0.02543600
20 0.36230500 0.20167200 0.02343800 0.02543600
15 0.48242200 0.20094500 0.02343800 0.02543600
14 0.51220700 0.20094500 0.02246100 0.02543600
3 0.54248000 0.20021800 0.02246100 0.02543600
22 0.57226600 0.20021800 0.02343800 0.02543600
25 0.63134800 0.19949100 0.02246100 0.02543600
0 0.66162100 0.19876500 0.02246100 0.02543600
11 0.69091800 0.19876500 0.02246100 0.02543600
10 0.75244100 0.19803800 0.02246100 0.02543600
14 0.78076200 0.19731100 0.02246100 0.02543600
13 0.81054700 0.19658400 0.02343800 0.02543600
10 0.86962900 0.19585800 0.02246100 0.02543600
8 0.89990200 0.19585800 0.02246100 0.02543600
15 0.09472700 0.24164200 0.02343800 0.02543600
14 0.12402300 0.24091600 0.02343800 0.02543600
10 0.15332000 0.24018900 0.02343800 0.02543600
0 0.18310500 0.23946200 0.02441400 0.02543600
19 0.21289100 0.23909900 0.02343800 0.02616300
8 0.24316400 0.23873500 0.02343800 0.02543600
11 0.27343800 0.23873500 0.02343800 0.02543600
22 0.45410200 0.23873500 0.02343800 0.02543600
3 0.48339800 0.23873500 0.02343800 0.02543600
17 0.51269500 0.23764500 0.02343800 0.02470900
20 0.54248000 0.23728200 0.02246100 0.02543600
6 0.57275400 0.23728200 0.02246100 0.02543600
11 0.66113300 0.23619200 0.02343800 0.02470900
3 0.72216800 0.23510200 0.02246100 0.02543600
0 0.81103500 0.23401200 0.02246100 0.02470900
19 0.84130900 0.23328500 0.02246100 0.02470900
17 0.87109400 0.23292200 0.02343800 0.02543600
4 0.90087900 0.23255800 0.02246100 0.02470900
25 0.09619100 0.27798000 0.02246100 0.02543600
0 0.12402300 0.27652600 0.02343800 0.02543600
19 0.18457000 0.27652600 0.02343800 0.02543600
19 0.21484400 0.27652600 0.02343800 0.02543600
17 0.24511700 0.27652600 0.02343800 0.02543600
4 0.27441400 0.27652600 0.02343800 0.02543600
23 0.30517600 0.27652600 0.02246100 0.02543600
0 0.33496100 0.27652600 0.02343800 0.02543600
11 0.36474600 0.27579900 0.02246100 0.02543600
15 0.54394500 0.27507300 0.02343800 0.02543600
17 0.57421900 0.27507300 0.02343800 0.02543600
14 0.60351600 0.27470900 0.02343800 0.02616300
22 0.63281200 0.27361900 0.02343800 0.02543600
0 0.66210900 0.27325600 0.02343800 0.02470900
11 0.69189500 0.27252900 0.02246100 0.02470900
8 0.72265600 0.27180200 0.02343800 0.02470900
11 0.75244100 0.27143900 0.02246100 0.02543600
18 0.78173800 0.27107600 0.02246100 0.02470900
8 0.90185500 0.26998500 0.02246100 0.02543600
18 0.09668000 0.31577000 0.02343800 0.02543600
19 0.12548800 0.31504400 0.02246100 0.02543600
0 0.15576200 0.31504400 0.02246100 0.02543600
11 0.18505900 0.31468000 0.02246100 0.02470900
19 0.24609400 0.31431700 0.02343800 0.02543600
14 0.27636700 0.31359000 0.02343800 0.02543600
13 0.30566400 0.31359000 0.02343800 0.02543600
20 0.33593800 0.31359000 0.02343800 0.02543600
19 0.36621100 0.31322700 0.02343800 0.02616300
10 0.57373000 0.31213700 0.02246100 0.02543600
17 0.60400400 0.31104700 0.02246100 0.02470900
4 0.63427700 0.31068300 0.02246100 0.02543600
16 0.66308600 0.30995600 0.02343800 0.02543600
20 0.69287100 0.30959300 0.02246100 0.02470900
12 0.75293000 0.30850300 0.02343800 0.02398300
0 0.78271500 0.30814000 0.02246100 0.02470900
11 0.81298800 0.30814000 0.02246100 0.02470900
16 0.09716800 0.35283400 0.02246100 0.02543600
8 0.12646500 0.35283400 0.02246100 0.02543600
10 0.15625000 0.35210800 0.02343800 0.02543600
8 0.18652300 0.35210800 0.02343800 0.02543600
10 0.24707000 0.35138100 0.02343800 0.02543600
17 0.27734400 0.35101700 0.02343800 0.02470900
4 0.30761700 0.35101700 0.02343800 0.02470900
16 0.33691400 0.35065400 0.02343800 0.02543600
0 0.36718800 0.35065400 0.02343800 0.02543600
19 0.39648400 0.35065400 0.02343800 0.02543600
22 0.12793000 0.38917200 0.02343800 0.02543600
1 0.18652300 0.38917200 0.02343800 0.02543600
4 0.21777300 0.38844500 0.02343800 0.02543600
9 0.24755900 0.38844500 0.02441400 0.02543600
0 0.27734400 0.38808100 0.02343800 0.02470900
11 0.30761700 0.38771800 0.02343800 0.02543600
13 0.36816400 0.38735500 0.02343800 0.02470900
0 0.39843800 0.38735500 0.02343800 0.02470900
20 0.48730500 0.38662800 0.02343800 0.02470900
12 0.51660200 0.38590100 0.02343800 0.02470900
12 0.57617200 0.38590100 0.02343800 0.02470900
4 0.60546900 0.38517400 0.02343800 0.02470900
11 0.63476600 0.38481100 0.02343800 0.02543600
13 0.69384800 0.38372100 0.02246100 0.02470900
8 0.72412100 0.38335800 0.02246100 0.02543600
10 0.75488300 0.38263100 0.02343800 0.02543600
8 0.81445300 0.38154100 0.02343800 0.02470900
22 0.09960900 0.42696200 0.02343800 0.02543600
19 0.15869100 0.42623500 0.02246100 0.02543600
0 0.18847700 0.42550900 0.02343800 0.02543600
23 0.21875000 0.42514500 0.02343800 0.02470900
8 0.24902300 0.42514500 0.02343800 0.02470900
11 0.27832000 0.42478200 0.02343800 0.02543600
12 0.33886700 0.42405500 0.02343800 0.02543600
4 0.36914100 0.42369200 0.02343800 0.02470900
13 0.39843800 0.42369200 0.02343800 0.02470900
8 0.48828100 0.42260200 0.02343800 0.02543600
25 0.51757800 0.42260200 0.02343800 0.02543600
22 0.57666000 0.42151200 0.02246100 0.02470900
14 0.60546900 0.42114800 0.02343800 0.02543600
3 0.63623000 0.42114800 0.02246100 0.02543600
18 0.18994100 0.46257300 0.02246100 0.02543600
8 0.21972700 0.46220900 0.02343800 0.02470900
11 0.25000000 0.46184600 0.02343800 0.02543600
13 0.31005900 0.46111900 0.02246100 0.02543600
14 0.33984400 0.46111900 0.02343800 0.02543600
15 0.39941400 0.46039200 0.02343800 0.02543600
17 0.42871100 0.46002900 0.02343800 0.02470900
14 0.45898400 0.46002900 0.02343800 0.02470900
18 0.48828100 0.45930200 0.02343800 0.02470900
19 0.51855500 0.45930200 0.02343800 0.02470900
20 0.54882800 0.45893900 0.02343800 0.02543600
3 0.57714800 0.45821200 0.02343800 0.02543600
8 0.60742200 0.45784900 0.02343800 0.02470900
11 0.63671900 0.45784900 0.02343800 0.02470900
18 0.66699200 0.45712200 0.02343800 0.02470900
18 0.75488300 0.45639500 0.02343800 0.02470900
3 0.10058600 0.50072700 0.02343800 0.02470900
14 0.12988300 0.50036300 0.02343800 0.02543600
11 0.15918000 0.49963700 0.02343800 0.02543600
6 0.18994100 0.49963700 0.02246100 0.02543600
14 0.22070300 0.49927300 0.02343800 0.02470900
1 0.28027300 0.49891000 0.02343800 0.02543600
14 0.31103500 0.49854700 0.02246100 0.02470900
11 0.34033200 0.49818300 0.02246100 0.02543600
4 0.37060500 0.49818300 0.02246100 0.02543600
11 0.40039100 0.49745600 0.02343800 0.02543600
20 0.16064500 0.53742700 0.02246100 0.02543600
16 0.19189500 0.53706400 0.02246100 0.02470900
8 0.22168000 0.53633700 0.02343800 0.02470900
19 0.25195300 0.53633700 0.02343800 0.02470900
4 0.28173800 0.53561000 0.02246100 0.02470900
11 0.31201200 0.53488400 0.02246100 0.02470900
13 0.37158200 0.53415700 0.02246100 0.02470900
8 0.40136700 0.53415700 0.02343800 0.02470900
2 0.43212900 0.53379400 0.02246100 0.02398300
0 0.46044900 0.53343000 0.02246100 0.02470900
13 0.52002000 0.53270300 0.02246100 0.02470900
0 0.54882800 0.53270300 0.02148400 0.02470900
11 0.57861300 0.53234000 0.02246100 0.02398300
8 0.60839800 0.53161300 0.02148400 0.02398300
11 0.63671900 0.53088700 0.02148400 0.02398300
0 0.66406200 0.53052300 0.02148400 0.02470900
22 0.72607400 0.53016000 0.02246100 0.02398300
15 0.78564500 0.52943300 0.02246100 0.02398300
20 0.81445300 0.52943300 0.02343800 0.02398300
25 0.84423800 0.52870600 0.02246100 0.02398300
17 0.10205100 0.57558100 0.02246100 0.02470900
10 0.16162100 0.57412800 0.02246100 0.02470900
13 0.22216800 0.57340100 0.02246100 0.02470900
4 0.25244100 0.57267400 0.02246100 0.02470900
12 0.28271500 0.57267400 0.02246100 0.02470900
13 0.31250000 0.57194800 0.02343800 0.02470900
14 0.34228500 0.57194800 0.02246100 0.02470900
6 0.37255900 0.57122100 0.02246100 0.02470900
14 0.40234400 0.56940400 0.02343800 0.02543600
10 0.46093800 0.56904100 0.02343800 0.02470900
11 0.49023400 0.56904100 0.02343800 0.02470900
4 0.52050800 0.56904100 0.02343800 0.02470900
20 0.13232400 0.61155500 0.02246100 0.02398300
15 0.16259800 0.61119200 0.02246100 0.02470900
17 0.19287100 0.61046500 0.02246100 0.02470900
0 0.31347700 0.60864800 0.02148400 0.02398300
0 0.13330100 0.64861900 0.02246100 0.02543600
9 0.16259800 0.64789200 0.02246100 0.02543600
8 0.28466800 0.64534900 0.02246100 0.02470900
9 0.31445300 0.64462200 0.02148400 0.02470900
0 0.43408200 0.64316900 0.02246100 0.02470900
9 0.46337900 0.64316900 0.02246100 0.02470900
9 0.49218800 0.64353200 0.02148400 0.02398300
0 0.13330100 0.68641000 0.02246100 0.02543600
9 0.16357400 0.68568300 0.02246100 0.02543600
9 0.19580100 0.68495600 0.02246100 0.02543600
5 0.31591800 0.68204900 0.02246100 0.02543600
9 0.34472700 0.68168600 0.02148400 0.02470900
3 0.46337900 0.67950600 0.02246100 0.02470900
9 0.49267600 0.67950600 0.02246100 0.02470900
5 0.13281200 0.72492700 0.02343800 0.02543600
9 0.16357400 0.72420100 0.02246100 0.02543600
6 0.28613300 0.72056700 0.02343800 0.02543600
4 0.43505900 0.71729700 0.02246100 0.02470900
2 0.46435500 0.71693300 0.02246100 0.02543600
2 0.13378900 0.76271800 0.02343800 0.02543600
9 0.16406200 0.76271800 0.02343800 0.02543600
4 0.28662100 0.75690400 0.02246100 0.02543600
1 0.40625000 0.75472400 0.02148400 0.02543600
4 0.43554700 0.75399700 0.02148400 0.02543600
3 0.13378900 0.80087200 0.02343800 0.02470900
9 0.16455100 0.79941900 0.02246100 0.02470900
3 0.28662100 0.79542200 0.02246100 0.02398300
2 0.40673800 0.79215100 0.02246100 0.02470900
5 0.43603500 0.79142400 0.02246100 0.02470900
