11 0.10468750 0.20468750 0.09375000 0.16250000
19 0.19375000 0.16718750 0.10000000 0.17187500
4 0.28750000 0.15312500 0.09375000 0.19843750
25 0.38906250 0.13125000 0.08750000 0.20312500
5 0.67031250 0.08906250 0.08125000 0.16093750
11 0.75781250 0.08593750 0.07187500 0.16093750
19 0.82812500 0.07656250 0.07343750 0.15000000
17 0.89531250 0.08281250 0.05156250 0.13125000
3 0.10781250 0.39843750 0.07812500 0.14531250
14 0.20000000 0.39843750 0.07812500 0.17500000
21 0.31562500 0.36875000 0.09375000 0.17968750
13 0.40937500 0.36093750 0.08125000 0.19375000
18 0.59531250 0.32656250 0.07656250 0.17968750
7 0.68906250 0.31562500 0.08750000 0.18750000
4 0.77812500 0.31093750 0.08593750 0.18750000
5 0.04062500 0.64687500 0.08125000 0.16250000
18 0.12812500 0.63281250 0.08125000 0.19687500
4 0.21562500 0.62187500 0.08281250 0.18437500
16 0.32812500 0.59687500 0.09375000 0.18125000
18 0.52343750 0.54531250 0.07343750 0.17187500
7 0.60781250 0.53437500 0.08125000 0.18437500
18 0.14375000 0.85937500 0.08125000 0.17968750
14 0.23281250 0.83750000 0.08593750 0.18437500
11 0.34062500 0.82343750 0.09375000 0.17968750
3 0.44375000 0.79375000 0.09375000 0.18437500
