17 0.06093750 0.24062500 0.08593750 0.17968750
7 0.15468750 0.22031250 0.09531250 0.18437500
11 0.09062500 0.46718750 0.09375000 0.16562500
4 0.04687500 0.72343750 0.09375000 0.17187500
14 0.15937500 0.90937500 0.10468750 0.17968750
14 0.18125000 0.44531250 0.09375000 0.17031250
18 0.36250000 0.15781250 0.09062500 0.17656250
14 0.29218750 0.41406250 0.09531250 0.17656250
3 0.21562500 0.66875000 0.09843750 0.17656250
18 0.35468750 0.86562500 0.08750000 0.20625000
14 0.46250000 0.84218750 0.09531250 0.17500000
23 0.42812500 0.60625000 0.09843750 0.17187500
0 0.31875000 0.63281250 0.07812500 0.16250000
7 0.45781250 0.13906250 0.08593750 0.17500000
4 0.56093750 0.12031250 0.10000000 0.18437500
17 0.53750000 0.57031250 0.08593750 0.17656250
6 0.65937500 0.76718750 0.08750000 0.17031250
