19 0.32343750 0.06562500 0.03750000 0.12500000
11 0.41562500 0.06953125 0.03593750 0.12187500
11 0.46093750 0.06953125 0.03125000 0.12500000
11 0.63906250 0.07656250 0.03593750 0.12187500
0 0.89843750 0.09375000 0.03437500 0.11484375
24 0.93906250 0.09687500 0.03281250 0.11796875
6 0.05312500 0.22890625 0.03750000 0.13203125
4 0.09687500 0.22890625 0.03593750 0.13203125
19 0.13906250 0.22578125 0.03593750 0.12500000
19 0.18593750 0.22578125 0.03750000 0.12812500
10 0.36875000 0.23593750 0.03750000 0.12187500
3 0.46093750 0.23984375 0.03750000 0.12187500
1 0.59375000 0.24296875 0.04062500 0.11484375
0 0.63750000 0.24296875 0.03593750 0.11796875
20 0.68125000 0.25000000 0.03437500 0.11796875
11 0.72812500 0.24687500 0.03906250 0.11796875
10 0.77031250 0.25000000 0.03437500 0.12187500
24 0.81406250 0.25312500 0.03750000 0.12812500
0 0.90000000 0.26015625 0.03437500 0.12187500
13 0.94218750 0.26015625 0.03593750 0.12187500
14 0.05000000 0.39218750 0.03281250 0.12500000
11 0.09531250 0.39218750 0.03906250 0.12500000
3 0.13750000 0.39218750 0.03750000 0.12500000
12 0.23125000 0.39921875 0.03906250 0.12500000
13 0.32187500 0.40312500 0.03906250 0.12187500
0 0.41250000 0.40625000 0.03437500 0.12187500
6 0.54687500 0.41328125 0.03125000 0.12187500
15 0.18281250 0.57265625 0.03750000 0.12812500
13 0.27343750 0.57265625 0.03750000 0.12812500
22 0.36875000 0.57656250 0.03593750 0.12500000
0 0.41250000 0.57656250 0.03281250 0.11796875
19 0.08906250 0.74296875 0.03281250 0.12812500
14 0.13437500 0.74296875 0.03593750 0.12187500
15 0.31875000 0.74687500 0.03593750 0.12500000
11 0.36875000 0.75000000 0.03906250 0.12500000
0 0.41093750 0.75000000 0.03593750 0.12500000
19 0.45625000 0.75000000 0.03437500 0.12187500
19 0.50000000 0.75000000 0.03437500 0.11796875
17 0.59062500 0.75312500 0.03593750 0.12187500
14 0.63593750 0.75312500 0.03437500 0.12500000
7 0.76875000 0.75312500 0.03281250 0.11796875
12 0.81250000 0.75703125 0.03593750 0.11484375
14 0.90000000 0.75703125 0.03437500 0.12187500
22 0.18125000 0.92031250 0.03437500 0.11796875
13 0.45468750 0.92343750 0.03593750 0.11796875
10 0.50156250 0.92031250 0.03750000 0.11796875
13 0.67812500 0.92343750 0.03593750 0.11796875
10 0.81562500 0.92734375 0.04062500 0.11796875
