17 0.33496100 0.09193300 0.02734400 0.03415700
14 0.37011700 0.09157000 0.02734400 0.03488400
18 0.40576200 0.09120600 0.02832000 0.03415700
18 0.44238300 0.09048000 0.02734400 0.03415700
8 0.47851600 0.09011600 0.02734400 0.03488400
18 0.55029300 0.08975300 0.02832000 0.03415700
10 0.58593800 0.08975300 0.02734400 0.03415700
0 0.62207000 0.08975300 0.02734400 0.03415700
6 0.22802700 0.15079900 0.02832000 0.03415700
14 0.26220700 0.15079900 0.02832000 0.03415700
18 0.29882800 0.15079900 0.02734400 0.03415700
20 0.33447300 0.15116300 0.02832000 0.03488400
3 0.36962900 0.15116300 0.02832000 0.03488400
0 0.40527300 0.15043600 0.02734400 0.03488400
17 0.44140600 0.14970900 0.02734400 0.03488400
18 0.47802700 0.14970900 0.02636700 0.03488400
19 0.51464800 0.14970900 0.02734400 0.03488400
22 0.55029300 0.14934600 0.02832000 0.03415700
4 0.58642600 0.14898300 0.02832000 0.03488400
13 0.62207000 0.14898300 0.02734400 0.03488400
13 0.65820300 0.14825600 0.02734400 0.03488400
0 0.69433600 0.14825600 0.02734400 0.03488400
1 0.33447300 0.20893900 0.02832000 0.03415700
8 0.37011700 0.20857600 0.02734400 0.03488400
1 0.40478500 0.20857600 0.02832000 0.03488400
11 0.44043000 0.20784900 0.02734400 0.03488400
8 0.47753900 0.20784900 0.02734400 0.03488400
14 0.51318400 0.20784900 0.02832000 0.03488400
19 0.54980500 0.20784900 0.02734400 0.03488400
4 0.58544900 0.20784900 0.02832000 0.03488400
10 0.62109400 0.20784900 0.02734400 0.03488400
0 0.65771500 0.20784900 0.02832000 0.03633700
3 0.33496100 0.26635200 0.02734400 0.03415700
11 0.37011700 0.26635200 0.02734400 0.03415700
18 0.47753900 0.26562500 0.02734400 0.03415700
11 0.51367200 0.26489800 0.02734400 0.03415700
4 0.54931600 0.26489800 0.02636700 0.03415700
15 0.58496100 0.26526200 0.02734400 0.03488400
7 0.65771500 0.26562500 0.02832000 0.03415700
10 0.26416000 0.49636600 0.02636700 0.03343000
8 0.33593800 0.49673000 0.02734400 0.03270300
16 0.44091800 0.49709300 0.02636700 0.03343000
20 0.47558600 0.49709300 0.02734400 0.03343000
10 0.51123000 0.49709300 0.02636700 0.03343000
14 0.54687500 0.49709300 0.02734400 0.03343000
22 0.58300800 0.49782000 0.02734400 0.03343000
18 0.61914100 0.49782000 0.02734400 0.03343000
10 0.65429700 0.49854700 0.02734400 0.03343000
8 0.69043000 0.49854700 0.02734400 0.03343000
12 0.36914100 0.61046500 0.02734400 0.03343000
14 0.40429700 0.61119200 0.02734400 0.03343000
3 0.47656200 0.61119200 0.02734400 0.03343000
14 0.51074200 0.61119200 0.02734400 0.03343000
3 0.54687500 0.61191900 0.02734400 0.03343000
17 0.61816400 0.61264500 0.02734400 0.03343000
12 0.40185500 0.84302300 0.02832000 0.03488400
14 0.43798800 0.84302300 0.02832000 0.03488400
18 0.47363300 0.84375000 0.02929700 0.03488400
10 0.50976600 0.84375000 0.02929700 0.03488400
22 0.54541000 0.84447700 0.02832000 0.03488400
0 0.58252000 0.84484000 0.02832000 0.03561000
1 0.43701200 0.90189000 0.02832000 0.03488400
9 0.47363300 0.90225300 0.02929700 0.03415700
9 0.50976600 0.90261600 0.02929700 0.03488400
6 0.54589800 0.90298000 0.02929700 0.03415700
