18 0.19775400 0.12027600 0.01855500 0.02107600
19 0.22070300 0.11954900 0.01953100 0.02107600
14 0.24414100 0.11809600 0.01953100 0.02107600
11 0.26709000 0.11664200 0.01855500 0.02107600
10 0.31396500 0.11337200 0.02050800 0.02180200
14 0.33789100 0.11191900 0.01953100 0.02180200
22 0.38671900 0.10901200 0.01953100 0.02180200
18 0.41210900 0.10755800 0.01953100 0.02180200
15 0.43652300 0.10610500 0.01953100 0.02180200
7 0.48779300 0.10319800 0.02050800 0.02325600
13 0.51269500 0.10174400 0.02148400 0.02325600
20 0.53808600 0.10029100 0.02148400 0.02325600
11 0.56445300 0.09920100 0.02148400 0.02252900
14 0.59033200 0.09774700 0.02246100 0.02252900
14 0.64453100 0.09520300 0.02148400 0.02325600
6 0.67089800 0.09411300 0.02148400 0.02252900
13 0.69873000 0.09229700 0.02246100 0.02325600
4 0.72558600 0.09157000 0.02148400 0.02325600
13 0.19726600 0.15007300 0.01757800 0.02107600
0 0.21972700 0.14861900 0.01757800 0.02107600
22 0.26660200 0.14643900 0.01757800 0.02107600
4 0.28955100 0.14534900 0.01855500 0.02034900
18 0.31396500 0.14425900 0.01855500 0.02107600
4 0.33789100 0.14280500 0.01953100 0.02252900
11 0.36181600 0.14171500 0.01855500 0.02180200
7 0.41113300 0.13880800 0.01953100 0.02180200
4 0.19580100 0.17877900 0.01855500 0.02034900
11 0.21826200 0.17768900 0.01855500 0.02107600
10 0.24267600 0.17696200 0.01855500 0.02107600
0 0.26611300 0.17623500 0.01855500 0.02107600
7 0.28955100 0.17550900 0.01855500 0.02107600
7 0.35888700 0.23473800 0.02050800 0.02180200
14 0.38330100 0.23401200 0.02050800 0.02180200
17 0.40869100 0.23328500 0.02050800 0.02180200
14 0.43408200 0.23255800 0.02050800 0.02180200
8 0.48437500 0.23074100 0.02148400 0.02252900
3 0.56152300 0.22783400 0.02148400 0.02252900
4 0.58789100 0.22674400 0.02148400 0.02325600
13 0.61377000 0.22601700 0.02050800 0.02325600
7 0.35742200 0.29651200 0.01953100 0.02180200
14 0.38183600 0.29760200 0.01953100 0.02252900
17 0.40625000 0.29687500 0.01953100 0.02252900
14 0.43164100 0.29614800 0.01953100 0.02252900
8 0.48291000 0.29469500 0.02050800 0.02252900
3 0.56054700 0.29251500 0.01953100 0.02252900
4 0.58593800 0.29178800 0.01953100 0.02252900
13 0.61279300 0.29033400 0.02050800 0.02252900
22 0.14306600 0.33103200 0.01855500 0.02107600
14 0.16552700 0.33030500 0.01855500 0.02107600
19 0.18798800 0.33030500 0.01855500 0.02107600
15 0.23486300 0.32994200 0.01855500 0.02180200
14 0.25927700 0.32957800 0.01855500 0.02107600
17 0.28271500 0.32957800 0.01855500 0.02107600
19 0.30712900 0.32921500 0.01855500 0.02180200
5 0.33203100 0.32921500 0.01953100 0.02180200
4 0.35693400 0.32848800 0.01855500 0.02180200
11 0.38037100 0.32848800 0.01855500 0.02180200
15 0.14160200 0.36082800 0.01757800 0.02107600
0 0.16455100 0.36082800 0.01855500 0.02107600
11 0.18798800 0.36082800 0.01855500 0.02107600
19 0.23486300 0.36046500 0.01855500 0.02180200
14 0.25830100 0.36046500 0.01855500 0.02180200
8 0.30712900 0.36010200 0.01855500 0.02252900
11 0.38037100 0.35973800 0.01855500 0.02180200
15 0.43066400 0.35937500 0.01953100 0.02252900
0 0.45507800 0.35901200 0.01953100 0.02180200
3 0.14062500 0.39062500 0.01757800 0.02107600
4 0.16308600 0.39135200 0.01757800 0.02107600
13 0.18603500 0.39135200 0.01855500 0.02107600
20 0.25781200 0.39135200 0.01757800 0.02107600
15 0.30566400 0.39135200 0.01757800 0.02107600
0 0.33007800 0.39135200 0.01757800 0.02107600
15 0.35449200 0.39135200 0.01757800 0.02107600
22 0.13916000 0.42114800 0.01855500 0.02107600
7 0.18554700 0.42114800 0.01757800 0.02107600
14 0.20898400 0.42151200 0.01757800 0.02034900
3 0.23242200 0.42151200 0.01757800 0.02034900
13 0.25634800 0.42187500 0.01855500 0.02107600
14 0.28027300 0.42187500 0.01757800 0.02107600
13 0.13867200 0.45094500 0.01757800 0.02107600
4 0.16113300 0.45167200 0.01757800 0.02107600
20 0.20800800 0.45239800 0.01757800 0.02107600
4 0.25585900 0.45312500 0.01757800 0.02107600
11 0.27929700 0.45312500 0.01757800 0.02107600
18 0.13671900 0.48183100 0.01757800 0.02034900
4 0.16015600 0.48219500 0.01757800 0.02107600
6 0.18261700 0.48219500 0.01757800 0.02107600
14 0.20703100 0.48292200 0.01757800 0.02107600
3 0.23046900 0.48292200 0.01757800 0.02107600
13 0.25488300 0.48364800 0.01757800 0.02107600
15 0.13623000 0.51271800 0.01855500 0.02107600
0 0.15869100 0.51271800 0.01855500 0.02107600
15 0.18212900 0.51344500 0.01855500 0.02107600
0 0.20605500 0.51344500 0.01757800 0.02107600
25 0.13476600 0.54287800 0.01757800 0.02180200
13 0.15771500 0.54360500 0.01855500 0.02180200
0 0.18115200 0.54360500 0.01855500 0.02180200
16 0.20459000 0.54433100 0.01855500 0.02180200
8 0.22802700 0.54505800 0.01855500 0.02180200
19 0.25146500 0.54578500 0.01855500 0.02180200
1 0.13378900 0.57303800 0.01757800 0.02107600
20 0.15673800 0.57376500 0.01855500 0.02107600
3 0.17968800 0.57449100 0.01757800 0.02107600
4 0.20361300 0.57521800 0.01855500 0.02107600
19 0.22705100 0.57594500 0.01855500 0.02107600
14 0.27441400 0.57739800 0.01757800 0.02107600
13 0.29882800 0.57776200 0.01757800 0.02180200
18 0.34765600 0.57848800 0.01757800 0.02180200
14 0.37255900 0.57957800 0.02050800 0.02252900
12 0.42236300 0.58103200 0.02050800 0.02252900
13 0.44726600 0.58175900 0.01953100 0.02252900
14 0.47265600 0.58248500 0.01953100 0.02252900
16 0.17822300 0.60537800 0.01855500 0.02180200
19 0.20166000 0.60610500 0.01855500 0.02180200
14 0.22509800 0.60683100 0.01855500 0.02180200
12 0.27392600 0.60901200 0.01855500 0.02180200
13 0.34619100 0.61119200 0.01855500 0.02180200
13 0.39599600 0.61228200 0.01855500 0.02252900
16 0.42089800 0.61300900 0.01953100 0.02252900
4 0.44580100 0.61409900 0.01855500 0.02180200
3 0.17724600 0.63590100 0.01855500 0.02180200
4 0.20068400 0.63735500 0.01855500 0.02180200
11 0.22412100 0.63808100 0.01855500 0.02180200
0 0.24853500 0.63953500 0.01855500 0.02180200
19 0.27197300 0.64026200 0.01855500 0.02180200
1 0.34521500 0.64244200 0.01855500 0.02180200
20 0.37011700 0.64353200 0.01953100 0.02252900
3 0.39453100 0.64425900 0.01953100 0.02252900
4 0.41992200 0.64534900 0.01953100 0.02180200
12 0.44531200 0.64643900 0.01953100 0.02252900
19 0.19873000 0.66787800 0.01855500 0.02180200
14 0.22314500 0.66896800 0.01855500 0.02107600
22 0.27099600 0.67151200 0.01855500 0.02180200
12 0.29541000 0.67223800 0.01855500 0.02180200
4 0.31884800 0.67369200 0.01855500 0.02180200
18 0.34375000 0.67441900 0.01953100 0.02180200
19 0.36865200 0.67550900 0.01855500 0.02252900
4 0.39404300 0.67659900 0.01855500 0.02180200
12 0.17529300 0.69767400 0.01855500 0.02180200
14 0.24560500 0.70130800 0.01855500 0.02180200
1 0.26953100 0.70276200 0.01953100 0.02180200
18 0.29345700 0.70421500 0.01855500 0.02180200
20 0.31884800 0.70566900 0.01855500 0.02180200
3 0.34277300 0.70675900 0.01953100 0.02252900
8 0.36816400 0.70784900 0.01953100 0.02180200
12 0.39257800 0.70893900 0.01953100 0.02252900
18 0.17334000 0.72892400 0.01855500 0.02180200
3 0.22119100 0.73183100 0.01855500 0.02180200
20 0.24462900 0.73292200 0.01855500 0.02107600
10 0.29345700 0.73546500 0.01855500 0.02180200
15 0.34228500 0.73800900 0.01855500 0.02107600
0 0.36718800 0.73982600 0.01953100 0.02180200
15 0.39160200 0.74127900 0.01953100 0.02180200
4 0.41699200 0.74236900 0.01953100 0.02252900
13 0.17187500 0.76053800 0.01953100 0.02252900
0 0.19580100 0.76162800 0.01855500 0.02180200
10 0.24365200 0.76489800 0.01855500 0.02252900
17 0.26757800 0.76635200 0.01953100 0.02252900
14 0.29248000 0.76780500 0.01855500 0.02252900
22 0.31689500 0.76780500 0.02050800 0.02252900
0 0.34179700 0.76998500 0.01953100 0.02252900
19 0.36669900 0.77143900 0.02050800 0.02252900
18 0.17041000 0.79142400 0.01855500 0.02180200
19 0.19433600 0.79324100 0.01953100 0.02252900
0 0.21777300 0.79469500 0.01953100 0.02252900
13 0.24218800 0.79614800 0.01953100 0.02252900
4 0.26660200 0.79760200 0.01953100 0.02252900
12 0.29101600 0.79941900 0.01953100 0.02325600
22 0.33984400 0.80268900 0.01953100 0.02252900
12 0.36523400 0.80414200 0.01953100 0.02252900
4 0.39062500 0.80595900 0.01953100 0.02325600
18 0.41552700 0.80777600 0.02050800 0.02252900
19 0.44091800 0.80923000 0.02050800 0.02252900
4 0.46630900 0.81068300 0.02050800 0.02252900
14 0.16894500 0.82267400 0.01953100 0.02180200
1 0.19238300 0.82449100 0.01953100 0.02252900
18 0.21679700 0.82630800 0.01953100 0.02180200
20 0.24023400 0.82812500 0.01953100 0.02252900
9 0.26464800 0.82994200 0.01953100 0.02180200
3 0.28906200 0.83139500 0.01953100 0.02180200
0 0.31445300 0.83321200 0.01953100 0.02252900
19 0.33886700 0.83466600 0.01953100 0.02252900
