14 0.22070300 0.11300900 0.01953100 0.02107600
19 0.24414100 0.11155500 0.01953100 0.02107600
18 0.29394500 0.10901200 0.01953100 0.02180200
19 0.31835900 0.10828500 0.01953100 0.02180200
14 0.34423800 0.10755800 0.02050800 0.02180200
11 0.36914100 0.10683100 0.01953100 0.02180200
0 0.39453100 0.10610500 0.01953100 0.02180200
3 0.44775400 0.10356100 0.02050800 0.02252900
14 0.47265600 0.10283400 0.01953100 0.02252900
19 0.52587900 0.10065400 0.02050800 0.02252900
0 0.55224600 0.09992700 0.02050800 0.02252900
1 0.57861300 0.09883700 0.02050800 0.02180200
20 0.60546900 0.09774700 0.02148400 0.02252900
17 0.63281200 0.09629400 0.02148400 0.02252900
4 0.66015600 0.09484000 0.02148400 0.02252900
19 0.68750000 0.09338700 0.02148400 0.02252900
0 0.71533200 0.09266000 0.02050800 0.02252900
14 0.21923800 0.14316900 0.01855500 0.02180200
19 0.24316400 0.14244200 0.01953100 0.02180200
10 0.29296900 0.14098800 0.01953100 0.02180200
14 0.31738300 0.13989800 0.01953100 0.02252900
12 0.34326200 0.13880800 0.02050800 0.02180200
14 0.37011700 0.13808100 0.01953100 0.02180200
3 0.39404300 0.13771800 0.02050800 0.02252900
0 0.41943400 0.13699100 0.02050800 0.02252900
3 0.47168000 0.13553800 0.01953100 0.02252900
14 0.49853500 0.13481100 0.02050800 0.02252900
1 0.55127000 0.13299400 0.02050800 0.02180200
20 0.57812500 0.13117700 0.01953100 0.02252900
5 0.60546900 0.12972400 0.01953100 0.02252900
4 0.63232400 0.12899700 0.02050800 0.02252900
19 0.65966800 0.12827000 0.02050800 0.02252900
0 0.68701200 0.12754400 0.02050800 0.02252900
15 0.21679700 0.17332800 0.01953100 0.02252900
14 0.24072300 0.17369200 0.01855500 0.02180200
3 0.26660200 0.17296500 0.01953100 0.02180200
19 0.29150400 0.17187500 0.01855500 0.02252900
14 0.31689500 0.17151200 0.01855500 0.02180200
11 0.34179700 0.17078500 0.01953100 0.02180200
10 0.36718800 0.17042200 0.01953100 0.02252900
13 0.39306600 0.16969500 0.02050800 0.02252900
4 0.41894500 0.16896800 0.01953100 0.02252900
19 0.44531200 0.16860500 0.01953100 0.02180200
8 0.52392600 0.16642400 0.02050800 0.02180200
2 0.57812500 0.16460800 0.01953100 0.02252900
0 0.60400400 0.16279100 0.02050800 0.02325600
15 0.63134800 0.16206400 0.02050800 0.02325600
2 0.68750000 0.16024700 0.02148400 0.02252900
0 0.71484400 0.15915700 0.02148400 0.02325600
17 0.74267600 0.15843000 0.02050800 0.02325600
0 0.77050800 0.15661300 0.02148400 0.02398300
15 0.79882800 0.15552300 0.02148400 0.02325600
0 0.21435500 0.20494200 0.01855500 0.02180200
15 0.26464800 0.20348800 0.01953100 0.02180200
14 0.28955100 0.20312500 0.01855500 0.02252900
19 0.31543000 0.20276200 0.01953100 0.02180200
14 0.34082000 0.20203500 0.01953100 0.02180200
12 0.36621100 0.20167200 0.01953100 0.02252900
25 0.41796900 0.20094500 0.01953100 0.02252900
0 0.44433600 0.20021800 0.01953100 0.02252900
6 0.47070300 0.19985500 0.01953100 0.02180200
13 0.49707000 0.19949100 0.01953100 0.02252900
0 0.52343800 0.19876500 0.01953100 0.02252900
11 0.54980500 0.19876500 0.01953100 0.02252900
15 0.60400400 0.19622100 0.02050800 0.02325600
14 0.63134800 0.19513100 0.02050800 0.02252900
3 0.65771500 0.19440400 0.02050800 0.02252900
10 0.74218800 0.19149700 0.02148400 0.02398300
0 0.77050800 0.19077000 0.02148400 0.02398300
15 0.79980500 0.18968000 0.02148400 0.02325600
9 0.16357400 0.23582800 0.01855500 0.02107600
3 0.18798800 0.23546500 0.01855500 0.02180200
4 0.21289100 0.23546500 0.01953100 0.02180200
19 0.23779300 0.23546500 0.01855500 0.02180200
13 0.28857400 0.23473800 0.01855500 0.02180200
0 0.31347700 0.23473800 0.01953100 0.02180200
10 0.36523400 0.23401200 0.01953100 0.02180200
14 0.39160200 0.23328500 0.01953100 0.02180200
22 0.41748000 0.23292200 0.02050800 0.02252900
17 0.44335900 0.23255800 0.01953100 0.02180200
8 0.46923800 0.23219500 0.02050800 0.02252900
10 0.49560500 0.23183100 0.02050800 0.02325600
4 0.52197300 0.23146800 0.02050800 0.02252900
20 0.57617200 0.22965100 0.02148400 0.02325600
10 0.65771500 0.22747100 0.02050800 0.02325600
0 0.68603500 0.22638100 0.02050800 0.02252900
15 0.71386700 0.22601700 0.02148400 0.02325600
0 0.74218800 0.22529100 0.02148400 0.02325600
15 0.16210900 0.26744200 0.01953100 0.02180200
17 0.18603500 0.26707800 0.01855500 0.02107600
8 0.21142600 0.26671500 0.01855500 0.02180200
19 0.23632800 0.26671500 0.01953100 0.02180200
0 0.26123000 0.26671500 0.01855500 0.02180200
8 0.28710900 0.26635200 0.01953100 0.02252900
11 0.31250000 0.26635200 0.01953100 0.02252900
18 0.33886700 0.26598800 0.01953100 0.02180200
16 0.41601600 0.26526200 0.01953100 0.02180200
20 0.44238300 0.26526200 0.01953100 0.02180200
19 0.46875000 0.26489800 0.01953100 0.02252900
3 0.54834000 0.26271800 0.02050800 0.02252900
0 0.62841800 0.26126500 0.02050800 0.02252900
10 0.15966800 0.29869200 0.01855500 0.02180200
14 0.18457000 0.29869200 0.01953100 0.02180200
17 0.20898400 0.29796500 0.01953100 0.02180200
14 0.23388700 0.29796500 0.01855500 0.02180200
19 0.25976600 0.29723800 0.01953100 0.02180200
10 0.28515600 0.29796500 0.01953100 0.02180200
0 0.31054700 0.29796500 0.01953100 0.02180200
10 0.36230500 0.29796500 0.01953100 0.02180200
14 0.38867200 0.29796500 0.01953100 0.02180200
0 0.44043000 0.29723800 0.01953100 0.02325600
16 0.46777300 0.29687500 0.01953100 0.02252900
11 0.57421900 0.29542200 0.01953100 0.02252900
0 0.60107400 0.29505800 0.02050800 0.02325600
15 0.62841800 0.29469500 0.02050800 0.02252900
0 0.65673800 0.29433100 0.02050800 0.02325600
13 0.15771500 0.32994200 0.01855500 0.02180200
4 0.18212900 0.32994200 0.01855500 0.02180200
3 0.23339800 0.32957800 0.01953100 0.02252900
14 0.25830100 0.32921500 0.01855500 0.02180200
18 0.28369100 0.32921500 0.01855500 0.02180200
19 0.30957000 0.32994200 0.01953100 0.02180200
0 0.33593800 0.32994200 0.01953100 0.02180200
19 0.36230500 0.33030500 0.01953100 0.02252900
10 0.43994100 0.33030500 0.02050800 0.02252900
0 0.46630900 0.32994200 0.02050800 0.02325600
17 0.49218800 0.32957800 0.01953100 0.02252900
0 0.51904300 0.32957800 0.02050800 0.02252900
13 0.54638700 0.32921500 0.02050800 0.02325600
3 0.57275400 0.32885200 0.02050800 0.02252900
0 0.60107400 0.32848800 0.02050800 0.02325600
0 0.65527300 0.32776200 0.01953100 0.02325600
22 0.13183600 0.36155500 0.01953100 0.02252900
14 0.15625000 0.36155500 0.01953100 0.02252900
19 0.18066400 0.36155500 0.01953100 0.02252900
10 0.23144500 0.36155500 0.01953100 0.02252900
0 0.25732400 0.36155500 0.02050800 0.02252900
10 0.28320300 0.36228200 0.01953100 0.02252900
14 0.30859400 0.36228200 0.01953100 0.02252900
6 0.38671900 0.36264500 0.01953100 0.02180200
11 0.41259800 0.36300900 0.02050800 0.02252900
20 0.43847700 0.36300900 0.01953100 0.02252900
15 0.46484400 0.36264500 0.01953100 0.02325600
10 0.57226600 0.36228200 0.01953100 0.02252900
14 0.59912100 0.36155500 0.02050800 0.02252900
19 0.62646500 0.36155500 0.02050800 0.02252900
4 0.65380900 0.36119200 0.02050800 0.02325600
13 0.68212900 0.36082800 0.02050800 0.02398300
14 0.70996100 0.36046500 0.02148400 0.02325600
10 0.73779300 0.36046500 0.02050800 0.02325600
25 0.15283200 0.42550900 0.02050800 0.02252900
0 0.17724600 0.42550900 0.02050800 0.02252900
10 0.20263700 0.42550900 0.02050800 0.02252900
20 0.22802700 0.42587200 0.02050800 0.02180200
19 0.25390600 0.42587200 0.01953100 0.02180200
0 0.27978500 0.42623500 0.02050800 0.02252900
11 0.30566400 0.42659900 0.01953100 0.02180200
0 0.33252000 0.42696200 0.02050800 0.02252900
3 0.38427700 0.42732600 0.02050800 0.02180200
4 0.41064500 0.42732600 0.02050800 0.02325600
22 0.43652300 0.42768900 0.01953100 0.02252900
14 0.46289100 0.42768900 0.01953100 0.02252900
16 0.48974600 0.42805200 0.02050800 0.02325600
10 0.51611300 0.42805200 0.02050800 0.02325600
0 0.54248000 0.42841600 0.02050800 0.02252900
10 0.59716800 0.42841600 0.02050800 0.02398300
14 0.62451200 0.42841600 0.02050800 0.02398300
19 0.65185500 0.42841600 0.02050800 0.02398300
4 0.68017600 0.42841600 0.02246100 0.02398300
13 0.70849600 0.42841600 0.02246100 0.02398300
10 0.73681600 0.42805200 0.02246100 0.02470900
0 0.76611300 0.42805200 0.02246100 0.02470900
22 0.82421900 0.42768900 0.02343800 0.02398300
15 0.10156200 0.45675900 0.01953100 0.02252900
11 0.12646500 0.45675900 0.01855500 0.02252900
0 0.15136700 0.45712200 0.01953100 0.02180200
19 0.17578100 0.45748500 0.01953100 0.02252900
14 0.20117200 0.45821200 0.01953100 0.02252900
10 0.22656200 0.45821200 0.01953100 0.02252900
8 0.27832000 0.45857600 0.01953100 0.02180200
15 0.33105500 0.45930200 0.01953100 0.02180200
14 0.35742200 0.45966600 0.01953100 0.02252900
11 0.40918000 0.46002900 0.01953100 0.02325600
0 0.43554700 0.46039200 0.01953100 0.02252900
18 0.48877000 0.46075600 0.02050800 0.02325600
13 0.54248000 0.46148300 0.02050800 0.02325600
8 0.56884800 0.46184600 0.02050800 0.02252900
12 0.59619100 0.46184600 0.02050800 0.02398300
22 0.65185500 0.46184600 0.02050800 0.02398300
18 0.70800800 0.46184600 0.02148400 0.02398300
0 0.73632800 0.46184600 0.02148400 0.02398300
3 0.76513700 0.46257300 0.02246100 0.02398300
11 0.14892600 0.48946200 0.02050800 0.02252900
3 0.19970700 0.48946200 0.02050800 0.02252900
8 0.22509800 0.49018900 0.02050800 0.02252900
18 0.27685500 0.49091600 0.02050800 0.02252900
15 0.30322300 0.49127900 0.02050800 0.02325600
17 0.32959000 0.49200600 0.02050800 0.02325600
0 0.35595700 0.49236900 0.02050800 0.02252900
8 0.40869100 0.49345900 0.02050800 0.02325600
22 0.43408200 0.49309600 0.02050800 0.02252900
0 0.45996100 0.49345900 0.02148400 0.02325600
19 0.51416000 0.49418600 0.02050800 0.02325600
10 0.62304700 0.49564000 0.02148400 0.02325600
19 0.65136700 0.49600300 0.02148400 0.02398300
14 0.67871100 0.49600300 0.02148400 0.02398300
19 0.76416000 0.49709300 0.02246100 0.02470900
14 0.79443400 0.49709300 0.02246100 0.02470900
20 0.85351600 0.49745600 0.02343800 0.02398300
22 0.09765600 0.52071200 0.01953100 0.02252900
0 0.12255900 0.52071200 0.02050800 0.02252900
18 0.14746100 0.52143900 0.01953100 0.02252900
0 0.14502000 0.55377900 0.02050800 0.02325600
3 0.19628900 0.55486900 0.01953100 0.02252900
4 0.22168000 0.55523300 0.01953100 0.02325600
22 0.24755900 0.55595900 0.02050800 0.02325600
14 0.27392600 0.55668600 0.02050800 0.02325600
16 0.29980500 0.55704900 0.01953100 0.02252900
10 0.32666000 0.55741300 0.02050800 0.02325600
0 0.35302700 0.55814000 0.02050800 0.02325600
6 0.40576200 0.55850300 0.02050800 0.02252900
14 0.43212900 0.55923000 0.02050800 0.02252900
22 0.45849600 0.55959300 0.02050800 0.02325600
14 0.48486300 0.56032000 0.02050800 0.02325600
17 0.51220700 0.56104700 0.02050800 0.02325600
8 0.53857400 0.56177300 0.02050800 0.02325600
19 0.56591800 0.56177300 0.02246100 0.02325600
19 0.70556600 0.56468000 0.02246100 0.02470900
14 0.73486300 0.56540700 0.02246100 0.02470900
12 0.79345700 0.56686000 0.02246100 0.02470900
14 0.82373000 0.56758700 0.02246100 0.02470900
3 0.09375000 0.58430200 0.01953100 0.02180200
14 0.11816400 0.58539200 0.01953100 0.02252900
16 0.14355500 0.58611900 0.01953100 0.02252900
10 0.16894500 0.58684600 0.01953100 0.02252900
0 0.19482400 0.58757300 0.02050800 0.02252900
11 0.14209000 0.61918600 0.02050800 0.02325600
3 0.19287100 0.62064000 0.02050800 0.02325600
8 0.21826200 0.62136600 0.02050800 0.02325600
18 0.27050800 0.62209300 0.01953100 0.02325600
15 0.29736300 0.62282000 0.02050800 0.02325600
17 0.32324200 0.62354700 0.02148400 0.02325600
0 0.34912100 0.62427300 0.02050800 0.02325600
8 0.40234400 0.62572700 0.02148400 0.02325600
22 0.42919900 0.62645300 0.02050800 0.02325600
0 0.45605500 0.62718000 0.02148400 0.02325600
19 0.50976600 0.62863400 0.02148400 0.02325600
15 0.62011700 0.63226700 0.02148400 0.02470900
14 0.64746100 0.63299400 0.02148400 0.02470900
16 0.67578100 0.63372100 0.02148400 0.02470900
4 0.70459000 0.63444800 0.02246100 0.02470900
12 0.73437500 0.63517400 0.02148400 0.02470900
20 0.76416000 0.63662800 0.02246100 0.02470900
20 0.82275400 0.63844500 0.02246100 0.02543600
22 0.08935500 0.65043600 0.02050800 0.02325600
0 0.11474600 0.65116300 0.02050800 0.02325600
4 0.16601600 0.65261600 0.01953100 0.02325600
3 0.24316400 0.65479700 0.01953100 0.02325600
14 0.26904300 0.65588700 0.02050800 0.02398300
16 0.29541000 0.65661300 0.02050800 0.02398300
10 0.32177700 0.65734000 0.02050800 0.02398300
8 0.34814500 0.65734000 0.02050800 0.02398300
18 0.40185500 0.65952000 0.02050800 0.02398300
4 0.42822300 0.66024700 0.02050800 0.02398300
17 0.45507800 0.66097400 0.02148400 0.02398300
4 0.50878900 0.66279100 0.02148400 0.02470900
23 0.56396500 0.66460800 0.02050800 0.02398300
4 0.59179700 0.66569800 0.02148400 0.02470900
16 0.61914100 0.66642400 0.02148400 0.02470900
10 0.64746100 0.66787800 0.02148400 0.02470900
8 0.67578100 0.66860500 0.02148400 0.02470900
0 0.13818400 0.68459300 0.02050800 0.02325600
3 0.18896500 0.68677300 0.02050800 0.02325600
4 0.21533200 0.68750000 0.02050800 0.02325600
22 0.24169900 0.68822700 0.02050800 0.02325600
14 0.26806600 0.68968000 0.02050800 0.02325600
16 0.29345700 0.69040700 0.02050800 0.02325600
10 0.31982400 0.69149700 0.02050800 0.02398300
0 0.34619100 0.69222400 0.02050800 0.02398300
6 0.39990200 0.69367700 0.02050800 0.02398300
14 0.42627000 0.69476700 0.02050800 0.02470900
22 0.45312500 0.69549400 0.02148400 0.02470900
14 0.47998000 0.69658400 0.02246100 0.02398300
17 0.50781200 0.69731100 0.02148400 0.02398300
8 0.53466800 0.69840100 0.02246100 0.02470900
19 0.56201200 0.69949100 0.02246100 0.02543600
14 0.67529300 0.70421500 0.02246100 0.02470900
13 0.70361300 0.70494200 0.02246100 0.02470900
0 0.73193400 0.70639500 0.02246100 0.02470900
3 0.79248000 0.70857600 0.02246100 0.02470900
0 0.82177700 0.71002900 0.02246100 0.02470900
22 0.85205100 0.71111900 0.02246100 0.02543600
13 0.08447300 0.71657000 0.02050800 0.02325600
14 0.10986300 0.71729700 0.02050800 0.02325600
13 0.16162100 0.71947700 0.02050800 0.02325600
4 0.18701200 0.72020300 0.02050800 0.02325600
12 0.23974600 0.72238400 0.02050800 0.02325600
11 0.29150400 0.72420100 0.02050800 0.02398300
0 0.31787100 0.72492700 0.02050800 0.02398300
18 0.34423800 0.72638100 0.02050800 0.02398300
11 0.13330100 0.75181700 0.02050800 0.02398300
3 0.18505900 0.75363400 0.02050800 0.02325600
8 0.21044900 0.75472400 0.02050800 0.02398300
18 0.26318400 0.75690400 0.02050800 0.02398300
15 0.29003900 0.75799400 0.02148400 0.02470900
17 0.31640600 0.75908400 0.02148400 0.02398300
0 0.34326200 0.75981100 0.02050800 0.02398300
8 0.39697300 0.76235500 0.02246100 0.02470900
22 0.42334000 0.76344500 0.02246100 0.02398300
0 0.45068400 0.76453500 0.02246100 0.02470900
19 0.50537100 0.76707800 0.02246100 0.02398300
15 0.61718800 0.77289200 0.02343800 0.02543600
14 0.64550800 0.77398300 0.02343800 0.02616300
16 0.67382800 0.77543600 0.02343800 0.02616300
4 0.70263700 0.77652600 0.02246100 0.02543600
12 0.73242200 0.77798000 0.02343800 0.02543600
20 0.76269500 0.77943300 0.02343800 0.02543600
20 0.82177700 0.78197700 0.02441400 0.02616300
13 0.08007800 0.78379400 0.02148400 0.02398300
4 0.10595700 0.78452000 0.02050800 0.02398300
4 0.13134800 0.78561000 0.02050800 0.02325600
12 0.18310500 0.78779100 0.02050800 0.02325600
14 0.20898400 0.78888100 0.02148400 0.02398300
7 0.23584000 0.79033400 0.02050800 0.02398300
13 0.26123000 0.79106100 0.02050800 0.02398300
0 0.28808600 0.79251500 0.02148400 0.02398300
19 0.31494100 0.79396800 0.02050800 0.02398300
4 0.36816400 0.79578500 0.02148400 0.02470900
11 0.42187500 0.79796500 0.02148400 0.02470900
0 0.44970700 0.79941900 0.02246100 0.02470900
15 0.47705100 0.80087200 0.02246100 0.02470900
0 0.55859400 0.80486900 0.02148400 0.02543600
20 0.61669900 0.80777600 0.02246100 0.02543600
18 0.64502000 0.80923000 0.02246100 0.02543600
10 0.73193400 0.81359000 0.02246100 0.02543600
0 0.76220700 0.81504400 0.02246100 0.02543600
10 0.79101600 0.81686000 0.02343800 0.02616300
20 0.85156200 0.81976700 0.02343800 0.02616300
15 0.07714800 0.81722400 0.02148400 0.02398300
0 0.10253900 0.81867700 0.02148400 0.02398300
15 0.12890600 0.82013100 0.02148400 0.02398300
3 0.12646500 0.85465100 0.02246100 0.02470900
4 0.15234400 0.85537800 0.02148400 0.02470900
22 0.17871100 0.85683100 0.02148400 0.02470900
14 0.20507800 0.85828500 0.02148400 0.02470900
16 0.23095700 0.85901200 0.02246100 0.02470900
10 0.25781200 0.86046500 0.02148400 0.02470900
0 0.28418000 0.86191900 0.02148400 0.02470900
6 0.33789100 0.86482600 0.02148400 0.02470900
14 0.36474600 0.86664200 0.02246100 0.02398300
22 0.39209000 0.86809600 0.02246100 0.02398300
14 0.41943400 0.86918600 0.02246100 0.02470900
17 0.44677700 0.87027600 0.02246100 0.02543600
8 0.47412100 0.87173000 0.02246100 0.02543600
19 0.50146500 0.87318300 0.02246100 0.02543600
14 0.61474600 0.88008700 0.02441400 0.02616300
13 0.64306600 0.88154100 0.02441400 0.02616300
0 0.67138700 0.88335800 0.02441400 0.02689000
3 0.72998000 0.88699100 0.02441400 0.02689000
0 0.75927700 0.88880800 0.02441400 0.02616300
22 0.79052700 0.89062500 0.02441400 0.02689000
13 0.82080100 0.89280500 0.02441400 0.02689000
14 0.85009800 0.89462200 0.02441400 0.02616300
13 0.07324200 0.88481100 0.02148400 0.02398300
4 0.09765600 0.88626500 0.02148400 0.02398300
1 0.15039100 0.88989800 0.02148400 0.02398300
17 0.17578100 0.89135200 0.02148400 0.02398300
8 0.20214800 0.89280500 0.02148400 0.02398300
11 0.22851600 0.89462200 0.02148400 0.02325600
0 0.25585900 0.89607600 0.02148400 0.02470900
18 0.28222700 0.89752900 0.02148400 0.02470900
