5 0.11377000 0.16113300 0.02050800 0.02278600
8 0.06445300 0.19987000 0.02148400 0.02213500
3 0.11377000 0.19661500 0.02050800 0.02213500
0 0.13769500 0.19498700 0.02148400 0.02148400
22 0.16113300 0.19335900 0.02148400 0.02213500
0 0.18652300 0.19140600 0.02148400 0.02213500
12 0.26074200 0.18522100 0.02148400 0.02278600
4 0.28710900 0.18326800 0.02148400 0.02278600
13 0.31250000 0.18164100 0.02343800 0.02343800
19 0.39160200 0.17513000 0.02343800 0.02343800
4 0.41796900 0.17317700 0.02343800 0.02343800
17 0.44531200 0.17122400 0.02343800 0.02343800
4 0.47216800 0.16927100 0.02246100 0.02343800
19 0.50048800 0.16731800 0.02246100 0.02343800
15 0.06591800 0.23600300 0.02050800 0.02148400
17 0.08935500 0.23437500 0.02050800 0.02213500
8 0.11279300 0.23274700 0.02050800 0.02148400
6 0.13720700 0.23079400 0.02050800 0.02148400
14 0.16162100 0.22916700 0.02050800 0.02213500
22 0.18652300 0.22753900 0.02148400 0.02278600
0 0.21142600 0.22591100 0.02246100 0.02343800
17 0.23584000 0.22395800 0.02246100 0.02343800
8 0.26220700 0.22200500 0.02246100 0.02343800
22 0.28759800 0.22037800 0.02246100 0.02278600
0 0.31347700 0.21842400 0.02148400 0.02278600
19 0.33935500 0.21647100 0.02246100 0.02278600
12 0.08886700 0.30761700 0.02148400 0.02278600
14 0.11279300 0.30631500 0.02050800 0.02278600
4 0.13623000 0.30501300 0.02050800 0.02278600
12 0.16064500 0.30371100 0.02050800 0.02278600
12 0.21093800 0.30110700 0.02148400 0.02278600
14 0.23632800 0.29980500 0.02148400 0.02278600
4 0.26171900 0.29817700 0.02148400 0.02343800
12 0.28710900 0.29720100 0.02148400 0.02408900
19 0.34033200 0.29459600 0.02246100 0.02408900
17 0.36621100 0.29296900 0.02148400 0.02474000
20 0.39257800 0.29134100 0.02343800 0.02408900
1 0.41943400 0.29003900 0.02246100 0.02408900
14 0.44677700 0.28873700 0.02246100 0.02408900
16 0.47460900 0.28743500 0.02343800 0.02408900
8 0.50244100 0.28580700 0.02246100 0.02474000
18 0.53076200 0.28418000 0.02246100 0.02408900
19 0.55957000 0.28287800 0.02343800 0.02408900
0 0.58886700 0.28190100 0.02343800 0.02474000
16 0.06494100 0.34602900 0.02050800 0.02278600
8 0.08837900 0.34472700 0.02050800 0.02278600
18 0.11230500 0.34375000 0.02148400 0.02343800
19 0.13671900 0.34244800 0.02148400 0.02343800
14 0.16113300 0.34179700 0.02148400 0.02343800
16 0.21093800 0.33919300 0.02148400 0.02343800
8 0.23632800 0.33724000 0.02148400 0.02343800
18 0.26171900 0.33658900 0.02148400 0.02343800
19 0.28710900 0.33528600 0.02148400 0.02343800
14 0.31347700 0.33431000 0.02148400 0.02408900
16 0.36621100 0.33203100 0.02148400 0.02343800
8 0.39257800 0.33105500 0.02148400 0.02408900
18 0.41992200 0.33007800 0.02148400 0.02343800
19 0.44726600 0.32845100 0.02343800 0.02408900
14 0.47460900 0.32747400 0.02343800 0.02474000
16 0.53125000 0.32487000 0.02343800 0.02474000
8 0.55957000 0.32421900 0.02343800 0.02474000
18 0.58886700 0.32291700 0.02343800 0.02474000
19 0.61718800 0.32194000 0.02343800 0.02408900
14 0.64648400 0.32096400 0.02343800 0.02474000
1 0.06445300 0.38346400 0.02148400 0.02343800
20 0.08789100 0.38281200 0.02148400 0.02343800
3 0.11230500 0.38216100 0.02148400 0.02343800
4 0.13671900 0.38085900 0.02148400 0.02343800
19 0.16064500 0.37988300 0.02246100 0.02408900
1 0.20996100 0.37793000 0.02148400 0.02408900
20 0.23535200 0.37695300 0.02148400 0.02343800
3 0.26171900 0.37565100 0.02148400 0.02474000
4 0.28710900 0.37500000 0.02148400 0.02474000
19 0.31347700 0.37402300 0.02148400 0.02408900
19 0.36621100 0.37207000 0.02148400 0.02408900
17 0.39257800 0.37141900 0.02148400 0.02408900
20 0.41992200 0.37044300 0.02148400 0.02474000
1 0.44775400 0.36914100 0.02246100 0.02474000
14 0.47509800 0.36816400 0.02246100 0.02539100
16 0.50244100 0.36686200 0.02246100 0.02539100
8 0.53173800 0.36621100 0.02246100 0.02539100
18 0.56005900 0.36556000 0.02246100 0.02539100
19 0.58984400 0.36393200 0.02343800 0.02604200
16 0.06396500 0.42089800 0.02050800 0.02278600
8 0.08837900 0.42024700 0.02050800 0.02278600
18 0.11181600 0.41959600 0.02050800 0.02278600
19 0.13574200 0.41894500 0.02148400 0.02278600
16 0.18457000 0.41731800 0.02148400 0.02343800
8 0.21044900 0.41666700 0.02050800 0.02343800
18 0.23535200 0.41601600 0.02148400 0.02343800
19 0.26074200 0.41536500 0.02148400 0.02343800
16 0.31298800 0.41373700 0.02246100 0.02408900
8 0.33935500 0.41308600 0.02246100 0.02408900
18 0.36669900 0.41243500 0.02246100 0.02408900
19 0.39306600 0.41113300 0.02246100 0.02408900
16 0.44775400 0.40950500 0.02246100 0.02343800
8 0.47607400 0.40885400 0.02441400 0.02474000
18 0.50390600 0.40820300 0.02343800 0.02474000
19 0.53173800 0.40755200 0.02441400 0.02474000
19 0.06347700 0.49576800 0.02148400 0.02278600
20 0.08691400 0.49544300 0.02148400 0.02343800
19 0.11132800 0.49511700 0.02148400 0.02278600
8 0.16015600 0.49511700 0.02148400 0.02408900
12 0.20898400 0.49446600 0.02148400 0.02408900
11 0.25976600 0.49381500 0.02148400 0.02408900
14 0.28613300 0.49381500 0.02148400 0.02408900
15 0.33886700 0.49251300 0.02148400 0.02408900
14 0.36572300 0.49218800 0.02246100 0.02474000
3 0.39306600 0.49186200 0.02246100 0.02408900
18 0.42041000 0.49218800 0.02246100 0.02474000
10 0.44775400 0.49153600 0.02246100 0.02474000
14 0.47607400 0.49153600 0.02246100 0.02474000
16 0.50341800 0.49088500 0.02246100 0.02474000
8 0.53271500 0.49088500 0.02246100 0.02474000
11 0.56054700 0.49023400 0.02343800 0.02474000
14 0.59082000 0.48990900 0.02343800 0.02539100
8 0.06347700 0.53320300 0.02148400 0.02343800
22 0.11084000 0.53352900 0.02050800 0.02408900
2 0.13525400 0.53320300 0.02050800 0.02474000
4 0.15918000 0.53320300 0.02148400 0.02474000
15 0.18359400 0.53352900 0.02148400 0.02408900
8 0.20800800 0.53352900 0.02148400 0.02408900
11 0.23388700 0.53320300 0.02246100 0.02474000
14 0.25927700 0.53320300 0.02246100 0.02474000
18 0.28515600 0.53320300 0.02148400 0.02474000
22 0.36523400 0.53255200 0.02148400 0.02474000
22 0.41943400 0.53255200 0.02246100 0.02474000
14 0.44775400 0.53255200 0.02246100 0.02474000
11 0.47558600 0.53255200 0.02148400 0.02474000
14 0.50439500 0.53255200 0.02246100 0.02474000
18 0.53173800 0.53255200 0.02246100 0.02474000
0 0.56103500 0.53222700 0.02246100 0.02539100
8 0.06347700 0.57226600 0.02148400 0.02343800
11 0.13427700 0.57194000 0.02050800 0.02408900
8 0.15869100 0.57226600 0.02050800 0.02343800
11 0.18310500 0.57259100 0.02050800 0.02408900
14 0.20752000 0.57259100 0.02050800 0.02408900
8 0.25927700 0.57291700 0.02246100 0.02474000
12 0.31103500 0.57324200 0.02246100 0.02539100
11 0.36523400 0.57389300 0.02148400 0.02539100
8 0.39209000 0.57389300 0.02246100 0.02539100
11 0.41943400 0.57389300 0.02246100 0.02539100
14 0.44726600 0.57454400 0.02148400 0.02539100
8 0.06396500 0.60937500 0.02050800 0.02343800
10 0.10986300 0.61100300 0.02050800 0.02278600
20 0.13525400 0.61132800 0.02050800 0.02343800
18 0.15869100 0.61165400 0.02050800 0.02278600
0 0.18310500 0.61197900 0.02050800 0.02343800
11 0.20752000 0.61263000 0.02050800 0.02343800
14 0.23388700 0.61263000 0.02050800 0.02343800
10 0.28515600 0.61295600 0.02148400 0.02408900
0 0.31250000 0.61360700 0.02148400 0.02408900
10 0.33886700 0.61360700 0.02148400 0.02408900
14 0.39209000 0.61490900 0.02246100 0.02408900
18 0.41943400 0.61523400 0.02246100 0.02474000
0 0.44775400 0.61523400 0.02246100 0.02474000
0 0.06591800 0.68554700 0.02050800 0.02343800
14 0.11181600 0.68684900 0.02050800 0.02343800
19 0.13623000 0.68750000 0.02050800 0.02343800
1 0.18554700 0.68977900 0.02148400 0.02408900
4 0.21093800 0.69043000 0.02148400 0.02408900
4 0.26171900 0.69205700 0.02148400 0.02474000
13 0.28808600 0.69270800 0.02148400 0.02474000
14 0.31347700 0.69335900 0.02148400 0.02474000
12 0.39404300 0.69628900 0.02246100 0.02539100
14 0.42138700 0.69694000 0.02246100 0.02539100
16 0.44873000 0.69759100 0.02246100 0.02539100
0 0.47607400 0.69824200 0.02246100 0.02539100
11 0.50439500 0.69889300 0.02246100 0.02539100
10 0.53271500 0.70019500 0.02246100 0.02539100
8 0.56201200 0.70117200 0.02246100 0.02474000
15 0.11230500 0.72526000 0.02148400 0.02343800
14 0.13623000 0.72591100 0.02050800 0.02343800
12 0.16113300 0.72688800 0.02148400 0.02408900
16 0.18603500 0.72819000 0.02050800 0.02408900
0 0.21093800 0.72916700 0.02148400 0.02343800
11 0.23584000 0.73046900 0.02050800 0.02343800
18 0.26171900 0.73112000 0.02148400 0.02343800
10 0.34082000 0.73437500 0.02148400 0.02474000
0 0.36669900 0.73535200 0.02246100 0.02408900
10 0.39453100 0.73632800 0.02148400 0.02474000
14 0.44921900 0.73860700 0.02148400 0.02408900
19 0.47656200 0.73925800 0.02343800 0.02539100
15 0.53320300 0.74186200 0.02343800 0.02539100
0 0.56201200 0.74251300 0.02441400 0.02539100
11 0.59130900 0.74349000 0.02441400 0.02474000
10 0.62109400 0.74446600 0.02343800 0.02539100
8 0.65136700 0.74511700 0.02343800 0.02539100
0 0.06494100 0.76171900 0.02050800 0.02343800
14 0.11279300 0.76334600 0.02050800 0.02408900
13 0.13769500 0.76464800 0.02148400 0.02408900
0 0.16162100 0.76562500 0.02050800 0.02343800
25 0.21191400 0.76822900 0.02148400 0.02343800
0 0.23681600 0.76953100 0.02050800 0.02343800
12 0.28906200 0.77213500 0.02148400 0.02474000
13 0.31494100 0.77343800 0.02246100 0.02474000
14 0.34130900 0.77474000 0.02246100 0.02474000
25 0.42138700 0.77832000 0.02246100 0.02408900
0 0.44970700 0.77929700 0.02246100 0.02474000
12 0.50585900 0.78190100 0.02148400 0.02474000
13 0.53369100 0.78320300 0.02246100 0.02474000
14 0.56298800 0.78483100 0.02246100 0.02539100
15 0.06543000 0.79850300 0.02148400 0.02278600
14 0.08984400 0.79980500 0.02148400 0.02278600
18 0.13818400 0.80306000 0.02050800 0.02278600
0 0.16162100 0.80436200 0.02050800 0.02278600
3 0.18750000 0.80566400 0.02148400 0.02278600
14 0.21289100 0.80761700 0.02148400 0.02278600
22 0.23828100 0.80891900 0.02148400 0.02278600
14 0.26367200 0.81022100 0.02148400 0.02278600
15 0.34130900 0.81412800 0.02246100 0.02408900
14 0.36865200 0.81575500 0.02246100 0.02343800
18 0.42236300 0.81868500 0.02246100 0.02408900
4 0.44970700 0.82031200 0.02246100 0.02343800
13 0.47705100 0.82194000 0.02246100 0.02408900
13 0.50585900 0.82291700 0.02343800 0.02474000
14 0.53418000 0.82421900 0.02343800 0.02474000
