19 0.06093750 0.22031250 0.10000000 0.17187500
4 0.14687500 0.21250000 0.09375000 0.19843750
25 0.24218750 0.17500000 0.08750000 0.20312500
5 0.54062500 0.11406250 0.08593750 0.17656250
11 0.63437500 0.11093750 0.08593750 0.16250000
19 0.72187500 0.10156250 0.07343750 0.15000000
17 0.80000000 0.09062500 0.05937500 0.15312500
14 0.08281250 0.43125000 0.07812500 0.17500000
21 0.18437500 0.40937500 0.09375000 0.17968750
13 0.28750000 0.39218750 0.08125000 0.19375000
18 0.47187500 0.36562500 0.07656250 0.17968750
7 0.56406250 0.35625000 0.08750000 0.18750000
4 0.65468750 0.34218750 0.08593750 0.18750000
18 0.04062500 0.66875000 0.08125000 0.19687500
4 0.11250000 0.65625000 0.08593750 0.18437500
16 0.20625000 0.64062500 0.09375000 0.18125000
18 0.39218750 0.58750000 0.07343750 0.17187500
7 0.48906250 0.57187500 0.08125000 0.18750000
14 0.12812500 0.87343750 0.08593750 0.18437500
11 0.21562500 0.86406250 0.09375000 0.17968750
3 0.30468750 0.84843750 0.09062500 0.18437500
16 0.58281250 0.55000000 0.09375000 0.16718750
4 0.60156250 0.76406250 0.08593750 0.17656250
11 0.70000000 0.75312500 0.09375000 0.17031250
7 0.87812500 0.09375000 0.07343750 0.15625000
