15 0.08906250 0.09027778 0.03593750 0.12152778
18 0.21875000 0.09027778 0.03437500 0.11805556
11 0.30781250 0.09375000 0.03437500 0.11458333
21 0.35468750 0.09375000 0.03593750 0.12152778
0 0.39843750 0.09375000 0.03437500 0.11805556
13 0.44375000 0.09722222 0.03593750 0.11458333
19 0.83750000 0.11458333 0.03281250 0.11111111
4 0.04375000 0.25347222 0.03281250 0.10763889
11 0.12968750 0.25694444 0.03593750 0.11111111
24 0.17343750 0.25694444 0.03437500 0.11805556
0 0.30625000 0.26041667 0.03281250 0.11805556
11 0.40000000 0.26388889 0.03593750 0.11805556
11 0.44531250 0.26388889 0.03750000 0.11805556
6 0.53125000 0.27083333 0.03281250 0.11805556
0 0.57343750 0.26388889 0.03125000 0.10763889
0 0.61875000 0.27083333 0.03281250 0.11111111
4 0.66250000 0.27083333 0.03125000 0.11458333
10 0.96406250 0.28125000 0.03125000 0.11111111
21 0.30781250 0.42708333 0.03750000 0.12847222
18 0.04062500 0.59027778 0.03125000 0.11111111
3 0.08281250 0.59027778 0.03437500 0.11458333
0 0.26093750 0.59375000 0.03437500 0.12152778
11 0.30625000 0.59375000 0.03750000 0.12152778
19 0.35156250 0.59722222 0.03437500 0.11805556
17 0.57500000 0.59722222 0.03593750 0.11805556
12 0.66406250 0.60069444 0.03437500 0.11458333
15 0.70781250 0.60416667 0.03281250 0.11458333
19 0.75156250 0.60069444 0.03437500 0.11805556
7 0.04062500 0.76041667 0.03437500 0.12847222
24 0.17031250 0.76388889 0.03437500 0.12152778
4 0.21406250 0.76388889 0.03437500 0.12500000
6 0.30625000 0.76388889 0.03437500 0.12152778
8 0.35156250 0.76736111 0.03593750 0.11805556
19 0.39687500 0.76736111 0.03437500 0.12152778
14 0.48593750 0.76388889 0.03593750 0.12152778
13 0.52968750 0.76388889 0.03593750 0.12152778
19 0.75312500 0.77083333 0.03593750 0.12152778
18 0.84062500 0.77083333 0.03437500 0.11805556
5 0.39531250 0.92708333 0.03437500 0.10763889
11 0.48437500 0.93402778 0.03437500 0.11458333
20 0.75156250 0.93750000 0.03593750 0.11458333
