3 0.18437500 0.56718750 0.13125000 0.26875000
4 0.05000000 0.59687500 0.10000000 0.23750000
0 0.48750000 0.50937500 0.10468750 0.20312500
19 0.46562500 0.23906250 0.10937500 0.19375000
3 0.50937500 0.84062500 0.12187500 0.25000000
17 0.59218750 0.22968750 0.11406250 0.20781250
11 0.62031250 0.49687500 0.11875000 0.20156250
4 0.65156250 0.82031250 0.11718750 0.25156250
13 0.78125000 0.78750000 0.11718750 0.25937500
11 0.74687500 0.47187500 0.11875000 0.19687500
18 0.70000000 0.22500000 0.10000000 0.20781250
23 0.79687500 0.20781250 0.09531250 0.17656250
16 0.32968750 0.26093750 0.11875000 0.22500000
