10 0.07187500 0.46478873 0.06875000 0.15492958
11 0.16718750 0.46009390 0.06875000 0.15492958
12 0.26250000 0.46009390 0.06875000 0.15727700
13 0.35625000 0.46713615 0.06562500 0.17370892
14 0.45000000 0.46948357 0.06562500 0.16666667
15 0.54531250 0.46478873 0.06875000 0.16666667
16 0.63906250 0.46478873 0.06250000 0.15962441
17 0.73593750 0.46713615 0.07187500 0.16901408
18 0.83125000 0.46244131 0.07031250 0.15962441
19 0.92656250 0.46009390 0.07500000 0.16197183
20 0.25937500 0.71596244 0.06562500 0.16666667
21 0.35468750 0.71596244 0.06406250 0.17370892
22 0.45000000 0.71126761 0.07031250 0.16666667
23 0.54531250 0.71830986 0.06250000 0.17840376
24 0.63906250 0.71361502 0.06093750 0.16901408
25 0.73593750 0.71361502 0.07031250 0.16901408
