10 0.12500000 0.14861900 0.01953100 0.02107600
19 0.14843800 0.14716600 0.01953100 0.02107600
14 0.17236300 0.14534900 0.02050800 0.02034900
22 0.22070300 0.14353200 0.01953100 0.02107600
14 0.24511700 0.14171500 0.01953100 0.02034900
25 0.26953100 0.13989800 0.01953100 0.02107600
12 0.31835900 0.13626500 0.01953100 0.02107600
4 0.34179700 0.13444800 0.01953100 0.02034900
19 0.36718800 0.13335800 0.01953100 0.02107600
4 0.41796900 0.13045100 0.01953100 0.02107600
4 0.44287100 0.12899700 0.02050800 0.02107600
1 0.49462900 0.12718000 0.02050800 0.02180200
4 0.52099600 0.12645300 0.02050800 0.02180200
25 0.54834000 0.12572700 0.02050800 0.02180200
19 0.12500000 0.17732600 0.01953100 0.02034900
14 0.14843800 0.17587200 0.01953100 0.02034900
19 0.17089800 0.17441900 0.01953100 0.02034900
14 0.21875000 0.17151200 0.01953100 0.02034900
18 0.24316400 0.17005800 0.01953100 0.02034900
19 0.26855500 0.16969500 0.01953100 0.02107600
0 0.29248000 0.16824100 0.02050800 0.02107600
13 0.31738300 0.16678800 0.01953100 0.02107600
4 0.34277300 0.16533400 0.01953100 0.02107600
19 0.36767600 0.16424400 0.02050800 0.02180200
18 0.39257800 0.16315400 0.01953100 0.02107600
1 0.46923800 0.16024700 0.02050800 0.02252900
4 0.49511700 0.15915700 0.02148400 0.02180200
25 0.52148400 0.15843000 0.02148400 0.02180200
13 0.57275400 0.15625000 0.02050800 0.02180200
2 0.49511700 0.19040700 0.02148400 0.02180200
10 0.14355500 0.23655500 0.01953100 0.02107600
0 0.16796900 0.23582800 0.01953100 0.02107600
10 0.18896500 0.23328500 0.02050800 0.02180200
13 0.24169900 0.23183100 0.02050800 0.02180200
0 0.26562500 0.23110500 0.01953100 0.02180200
12 0.29052700 0.22965100 0.02050800 0.02180200
1 0.34033200 0.22783400 0.02050800 0.02107600
19 0.39160200 0.22601700 0.01953100 0.02180200
18 0.52050800 0.22129400 0.01953100 0.02252900
15 0.54736300 0.22056700 0.02050800 0.02252900
17 0.57421900 0.22020300 0.01953100 0.02180200
14 0.60058600 0.22020300 0.01953100 0.02180200
18 0.62890600 0.21984000 0.01953100 0.02252900
10 0.71093800 0.25109000 0.02148400 0.02398300
13 0.73681600 0.25109000 0.02246100 0.02398300
8 0.76513700 0.25072700 0.02246100 0.02325600
9 0.79248000 0.25036300 0.02246100 0.02398300
10 0.81933600 0.25036300 0.02148400 0.02398300
8 0.84619100 0.25145300 0.02246100 0.02325600
10 0.14257800 0.29723800 0.01953100 0.02180200
0 0.16552700 0.29651200 0.02050800 0.02180200
10 0.18994100 0.29542200 0.02050800 0.02252900
8 0.24023400 0.29324100 0.01953100 0.02252900
25 0.26464800 0.29287800 0.01953100 0.02180200
1 0.28906200 0.29251500 0.01953100 0.02252900
0 0.31396500 0.29106100 0.02050800 0.02252900
22 0.33984400 0.29069800 0.01953100 0.02325600
8 0.36474600 0.28960800 0.02050800 0.02252900
19 0.39111300 0.28888100 0.02050800 0.02252900
18 0.44238300 0.28742700 0.01953100 0.02252900
14 0.52148400 0.28633700 0.02148400 0.02325600
19 0.54785200 0.28561000 0.02148400 0.02325600
6 0.60253900 0.28488400 0.02148400 0.02325600
17 0.62988300 0.28488400 0.02148400 0.02325600
8 0.65673800 0.28524700 0.02246100 0.02398300
10 0.71240200 0.28379400 0.02246100 0.02398300
8 0.73925800 0.28270300 0.02148400 0.02325600
8 0.16503900 0.32776200 0.01953100 0.02180200
18 0.21386700 0.32594500 0.01953100 0.02252900
10 0.23828100 0.32521800 0.01953100 0.02252900
0 0.26367200 0.32449100 0.01953100 0.02252900
25 0.28808600 0.32376500 0.01953100 0.02252900
0 0.31298800 0.32340100 0.02050800 0.02325600
11 0.33886700 0.32267400 0.01953100 0.02325600
8 0.36377000 0.32194800 0.02050800 0.02325600
1 0.41601600 0.32049400 0.01953100 0.02325600
17 0.44140600 0.31976700 0.01953100 0.02325600
0 0.46826200 0.31904100 0.02050800 0.02325600
19 0.49511700 0.31831400 0.02148400 0.02325600
6 0.60253900 0.31686000 0.02148400 0.02325600
17 0.62988300 0.31649700 0.02148400 0.02398300
8 0.65722700 0.31613400 0.02148400 0.02325600
12 0.68457000 0.31613400 0.02148400 0.02325600
12 0.71093800 0.31686000 0.02148400 0.02325600
22 0.18945300 0.35792200 0.01953100 0.02252900
14 0.21289100 0.35719500 0.01953100 0.02252900
19 0.23730500 0.35719500 0.01953100 0.02252900
16 0.28808600 0.35574100 0.01953100 0.02252900
19 0.31250000 0.35537800 0.01953100 0.02180200
14 0.33789100 0.35501500 0.01953100 0.02252900
10 0.38964800 0.35392400 0.01953100 0.02325600
13 0.41552700 0.35319800 0.02050800 0.02325600
8 0.44189500 0.35210800 0.02050800 0.02252900
9 0.46728500 0.35174400 0.02050800 0.02325600
10 0.49365200 0.35138100 0.02050800 0.02252900
8 0.52099600 0.35065400 0.02050800 0.02252900
20 0.57421900 0.35029100 0.02148400 0.02325600
1 0.60156200 0.34992700 0.02148400 0.02398300
4 0.62890600 0.34992700 0.02148400 0.02398300
9 0.65722700 0.34956400 0.02148400 0.02325600
8 0.68457000 0.34956400 0.02148400 0.02325600
12 0.71093800 0.34956400 0.02148400 0.02325600
17 0.11621100 0.39098800 0.01953100 0.02180200
0 0.14062500 0.39062500 0.01953100 0.02252900
18 0.16357400 0.39026200 0.01855500 0.02180200
19 0.18847700 0.38953500 0.01953100 0.02180200
17 0.21289100 0.38917200 0.01953100 0.02252900
4 0.23730500 0.38880800 0.01953100 0.02180200
15 0.26171900 0.38808100 0.01953100 0.02180200
0 0.28710900 0.38771800 0.01953100 0.02252900
13 0.31250000 0.38735500 0.01953100 0.02180200
13 0.33740200 0.38662800 0.02050800 0.02325600
25 0.44189500 0.38481100 0.02050800 0.02252900
0 0.46728500 0.38444800 0.02050800 0.02325600
3 0.49365200 0.38372100 0.02050800 0.02325600
0 0.52099600 0.38372100 0.02050800 0.02325600
16 0.54736300 0.38299400 0.02050800 0.02325600
13 0.57470700 0.38299400 0.02050800 0.02325600
8 0.60205100 0.38335800 0.02050800 0.02398300
10 0.62890600 0.38299400 0.02148400 0.02325600
22 0.11621100 0.42187500 0.01953100 0.02252900
14 0.13916000 0.42187500 0.02050800 0.02252900
17 0.16259800 0.42114800 0.02050800 0.02252900
16 0.18750000 0.42078500 0.01953100 0.02180200
20 0.21191400 0.42078500 0.01953100 0.02180200
13 0.23632800 0.42042200 0.01953100 0.02252900
8 0.28613300 0.42005800 0.01953100 0.02180200
13 0.33642600 0.41933100 0.02050800 0.02180200
4 0.36279300 0.41860500 0.02050800 0.02325600
20 0.38867200 0.41824100 0.01953100 0.02252900
3 0.41455100 0.41824100 0.02050800 0.02252900
0 0.44043000 0.41824100 0.01953100 0.02252900
16 0.46630900 0.41715100 0.02050800 0.02325600
13 0.49365200 0.41642400 0.02050800 0.02325600
8 0.52002000 0.41642400 0.02050800 0.02325600
10 0.54638700 0.41642400 0.02050800 0.02325600
15 0.11425800 0.45385200 0.01953100 0.02252900
17 0.13769500 0.45312500 0.01953100 0.02252900
14 0.16113300 0.45312500 0.01953100 0.02252900
0 0.20947300 0.45276200 0.02050800 0.02325600
12 0.23584000 0.45239800 0.02050800 0.02252900
10 0.26074200 0.45203500 0.01953100 0.02325600
0 0.28564500 0.45203500 0.02050800 0.02325600
11 0.31103500 0.45130800 0.02050800 0.02325600
8 0.36230500 0.45094500 0.02148400 0.02252900
12 0.38818400 0.45058100 0.02050800 0.02325600
22 0.43994100 0.44985500 0.02050800 0.02325600
14 0.49365200 0.44985500 0.02050800 0.02325600
19 0.52002000 0.44985500 0.02050800 0.02325600
22 0.54736300 0.44912800 0.02050800 0.02325600
4 0.57421900 0.44912800 0.02148400 0.02325600
19 0.60156200 0.44912800 0.02148400 0.02325600
3 0.13769500 0.48510200 0.01953100 0.02252900
4 0.16113300 0.48473800 0.01953100 0.02180200
22 0.18554700 0.48473800 0.01953100 0.02180200
16 0.20996100 0.48473800 0.01953100 0.02180200
14 0.23437500 0.48401200 0.01953100 0.02180200
13 0.25976600 0.48437500 0.01953100 0.02252900
10 0.28515600 0.48401200 0.01953100 0.02325600
8 0.31103500 0.48364800 0.02050800 0.02252900
8 0.36181600 0.48328500 0.02050800 0.02325600
12 0.41308600 0.48328500 0.01953100 0.02325600
0 0.43994100 0.48292200 0.02050800 0.02252900
11 0.46630900 0.48292200 0.02050800 0.02252900
16 0.52002000 0.48255800 0.02050800 0.02325600
8 0.54638700 0.48292200 0.02050800 0.02252900
10 0.60107400 0.48255800 0.02050800 0.02325600
8 0.62890600 0.48292200 0.02148400 0.02398300
22 0.11328100 0.51635200 0.01953100 0.02252900
4 0.13623000 0.51635200 0.01855500 0.02252900
25 0.16015600 0.51707800 0.01953100 0.02252900
3 0.18457000 0.51707800 0.01953100 0.02252900
4 0.20849600 0.51707800 0.01855500 0.02252900
10 0.25878900 0.51635200 0.01953100 0.02252900
0 0.28369100 0.51635200 0.02050800 0.02252900
11 0.30957000 0.51635200 0.01953100 0.02252900
4 0.33496100 0.51598800 0.01953100 0.02325600
16 0.36084000 0.51598800 0.02050800 0.02325600
0 0.38623000 0.51598800 0.02050800 0.02325600
19 0.41259800 0.51598800 0.02050800 0.02325600
10 0.46533200 0.51598800 0.02050800 0.02325600
13 0.49169900 0.51598800 0.02050800 0.02325600
8 0.51953100 0.51598800 0.01953100 0.02325600
9 0.54638700 0.51598800 0.02050800 0.02325600
10 0.57373000 0.51598800 0.02050800 0.02325600
8 0.60107400 0.51598800 0.02050800 0.02325600
10 0.11230500 0.54832800 0.01953100 0.02252900
20 0.13574200 0.54832800 0.01953100 0.02252900
3 0.15918000 0.54832800 0.01953100 0.02252900
0 0.18359400 0.54869200 0.01953100 0.02325600
1 0.23339800 0.54905500 0.01953100 0.02252900
4 0.25830100 0.54905500 0.02050800 0.02252900
9 0.28320300 0.54905500 0.02148400 0.02252900
0 0.30810500 0.54941900 0.02050800 0.02325600
19 0.33447300 0.54941900 0.02050800 0.02325600
14 0.41259800 0.54941900 0.02050800 0.02325600
19 0.43896500 0.54941900 0.02050800 0.02325600
6 0.49169900 0.54941900 0.02050800 0.02325600
17 0.51953100 0.54978200 0.02148400 0.02398300
8 0.54589800 0.54941900 0.02148400 0.02325600
10 0.60107400 0.55014500 0.02050800 0.02325600
8 0.62890600 0.55014500 0.02148400 0.02325600
13 0.11132800 0.57957800 0.01953100 0.02252900
8 0.13427700 0.57994200 0.02050800 0.02325600
6 0.15820300 0.58066900 0.01953100 0.02325600
3 0.18261700 0.58103200 0.01953100 0.02252900
4 0.20752000 0.58066900 0.02050800 0.02325600
18 0.25732400 0.58139500 0.02050800 0.02325600
15 0.28173800 0.58139500 0.02050800 0.02325600
0 0.30712900 0.58175900 0.02050800 0.02252900
18 0.33300800 0.58212200 0.01953100 0.02325600
4 0.35888700 0.58212200 0.02050800 0.02325600
13 0.38525400 0.58248500 0.02050800 0.02398300
13 0.49218800 0.58357600 0.02148400 0.02325600
4 0.51904300 0.58357600 0.02050800 0.02325600
19 0.54638700 0.58357600 0.02050800 0.02325600
20 0.18212900 0.61300900 0.02050800 0.02398300
12 0.20605500 0.61337200 0.01953100 0.02325600
14 0.23095700 0.61409900 0.02050800 0.02325600
11 0.25634800 0.61446200 0.02050800 0.02398300
10 0.28173800 0.61482600 0.02050800 0.02325600
13 0.30712900 0.61518900 0.02050800 0.02398300
8 0.33252000 0.61518900 0.02050800 0.02398300
18 0.38427700 0.61591600 0.02050800 0.02398300
19 0.41064500 0.61627900 0.02050800 0.02470900
0 0.43701200 0.61664200 0.02050800 0.02398300
17 0.46484400 0.61700600 0.02148400 0.02470900
12 0.57421900 0.61809600 0.02148400 0.02398300
8 0.60156200 0.61845900 0.02148400 0.02470900
13 0.62939500 0.61845900 0.02246100 0.02470900
20 0.65820300 0.61882300 0.02148400 0.02398300
18 0.68603500 0.61918600 0.02246100 0.02470900
18 0.15673800 0.64462200 0.02050800 0.02325600
10 0.18066400 0.64534900 0.01953100 0.02325600
0 0.20556600 0.64607600 0.02050800 0.02325600
25 0.23046900 0.64680200 0.01953100 0.02325600
0 0.25537100 0.64752900 0.02050800 0.02325600
11 0.27978500 0.64789200 0.02050800 0.02398300
8 0.30615200 0.64861900 0.02050800 0.02398300
1 0.35791000 0.64970900 0.02050800 0.02325600
17 0.38378900 0.65007300 0.02148400 0.02398300
0 0.41015600 0.65043600 0.02148400 0.02470900
19 0.43750000 0.65079900 0.02148400 0.02398300
6 0.54687500 0.65261600 0.02148400 0.02470900
17 0.57421900 0.65298000 0.02148400 0.02398300
8 0.60253900 0.65334300 0.02148400 0.02470900
12 0.62988300 0.65334300 0.02148400 0.02470900
12 0.65820300 0.65370600 0.02148400 0.02398300
8 0.18017600 0.67768900 0.02050800 0.02398300
1 0.22998000 0.67986900 0.02050800 0.02398300
14 0.25341800 0.68059600 0.02050800 0.02398300
11 0.27978500 0.68132300 0.02050800 0.02398300
4 0.35693400 0.68350300 0.02050800 0.02398300
13 0.41015600 0.68459300 0.02148400 0.02470900
4 0.43701200 0.68532000 0.02246100 0.02470900
18 0.49121100 0.68604700 0.02148400 0.02470900
4 0.51904300 0.68677300 0.02246100 0.02470900
17 0.54687500 0.68750000 0.02148400 0.02470900
3 0.57421900 0.68750000 0.02148400 0.02470900
8 0.60253900 0.68822700 0.02148400 0.02470900
13 0.65869100 0.68895300 0.02246100 0.02470900
0 0.68701200 0.68895300 0.02246100 0.02470900
18 0.71533200 0.68968000 0.02246100 0.02470900
1 0.15576200 0.71039200 0.02050800 0.02252900
17 0.17968800 0.71148300 0.01953100 0.02325600
25 0.22900400 0.71329900 0.02050800 0.02252900
9 0.25390600 0.71439000 0.01953100 0.02325600
0 0.27832000 0.71475300 0.02148400 0.02398300
13 0.30419900 0.71548000 0.02050800 0.02398300
8 0.33007800 0.71620600 0.02148400 0.02398300
4 0.35644500 0.71693300 0.02148400 0.02398300
12 0.38281200 0.71802300 0.02148400 0.02470900
18 0.43652300 0.71947700 0.02148400 0.02470900
22 0.46386700 0.72020300 0.02148400 0.02470900
14 0.49121100 0.72129400 0.02148400 0.02398300
8 0.51855500 0.72202000 0.02148400 0.02398300
12 0.54589800 0.72311000 0.02148400 0.02470900
1 0.10791000 0.74018900 0.02050800 0.02252900
4 0.13134800 0.74127900 0.02050800 0.02325600
9 0.15478500 0.74273300 0.02050800 0.02325600
8 0.17871100 0.74382300 0.02148400 0.02398300
12 0.20312500 0.74491300 0.02148400 0.02325600
22 0.25293000 0.74709300 0.02148400 0.02325600
1 0.30371100 0.74927300 0.02148400 0.02325600
8 0.32910200 0.75036300 0.02148400 0.02398300
1 0.35595700 0.75145300 0.02246100 0.02470900
11 0.38232400 0.75218000 0.02246100 0.02470900
8 0.40869100 0.75327000 0.02246100 0.02543600
14 0.43554700 0.75436000 0.02148400 0.02470900
19 0.46337900 0.75508700 0.02246100 0.02470900
4 0.49023400 0.75617700 0.02148400 0.02543600
10 0.51855500 0.75726700 0.02148400 0.02470900
20 0.54638700 0.75799400 0.02246100 0.02470900
22 0.10693400 0.77252900 0.02050800 0.02325600
18 0.15478500 0.77543600 0.02050800 0.02325600
22 0.17871100 0.77725300 0.02148400 0.02398300
14 0.20263700 0.77870600 0.02050800 0.02398300
1 0.22705100 0.77943300 0.02050800 0.02398300
14 0.25195300 0.78088700 0.02148400 0.02398300
3 0.27783200 0.78234000 0.02050800 0.02398300
13 0.30322300 0.78343000 0.02050800 0.02470900
13 0.40820300 0.78779100 0.02148400 0.02470900
0 0.43505900 0.78888100 0.02246100 0.02543600
15 0.51806600 0.79178800 0.02246100 0.02543600
17 0.54638700 0.79287800 0.02246100 0.02470900
8 0.57373000 0.79360500 0.02246100 0.02470900
19 0.63085900 0.79469500 0.02343800 0.02543600
19 0.10595700 0.80595900 0.02050800 0.02325600
0 0.12939500 0.80741300 0.02050800 0.02325600
12 0.15380900 0.80814000 0.02050800 0.02325600
10 0.20214800 0.81104700 0.01953100 0.02325600
13 0.22607400 0.81177300 0.02050800 0.02325600
8 0.25195300 0.81431700 0.02148400 0.02398300
9 0.27734400 0.81577000 0.02148400 0.02398300
10 0.30273400 0.81722400 0.02148400 0.02398300
8 0.32910200 0.81867700 0.02148400 0.02398300
16 0.38183600 0.82158400 0.02148400 0.02398300
4 0.40771500 0.82303800 0.02246100 0.02543600
11 0.43505900 0.82376500 0.02246100 0.02543600
14 0.46240200 0.82485500 0.02246100 0.02470900
22 0.49072300 0.82594500 0.02246100 0.02543600
4 0.51806600 0.82667200 0.02246100 0.02543600
10 0.54589800 0.82812500 0.02343800 0.02543600
20 0.57373000 0.82885200 0.02246100 0.02543600
22 0.10595700 0.83757300 0.02050800 0.02398300
14 0.15283200 0.84084300 0.02050800 0.02325600
1 0.17724600 0.84266000 0.02050800 0.02398300
8 0.20068400 0.84447700 0.02050800 0.02325600
3 0.22607400 0.84629400 0.02050800 0.02398300
20 0.25195300 0.84774700 0.02148400 0.02398300
13 0.30224600 0.85138100 0.02246100 0.02398300
4 0.32812500 0.85283400 0.02148400 0.02398300
3 0.38134800 0.85574100 0.02246100 0.02543600
0 0.40820300 0.85719500 0.02343800 0.02543600
19 0.46240200 0.86010200 0.02246100 0.02543600
13 0.17627000 0.87572700 0.02050800 0.02325600
4 0.20117200 0.87754400 0.02148400 0.02398300
19 0.22607400 0.87972400 0.02050800 0.02398300
18 0.32861300 0.88699100 0.02246100 0.02543600
10 0.35302700 0.88844500 0.02246100 0.02543600
0 0.38037100 0.89026200 0.02246100 0.02470900
25 0.40722700 0.89171500 0.02343800 0.02470900
0 0.43408200 0.89316900 0.02246100 0.02470900
11 0.45996100 0.89498500 0.02343800 0.02543600
0 0.48779300 0.89643900 0.02246100 0.02543600
7 0.57373000 0.90079900 0.02246100 0.02543600
8 0.60156200 0.90189000 0.02343800 0.02470900
9 0.63037100 0.90225300 0.02441400 0.02543600
8 0.65918000 0.90298000 0.02343800 0.02543600
13 0.68798800 0.90370600 0.02441400 0.02543600
0 0.71533200 0.90479700 0.02441400 0.02616300
3 0.15234400 0.90625000 0.02148400 0.02325600
3 0.20019500 0.91061000 0.02148400 0.02325600
8 0.22460900 0.91279100 0.02148400 0.02325600
19 0.27441400 0.91715100 0.02148400 0.02325600
14 0.30078100 0.91933100 0.02148400 0.02325600
12 0.32714800 0.92151200 0.02148400 0.02325600
0 0.35302700 0.92296500 0.02246100 0.02470900
18 0.60253900 0.12572700 0.01953100 0.02180200
15 0.62793000 0.12427300 0.01953100 0.02180200
17 0.65527300 0.12318300 0.01953100 0.02107600
14 0.68164100 0.12282000 0.01953100 0.02180200
18 0.70898400 0.12282000 0.01953100 0.02180200
20 0.73632800 0.12282000 0.01953100 0.02180200
14 0.60107400 0.15697700 0.02050800 0.02180200
18 0.62841800 0.15697700 0.02050800 0.02180200
20 0.65576200 0.15697700 0.02050800 0.02180200
8 0.65625000 0.21947700 0.01953100 0.02325600
11 0.68212900 0.21984000 0.02050800 0.02252900
8 0.71044900 0.21875000 0.02050800 0.02325600
