0 0.26562500 0.07968750 0.03125000 0.11796875
19 0.30625000 0.08359375 0.03437500 0.11484375
2 0.46718750 0.09375000 0.03281250 0.11484375
4 0.50625000 0.10078125 0.02812500 0.11093750
12 0.54531250 0.10078125 0.03437500 0.11484375
4 0.58281250 0.10390625 0.02812500 0.11093750
19 0.62187500 0.10078125 0.03125000 0.12187500
24 0.69687500 0.11093750 0.03437500 0.11796875
4 0.26406250 0.37500000 0.02812500 0.12187500
5 0.34687500 0.38203125 0.03437500 0.12500000
11 0.38750000 0.38203125 0.03750000 0.13203125
14 0.42500000 0.38906250 0.03437500 0.12812500
0 0.46562500 0.38906250 0.03125000 0.12500000
19 0.50625000 0.39218750 0.03750000 0.13515625
18 0.54531250 0.39609375 0.03750000 0.12500000
3 0.69687500 0.39921875 0.02968750 0.12187500
0 0.93437500 0.39921875 0.03906250 0.12187500
8 0.96875000 0.40625000 0.03125000 0.11093750
12 0.34531250 0.53828125 0.04218750 0.11796875
24 0.54218750 0.54140625 0.03281250 0.10390625
18 0.58125000 0.53828125 0.02812500 0.11093750
8 0.96718750 0.55937500 0.02968750 0.11093750
8 0.38437500 0.69062500 0.03125000 0.12500000
18 0.42500000 0.68750000 0.03281250 0.11484375
7 0.50156250 0.69062500 0.03281250 0.12187500
4 0.54062500 0.68750000 0.03125000 0.12500000
13 0.69687500 0.69453125 0.03281250 0.11796875
8 0.88750000 0.70156250 0.02968750 0.11093750
0 0.96562500 0.70156250 0.03281250 0.11796875
4 0.29843750 0.84375000 0.03125000 0.12187500
24 0.33906250 0.83359375 0.03750000 0.12500000
11 0.96406250 0.84687500 0.03281250 0.11796875
