5 0.23125000 0.18593750 0.08593750 0.17968750
11 0.33750000 0.17343750 0.08750000 0.17187500
19 0.43750000 0.15468750 0.09375000 0.17500000
17 0.53281250 0.12968750 0.09062500 0.17031250
18 0.16562500 0.43750000 0.08593750 0.17500000
7 0.26718750 0.42031250 0.08750000 0.18750000
4 0.36718750 0.40781250 0.08281250 0.18750000
18 0.09843750 0.67656250 0.09531250 0.18906250
7 0.19062500 0.66718750 0.08593750 0.19218750
16 0.29062500 0.64375000 0.09375000 0.16718750
4 0.31250000 0.85625000 0.08281250 0.17031250
11 0.42187500 0.83437500 0.09375000 0.16718750
7 0.62968750 0.12187500 0.09062500 0.16250000
12 0.51562500 0.79843750 0.08750000 0.17656250
4 0.39375000 0.60156250 0.08281250 0.16093750
11 0.55468750 0.35000000 0.07343750 0.14843750
4 0.49218750 0.57500000 0.08125000 0.17031250
14 0.61562500 0.77812500 0.09843750 0.16562500
14 0.64843750 0.33125000 0.08750000 0.16718750
18 0.80468750 0.08906250 0.07343750 0.16250000
14 0.74687500 0.31093750 0.08750000 0.16718750
3 0.66406250 0.54375000 0.09843750 0.17656250
