19 0.09843750 0.63750000 0.10312500 0.15000000
4 0.19218750 0.60937500 0.09062500 0.16250000
25 0.30468750 0.58437500 0.07812500 0.13906250
3 0.07500000 0.85468750 0.08750000 0.15781250
14 0.16406250 0.83125000 0.08750000 0.15312500
21 0.25468750 0.80312500 0.09375000 0.16250000
13 0.34687500 0.76875000 0.08281250 0.16718750
18 0.46562500 0.91406250 0.08593750 0.16250000
7 0.55156250 0.88281250 0.08125000 0.15625000
12 0.05312500 0.22187500 0.07343750 0.14843750
0 0.13750000 0.19218750 0.07656250 0.15312500
3 0.23593750 0.15312500 0.08281250 0.16093750
18 0.52343750 0.68437500 0.08593750 0.14062500
19 0.51406250 0.08750000 0.08593750 0.13593750
4 0.33437500 0.13750000 0.08125000 0.15625000
16 0.63437500 0.84062500 0.08125000 0.13593750
7 0.60625000 0.66406250 0.07812500 0.14843750
5 0.57500000 0.47187500 0.07343750 0.15000000
11 0.66406250 0.45000000 0.08281250 0.15312500
4 0.71093750 0.81250000 0.07812500 0.13437500
4 0.68125000 0.63593750 0.08281250 0.15000000
4 0.78437500 0.76875000 0.07343750 0.14062500
