14 0.23125000 0.08359375 0.03593750 0.12812500
1 0.48906250 0.08671875 0.03125000 0.12500000
24 0.75000000 0.09375000 0.03593750 0.12187500
18 0.92031250 0.10390625 0.03750000 0.12500000
3 0.96562500 0.10390625 0.03437500 0.13203125
0 0.91718750 0.26406250 0.03281250 0.11796875
17 0.87500000 0.26718750 0.04218750 0.13906250
10 0.48906250 0.25703125 0.03906250 0.13203125
0 0.40156250 0.25000000 0.03750000 0.13515625
13 0.27500000 0.23984375 0.03750000 0.13515625
14 0.23125000 0.24296875 0.03750000 0.12500000
18 0.18906250 0.24296875 0.03281250 0.12500000
24 0.10312500 0.24296875 0.03750000 0.12812500
3 0.06250000 0.39921875 0.03125000 0.12500000
14 0.10156250 0.39921875 0.03125000 0.11796875
11 0.14375000 0.39921875 0.03281250 0.12812500
11 0.18750000 0.40312500 0.03437500 0.12500000
1 0.31718750 0.40625000 0.03281250 0.12500000
14 0.35781250 0.40625000 0.03593750 0.12500000
19 0.44531250 0.40937500 0.03437500 0.12187500
0 0.52812500 0.41328125 0.03125000 0.11093750
13 0.57031250 0.41640625 0.03437500 0.12187500
0 0.70000000 0.42031250 0.03437500 0.11796875
18 0.86875000 0.42734375 0.03437500 0.12812500
22 0.90781250 0.58671875 0.03906250 0.12500000
24 0.82343750 0.58359375 0.03593750 0.11796875
14 0.69375000 0.57656250 0.03750000 0.11796875
11 0.60937500 0.57265625 0.03437500 0.11484375
0 0.57031250 0.57265625 0.03750000 0.11484375
19 0.35937500 0.56562500 0.03281250 0.12187500
5 0.31562500 0.56250000 0.03750000 0.11484375
11 0.23125000 0.56562500 0.03750000 0.11484375
24 0.05781250 0.55937500 0.03750000 0.12500000
15 0.22812500 0.71875000 0.03437500 0.12187500
14 0.31250000 0.71875000 0.03593750 0.11484375
3 0.44062500 0.72187500 0.03125000 0.12187500
22 0.81875000 0.73593750 0.03281250 0.11796875
13 0.14062500 0.87500000 0.03750000 0.12500000
0 0.26875000 0.87812500 0.02968750 0.12187500
4 0.52500000 0.87812500 0.03281250 0.11484375
13 0.68750000 0.88203125 0.03593750 0.12187500
13 0.85468750 0.89218750 0.03125000 0.10781250
