19 0.08593750 0.27109375 0.03437500 0.12187500
17 0.12343750 0.26718750 0.03437500 0.11796875
0 0.16406250 0.26718750 0.03437500 0.12187500
13 0.20625000 0.26718750 0.03437500 0.12500000
18 0.24843750 0.26718750 0.03750000 0.12187500
2 0.29062500 0.26718750 0.03750000 0.12187500
17 0.33437500 0.26718750 0.03906250 0.12500000
8 0.37812500 0.26718750 0.03750000 0.12500000
1 0.42031250 0.27109375 0.03437500 0.12500000
1 0.59531250 0.28125000 0.04218750 0.12812500
24 0.63906250 0.27812500 0.03906250 0.12812500
18 0.08437500 0.43046875 0.03750000 0.11484375
24 0.16406250 0.43046875 0.03906250 0.12187500
5 0.29062500 0.42734375 0.03906250 0.12187500
17 0.33437500 0.43046875 0.03906250 0.12500000
8 0.37656250 0.43437500 0.03750000 0.12812500
19 0.42187500 0.43437500 0.03906250 0.13203125
25 0.46406250 0.43437500 0.03906250 0.13203125
1 0.20625000 0.59062500 0.03437500 0.11484375
17 0.24687500 0.59375000 0.04062500 0.11796875
11 0.29062500 0.59375000 0.04218750 0.12500000
4 0.67656250 0.60781250 0.03593750 0.13515625
19 0.63437500 0.60390625 0.04062500 0.13906250
20 0.59218750 0.60390625 0.03593750 0.14218750
19 0.54843750 0.60390625 0.04062500 0.12812500
8 0.50625000 0.60078125 0.03906250 0.12812500
11 0.08437500 0.74296875 0.03750000 0.11093750
14 0.12187500 0.74687500 0.03437500 0.11093750
18 0.16250000 0.74687500 0.04062500 0.12187500
0 0.28906250 0.75703125 0.03906250 0.12500000
6 0.37656250 0.76406250 0.03593750 0.12812500
4 0.41875000 0.76406250 0.03906250 0.13203125
11 0.46250000 0.76015625 0.04218750 0.13203125
18 0.50625000 0.76015625 0.03750000 0.13906250
2 0.67656250 0.76015625 0.03906250 0.12187500
0 0.72031250 0.75703125 0.03593750 0.11796875
11 0.76093750 0.76015625 0.03906250 0.11796875
8 0.80312500 0.76406250 0.03750000 0.10781250
0 0.96406250 0.76406250 0.03281250 0.11796875
8 0.92500000 0.76718750 0.03437500 0.11484375
