0 0.30937500 0.74296875 0.03437500 0.10390625
2 0.27500000 0.73984375 0.03281250 0.11093750
18 0.34843750 0.75000000 0.03593750 0.11484375
20 0.38593750 0.75000000 0.03437500 0.11796875
0 0.42500000 0.75000000 0.03281250 0.11484375
11 0.46562500 0.75312500 0.03906250 0.10390625
18 0.89062500 0.79140625 0.03437500 0.10781250
19 0.84531250 0.07968750 0.02812500 0.09687500
0 0.30937500 0.89609375 0.03437500 0.11796875
19 0.34531250 0.89609375 0.03125000 0.11484375
11 0.38437500 0.89921875 0.03750000 0.11093750
0 0.42031250 0.89921875 0.03125000 0.10390625
13 0.45937500 0.90312500 0.03593750 0.10781250
19 0.50000000 0.90625000 0.03437500 0.11484375
8 0.77343750 0.92734375 0.03437500 0.12187500
17 0.69375000 0.63203125 0.03125000 0.10078125
2 0.77187500 0.63906250 0.02968750 0.10078125
7 0.89062500 0.64921875 0.03125000 0.10781250
