6 0.06250000 0.16875000 0.09062500 0.17968750
7 0.16875000 0.14843750 0.09531250 0.18906250
18 0.27968750 0.12343750 0.10000000 0.20156250
25 0.39531250 0.09531250 0.10000000 0.18437500
17 0.67187500 0.07968750 0.06875000 0.14375000
13 0.19531250 0.62812500 0.12187500 0.22343750
4 0.32968750 0.59531250 0.10937500 0.21093750
22 0.45468750 0.55156250 0.09062500 0.18906250
18 0.56250000 0.52656250 0.09062500 0.17656250
17 0.23750000 0.88750000 0.11250000 0.22500000
6 0.48593750 0.81875000 0.10000000 0.21562500
14 0.58593750 0.78437500 0.09843750 0.20156250
13 0.68281250 0.74218750 0.08750000 0.21093750
