19 0.20156250 0.05208333 0.03281250 0.10416667
14 0.28125000 0.05902778 0.03125000 0.10763889
5 0.43593750 0.07638889 0.02812500 0.09722222
0 0.61875000 0.10416667 0.03125000 0.10416667
23 0.07656250 0.18055556 0.03437500 0.11111111
18 0.20156250 0.19444444 0.03281250 0.10416667
12 0.32031250 0.20486111 0.03437500 0.10416667
7 0.50781250 0.22916667 0.02812500 0.10416667
14 0.07500000 0.32986111 0.03281250 0.11111111
8 0.32031250 0.35069444 0.02968750 0.10069444
7 0.15781250 0.48263889 0.02968750 0.09722222
8 0.24062500 0.48263889 0.02968750 0.09375000
24 0.57656250 0.50347222 0.02656250 0.09722222
19 0.71718750 0.51041667 0.02812500 0.09722222
0 0.03281250 0.62500000 0.02968750 0.10763889
2 0.07500000 0.62500000 0.03125000 0.10763889
11 0.11718750 0.62500000 0.03437500 0.11111111
4 0.15781250 0.62847222 0.02968750 0.10763889
22 0.35625000 0.63194444 0.03125000 0.10069444
0 0.39218750 0.63194444 0.02968750 0.10069444
11 0.43281250 0.63194444 0.03281250 0.10416667
11 0.47031250 0.63541667 0.03281250 0.10416667
4 0.53906250 0.63888889 0.02968750 0.10416667
24 0.57343750 0.63888889 0.02812500 0.09722222
24 0.75156250 0.64583333 0.02812500 0.10069444
14 0.19687500 0.92013889 0.02812500 0.11111111
4 0.35312500 0.91666667 0.02656250 0.11458333
0 0.53906250 0.90972222 0.02968750 0.10416667
11 0.57187500 0.90972222 0.02812500 0.10416667
19 0.60937500 0.91319444 0.02812500 0.10416667
