12 0.14375000 0.11796875 0.03437500 0.11484375
4 0.18437500 0.12187500 0.03437500 0.11093750
14 0.30625000 0.12500000 0.03437500 0.12500000
14 0.51562500 0.12812500 0.03437500 0.12500000
12 0.80468750 0.12812500 0.03906250 0.13906250
22 0.80937500 0.29140625 0.03593750 0.12500000
0 0.76562500 0.28437500 0.03125000 0.12187500
3 0.72500000 0.28437500 0.03750000 0.12500000
17 0.34687500 0.27109375 0.03750000 0.12187500
19 0.18281250 0.28125000 0.03750000 0.13906250
0 0.14375000 0.27812500 0.03593750 0.13203125
8 0.02031250 0.42343750 0.03125000 0.12187500
18 0.09843750 0.42734375 0.03750000 0.13203125
18 0.22343750 0.42734375 0.04062500 0.13203125
0 0.38750000 0.43750000 0.03281250 0.12500000
12 0.42968750 0.43750000 0.03750000 0.12812500
12 0.47187500 0.43750000 0.04218750 0.12812500
8 0.72656250 0.43750000 0.03750000 0.12500000
24 0.89062500 0.44453125 0.03437500 0.12812500
0 0.64218750 0.59687500 0.03593750 0.12812500
12 0.34687500 0.59375000 0.03750000 0.12187500
18 0.30625000 0.59062500 0.03437500 0.12500000
11 0.21875000 0.57968750 0.03281250 0.13906250
4 0.13750000 0.57968750 0.03750000 0.13515625
0 0.01718750 0.58359375 0.03281250 0.12812500
11 0.09375000 0.74687500 0.03281250 0.12500000
11 0.13281250 0.74296875 0.03437500 0.13906250
8 0.30468750 0.74296875 0.03593750 0.12500000
4 0.38906250 0.74687500 0.03906250 0.13906250
18 0.51562500 0.75312500 0.03593750 0.13515625
2 0.68593750 0.75000000 0.03125000 0.12812500
4 0.85625000 0.76015625 0.03281250 0.12500000
19 0.97500000 0.91640625 0.03125000 0.13515625
0 0.93437500 0.92031250 0.03125000 0.13203125
11 0.77500000 0.92031250 0.03593750 0.13515625
0 0.72968750 0.92343750 0.03281250 0.13515625
12 0.60000000 0.91328125 0.03750000 0.13203125
17 0.55781250 0.91328125 0.04062500 0.12500000
14 0.51718750 0.91328125 0.04062500 0.12500000
12 0.30156250 0.90625000 0.03593750 0.13515625
11 0.13593750 0.90312500 0.03593750 0.12812500
4 0.09375000 0.90312500 0.03437500 0.13906250
4 0.05781250 0.90312500 0.03906250 0.15312500
