9 0.20625000 0.47968750 0.05781250 0.08125000
0 0.27187500 0.47812500 0.05312500 0.08125000
12 0.34218750 0.47968750 0.05468750 0.07968750
8 0.40937500 0.47812500 0.05468750 0.08281250
4 0.47812500 0.47812500 0.05468750 0.08125000
0 0.58125000 0.47968750 0.05937500 0.07656250
13 0.64843750 0.47968750 0.05625000 0.07812500
13 0.71562500 0.47968750 0.06093750 0.07812500
4 0.78593750 0.47968750 0.05625000 0.07812500
18 0.25781250 0.60625000 0.05156250 0.07968750
0 0.32656250 0.60625000 0.05781250 0.07968750
13 0.39218750 0.60468750 0.05625000 0.07656250
19 0.46406250 0.60468750 0.05468750 0.07812500
8 0.53125000 0.60468750 0.05312500 0.07500000
0 0.60000000 0.60468750 0.05937500 0.07812500
6 0.66562500 0.60312500 0.05625000 0.07812500
14 0.73437500 0.60312500 0.06093750 0.07812500
18 0.32500000 0.73125000 0.05937500 0.07968750
8 0.39843750 0.73125000 0.05625000 0.07968750
14 0.46250000 0.72812500 0.05468750 0.07968750
2 0.53125000 0.72812500 0.05468750 0.07968750
7 0.59687500 0.72812500 0.05468750 0.07968750
8 0.66718750 0.72500000 0.05468750 0.08125000
