2 0.11406250 0.11805556 0.03281250 0.11111111
17 0.19375000 0.11111111 0.03281250 0.11111111
0 0.23593750 0.11458333 0.03281250 0.10763889
6 0.27656250 0.11111111 0.03750000 0.11458333
4 0.31718750 0.11458333 0.03593750 0.12152778
18 0.39843750 0.11458333 0.03437500 0.10763889
24 0.14375000 0.25000000 0.03750000 0.12500000
1 0.39687500 0.25000000 0.03281250 0.11458333
11 0.44062500 0.25000000 0.03750000 0.12500000
0 0.48437500 0.25347222 0.03593750 0.11805556
2 0.52343750 0.25000000 0.03437500 0.11805556
10 0.56406250 0.24652778 0.03593750 0.12500000
3 0.05468750 0.40972222 0.03437500 0.12500000
1 0.22500000 0.40277778 0.03750000 0.12500000
0 0.31250000 0.40277778 0.03750000 0.11458333
15 0.39843750 0.40625000 0.03593750 0.13194444
8 0.43906250 0.40625000 0.03125000 0.12500000
11 0.48125000 0.40625000 0.03437500 0.12847222
4 0.52343750 0.40972222 0.03750000 0.13194444
5 0.69843750 0.40277778 0.03906250 0.13194444
17 0.74062500 0.40277778 0.03593750 0.12500000
4 0.78281250 0.41319444 0.04062500 0.13541667
11 0.21562500 0.56597222 0.03281250 0.13194444
6 0.30625000 0.56250000 0.03437500 0.13541667
4 0.35000000 0.56944444 0.03906250 0.12847222
2 0.43906250 0.55902778 0.03593750 0.12500000
14 0.48281250 0.56250000 0.03593750 0.12152778
3 0.52500000 0.56597222 0.02968750 0.13194444
10 0.70000000 0.56250000 0.03906250 0.12500000
18 0.74687500 0.56250000 0.03750000 0.12500000
21 0.82968750 0.56597222 0.03593750 0.13541667
2 0.03906250 0.72916667 0.03437500 0.11805556
4 0.07968750 0.72569444 0.03750000 0.12500000
18 0.25781250 0.72569444 0.03906250 0.14236111
20 0.34531250 0.73263889 0.03593750 0.12500000
8 0.39062500 0.72569444 0.03750000 0.13194444
3 0.43906250 0.72916667 0.03750000 0.14236111
19 0.52812500 0.71875000 0.03593750 0.13541667
19 0.61406250 0.72569444 0.04062500 0.13541667
0 0.65937500 0.72222222 0.03437500 0.12847222
2 0.70625000 0.72222222 0.03593750 0.12500000
11 0.75000000 0.72569444 0.03906250 0.13194444
4 0.79531250 0.72916667 0.03750000 0.13194444
19 0.02656250 0.89583333 0.04375000 0.14236111
7 0.15937500 0.89583333 0.03437500 0.13888889
14 0.20312500 0.90625000 0.03437500 0.13541667
14 0.24843750 0.89930556 0.04218750 0.13194444
10 0.29531250 0.90277778 0.04062500 0.14236111
13 0.48125000 0.89930556 0.04062500 0.12500000
4 0.52812500 0.89930556 0.03750000 0.12152778
23 0.57656250 0.89930556 0.04062500 0.14583333
19 0.62031250 0.89583333 0.03593750 0.13541667
3 0.75781250 0.89930556 0.03593750 0.13194444
24 0.88593750 0.89583333 0.03906250 0.12847222
