0 0.36914100 0.07558100 0.01953100 0.02761600
0 0.40527300 0.07558100 0.01953100 0.02761600
5 0.48242200 0.07594500 0.01953100 0.02689000
4 0.51953100 0.07630800 0.01953100 0.02761600
22 0.55566400 0.07630800 0.01953100 0.02761600
17 0.59033200 0.07812500 0.01855500 0.02689000
0 0.62451200 0.08066900 0.01855500 0.02616300
11 0.66064500 0.08357600 0.01855500 0.02616300
3 0.18798800 0.12790700 0.02050800 0.02761600
14 0.22168000 0.12609000 0.01953100 0.02689000
12 0.25781200 0.12500000 0.01953100 0.02761600
0 0.29394500 0.12391000 0.01953100 0.02689000
13 0.37109400 0.12173000 0.01953100 0.02689000
17 0.52002000 0.12354700 0.01855500 0.02761600
0 0.59033200 0.12681700 0.01855500 0.02834300
1 0.62548800 0.12863400 0.01855500 0.02761600
14 0.66210900 0.13008700 0.01953100 0.02761600
19 0.69726600 0.13154100 0.01953100 0.02761600
0 0.73095700 0.13372100 0.01855500 0.02761600
25 0.40918000 0.16969500 0.01953100 0.02834300
0 0.44531200 0.17005800 0.01953100 0.02907000
3 0.48339800 0.17042200 0.01953100 0.02834300
0 0.51953100 0.17078500 0.01953100 0.02907000
16 0.55664100 0.17296500 0.01953100 0.02907000
0 0.59277300 0.17405500 0.01953100 0.02834300
10 0.18017600 0.22347400 0.02050800 0.02834300
20 0.21630900 0.22202000 0.02050800 0.02834300
15 0.25537100 0.22129400 0.02050800 0.02834300
8 0.29248000 0.21984000 0.02050800 0.02834300
11 0.32959000 0.21911300 0.02050800 0.02834300
2 0.40820300 0.21911300 0.02148400 0.02834300
10 0.48437500 0.22020300 0.01953100 0.02907000
15 0.52343800 0.22020300 0.01953100 0.02907000
14 0.56103500 0.22165700 0.02050800 0.02907000
2 0.63134800 0.22529100 0.02050800 0.02907000
4 0.66699200 0.22674400 0.01953100 0.02907000
13 0.70312500 0.22819800 0.01953100 0.02907000
4 0.74023400 0.22928800 0.01953100 0.02689000
5 0.80712900 0.23364800 0.01855500 0.02689000
17 0.83886700 0.23582800 0.01953100 0.02689000
18 0.17871100 0.27325600 0.01953100 0.02907000
10 0.21484400 0.27252900 0.01953100 0.02907000
14 0.25244100 0.27143900 0.02050800 0.02834300
11 0.29003900 0.27034900 0.01953100 0.02907000
10 0.36767600 0.26889500 0.02050800 0.02907000
17 0.48437500 0.27034900 0.01953100 0.02907000
3 0.55859400 0.27252900 0.01953100 0.02907000
14 0.59570300 0.27361900 0.01953100 0.02979700
11 0.63183600 0.27470900 0.01953100 0.02907000
8 0.66992200 0.27543600 0.01953100 0.02907000
8 0.70556600 0.27652600 0.01855500 0.02834300
13 0.74169900 0.27725300 0.01855500 0.02834300
15 0.77636700 0.27798000 0.01953100 0.02834300
14 0.80957000 0.28088700 0.01953100 0.02689000
16 0.84375000 0.28234000 0.01953100 0.02689000
8 0.87597700 0.28379400 0.01953100 0.02689000
19 0.90918000 0.28561000 0.01953100 0.02761600
10 0.13867200 0.32594500 0.01953100 0.02979700
14 0.17529300 0.32376500 0.02050800 0.02979700
11 0.21289100 0.32303800 0.01953100 0.02979700
2 0.21191400 0.37245600 0.01953100 0.02979700
5 0.36962900 0.37354700 0.01855500 0.03052300
0 0.56054700 0.37645300 0.01953100 0.03052300
7 0.59765600 0.37681700 0.01953100 0.02979700
14 0.17138700 0.42805200 0.02050800 0.03052300
19 0.20947300 0.42732600 0.02050800 0.03052300
22 0.24951200 0.42696200 0.02050800 0.03125000
4 0.28955100 0.42659900 0.02050800 0.03052300
19 0.32959000 0.42587200 0.02050800 0.03052300
0 0.48632800 0.42696200 0.01953100 0.03125000
7 0.52441400 0.42805200 0.01953100 0.03052300
17 0.59912100 0.42877900 0.01855500 0.03052300
20 0.63574200 0.42914200 0.01953100 0.02979700
1 0.67187500 0.42986900 0.01953100 0.02979700
11 0.70898400 0.42986900 0.01953100 0.02979700
4 0.74707000 0.42986900 0.01953100 0.02979700
3 0.78515600 0.42986900 0.01953100 0.02979700
14 0.82128900 0.42986900 0.01953100 0.02979700
11 0.85595700 0.43059600 0.01855500 0.02834300
9 0.89013700 0.43095900 0.01855500 0.02761600
8 0.92627000 0.43132300 0.01855500 0.02834300
13 0.95654300 0.43241300 0.01855500 0.02761600
15 0.13037100 0.48292200 0.02050800 0.03125000
14 0.16796900 0.48183100 0.01953100 0.03197700
11 0.20654300 0.48183100 0.02050800 0.03197700
20 0.24755900 0.48110500 0.02050800 0.03197700
16 0.28857400 0.48110500 0.02050800 0.03197700
8 0.32812500 0.48183100 0.01953100 0.03052300
19 0.40820300 0.48183100 0.01953100 0.03052300
10 0.52392600 0.48110500 0.01855500 0.03052300
14 0.56201200 0.48110500 0.01855500 0.03052300
11 0.60009800 0.48110500 0.01855500 0.03052300
4 0.16601600 0.53706400 0.02148400 0.03197700
18 0.24560500 0.53670100 0.02050800 0.03125000
12 0.28662100 0.53597400 0.02050800 0.03125000
5 0.44824200 0.53524700 0.01953100 0.03125000
2 0.60302700 0.53452000 0.02050800 0.03125000
9 0.63964800 0.53488400 0.01953100 0.03052300
18 0.67675800 0.53524700 0.01953100 0.03125000
12 0.71386700 0.53488400 0.01953100 0.03052300
2 0.16357400 0.59229700 0.02050800 0.03343000
12 0.24414100 0.59193300 0.02148400 0.03270300
12 0.28759800 0.59266000 0.02636700 0.03561000
0 0.44824200 0.59084300 0.01953100 0.03197700
9 0.48730500 0.59011600 0.01953100 0.03197700
2 0.64160200 0.58757300 0.01953100 0.03125000
9 0.68115200 0.58720900 0.02050800 0.03052300
12 0.71826200 0.58757300 0.02050800 0.03125000
12 0.75488300 0.58720900 0.01953100 0.03052300
4 0.16113300 0.65043600 0.02148400 0.03343000
0 0.20361300 0.65261600 0.02246100 0.03343000
12 0.28418000 0.64898300 0.02148400 0.03343000
12 0.32568400 0.64825600 0.02246100 0.03343000
2 0.48877000 0.64498500 0.02050800 0.03125000
1 0.52783200 0.64425900 0.02050800 0.03125000
7 0.64404300 0.64207800 0.02050800 0.03125000
12 0.68115200 0.64135200 0.02050800 0.03125000
12 0.71923800 0.64062500 0.02050800 0.03125000
