14 0.33906250 0.10781250 0.02656250 0.09062500
14 0.71718750 0.11796875 0.02500000 0.09062500
17 0.93125000 0.10781250 0.02656250 0.09062500
4 0.97187500 0.23593750 0.02656250 0.09062500
18 0.78906250 0.24296875 0.02343750 0.09062500
15 0.71875000 0.24687500 0.02500000 0.08671875
14 0.75468750 0.24296875 0.02343750 0.08671875
18 0.61406250 0.25000000 0.02500000 0.09062500
24 0.54687500 0.24687500 0.02343750 0.08359375
4 0.47812500 0.24296875 0.02500000 0.09062500
13 0.11718750 0.35078125 0.02656250 0.09375000
14 0.15156250 0.35390625 0.02656250 0.09062500
19 0.18906250 0.35390625 0.02656250 0.09375000
4 0.22656250 0.35078125 0.02656250 0.09375000
1 0.26406250 0.35078125 0.02500000 0.09375000
14 0.30156250 0.35781250 0.02656250 0.09062500
14 0.33906250 0.35781250 0.02812500 0.09062500
10 0.37343750 0.36093750 0.02500000 0.09062500
10 0.20000000 0.48593750 0.02656250 0.10390625
1 0.29843750 0.48984375 0.02656250 0.09687500
13 0.58281250 0.63203125 0.02656250 0.09062500
10 0.19687500 0.62500000 0.02343750 0.09062500
8 0.37031250 0.76406250 0.02500000 0.09062500
10 0.54843750 0.76406250 0.02500000 0.09062500
22 0.44375000 0.76406250 0.02500000 0.08671875
19 0.68906250 0.76718750 0.02656250 0.09062500
18 0.72500000 0.76718750 0.02500000 0.08671875
8 0.76093750 0.76718750 0.02187500 0.08671875
3 0.79531250 0.76406250 0.02343750 0.09062500
10 0.75781250 0.63515625 0.02343750 0.09062500
20 0.65156250 0.63203125 0.02343750 0.08359375
4 0.83281250 0.76406250 0.02656250 0.08359375
8 0.94218750 0.76718750 0.02187500 0.08359375
14 0.94531250 0.90312500 0.02343750 0.08671875
11 0.90781250 0.90312500 0.02187500 0.09062500
3 0.83593750 0.90625000 0.02343750 0.09062500
18 0.65625000 0.89921875 0.02343750 0.08671875
8 0.62031250 0.90312500 0.02187500 0.08359375
17 0.58437500 0.89921875 0.02500000 0.08671875
24 0.40937500 0.49687500 0.02343750 0.09062500
