0 0.10000000 0.21935484 0.08437500 0.15913978
1 0.19843750 0.22150538 0.08593750 0.16344086
2 0.29531250 0.22150538 0.08593750 0.16344086
3 0.39531250 0.21935484 0.08593750 0.16344086
4 0.49531250 0.21935484 0.07812500 0.15698925
5 0.59843750 0.21935484 0.08125000 0.16774194
6 0.70000000 0.21935484 0.08906250 0.17204301
7 0.80000000 0.21935484 0.08281250 0.16774194
8 0.90156250 0.21505376 0.08281250 0.17419355
9 0.09687500 0.55913978 0.08437500 0.16559140
10 0.19687500 0.55268817 0.08593750 0.16559140
11 0.30000000 0.55483871 0.08593750 0.15913978
12 0.39843750 0.55483871 0.08906250 0.16559140
13 0.50000000 0.55483871 0.07812500 0.16344086
14 0.59687500 0.55268817 0.07812500 0.15913978
15 0.69687500 0.55483871 0.09062500 0.16559140
16 0.80000000 0.55483871 0.08906250 0.16344086
17 0.90468750 0.56344086 0.08593750 0.17419355
18 0.09218750 0.89677419 0.08125000 0.16774194
19 0.19218750 0.89032258 0.08125000 0.17419355
20 0.29531250 0.89247312 0.08281250 0.16559140
21 0.39375000 0.89247312 0.08437500 0.16774194
23 0.50000000 0.89677419 0.07812500 0.15698925
24 0.59843750 0.89892473 0.08437500 0.15698925
25 0.70000000 0.89462366 0.08281250 0.15913978
22 0.90937500 0.89247312 0.08437500 0.17634409
