18 0.10937500 0.13888889 0.02968750 0.10763889
2 0.23281250 0.13888889 0.02968750 0.11111111
17 0.31562500 0.13888889 0.03125000 0.11111111
6 0.39843750 0.13888889 0.03125000 0.11111111
4 0.44062500 0.13888889 0.02500000 0.10763889
19 0.06875000 0.29166667 0.03281250 0.11458333
1 0.52343750 0.29166667 0.03125000 0.11111111
11 0.56406250 0.28472222 0.03281250 0.11458333
0 0.60312500 0.28819444 0.02656250 0.11111111
10 0.68750000 0.28472222 0.03281250 0.11458333
4 0.88125000 0.43750000 0.03125000 0.11111111
5 0.80625000 0.43750000 0.03125000 0.11111111
11 0.60468750 0.44444444 0.02812500 0.11111111
8 0.56406250 0.44444444 0.03125000 0.11805556
15 0.52500000 0.44444444 0.03125000 0.10763889
0 0.44218750 0.44097222 0.02968750 0.10763889
1 0.36093750 0.44444444 0.03281250 0.10763889
24 0.06875000 0.45138889 0.03593750 0.11111111
4 0.02812500 0.60069444 0.03437500 0.11111111
2 0.06406250 0.59722222 0.03281250 0.11111111
10 0.10781250 0.60416667 0.02968750 0.11111111
11 0.35937500 0.60069444 0.03437500 0.11111111
6 0.44218750 0.59722222 0.03437500 0.10763889
14 0.60625000 0.59722222 0.03125000 0.11111111
3 0.64687500 0.59722222 0.03125000 0.12152778
10 0.80937500 0.59027778 0.03437500 0.11458333
19 0.73125000 0.74652778 0.03750000 0.11458333
8 0.52656250 0.75000000 0.03281250 0.11111111
18 0.40312500 0.75694444 0.03125000 0.11458333
4 0.23593750 0.75694444 0.03125000 0.11111111
2 0.19375000 0.75694444 0.03281250 0.11111111
4 0.15156250 0.76041667 0.03281250 0.10763889
0 0.10937500 0.92361111 0.02656250 0.11111111
14 0.36093750 0.90972222 0.03125000 0.11458333
13 0.60781250 0.90277778 0.03125000 0.10763889
4 0.64843750 0.90277778 0.02968750 0.10763889
3 0.84687500 0.89236111 0.03125000 0.12152778
3 0.95000000 0.88194444 0.02968750 0.11805556
