3 0.04218750 0.15468750 0.08281250 0.16250000
0 0.12656250 0.13437500 0.08125000 0.15000000
3 0.21250000 0.12031250 0.08750000 0.15781250
18 0.39531250 0.10625000 0.08750000 0.15625000
14 0.49375000 0.09531250 0.08593750 0.15312500
11 0.59062500 0.09218750 0.08125000 0.14531250
11 0.40312500 0.31718750 0.08750000 0.15312500
21 0.30156250 0.55000000 0.10000000 0.17656250
13 0.29843750 0.78125000 0.09375000 0.20156250
0 0.19218750 0.78437500 0.08593750 0.17031250
0 0.29531250 0.31250000 0.08593750 0.15000000
8 0.09531250 0.56406250 0.09062500 0.17968750
11 0.50625000 0.31093750 0.09531250 0.14843750
3 0.40937500 0.75937500 0.08593750 0.18125000
8 0.41406250 0.53593750 0.08125000 0.16718750
11 0.50781250 0.52500000 0.09531250 0.16250000
3 0.67968750 0.09062500 0.07343750 0.14843750
11 0.60625000 0.51250000 0.09531250 0.16250000
18 0.61250000 0.73750000 0.09531250 0.17968750
16 0.70000000 0.30000000 0.09062500 0.16718750
