0 0.12656250 0.13750000 0.09218750 0.11875000
1 0.22500000 0.13750000 0.08906250 0.11718750
2 0.32031250 0.13906250 0.08281250 0.12031250
3 0.41093750 0.14062500 0.07656250 0.12656250
4 0.50000000 0.14062500 0.07968750 0.12500000
5 0.59531250 0.13906250 0.07812500 0.12500000
6 0.68906250 0.14531250 0.07812500 0.12812500
7 0.78281250 0.14218750 0.07968750 0.13125000
8 0.87656250 0.14062500 0.07500000 0.12656250
9 0.12500000 0.36875000 0.07656250 0.12343750
10 0.21875000 0.36562500 0.08593750 0.12343750
11 0.30937500 0.36718750 0.07343750 0.11406250
12 0.40625000 0.36562500 0.08281250 0.11718750
13 0.50000000 0.36562500 0.08125000 0.11875000
14 0.59375000 0.36562500 0.08125000 0.11875000
15 0.68906250 0.36406250 0.07968750 0.11875000
16 0.78125000 0.36562500 0.08125000 0.11875000
17 0.87500000 0.36406250 0.08125000 0.12343750
18 0.12812500 0.59375000 0.08437500 0.11718750
19 0.22968750 0.59062500 0.08281250 0.11718750
20 0.33750000 0.59375000 0.08593750 0.12187500
21 0.44687500 0.59375000 0.08437500 0.12343750
22 0.55468750 0.59218750 0.08593750 0.12500000
23 0.65937500 0.59062500 0.08125000 0.12187500
24 0.76562500 0.59062500 0.08437500 0.12500000
25 0.87187500 0.59062500 0.08750000 0.12187500
