19 0.14218750 0.20486111 0.03750000 0.12847222
17 0.18125000 0.20833333 0.03281250 0.12500000
0 0.22187500 0.20486111 0.03281250 0.13194444
12 0.26250000 0.20486111 0.03750000 0.11805556
15 0.30625000 0.21180556 0.03750000 0.12847222
18 0.38437500 0.36805556 0.03750000 0.13541667
20 0.42812500 0.37847222 0.03281250 0.13541667
17 0.77500000 0.38888889 0.03437500 0.12847222
8 0.90468750 0.39930556 0.03125000 0.13541667
0 0.94531250 0.40277778 0.02968750 0.12152778
7 0.16718750 0.51736111 0.03437500 0.13194444
4 0.20781250 0.52083333 0.03437500 0.13541667
0 0.29687500 0.52083333 0.03125000 0.12152778
11 0.33593750 0.52430556 0.03593750 0.13194444
22 0.38437500 0.52430556 0.03593750 0.12500000
18 0.47187500 0.53125000 0.03593750 0.12152778
3 0.51406250 0.53472222 0.03281250 0.12500000
19 0.60000000 0.54513889 0.03750000 0.13541667
15 0.91093750 0.55555556 0.03593750 0.12500000
20 0.95312500 0.55555556 0.03906250 0.12500000
5 0.12031250 0.67361111 0.03125000 0.11805556
4 0.15937500 0.67708333 0.03437500 0.12152778
4 0.20312500 0.68055556 0.03281250 0.12847222
11 0.24218750 0.68055556 0.03593750 0.13541667
18 0.10781250 0.84375000 0.03437500 0.12847222
4 0.14843750 0.84027778 0.03281250 0.12152778
6 0.42343750 0.68750000 0.03750000 0.13194444
3 0.46718750 0.69097222 0.03750000 0.13194444
12 0.59843750 0.86805556 0.03437500 0.13541667
8 0.73750000 0.87847222 0.03437500 0.13194444
8 0.81718750 0.39236111 0.03593750 0.12152778
2 0.64218750 0.08680556 0.03437500 0.10763889
0 0.68125000 0.07986111 0.03281250 0.10763889
15 0.72656250 0.08680556 0.03906250 0.11111111
19 0.76875000 0.09375000 0.03437500 0.11111111
0 0.80781250 0.09375000 0.03437500 0.11458333
18 0.89375000 0.09722222 0.03125000 0.10416667
18 0.78125000 0.71527778 0.03281250 0.11458333
20 0.82343750 0.71875000 0.03125000 0.12500000
19 0.87500000 0.88194444 0.03437500 0.12152778
