0 0.04531250 0.27187500 0.03437500 0.23671875
1 0.12343750 0.28046875 0.04062500 0.23671875
2 0.19531250 0.28046875 0.03125000 0.23671875
3 0.26875000 0.28046875 0.03281250 0.25468750
4 0.34375000 0.27187500 0.03125000 0.23671875
5 0.41875000 0.28046875 0.03437500 0.23671875
6 0.49375000 0.28984375 0.03125000 0.25468750
7 0.56718750 0.28046875 0.03125000 0.28984375
8 0.64375000 0.27187500 0.03750000 0.26328125
9 0.71562500 0.29843750 0.03593750 0.30703125
10 0.79218750 0.29843750 0.03906250 0.31562500
11 0.86562500 0.28984375 0.03281250 0.30703125
12 0.93906250 0.28046875 0.04062500 0.30703125
13 0.04687500 0.64062500 0.03750000 0.31562500
14 0.12031250 0.64921875 0.03750000 0.30703125
15 0.19687500 0.64921875 0.03906250 0.31562500
16 0.27031250 0.65781250 0.03437500 0.28984375
17 0.34531250 0.64921875 0.03281250 0.29843750
