18 0.07343750 0.21171875 0.03593750 0.11484375
14 0.15312500 0.21562500 0.03437500 0.11796875
14 0.19531250 0.21562500 0.03281250 0.11796875
14 0.37031250 0.05937500 0.03281250 0.11484375
0 0.41406250 0.05937500 0.03281250 0.11484375
17 0.41093750 0.22187500 0.03437500 0.10781250
14 0.45468750 0.22187500 0.03437500 0.11093750
2 0.49843750 0.22578125 0.02968750 0.10781250
19 0.45625000 0.06250000 0.03125000 0.11093750
13 0.62812500 0.06562500 0.03125000 0.11093750
14 0.71562500 0.06953125 0.03281250 0.11484375
17 0.75937500 0.07265625 0.03281250 0.11093750
8 0.80312500 0.23984375 0.03437500 0.11484375
15 0.84687500 0.23593750 0.03281250 0.11484375
0 0.88750000 0.07265625 0.02968750 0.10781250
1 0.93125000 0.07656250 0.03281250 0.10781250
10 0.32500000 0.38203125 0.03906250 0.11484375
0 0.49687500 0.38515625 0.03437500 0.10390625
1 0.84687500 0.39921875 0.03281250 0.11093750
14 0.93437500 0.40625000 0.03281250 0.11484375
7 0.10468750 0.53437500 0.03593750 0.12812500
0 0.14531250 0.53437500 0.03281250 0.12812500
21 0.18906250 0.53828125 0.03593750 0.12812500
24 0.31875000 0.70468750 0.03437500 0.12500000
0 0.45312500 0.54843750 0.03437500 0.11484375
4 0.58125000 0.71875000 0.03437500 0.12187500
2 0.84843750 0.56562500 0.03281250 0.11796875
10 0.89062500 0.56953125 0.03437500 0.11484375
5 0.89218750 0.73281250 0.03281250 0.11796875
1 0.06093750 0.85390625 0.03750000 0.11484375
0 0.14218750 0.85781250 0.03437500 0.10781250
7 0.35937500 0.87812500 0.03437500 0.12500000
24 0.53593750 0.88203125 0.03593750 0.12500000
4 0.71406250 0.89218750 0.03437500 0.12187500
