4 0.07500000 0.65000000 0.09531250 0.14843750
25 0.16875000 0.62343750 0.07812500 0.13906250
7 0.44531250 0.92500000 0.07343750 0.14375000
3 0.09687500 0.20781250 0.08281250 0.16093750
18 0.40468750 0.73750000 0.08593750 0.15000000
19 0.37968750 0.10000000 0.08750000 0.15312500
4 0.18281250 0.17656250 0.08125000 0.15625000
16 0.52812500 0.88906250 0.08125000 0.13593750
7 0.49375000 0.70156250 0.07812500 0.14843750
5 0.45468750 0.50625000 0.07656250 0.14843750
11 0.54218750 0.48125000 0.08281250 0.15312500
4 0.61250000 0.85000000 0.07812500 0.13125000
4 0.58125000 0.66406250 0.08593750 0.15000000
4 0.69687500 0.81562500 0.07343750 0.14062500
15 0.47187500 0.08437500 0.08281250 0.15312500
11 0.74843750 0.59687500 0.10312500 0.14062500
19 0.62968750 0.45000000 0.09062500 0.13906250
