18 0.09062500 0.11111111 0.03906250 0.12500000
2 0.22187500 0.11458333 0.03593750 0.13541667
17 0.30937500 0.12500000 0.03437500 0.12500000
6 0.39375000 0.13194444 0.03125000 0.13194444
4 0.44062500 0.13541667 0.03750000 0.12847222
15 0.72812500 0.29861111 0.03906250 0.12152778
20 0.68906250 0.30208333 0.03750000 0.12500000
15 0.56562500 0.29513889 0.04062500 0.13888889
8 0.52500000 0.29513889 0.03906250 0.13888889
15 0.48281250 0.28819444 0.04375000 0.13888889
24 0.35312500 0.28125000 0.03750000 0.12500000
17 0.30937500 0.28125000 0.03593750 0.12500000
14 0.26875000 0.28125000 0.04062500 0.12500000
11 0.22031250 0.27777778 0.04062500 0.13888889
6 0.17656250 0.27777778 0.04375000 0.14236111
4 0.21875000 0.43750000 0.03593750 0.12152778
7 0.52343750 0.45486111 0.03281250 0.12847222
0 0.56562500 0.45138889 0.03437500 0.12500000
22 0.60781250 0.45486111 0.03437500 0.12500000
0 0.87812500 0.61111111 0.03281250 0.12500000
19 0.76718750 0.61458333 0.03593750 0.11805556
8 0.68750000 0.61805556 0.03593750 0.13541667
13 0.64843750 0.61458333 0.03593750 0.13541667
4 0.39531250 0.60416667 0.03437500 0.12500000
17 0.35312500 0.60416667 0.03593750 0.12500000
0 0.08437500 0.59722222 0.03750000 0.12500000
0 0.04062500 0.76041667 0.03437500 0.12847222
24 0.12968750 0.76388889 0.03750000 0.12847222
12 0.21718750 0.77083333 0.03593750 0.12152778
14 0.26093750 0.76041667 0.03125000 0.11111111
21 0.68593750 0.77083333 0.03593750 0.12152778
3 0.91093750 0.76041667 0.03281250 0.12500000
0 0.68593750 0.92708333 0.02968750 0.11805556
2 0.64531250 0.93055556 0.03437500 0.11805556
21 0.39062500 0.92708333 0.03750000 0.13888889
2 0.30468750 0.92708333 0.03750000 0.12152778
17 0.21875000 0.93402778 0.03750000 0.12847222
13 0.13125000 0.92361111 0.04375000 0.12500000
