6 0.84277300 0.04324100 0.02148400 0.02252900
12 0.12695300 0.07085800 0.02148400 0.02252900
11 0.20605500 0.06976700 0.02148400 0.02325600
6 0.25976600 0.06940400 0.02148400 0.02252900
20 0.28564500 0.06940400 0.02246100 0.02252900
10 0.33886700 0.07013100 0.02148400 0.02252900
0 0.36523400 0.07085800 0.02148400 0.02252900
12 0.39306600 0.07085800 0.02050800 0.02252900
8 0.41992200 0.07158400 0.02148400 0.02252900
13 0.47363300 0.07231100 0.02148400 0.02252900
13 0.52490200 0.07231100 0.02050800 0.02252900
16 0.55127000 0.07231100 0.02050800 0.02252900
4 0.57763700 0.07231100 0.02050800 0.02252900
14 0.63134800 0.07303800 0.02050800 0.02252900
1 0.65869100 0.07303800 0.02050800 0.02252900
4 0.71142600 0.07376500 0.02050800 0.02252900
11 0.73779300 0.07376500 0.02050800 0.02252900
8 0.76416000 0.07412800 0.02050800 0.02325600
18 0.79003900 0.07449100 0.02148400 0.02252900
8 0.12744100 0.13444800 0.02246100 0.02470900
20 0.17675800 0.13444800 0.02148400 0.02470900
13 0.23046900 0.13444800 0.02148400 0.02325600
0 0.25683600 0.13481100 0.02148400 0.02398300
18 0.28369100 0.13481100 0.02050800 0.02398300
9 0.33740200 0.13481100 0.02050800 0.02252900
8 0.36425800 0.13553800 0.02148400 0.02252900
22 0.39160200 0.13553800 0.02148400 0.02252900
14 0.41845700 0.13626500 0.02050800 0.02252900
19 0.44531200 0.13626500 0.02148400 0.02252900
17 0.52392600 0.13699100 0.02050800 0.02252900
0 0.54931600 0.13771800 0.02050800 0.02252900
25 0.57666000 0.13771800 0.02050800 0.02252900
1 0.60400400 0.13844500 0.02050800 0.02252900
14 0.63037100 0.13771800 0.02050800 0.02252900
11 0.65771500 0.13808100 0.02050800 0.02180200
4 0.68408200 0.13844500 0.02050800 0.02252900
11 0.71142600 0.13844500 0.02050800 0.02252900
8 0.73779300 0.13844500 0.02050800 0.02252900
18 0.76367200 0.13844500 0.02148400 0.02252900
0 0.12109400 0.20203500 0.02148400 0.02470900
15 0.17480500 0.20130800 0.02148400 0.02470900
14 0.20214800 0.20094500 0.02148400 0.02398300
19 0.22900400 0.20058100 0.02050800 0.02325600
14 0.25537100 0.20130800 0.02050800 0.02325600
12 0.28271500 0.20130800 0.02050800 0.02325600
15 0.33691400 0.20203500 0.02148400 0.02325600
14 0.36328100 0.20203500 0.02148400 0.02325600
25 0.39062500 0.20276200 0.01953100 0.02325600
22 0.41748000 0.20276200 0.02050800 0.02325600
14 0.44433600 0.20312500 0.01953100 0.02252900
13 0.47119100 0.20312500 0.02050800 0.02252900
8 0.49755900 0.20348800 0.02050800 0.02325600
11 0.52294900 0.20312500 0.02050800 0.02252900
0 0.54882800 0.20348800 0.02148400 0.02325600
18 0.60351600 0.20385200 0.02148400 0.02252900
22 0.63037100 0.20421500 0.02050800 0.02325600
8 0.65722700 0.20421500 0.02148400 0.02325600
13 0.68408200 0.20385200 0.02050800 0.02252900
15 0.14599600 0.26671500 0.02050800 0.02470900
17 0.17334000 0.26744200 0.02050800 0.02470900
8 0.20019500 0.26744200 0.02148400 0.02470900
11 0.25439500 0.26853200 0.02050800 0.02543600
8 0.28222700 0.26816900 0.02148400 0.02470900
19 0.30859400 0.26816900 0.02148400 0.02470900
4 0.33544900 0.26780500 0.02050800 0.02398300
10 0.39013700 0.26853200 0.02050800 0.02398300
14 0.41552700 0.26925900 0.02050800 0.02398300
12 0.47021500 0.27071200 0.02050800 0.02398300
13 0.49560500 0.27071200 0.02050800 0.02398300
4 0.52197300 0.27143900 0.02050800 0.02398300
18 0.57519500 0.27071200 0.01953100 0.02398300
14 0.60205100 0.27034900 0.02050800 0.02325600
11 0.62841800 0.27034900 0.02050800 0.02325600
14 0.65625000 0.27034900 0.02148400 0.02325600
22 0.68310500 0.27034900 0.02050800 0.02325600
12 0.11718800 0.33393900 0.02148400 0.02543600
18 0.19921900 0.33430200 0.02148400 0.02470900
4 0.22656200 0.33430200 0.02148400 0.02470900
6 0.25293000 0.33466600 0.02148400 0.02543600
14 0.27978500 0.33502900 0.02246100 0.02470900
3 0.30761700 0.33502900 0.02148400 0.02470900
13 0.33447300 0.33757300 0.02050800 0.02543600
22 0.41552700 0.33720900 0.02050800 0.02616300
3 0.44238300 0.33720900 0.02148400 0.02616300
22 0.46875000 0.33684600 0.02148400 0.02543600
14 0.49560500 0.33829900 0.02050800 0.02543600
12 0.54736300 0.33720900 0.02050800 0.02470900
18 0.11425800 0.40043600 0.02148400 0.02470900
18 0.16894500 0.40116300 0.02148400 0.02470900
14 0.19628900 0.40152600 0.02148400 0.02398300
11 0.22363300 0.40116300 0.02148400 0.02325600
14 0.25097700 0.40189000 0.02148400 0.02325600
22 0.27929700 0.40189000 0.02148400 0.02325600
12 0.36035200 0.40334300 0.02148400 0.02325600
16 0.11181600 0.46802300 0.02050800 0.02325600
20 0.13964800 0.46802300 0.02148400 0.02325600
3 0.16748000 0.46838700 0.02050800 0.02252900
4 0.19482400 0.46875000 0.02050800 0.02325600
18 0.22216800 0.46911300 0.02050800 0.02252900
13 0.24951200 0.46947700 0.02050800 0.02325600
20 0.27685500 0.46947700 0.02050800 0.02325600
15 0.35839800 0.47020300 0.02148400 0.02325600
4 0.38574200 0.47020300 0.02148400 0.02325600
18 0.41308600 0.47020300 0.02148400 0.02325600
13 0.43945300 0.47020300 0.02148400 0.02325600
18 0.11035200 0.53597400 0.02148400 0.02398300
15 0.13720700 0.53633700 0.02246100 0.02325600
14 0.16503900 0.53633700 0.02148400 0.02325600
12 0.21972700 0.53670100 0.02148400 0.02398300
13 0.13476600 0.60392400 0.02148400 0.02470900
4 0.16210900 0.60465100 0.02148400 0.02470900
19 0.18945300 0.60501500 0.02148400 0.02543600
13 0.24511700 0.60501500 0.02148400 0.02398300
4 0.27246100 0.60501500 0.02148400 0.02398300
19 0.29980500 0.60501500 0.02148400 0.02398300
18 0.38183600 0.60501500 0.02148400 0.02398300
14 0.40918000 0.60501500 0.02148400 0.02398300
11 0.43652300 0.60501500 0.02148400 0.02398300
14 0.46386700 0.60501500 0.02148400 0.02398300
22 0.49072300 0.60537800 0.02246100 0.02470900
4 0.51709000 0.60537800 0.02246100 0.02470900
13 0.10546900 0.67369200 0.02148400 0.02470900
4 0.13183600 0.67369200 0.02148400 0.02470900
15 0.18750000 0.67514500 0.02148400 0.02470900
14 0.21484400 0.67514500 0.02148400 0.02470900
19 0.26953100 0.67441900 0.02148400 0.02470900
3 0.32617200 0.67441900 0.02148400 0.02470900
11 0.35253900 0.67405500 0.02148400 0.02398300
18 0.43603500 0.67441900 0.02050800 0.02470900
22 0.46337900 0.67478200 0.02050800 0.02398300
8 0.48974600 0.67478200 0.02050800 0.02398300
13 0.51611300 0.67514500 0.02050800 0.02470900
4 0.54296900 0.67514500 0.02148400 0.02470900
15 0.10253900 0.74309600 0.02148400 0.02543600
14 0.12939500 0.74345900 0.02246100 0.02470900
25 0.15673800 0.74382300 0.02246100 0.02543600
14 0.18505900 0.74382300 0.02246100 0.02543600
22 0.21240200 0.74418600 0.02246100 0.02470900
8 0.24023400 0.74418600 0.02148400 0.02470900
10 0.29541000 0.74491300 0.02246100 0.02470900
0 0.32324200 0.74491300 0.02148400 0.02470900
19 0.37890600 0.74491300 0.02148400 0.02470900
11 0.46142600 0.74491300 0.02246100 0.02470900
20 0.48828100 0.74491300 0.02148400 0.02470900
16 0.51562500 0.74527600 0.02148400 0.02543600
4 0.56982400 0.74564000 0.02246100 0.02470900
22 0.62548800 0.74600300 0.02246100 0.02543600
14 0.65332000 0.74600300 0.02148400 0.02543600
17 0.68066400 0.74636600 0.02148400 0.02470900
14 0.70800800 0.74636600 0.02148400 0.02470900
13 0.73535200 0.74636600 0.02148400 0.02470900
20 0.76269500 0.74636600 0.02148400 0.02470900
8 0.10058600 0.81359000 0.02148400 0.02543600
18 0.15478500 0.81431700 0.02246100 0.02543600
13 0.18212900 0.81468000 0.02246100 0.02470900
14 0.21044900 0.81504400 0.02246100 0.02543600
22 0.23779300 0.81540700 0.02246100 0.02470900
0 0.26513700 0.81540700 0.02246100 0.02470900
12 0.32177700 0.81540700 0.02246100 0.02470900
4 0.34912100 0.81540700 0.02246100 0.02470900
3 0.37744100 0.81540700 0.02246100 0.02470900
22 0.40478500 0.81577000 0.02246100 0.02543600
4 0.43310500 0.81613400 0.02246100 0.02470900
3 0.46044900 0.81613400 0.02246100 0.02470900
