18 0.28281250 0.80000000 0.08593750 0.15000000
19 0.25000000 0.15156250 0.08750000 0.15312500
4 0.07031250 0.23750000 0.08125000 0.15625000
7 0.37187500 0.77656250 0.07812500 0.14843750
4 0.50312500 0.91875000 0.07812500 0.13125000
4 0.46562500 0.73750000 0.08593750 0.15000000
4 0.58750000 0.88750000 0.07343750 0.14062500
15 0.34062500 0.12187500 0.08281250 0.15312500
11 0.63906250 0.66250000 0.08281250 0.14375000
13 0.11562500 0.84062500 0.08125000 0.14843750
5 0.32343750 0.57031250 0.07812500 0.15312500
11 0.43437500 0.52968750 0.09375000 0.13593750
19 0.52812500 0.51093750 0.08750000 0.13437500
14 0.71718750 0.62812500 0.08281250 0.14843750
17 0.60625000 0.47812500 0.08125000 0.16718750
3 0.74687500 0.81250000 0.07812500 0.15781250
18 0.82968750 0.92500000 0.07343750 0.13125000
