11 0.06406250 0.09375000 0.03750000 0.11458333
0 0.10312500 0.09375000 0.03281250 0.12152778
13 0.14375000 0.09375000 0.03437500 0.11458333
0 0.27187500 0.09722222 0.03281250 0.11458333
6 0.31562500 0.10416667 0.03281250 0.11805556
4 0.35781250 0.10069444 0.03593750 0.11458333
11 0.90937500 0.12152778 0.03593750 0.11111111
1 0.22500000 0.25347222 0.03281250 0.11458333
14 0.35625000 0.26041667 0.03281250 0.11458333
14 0.39843750 0.26388889 0.03281250 0.11805556
12 0.44375000 0.26736111 0.03281250 0.11111111
19 0.69843750 0.27083333 0.03437500 0.11111111
6 0.86718750 0.27430556 0.03125000 0.11111111
7 0.13750000 0.41666667 0.03281250 0.12152778
5 0.22500000 0.41666667 0.03437500 0.11458333
5 0.44062500 0.42361111 0.03281250 0.11111111
24 0.56875000 0.42708333 0.03437500 0.11458333
20 0.82500000 0.43750000 0.03125000 0.11458333
14 0.86718750 0.43750000 0.03281250 0.11111111
0 0.39843750 0.42361111 0.03125000 0.11458333
18 0.39687500 0.58333333 0.03437500 0.11458333
17 0.48125000 0.58333333 0.03281250 0.11458333
14 0.52500000 0.58680556 0.03281250 0.11458333
2 0.56718750 0.58680556 0.03125000 0.11111111
10 0.61093750 0.58680556 0.03281250 0.11458333
24 0.65312500 0.59027778 0.03437500 0.11458333
1 0.73750000 0.59375000 0.03437500 0.11458333
19 0.86875000 0.59722222 0.03593750 0.11458333
12 0.95156250 0.59722222 0.03281250 0.11111111
17 0.30781250 0.74652778 0.03437500 0.12152778
19 0.48125000 0.74652778 0.03281250 0.11458333
0 0.52343750 0.74305556 0.03125000 0.11458333
11 0.65468750 0.75000000 0.03437500 0.11111111
4 0.69687500 0.75000000 0.03437500 0.11458333
20 0.21875000 0.90625000 0.03593750 0.12152778
14 0.26250000 0.90625000 0.03593750 0.11805556
0 0.56875000 0.90972222 0.03437500 0.10763889
3 0.87031250 0.91666667 0.03125000 0.11111111
17 0.95000000 0.92013889 0.03437500 0.11805556
