12 0.18115200 0.15225300 0.01855500 0.02107600
16 0.20361300 0.15043600 0.01855500 0.02034900
0 0.22851600 0.14898300 0.01953100 0.02034900
11 0.25048800 0.14789200 0.01855500 0.02107600
14 0.27392600 0.14643900 0.01855500 0.02107600
18 0.29834000 0.14534900 0.01855500 0.02034900
15 0.37158200 0.14026200 0.01855500 0.02034900
14 0.42138700 0.13844500 0.02050800 0.02252900
12 0.47216800 0.13626500 0.02050800 0.02252900
14 0.49804700 0.13553800 0.01953100 0.02252900
17 0.52294900 0.13481100 0.02050800 0.02252900
22 0.60205100 0.13045100 0.02050800 0.02252900
3 0.62841800 0.12899700 0.02050800 0.02252900
14 0.65576200 0.12790700 0.02050800 0.02180200
6 0.68310500 0.12681700 0.02050800 0.02252900
14 0.70947300 0.12609000 0.02050800 0.02252900
13 0.73681600 0.12463700 0.02050800 0.02252900
10 0.76464800 0.12354700 0.02148400 0.02325600
20 0.79248000 0.12354700 0.02050800 0.02325600
15 0.18017600 0.18168600 0.01855500 0.02034900
14 0.20214800 0.18023300 0.01757800 0.02034900
13 0.22558600 0.17914200 0.01757800 0.02107600
4 0.24951200 0.17696200 0.01855500 0.02107600
18 0.27294900 0.17623500 0.01855500 0.02107600
11 0.29687500 0.17550900 0.01953100 0.02107600
14 0.32177700 0.17441900 0.01855500 0.02180200
18 0.34570300 0.17332800 0.01953100 0.02107600
13 0.42041000 0.17042200 0.01855500 0.02107600
0 0.44628900 0.16969500 0.01953100 0.02252900
0 0.49804700 0.16751500 0.01953100 0.02252900
12 0.52343800 0.16642400 0.01953100 0.02180200
0 0.54882800 0.16533400 0.01953100 0.02252900
25 0.57519500 0.16424400 0.01953100 0.02180200
14 0.60205100 0.16279100 0.02050800 0.02180200
13 0.62841800 0.16170100 0.02050800 0.02252900
10 0.65576200 0.16097400 0.02050800 0.02252900
20 0.68212900 0.15988400 0.02050800 0.02180200
22 0.17724600 0.21075600 0.01855500 0.02034900
18 0.20068400 0.20966600 0.01855500 0.02107600
11 0.22412100 0.20893900 0.01855500 0.02107600
4 0.24853500 0.20784900 0.01855500 0.02034900
3 0.27197300 0.20675900 0.01855500 0.02107600
25 0.31982400 0.20530500 0.01855500 0.02107600
0 0.34423800 0.20421500 0.01855500 0.02180200
12 0.39502000 0.20276200 0.01855500 0.02180200
13 0.42041000 0.20203500 0.01855500 0.02180200
14 0.44531200 0.20094500 0.01953100 0.02252900
4 0.52294900 0.19803800 0.01855500 0.02252900
6 0.54834000 0.19731100 0.02050800 0.02252900
14 0.57470700 0.19585800 0.02050800 0.02252900
22 0.62841800 0.19440400 0.02050800 0.02252900
4 0.65527300 0.19331400 0.01953100 0.02325600
25 0.68212900 0.19222400 0.02050800 0.02252900
11 0.70849600 0.19149700 0.02050800 0.02252900
8 0.73584000 0.19077000 0.02050800 0.02252900
15 0.17627000 0.24018900 0.01855500 0.02107600
14 0.19921900 0.23946200 0.01757800 0.02107600
4 0.22265600 0.23873500 0.01757800 0.02107600
25 0.24658200 0.23800900 0.01855500 0.02107600
3 0.27099600 0.23728200 0.01855500 0.02107600
0 0.29541000 0.23655500 0.01855500 0.02107600
8 0.34326200 0.23655500 0.01855500 0.02107600
10 0.39502000 0.23401200 0.01855500 0.02180200
14 0.41943400 0.23328500 0.01855500 0.02180200
17 0.44482400 0.23292200 0.01855500 0.02252900
0 0.47070300 0.23183100 0.01953100 0.02180200
1 0.49609400 0.23110500 0.01953100 0.02180200
11 0.52246100 0.23001500 0.01953100 0.02252900
8 0.54834000 0.22892400 0.01855500 0.02180200
15 0.12793000 0.27143900 0.01757800 0.02107600
14 0.15039100 0.27071200 0.01757800 0.02107600
12 0.19775400 0.26998500 0.01855500 0.02107600
14 0.22168000 0.26925900 0.01757800 0.02107600
17 0.24560500 0.26853200 0.01855500 0.02107600
12 0.29443400 0.26780500 0.01855500 0.02107600
8 0.34375000 0.26671500 0.01953100 0.02180200
6 0.39404300 0.26598800 0.01855500 0.02180200
14 0.41943400 0.26526200 0.01855500 0.02180200
17 0.44482400 0.26453500 0.01855500 0.02180200
13 0.46972700 0.26380800 0.01953100 0.02180200
12 0.52148400 0.26235500 0.01953100 0.02180200
18 0.57421900 0.26053800 0.01953100 0.02252900
10 0.60058600 0.25981100 0.01953100 0.02252900
11 0.62744100 0.25908400 0.02050800 0.02252900
14 0.65380900 0.25799400 0.02050800 0.02180200
13 0.68115200 0.25690400 0.02050800 0.02252900
0 0.70752000 0.25617700 0.02050800 0.02252900
12 0.73584000 0.25617700 0.02050800 0.02252900
3 0.12695300 0.30159900 0.01757800 0.02034900
14 0.15039100 0.30159900 0.01757800 0.02034900
1 0.17334000 0.30123500 0.01855500 0.02107600
17 0.19726600 0.30050900 0.01757800 0.02107600
4 0.22070300 0.29978200 0.01757800 0.02107600
11 0.24462900 0.29978200 0.01855500 0.02107600
14 0.26953100 0.29905500 0.01757800 0.02107600
14 0.31884800 0.29796500 0.01855500 0.02180200
13 0.34326200 0.29796500 0.01855500 0.02180200
14 0.36865200 0.29723800 0.01855500 0.02180200
10 0.41943400 0.29651200 0.01855500 0.02180200
14 0.44384800 0.29614800 0.01855500 0.02107600
12 0.49560500 0.29505800 0.01855500 0.02180200
13 0.52099600 0.29433100 0.01855500 0.02180200
4 0.54736300 0.29360500 0.01855500 0.02180200
16 0.17236300 0.33103200 0.01855500 0.02107600
4 0.19531200 0.33103200 0.01757800 0.02107600
18 0.21972700 0.33030500 0.01757800 0.02107600
19 0.24414100 0.33030500 0.01757800 0.02107600
8 0.31835900 0.32885200 0.01757800 0.02107600
18 0.36865200 0.32885200 0.01855500 0.02107600
11 0.39306600 0.32885200 0.01855500 0.02107600
0 0.41845700 0.32848800 0.01855500 0.02180200
22 0.44384800 0.32848800 0.01855500 0.02180200
0 0.46875000 0.32739800 0.01953100 0.02252900
15 0.52050800 0.32667200 0.01953100 0.02252900
14 0.54687500 0.32594500 0.01953100 0.02252900
16 0.57275400 0.32558100 0.02050800 0.02180200
19 0.59960900 0.32521800 0.01953100 0.02252900
0 0.62597700 0.32412800 0.01953100 0.02180200
11 0.65283200 0.32376500 0.02050800 0.02252900
14 0.70703100 0.32267400 0.02148400 0.02325600
13 0.73437500 0.32231100 0.02148400 0.02398300
0 0.76269500 0.32194800 0.02148400 0.02325600
12 0.79101600 0.32158400 0.02148400 0.02398300
20 0.17138700 0.36191900 0.01855500 0.02180200
19 0.19482400 0.36155500 0.01855500 0.02107600
14 0.21923800 0.36155500 0.01855500 0.02107600
12 0.24365200 0.36155500 0.01855500 0.02107600
11 0.26806600 0.36119200 0.01855500 0.02180200
4 0.29248000 0.36119200 0.01855500 0.02180200
13 0.31787100 0.36119200 0.01855500 0.02180200
13 0.34326200 0.36082800 0.01855500 0.02107600
12 0.39306600 0.36046500 0.01855500 0.02180200
25 0.44384800 0.35973800 0.01855500 0.02180200
0 0.46875000 0.35973800 0.01757800 0.02180200
15 0.49511700 0.35937500 0.01953100 0.02252900
11 0.54687500 0.35864800 0.01953100 0.02252900
4 0.57226600 0.35792200 0.01953100 0.02252900
13 0.59863300 0.35719500 0.01953100 0.02252900
13 0.62548800 0.35719500 0.02050800 0.02252900
12 0.67968800 0.35646800 0.01953100 0.02252900
18 0.12255900 0.39280500 0.01855500 0.02107600
11 0.14599600 0.39316900 0.01855500 0.02034900
0 0.16943400 0.39280500 0.01855500 0.02107600
22 0.19384800 0.39280500 0.01855500 0.02107600
0 0.21728500 0.39280500 0.01855500 0.02107600
16 0.26709000 0.39207800 0.01855500 0.02107600
4 0.29248000 0.39207800 0.01855500 0.02107600
18 0.31689500 0.39207800 0.01855500 0.02107600
19 0.34228500 0.39207800 0.01855500 0.02107600
13 0.36767600 0.39207800 0.01855500 0.02107600
12 0.41699200 0.39171500 0.01953100 0.02180200
15 0.46826200 0.39135200 0.01855500 0.02252900
14 0.49365200 0.39135200 0.02050800 0.02252900
16 0.51953100 0.39062500 0.01953100 0.02252900
19 0.54541000 0.39062500 0.02050800 0.02252900
0 0.57128900 0.39026200 0.01953100 0.02180200
11 0.59765600 0.38953500 0.01953100 0.02325600
14 0.65185500 0.38917200 0.02050800 0.02252900
13 0.67919900 0.38917200 0.02050800 0.02252900
0 0.70605500 0.38880800 0.01953100 0.02325600
12 0.73437500 0.38844500 0.01953100 0.02252900
18 0.12158200 0.42369200 0.01855500 0.02180200
19 0.16845700 0.42332800 0.01855500 0.02107600
14 0.19287100 0.42332800 0.01855500 0.02107600
11 0.21630900 0.42369200 0.01855500 0.02180200
18 0.24121100 0.42369200 0.01953100 0.02180200
19 0.26562500 0.42369200 0.01953100 0.02180200
14 0.29150400 0.42369200 0.01855500 0.02180200
18 0.36669900 0.42369200 0.01855500 0.02180200
20 0.39209000 0.42369200 0.01855500 0.02180200
12 0.41699200 0.42369200 0.01953100 0.02180200
10 0.44189500 0.42369200 0.01855500 0.02180200
14 0.46728500 0.42332800 0.01855500 0.02252900
13 0.54492200 0.42260200 0.01953100 0.02252900
0 0.57128900 0.42260200 0.01953100 0.02252900
17 0.62451200 0.42187500 0.02050800 0.02252900
4 0.65136700 0.42187500 0.02148400 0.02252900
12 0.67871100 0.42187500 0.02148400 0.02252900
13 0.70556600 0.42151200 0.02050800 0.02325600
4 0.73339800 0.42114800 0.02148400 0.02252900
22 0.28955100 0.48546500 0.01855500 0.02180200
16 0.31494100 0.48619200 0.01855500 0.02180200
4 0.33984400 0.48619200 0.01953100 0.02180200
17 0.36523400 0.48655500 0.01953100 0.02252900
0 0.38964800 0.48691900 0.01953100 0.02180200
8 0.44043000 0.48691900 0.01953100 0.02180200
18 0.49218800 0.48728200 0.01953100 0.02252900
4 0.51855500 0.48728200 0.01953100 0.02252900
6 0.54443400 0.48764500 0.02050800 0.02180200
14 0.57080100 0.48764500 0.02050800 0.02180200
3 0.59668000 0.48764500 0.01953100 0.02180200
13 0.62353500 0.48764500 0.02050800 0.02180200
11 0.11865200 0.51671500 0.01855500 0.02180200
0 0.14209000 0.51671500 0.01855500 0.02180200
12 0.16552700 0.51671500 0.01855500 0.02180200
15 0.18994100 0.51671500 0.01855500 0.02180200
0 0.21435500 0.51671500 0.01855500 0.02180200
10 0.26416000 0.51671500 0.01855500 0.02180200
4 0.28955100 0.51744200 0.01855500 0.02180200
17 0.31396500 0.51744200 0.01855500 0.02180200
14 0.33935500 0.51780500 0.01855500 0.02107600
18 0.36377000 0.51816900 0.01855500 0.02180200
8 0.38964800 0.51816900 0.01953100 0.02180200
13 0.41455100 0.51816900 0.01855500 0.02180200
14 0.44043000 0.51889500 0.01953100 0.02180200
22 0.46630900 0.51889500 0.01855500 0.02180200
0 0.49218800 0.51925900 0.01953100 0.02252900
18 0.11669900 0.54651200 0.01855500 0.02180200
22 0.14013700 0.54723800 0.01855500 0.02180200
4 0.16455100 0.54723800 0.01855500 0.02180200
16 0.18896500 0.54796500 0.01855500 0.02180200
10 0.21435500 0.54796500 0.01855500 0.02180200
0 0.23877000 0.54869200 0.01855500 0.02180200
18 0.28857400 0.54941900 0.01855500 0.02180200
19 0.31396500 0.54941900 0.01855500 0.02180200
4 0.33837900 0.54941900 0.01855500 0.02180200
0 0.36328100 0.54941900 0.01953100 0.02180200
17 0.38916000 0.55014500 0.01855500 0.02180200
8 0.41455100 0.55014500 0.01855500 0.02180200
13 0.43994100 0.55087200 0.01855500 0.02180200
14 0.46582000 0.55087200 0.01953100 0.02180200
22 0.49121100 0.55087200 0.01953100 0.02180200
0 0.51757800 0.55159900 0.01953100 0.02180200
10 0.11621100 0.57776200 0.01757800 0.02180200
14 0.14013700 0.57812500 0.01855500 0.02252900
17 0.16357400 0.57848800 0.01855500 0.02180200
14 0.18750000 0.57921500 0.01757800 0.02180200
12 0.21240200 0.57921500 0.01855500 0.02180200
18 0.26220700 0.58030500 0.01855500 0.02252900
11 0.28662100 0.58066900 0.01855500 0.02180200
14 0.31201200 0.58103200 0.01855500 0.02252900
18 0.36328100 0.58139500 0.01953100 0.02180200
22 0.41406200 0.58212200 0.01953100 0.02180200
4 0.43945300 0.58248500 0.01953100 0.02252900
3 0.46484400 0.58284900 0.01953100 0.02180200
17 0.49023400 0.58321200 0.01953100 0.02252900
14 0.51660200 0.58357600 0.01953100 0.02180200
12 0.54296900 0.58430200 0.01953100 0.02180200
8 0.11474600 0.60973800 0.01855500 0.02180200
16 0.16210900 0.61046500 0.01953100 0.02180200
4 0.18701200 0.61046500 0.01855500 0.02180200
17 0.21093800 0.61119200 0.01953100 0.02180200
13 0.23632800 0.61191900 0.01953100 0.02180200
8 0.26074200 0.61191900 0.01953100 0.02180200
11 0.28613300 0.61191900 0.01953100 0.02180200
13 0.33593800 0.61264500 0.01953100 0.02180200
8 0.36181600 0.61337200 0.02050800 0.02180200
2 0.38720700 0.61373500 0.02050800 0.02252900
0 0.41210900 0.61409900 0.01953100 0.02180200
18 0.46386700 0.61518900 0.01953100 0.02252900
15 0.51611300 0.61627900 0.02050800 0.02180200
4 0.54248000 0.61736900 0.02050800 0.02252900
17 0.56884800 0.61809600 0.02050800 0.02252900
14 0.59472700 0.61809600 0.01953100 0.02252900
12 0.62158200 0.61845900 0.02050800 0.02325600
0 0.49023400 0.64861900 0.01953100 0.02252900
11 0.11035200 0.67151200 0.01953100 0.02180200
0 0.13525400 0.67260200 0.01855500 0.02252900
12 0.15966800 0.67332800 0.01855500 0.02252900
15 0.18457000 0.67405500 0.01953100 0.02252900
0 0.20898400 0.67478200 0.01953100 0.02252900
15 0.25878900 0.67623500 0.01953100 0.02252900
11 0.28320300 0.67696200 0.01953100 0.02252900
0 0.30859400 0.67696200 0.01953100 0.02252900
10 0.33398400 0.67768900 0.01953100 0.02252900
0 0.35986300 0.67841600 0.02050800 0.02252900
11 0.38476600 0.67914200 0.01953100 0.02252900
0 0.41064500 0.67950600 0.02050800 0.02325600
22 0.46240200 0.68095900 0.02050800 0.02325600
20 0.51464800 0.68277600 0.01953100 0.02252900
6 0.54101600 0.68386600 0.01953100 0.02325600
11 0.56787100 0.68459300 0.02050800 0.02325600
20 0.59423800 0.68532000 0.02050800 0.02325600
25 0.10986300 0.70348800 0.01855500 0.02180200
0 0.13378900 0.70457800 0.01953100 0.02252900
3 0.18310500 0.70603200 0.01855500 0.02252900
17 0.20800800 0.70675900 0.01953100 0.02252900
14 0.23242200 0.70748500 0.01953100 0.02252900
22 0.25732400 0.70821200 0.01855500 0.02252900
0 0.28271500 0.70893900 0.01855500 0.02252900
12 0.30761700 0.70966600 0.01953100 0.02252900
8 0.33300800 0.71039200 0.01953100 0.02252900
13 0.38427700 0.71184600 0.01855500 0.02252900
0 0.40918000 0.71184600 0.01953100 0.02252900
15 0.46142600 0.71402600 0.02050800 0.02252900
14 0.48779300 0.71511600 0.02050800 0.02325600
11 0.51416000 0.71584300 0.02050800 0.02325600
20 0.54052700 0.71729700 0.02050800 0.02325600
6 0.18115200 0.73800900 0.01855500 0.02252900
14 0.20605500 0.73873500 0.01953100 0.02252900
11 0.23046900 0.73946200 0.01953100 0.02252900
14 0.25585900 0.74018900 0.01953100 0.02252900
3 0.28125000 0.74091600 0.01953100 0.02252900
13 0.30664100 0.74164200 0.01953100 0.02252900
0 0.33154300 0.74273300 0.01855500 0.02325600
7 0.15527300 0.76925900 0.01953100 0.02252900
14 0.18017600 0.77071200 0.01855500 0.02252900
11 0.20459000 0.77143900 0.01855500 0.02252900
14 0.22851600 0.77216600 0.01953100 0.02252900
3 0.25390600 0.77325600 0.01953100 0.02325600
13 0.27929700 0.77398300 0.01953100 0.02325600
0 0.30468800 0.77507300 0.01953100 0.02252900
22 0.10449200 0.79978200 0.01953100 0.02252900
18 0.15332000 0.80196200 0.01953100 0.02252900
7 0.20312500 0.80414200 0.01953100 0.02252900
0 0.22753900 0.80523300 0.01953100 0.02325600
4 0.25244100 0.80595900 0.02050800 0.02325600
19 0.27783200 0.80741300 0.02050800 0.02325600
12 0.32959000 0.80959300 0.02050800 0.02325600
14 0.35498000 0.80995600 0.02050800 0.02398300
5 0.43310500 0.81359000 0.02050800 0.02398300
8 0.45898400 0.81431700 0.02148400 0.02398300
19 0.48584000 0.81577000 0.02050800 0.02398300
8 0.51220700 0.81649700 0.02050800 0.02398300
11 0.53906200 0.81867700 0.02148400 0.02398300
13 0.10302700 0.83139500 0.02050800 0.02325600
0 0.12646500 0.83284900 0.02050800 0.02325600
18 0.17627000 0.83539200 0.02050800 0.02252900
19 0.20166000 0.83684600 0.02050800 0.02252900
4 0.22607400 0.83793600 0.02050800 0.02325600
10 0.25195300 0.83939000 0.01953100 0.02325600
11 0.27685500 0.84011600 0.02050800 0.02325600
4 0.30224600 0.84120600 0.02050800 0.02398300
6 0.35400400 0.84375000 0.02050800 0.02325600
20 0.37988300 0.84484000 0.02148400 0.02398300
18 0.40576200 0.84629400 0.02050800 0.02398300
19 0.43115200 0.84738400 0.02246100 0.02470900
0 0.45752000 0.84920100 0.02246100 0.02398300
15 0.53808600 0.85319800 0.02148400 0.02470900
11 0.59277300 0.85574100 0.02148400 0.02398300
