23 0.03906250 0.40937500 0.07343750 0.17500000
17 0.14687500 0.39375000 0.09843750 0.17187500
0 0.05625000 0.86718750 0.07187500 0.14843750
14 0.04687500 0.64531250 0.09375000 0.18125000
8 0.15312500 0.87812500 0.09375000 0.17968750
3 0.26406250 0.85625000 0.09375000 0.18906250
6 0.24062500 0.60625000 0.09531250 0.18125000
14 0.33906250 0.35312500 0.08593750 0.16718750
5 0.44375000 0.34375000 0.08593750 0.17656250
4 0.35781250 0.58750000 0.09062500 0.18125000
18 0.46562500 0.56093750 0.08281250 0.17187500
18 0.63750000 0.31875000 0.08750000 0.14843750
4 0.57656250 0.76250000 0.08750000 0.16250000
11 0.68125000 0.74375000 0.10000000 0.17187500
11 0.65312500 0.52187500 0.10312500 0.13906250
