25 0.89266172 0.38875938 0.09026057 0.11326816
24 0.84370684 0.42187592 0.08873073 0.11614786
23 0.79666425 0.45883205 0.08949565 0.11326816
22 0.74694445 0.49530824 0.09102549 0.11518796
22 0.69569480 0.53418418 0.09408517 0.12190726
20 0.64253286 0.57258017 0.09332025 0.12190726
19 0.59166567 0.61289596 0.09102549 0.12766666
18 0.53582651 0.65033204 0.09561501 0.12766666
17 0.48189964 0.69352753 0.09790977 0.12766666
16 0.42223588 0.73192352 0.10096945 0.13534585
15 0.36563179 0.77847865 0.09637993 0.13822555
14 0.30711541 0.82071424 0.10173437 0.13822556
13 0.24553934 0.86534958 0.10555897 0.14686465
12 0.79551687 0.24909397 0.08720089 0.11038846
9 0.65744880 0.35084334 0.09255533 0.11614786
8 0.60658161 0.38683958 0.09332025 0.11518796
7 0.55456705 0.42235587 0.09026057 0.11710776
6 0.50255249 0.45739221 0.08720089 0.12190726
5 0.44709578 0.49530824 0.08949565 0.12670676
4 0.39316892 0.53370423 0.09026057 0.12478696
3 0.34115435 0.56922052 0.08720089 0.12094736
2 0.28416781 0.60953631 0.09255533 0.12478696
1 0.23291816 0.64313280 0.08643597 0.12286716
0 0.17478424 0.68104883 0.09102549 0.12766666
10 0.71291322 0.31118233 0.09248189 0.11222969
