0 0.08281250 0.19531250 0.07343750 0.16718750
17 0.16875000 0.16875000 0.08750000 0.18750000
7 0.05468750 0.65312500 0.10781250 0.20312500
0 0.15468750 0.63281250 0.09531250 0.19843750
6 0.36718750 0.13593750 0.08750000 0.17656250
15 0.27500000 0.60468750 0.11875000 0.22031250
16 0.28437500 0.89843750 0.11718750 0.20312500
14 0.46250000 0.11718750 0.08593750 0.15312500
13 0.55937500 0.10156250 0.09062500 0.16562500
19 0.42656250 0.87500000 0.11875000 0.23750000
18 0.40781250 0.56875000 0.10312500 0.20156250
4 0.51718750 0.55312500 0.10000000 0.21093750
17 0.55156250 0.82500000 0.11250000 0.24218750
18 0.66875000 0.77812500 0.09531250 0.22968750
4 0.64843750 0.10156250 0.08125000 0.15781250
16 0.62812500 0.52812500 0.10781250 0.20156250
23 0.77968750 0.74375000 0.10468750 0.21250000
