18 0.06250000 0.22500000 0.07343750 0.16562500
7 0.14687500 0.21093750 0.07812500 0.16093750
4 0.23125000 0.19531250 0.07656250 0.17187500
3 0.15312500 0.61250000 0.09375000 0.17031250
0 0.24531250 0.60156250 0.08281250 0.16093750
12 0.32656250 0.17343750 0.08281250 0.16562500
3 0.51250000 0.14062500 0.07656250 0.16718750
14 0.60000000 0.13750000 0.08125000 0.16093750
3 0.35625000 0.58593750 0.09062500 0.17187500
0 0.33437500 0.37656250 0.07812500 0.15312500
5 0.43437500 0.36718750 0.07812500 0.17031250
18 0.52812500 0.34218750 0.08750000 0.17968750
21 0.69531250 0.12968750 0.07812500 0.16562500
13 0.77812500 0.12500000 0.07343750 0.16093750
11 0.57031250 0.78437500 0.09531250 0.16562500
0 0.46406250 0.80000000 0.08593750 0.17656250
18 0.53906250 0.55468750 0.09375000 0.16718750
4 0.62187500 0.34062500 0.08593750 0.17187500
16 0.71093750 0.32500000 0.08281250 0.16718750
14 0.64375000 0.55000000 0.08750000 0.17031250
11 0.67343750 0.77500000 0.10468750 0.17968750
