4 0.17031250 0.09722222 0.03593750 0.11805556
23 0.21406250 0.09722222 0.03593750 0.12152778
19 0.25781250 0.09722222 0.03437500 0.12152778
19 0.34531250 0.09722222 0.03437500 0.11458333
12 0.08281250 0.26041667 0.04218750 0.12847222
0 0.26250000 0.42361111 0.04531250 0.13888889
0 0.60781250 0.41666667 0.04531250 0.13194444
14 0.95156250 0.40625000 0.03750000 0.12847222
10 0.45468750 0.57638889 0.04062500 0.11805556
18 0.52031250 0.57986111 0.03593750 0.12152778
22 0.82500000 0.57638889 0.03593750 0.11805556
8 0.86718750 0.57291667 0.03281250 0.11458333
3 0.95312500 0.57291667 0.03281250 0.11805556
10 0.13281250 0.74652778 0.04687500 0.12500000
0 0.30312500 0.74305556 0.04062500 0.12500000
13 0.34843750 0.74652778 0.03906250 0.13194444
14 0.43437500 0.73958333 0.03750000 0.13194444
11 0.48125000 0.73958333 0.04218750 0.13194444
3 0.52031250 0.73958333 0.03593750 0.12847222
1 0.60781250 0.73958333 0.03906250 0.14236111
0 0.65156250 0.74305556 0.03750000 0.12847222
24 0.69375000 0.73958333 0.03593750 0.13194444
14 0.73906250 0.73611111 0.03906250 0.12500000
13 0.78125000 0.73611111 0.03750000 0.12500000
4 0.82500000 0.73611111 0.03750000 0.12500000
19 0.86718750 0.73958333 0.03750000 0.12847222
19 0.95468750 0.73263889 0.03750000 0.12500000
6 0.04218750 0.91666667 0.03750000 0.13888889
17 0.08437500 0.91666667 0.03281250 0.12500000
8 0.12656250 0.91319444 0.03593750 0.12152778
12 0.17031250 0.91319444 0.03593750 0.12152778
19 0.38906250 0.90625000 0.03593750 0.12152778
11 0.78750000 0.90277778 0.04375000 0.11805556
