15 0.06250000 0.06904100 0.02148400 0.02325600
0 0.08789100 0.06904100 0.02148400 0.02325600
17 0.11230500 0.06686000 0.02148400 0.02325600
8 0.13671900 0.06468000 0.02148400 0.02325600
10 0.16113300 0.06250000 0.02148400 0.02325600
12 0.18750000 0.06032000 0.02148400 0.02325600
0 0.21337900 0.05814000 0.02050800 0.02325600
7 0.23925800 0.05704900 0.02148400 0.02252900
4 0.26562500 0.05486900 0.02148400 0.02252900
17 0.29150400 0.05268900 0.02246100 0.02252900
6 0.34521500 0.04832800 0.02246100 0.02252900
14 0.37207000 0.04614800 0.02148400 0.02252900
22 0.39941400 0.04396800 0.02148400 0.02252900
14 0.42578100 0.04178800 0.02148400 0.02252900
17 0.45312500 0.03960800 0.02148400 0.02252900
8 0.48144500 0.03815400 0.02148400 0.02252900
19 0.50878900 0.03597400 0.02148400 0.02252900
19 0.08789100 0.10138100 0.02148400 0.02252900
9 0.16113300 0.09411300 0.02148400 0.02252900
13 0.21289100 0.09084300 0.02148400 0.02325600
4 0.23925800 0.08866300 0.02148400 0.02325600
3 0.26513700 0.08684600 0.02050800 0.02252900
0 0.29199200 0.08502900 0.02148400 0.02325600
22 0.31787100 0.08284900 0.02050800 0.02325600
13 0.34472700 0.08212200 0.02148400 0.02325600
14 0.37304700 0.08066900 0.02148400 0.02325600
1 0.42627000 0.07594500 0.02246100 0.02398300
11 0.47998000 0.07158400 0.02246100 0.02398300
14 0.53906200 0.07049400 0.02148400 0.02325600
1 0.56640600 0.06758700 0.02148400 0.02325600
4 0.16113300 0.12609000 0.02148400 0.02252900
23 0.18652300 0.12500000 0.02148400 0.02325600
4 0.21191400 0.12463700 0.02148400 0.02398300
19 0.26513700 0.12100300 0.02050800 0.02398300
22 0.29199200 0.11954900 0.02148400 0.02398300
14 0.31738300 0.11736900 0.02148400 0.02398300
8 0.34570300 0.11518900 0.02148400 0.02398300
7 0.37158200 0.11373500 0.02050800 0.02398300
22 0.42724600 0.10973800 0.02246100 0.02470900
14 0.45410200 0.10792200 0.02148400 0.02398300
11 0.48242200 0.10574100 0.02148400 0.02398300
14 0.51269500 0.10537800 0.02343800 0.02470900
18 0.54199200 0.10392400 0.02343800 0.02470900
13 0.10937500 0.16133700 0.02148400 0.02325600
4 0.13476600 0.16097400 0.02148400 0.02398300
18 0.18554700 0.15806700 0.02148400 0.02398300
19 0.21142600 0.15661300 0.02050800 0.02398300
17 0.23730500 0.15516000 0.02148400 0.02398300
7 0.29101600 0.15152600 0.02148400 0.02398300
13 0.31738300 0.15043600 0.02148400 0.02470900
20 0.34423800 0.14898300 0.02246100 0.02470900
11 0.37158200 0.14752900 0.02246100 0.02470900
18 0.42675800 0.14462200 0.02148400 0.02470900
7 0.48291000 0.14171500 0.02246100 0.02470900
0 0.51074200 0.14026200 0.02148400 0.02470900
11 0.53955100 0.13953500 0.02246100 0.02470900
0 0.56982400 0.13699100 0.02246100 0.02398300
0 0.10839800 0.19440400 0.02148400 0.02252900
20 0.15966800 0.19258700 0.02050800 0.02325600
9 0.18457000 0.19113400 0.02148400 0.02325600
19 0.23828100 0.18822700 0.02148400 0.02325600
14 0.31835900 0.18459300 0.02148400 0.02325600
15 0.34521500 0.18314000 0.02246100 0.02470900
19 0.39892600 0.18023300 0.02246100 0.02470900
14 0.48339800 0.17623500 0.02343800 0.02398300
1 0.51123000 0.17514500 0.02246100 0.02470900
17 0.54052700 0.17369200 0.02246100 0.02470900
14 0.56787100 0.17296500 0.02246100 0.02470900
22 0.10693400 0.22747100 0.02050800 0.02325600
14 0.13232400 0.22638100 0.02050800 0.02398300
13 0.15771500 0.22529100 0.02050800 0.02325600
10 0.21093800 0.22311000 0.02148400 0.02325600
0 0.23730500 0.22202000 0.02148400 0.02398300
10 0.26367200 0.22093000 0.02148400 0.02470900
14 0.29199200 0.21947700 0.02148400 0.02470900
11 0.37207000 0.21620600 0.02148400 0.02398300
14 0.39892600 0.21475300 0.02246100 0.02398300
7 0.42724600 0.21366300 0.02246100 0.02470900
12 0.45459000 0.21257300 0.02246100 0.02543600
0 0.48242200 0.21111900 0.02343800 0.02543600
19 0.51171900 0.21039200 0.02343800 0.02543600
22 0.05810500 0.26380800 0.02050800 0.02325600
8 0.08252000 0.26235500 0.02050800 0.02325600
3 0.10742200 0.26090100 0.01953100 0.02325600
13 0.13232400 0.26017400 0.02050800 0.02325600
14 0.15869100 0.25872100 0.02050800 0.02325600
22 0.21093800 0.25654100 0.02148400 0.02325600
14 0.23730500 0.25617700 0.02148400 0.02398300
11 0.26367200 0.25472400 0.02148400 0.02398300
14 0.29101600 0.25399700 0.02148400 0.02398300
18 0.31738300 0.25254400 0.02148400 0.02398300
17 0.39843800 0.24891000 0.02148400 0.02398300
0 0.42627000 0.24782000 0.02246100 0.02470900
18 0.45459000 0.24709300 0.02246100 0.02470900
19 0.48291000 0.24564000 0.02246100 0.02470900
20 0.51220700 0.24491300 0.02246100 0.02470900
19 0.54003900 0.24418600 0.02148400 0.02470900
20 0.05908200 0.29651200 0.02050800 0.02325600
19 0.10742200 0.29433100 0.02148400 0.02325600
4 0.13232400 0.29360500 0.02050800 0.02325600
1 0.15820300 0.29251500 0.02148400 0.02252900
25 0.23730500 0.28960800 0.02148400 0.02398300
0 0.26269500 0.28888100 0.02148400 0.02398300
15 0.31738300 0.28670100 0.02148400 0.02398300
19 0.37158200 0.28452000 0.02050800 0.02398300
12 0.45556600 0.28197700 0.02246100 0.02470900
8 0.48388700 0.28125000 0.02246100 0.02470900
13 0.51123000 0.28052300 0.02246100 0.02470900
20 0.54052700 0.27979700 0.02246100 0.02470900
19 0.56982400 0.27870600 0.02246100 0.02543600
15 0.10644500 0.32739800 0.02148400 0.02398300
0 0.13085900 0.32667200 0.02148400 0.02398300
17 0.15771500 0.32594500 0.02050800 0.02398300
8 0.18359400 0.32485500 0.02148400 0.02470900
10 0.20996100 0.32412800 0.02148400 0.02470900
12 0.23632800 0.32303800 0.02148400 0.02398300
0 0.26269500 0.32231100 0.02148400 0.02398300
7 0.29052700 0.32194800 0.02246100 0.02470900
4 0.31640600 0.32122100 0.02148400 0.02470900
17 0.34375000 0.32049400 0.02148400 0.02470900
18 0.37158200 0.31976700 0.02246100 0.02470900
10 0.39990200 0.31867700 0.02246100 0.02398300
8 0.42724600 0.31831400 0.02246100 0.02470900
7 0.45507800 0.31758700 0.02148400 0.02470900
3 0.51220700 0.31540700 0.02246100 0.02470900
11 0.54052700 0.31468000 0.02246100 0.02470900
22 0.62890600 0.31213700 0.02148400 0.02543600
0 0.65771500 0.31213700 0.02441400 0.02543600
18 0.68750000 0.31141000 0.02343800 0.02543600
7 0.10693400 0.36119200 0.02050800 0.02325600
22 0.13183600 0.36046500 0.02148400 0.02325600
0 0.15673800 0.35973800 0.02050800 0.02325600
19 0.18359400 0.35864800 0.02148400 0.02398300
8 0.20947300 0.35792200 0.02050800 0.02398300
19 0.23584000 0.35792200 0.02050800 0.02398300
11 0.28955100 0.35646800 0.02050800 0.02398300
8 0.31640600 0.35574100 0.02148400 0.02398300
13 0.37207000 0.35428800 0.02148400 0.02398300
0 0.39941400 0.35356100 0.02148400 0.02398300
18 0.45507800 0.35247100 0.02148400 0.02470900
22 0.48388700 0.35174400 0.02246100 0.02470900
4 0.51220700 0.35101700 0.02246100 0.02470900
19 0.54150400 0.35101700 0.02246100 0.02470900
4 0.56982400 0.35029100 0.02246100 0.02470900
4 0.10595700 0.39389500 0.02050800 0.02325600
18 0.13134800 0.39353200 0.02050800 0.02398300
11 0.15625000 0.39353200 0.02148400 0.02398300
8 0.18310500 0.39316900 0.02050800 0.02470900
22 0.23584000 0.39171500 0.02050800 0.02470900
16 0.28955100 0.39062500 0.02050800 0.02398300
0 0.31640600 0.38989800 0.02148400 0.02398300
18 0.34375000 0.38917200 0.02148400 0.02398300
15 0.39941400 0.38771800 0.02148400 0.02398300
14 0.42773400 0.38735500 0.02148400 0.02470900
3 0.48486300 0.38735500 0.02246100 0.02470900
4 0.51318400 0.38590100 0.02246100 0.02470900
18 0.54150400 0.38590100 0.02246100 0.02470900
19 0.59960900 0.38517400 0.02343800 0.02470900
17 0.68847700 0.38335800 0.02343800 0.02543600
0 0.71875000 0.38299400 0.02343800 0.02470900
25 0.74853500 0.38299400 0.02246100 0.02470900
18 0.10546900 0.42768900 0.02148400 0.02398300
19 0.13037100 0.42696200 0.02050800 0.02398300
17 0.15625000 0.42696200 0.02148400 0.02398300
8 0.18212900 0.42623500 0.02050800 0.02398300
16 0.20800800 0.42623500 0.02148400 0.02398300
18 0.26171900 0.42550900 0.02148400 0.02398300
1 0.34375000 0.42478200 0.02148400 0.02398300
20 0.37158200 0.42369200 0.02246100 0.02470900
3 0.39941400 0.42369200 0.02148400 0.02470900
20 0.42724600 0.42296500 0.02246100 0.02470900
19 0.45507800 0.42296500 0.02148400 0.02470900
3 0.51269500 0.42223800 0.02148400 0.02470900
4 0.54150400 0.42114800 0.02246100 0.02543600
19 0.56982400 0.42078500 0.02246100 0.02470900
8 0.59912100 0.42078500 0.02246100 0.02470900
22 0.05615200 0.49454900 0.02050800 0.02398300
14 0.08007800 0.49527600 0.02148400 0.02398300
19 0.10498000 0.49527600 0.02050800 0.02398300
14 0.15576200 0.49454900 0.02050800 0.02398300
3 0.18164100 0.49454900 0.02148400 0.02398300
13 0.20800800 0.49454900 0.02148400 0.02398300
0 0.23486300 0.49454900 0.02050800 0.02398300
9 0.26220700 0.49418600 0.02050800 0.02470900
3 0.28906200 0.49418600 0.02148400 0.02470900
10 0.37207000 0.49345900 0.02148400 0.02470900
13 0.42724600 0.49345900 0.02246100 0.02470900
8 0.45605500 0.49273300 0.02148400 0.02470900
12 0.48388700 0.49309600 0.02246100 0.02543600
22 0.54150400 0.49273300 0.02246100 0.02470900
14 0.56982400 0.49273300 0.02246100 0.02470900
3 0.62988300 0.49236900 0.02343800 0.02543600
22 0.65918000 0.49236900 0.02343800 0.02543600
14 0.68847700 0.49200600 0.02343800 0.02470900
17 0.71972700 0.49164200 0.02343800 0.02543600
15 0.05517600 0.52798000 0.02050800 0.02398300
4 0.07959000 0.52834300 0.02050800 0.02325600
17 0.10449200 0.52870600 0.02148400 0.02398300
4 0.12939500 0.52870600 0.02050800 0.02398300
11 0.15527300 0.52870600 0.02148400 0.02398300
4 0.18164100 0.52870600 0.02148400 0.02398300
25 0.20800800 0.52870600 0.02148400 0.02398300
16 0.26171900 0.52870600 0.02148400 0.02543600
4 0.28906200 0.52870600 0.02148400 0.02543600
17 0.31640600 0.52870600 0.02148400 0.02543600
4 0.34375000 0.52834300 0.02148400 0.02470900
25 0.37207000 0.52834300 0.02148400 0.02470900
25 0.42773400 0.52834300 0.02148400 0.02470900
0 0.45556600 0.52834300 0.02246100 0.02470900
1 0.48388700 0.52834300 0.02246100 0.02470900
14 0.51269500 0.52798000 0.02148400 0.02543600
17 0.54150400 0.52798000 0.02246100 0.02543600
14 0.05468800 0.56250000 0.01953100 0.02325600
25 0.07910200 0.56250000 0.01953100 0.02325600
14 0.10400400 0.56250000 0.02050800 0.02325600
17 0.12939500 0.56250000 0.02050800 0.02325600
13 0.15478500 0.56286300 0.02050800 0.02398300
14 0.18017600 0.56286300 0.02050800 0.02398300
12 0.26123000 0.56286300 0.02050800 0.02398300
0 0.28759800 0.56322700 0.02050800 0.02470900
11 0.31494100 0.56322700 0.02050800 0.02470900
16 0.37109400 0.56395300 0.02148400 0.02470900
8 0.39843800 0.56322700 0.02148400 0.02470900
10 0.45556600 0.56322700 0.02246100 0.02470900
0 0.48437500 0.56322700 0.02148400 0.02470900
15 0.05371100 0.59484000 0.01953100 0.02398300
4 0.07861300 0.59556700 0.02050800 0.02398300
17 0.10400400 0.59629400 0.02050800 0.02398300
4 0.12890600 0.59702000 0.02148400 0.02398300
15 0.15527300 0.59702000 0.02148400 0.02398300
4 0.18017600 0.59738400 0.02050800 0.02470900
11 0.20703100 0.59738400 0.02148400 0.02470900
10 0.23339800 0.59811000 0.02148400 0.02470900
8 0.26074200 0.59811000 0.02148400 0.02470900
13 0.28710900 0.59847400 0.02148400 0.02398300
6 0.34277300 0.59847400 0.02148400 0.02543600
17 0.37060500 0.59847400 0.02246100 0.02543600
8 0.39794900 0.59920100 0.02246100 0.02543600
10 0.45459000 0.59920100 0.02246100 0.02543600
0 0.48388700 0.59992700 0.02246100 0.02543600
6 0.10400400 0.63008700 0.02050800 0.02470900
17 0.12890600 0.63045100 0.02148400 0.02398300
8 0.15429700 0.63117700 0.02148400 0.02398300
10 0.20605500 0.63263100 0.02148400 0.02398300
0 0.23339800 0.63335800 0.02148400 0.02398300
15 0.31445300 0.63372100 0.02148400 0.02470900
0 0.34228500 0.63408400 0.02246100 0.02543600
17 0.37011700 0.63408400 0.02148400 0.02543600
4 0.39794900 0.63481100 0.02246100 0.02543600
13 0.42627000 0.63553800 0.02246100 0.02543600
11 0.51318400 0.63626500 0.02246100 0.02543600
4 0.54199200 0.63699100 0.02343800 0.02689000
19 0.57080100 0.63735500 0.02441400 0.02616300
22 0.63085900 0.63808100 0.02343800 0.02616300
14 0.66064500 0.63844500 0.02441400 0.02689000
18 0.69043000 0.63917200 0.02343800 0.02689000
12 0.75195300 0.63953500 0.02343800 0.02616300
8 0.78173800 0.63989800 0.02441400 0.02689000
19 0.12890600 0.66497100 0.02148400 0.02470900
0 0.15380900 0.66569800 0.02050800 0.02470900
10 0.18017600 0.66642400 0.02050800 0.02470900
8 0.20654300 0.66751500 0.02050800 0.02398300
22 0.28662100 0.66896800 0.02246100 0.02543600
4 0.31396500 0.66969500 0.02246100 0.02543600
17 0.34228500 0.67005800 0.02246100 0.02616300
25 0.36962900 0.67042200 0.02246100 0.02543600
8 0.39697300 0.67114800 0.02246100 0.02543600
11 0.42578100 0.67187500 0.02148400 0.02543600
0 0.45410200 0.67223800 0.02343800 0.02616300
0 0.10351600 0.69876500 0.02148400 0.02398300
15 0.15380900 0.70021800 0.02050800 0.02398300
17 0.17968800 0.70094500 0.02148400 0.02543600
4 0.20605500 0.70167200 0.02148400 0.02543600
3 0.23242200 0.70276200 0.02148400 0.02470900
12 0.28662100 0.70421500 0.02246100 0.02470900
11 0.31347700 0.70494200 0.02148400 0.02470900
0 0.34130900 0.70566900 0.02246100 0.02470900
3 0.36914100 0.70675900 0.02343800 0.02543600
8 0.42529300 0.70821200 0.02246100 0.02543600
12 0.45410200 0.70857600 0.02343800 0.02470900
8 0.48242200 0.70930200 0.02343800 0.02470900
3 0.54101600 0.71075600 0.02343800 0.02616300
4 0.57128900 0.71148300 0.02343800 0.02616300
19 0.60107400 0.71220900 0.02441400 0.02616300
12 0.66064500 0.71366300 0.02441400 0.02616300
8 0.69189500 0.71366300 0.02441400 0.02616300
7 0.10351600 0.73219500 0.02148400 0.02398300
22 0.12890600 0.73328500 0.02148400 0.02470900
0 0.15380900 0.73401200 0.02050800 0.02470900
18 0.18017600 0.73546500 0.02050800 0.02470900
19 0.20556600 0.73619200 0.02050800 0.02470900
0 0.23291000 0.73728200 0.02050800 0.02398300
4 0.25927700 0.73873500 0.02246100 0.02543600
19 0.28613300 0.73946200 0.02148400 0.02543600
18 0.31347700 0.74055200 0.02148400 0.02470900
18 0.39697300 0.74382300 0.02246100 0.02543600
8 0.42480500 0.74382300 0.02148400 0.02543600
11 0.45410200 0.74527600 0.02343800 0.02543600
14 0.48291000 0.74600300 0.02246100 0.02543600
6 0.05419900 0.76417200 0.02050800 0.02398300
14 0.07861300 0.76562500 0.02050800 0.02398300
22 0.10400400 0.76707800 0.02050800 0.02398300
14 0.12841800 0.76780500 0.02050800 0.02398300
17 0.15380900 0.76925900 0.02050800 0.02398300
8 0.17919900 0.77034900 0.02050800 0.02470900
19 0.20556600 0.77143900 0.02050800 0.02398300
14 0.25976600 0.77361900 0.02148400 0.02543600
13 0.28613300 0.77507300 0.02148400 0.02543600
12 0.48291000 0.78343000 0.02246100 0.02616300
0 0.51220700 0.78415700 0.02246100 0.02616300
11 0.54150400 0.78488400 0.02246100 0.02616300
10 0.60156200 0.78706400 0.02343800 0.02616300
8 0.66210900 0.78851700 0.02343800 0.02616300
15 0.05322300 0.79869200 0.02050800 0.02325600
14 0.07812500 0.79905500 0.02148400 0.02398300
1 0.10302700 0.80050900 0.02050800 0.02398300
4 0.12890600 0.80232600 0.02148400 0.02470900
9 0.15380900 0.80414200 0.02050800 0.02398300
8 0.17919900 0.80559600 0.02050800 0.02398300
12 0.20556600 0.80668600 0.02050800 0.02470900
22 0.25927700 0.80959300 0.02050800 0.02470900
15 0.28515600 0.81104700 0.02148400 0.02470900
4 0.31298800 0.81213700 0.02050800 0.02398300
17 0.33984400 0.81359000 0.02148400 0.02543600
4 0.36962900 0.81504400 0.02246100 0.02543600
6 0.39697300 0.81649700 0.02246100 0.02543600
14 0.42431600 0.81758700 0.02246100 0.02616300
13 0.45410200 0.81904100 0.02343800 0.02616300
10 0.48193400 0.81976700 0.02246100 0.02616300
8 0.54150400 0.82267400 0.02246100 0.02616300
14 0.10351600 0.83502900 0.02148400 0.02470900
1 0.12890600 0.83648300 0.02148400 0.02470900
22 0.20703100 0.84157000 0.02148400 0.02470900
11 0.23339800 0.84302300 0.02148400 0.02470900
11 0.34082000 0.84956400 0.02343800 0.02616300
4 0.36865200 0.85101700 0.02246100 0.02616300
19 0.39697300 0.85247100 0.02246100 0.02616300
13 0.42529300 0.85428800 0.02441400 0.02689000
8 0.45410200 0.85574100 0.02343800 0.02689000
10 0.54101600 0.86010200 0.02343800 0.02689000
17 0.57177700 0.86119200 0.02441400 0.02616300
14 0.60205100 0.86264500 0.02441400 0.02761600
18 0.63183600 0.86373500 0.02343800 0.02689000
18 0.66064500 0.86446200 0.02441400 0.02834300
14 0.10253900 0.86773300 0.02148400 0.02325600
19 0.12841800 0.86991300 0.02050800 0.02325600
10 0.17968800 0.87427300 0.02148400 0.02325600
17 0.20605500 0.87645300 0.02148400 0.02470900
11 0.25878900 0.87972400 0.02148400 0.02398300
2 0.31250000 0.88299400 0.02343800 0.02616300
0 0.33886700 0.88444800 0.02343800 0.02616300
10 0.39453100 0.88808100 0.02343800 0.02616300
18 0.45214800 0.89207800 0.02343800 0.02689000
0 0.48144500 0.89389500 0.02343800 0.02616300
17 0.51171900 0.89534900 0.02539100 0.02761600
0 0.54052700 0.89716600 0.02441400 0.02689000
17 0.59570300 0.06722400 0.02148400 0.02252900
8 0.62597700 0.06577000 0.02148400 0.02252900
19 0.65429700 0.06577000 0.02148400 0.02252900
19 0.59765600 0.13699100 0.02148400 0.02252900
0 0.62646500 0.13699100 0.02246100 0.02398300
18 0.59765600 0.17296500 0.02343800 0.02470900
