3 0.45703100 0.11155500 0.02343800 0.02543600
22 0.48535200 0.11373500 0.02343800 0.02543600
14 0.51464800 0.11591600 0.02343800 0.02543600
17 0.54248000 0.11809600 0.02441400 0.02543600
0 0.57128900 0.12027600 0.02343800 0.02543600
10 0.15673800 0.14389500 0.02441400 0.02616300
17 0.18652300 0.14353200 0.02539100 0.02689000
4 0.21630900 0.14353200 0.02441400 0.02689000
15 0.24609400 0.14389500 0.02539100 0.02616300
13 0.27587900 0.14353200 0.02441400 0.02689000
20 0.30566400 0.14280500 0.02539100 0.02689000
19 0.33593800 0.14534900 0.02539100 0.02616300
22 0.39697300 0.14680200 0.02441400 0.02616300
0 0.42627000 0.14825600 0.02441400 0.02616300
8 0.48486300 0.15043600 0.02441400 0.02616300
10 0.54248000 0.15479700 0.02441400 0.02616300
17 0.57031200 0.15552300 0.02343800 0.02616300
11 0.62793000 0.15806700 0.02343800 0.02543600
3 0.24511700 0.17877900 0.02539100 0.02616300
4 0.27539100 0.17950600 0.02539100 0.02616300
19 0.30517600 0.17986900 0.02441400 0.02689000
18 0.33398400 0.18023300 0.02539100 0.02616300
10 0.36523400 0.18095900 0.02539100 0.02616300
0 0.39550800 0.18241300 0.02343800 0.02616300
8 0.48339800 0.18641000 0.02343800 0.02543600
6 0.51269500 0.18713700 0.02343800 0.02543600
17 0.54199200 0.18859000 0.02343800 0.02543600
0 0.57031200 0.18931700 0.02343800 0.02543600
22 0.10205100 0.18277600 0.02441400 0.02543600
0 0.12988300 0.18204900 0.02343800 0.02543600
0 0.18554700 0.18204900 0.02343800 0.02543600
25 0.15576200 0.21657000 0.02441400 0.02616300
0 0.18457000 0.21511600 0.02539100 0.02616300
22 0.21386700 0.21511600 0.02539100 0.02616300
19 0.24365200 0.21548000 0.02441400 0.02689000
17 0.27343800 0.21584300 0.02539100 0.02616300
0 0.30322300 0.21620600 0.02441400 0.02689000
18 0.36328100 0.21729700 0.02539100 0.02616300
19 0.39550800 0.21802300 0.02539100 0.02616300
0 0.42480500 0.21875000 0.02539100 0.02616300
13 0.45410200 0.21984000 0.02343800 0.02543600
4 0.48242200 0.22165700 0.02343800 0.02470900
19 0.51171900 0.22274700 0.02343800 0.02543600
1 0.56933600 0.22529100 0.02343800 0.02470900
11 0.62597700 0.22819800 0.02343800 0.02470900
22 0.10058600 0.28851700 0.02343800 0.02616300
6 0.18261700 0.28815400 0.02343800 0.02543600
14 0.21191400 0.28779100 0.02343800 0.02616300
19 0.24218800 0.28779100 0.02343800 0.02616300
14 0.27246100 0.28742700 0.02539100 0.02689000
22 0.30322300 0.28779100 0.02441400 0.02616300
8 0.33349600 0.28851700 0.02441400 0.02616300
19 0.36279300 0.28997100 0.02441400 0.02616300
4 0.39306600 0.29069800 0.02441400 0.02616300
18 0.42431600 0.29178800 0.02441400 0.02689000
22 0.51074200 0.29505800 0.02343800 0.02616300
8 0.56884800 0.29723800 0.02441400 0.02616300
6 0.59668000 0.29796500 0.02343800 0.02616300
17 0.62451200 0.29832800 0.02246100 0.02543600
4 0.65185500 0.29905500 0.02246100 0.02543600
18 0.15429700 0.32485500 0.02343800 0.02616300
19 0.18164100 0.32412800 0.02343800 0.02616300
17 0.21142600 0.32485500 0.02441400 0.02616300
14 0.24169900 0.32521800 0.02441400 0.02689000
8 0.27148400 0.32521800 0.02539100 0.02689000
19 0.30273400 0.32558100 0.02343800 0.02616300
3 0.39355500 0.32776200 0.02343800 0.02616300
13 0.42285200 0.32848800 0.02343800 0.02616300
4 0.45214800 0.32921500 0.02343800 0.02616300
15 0.48095700 0.33030500 0.02246100 0.02543600
17 0.51025400 0.33103200 0.02246100 0.02543600
14 0.54003900 0.33175900 0.02343800 0.02543600
18 0.56689500 0.33248500 0.02246100 0.02543600
19 0.59570300 0.33357600 0.02148400 0.02470900
17 0.62402300 0.33430200 0.02148400 0.02470900
14 0.65136700 0.33539200 0.02148400 0.02543600
8 0.67968800 0.33611900 0.02148400 0.02543600
22 0.09960900 0.36191900 0.02343800 0.02616300
17 0.18164100 0.36119200 0.02343800 0.02616300
0 0.21191400 0.36119200 0.02343800 0.02616300
18 0.24121100 0.36191900 0.02343800 0.02616300
19 0.27148400 0.36191900 0.02343800 0.02616300
4 0.30175800 0.36228200 0.02343800 0.02543600
19 0.33203100 0.36300900 0.02343800 0.02543600
4 0.36230500 0.36373500 0.02343800 0.02543600
13 0.42187500 0.36482600 0.02343800 0.02616300
0 0.45166000 0.36518900 0.02246100 0.02543600
3 0.51025400 0.36700600 0.02246100 0.02616300
22 0.53857400 0.36773300 0.02246100 0.02616300
14 0.56689500 0.36845900 0.02246100 0.02616300
17 0.59521500 0.36954900 0.02246100 0.02543600
4 0.62255900 0.36918600 0.02246100 0.02470900
6 0.15332000 0.39752900 0.02343800 0.02616300
3 0.18164100 0.39789200 0.02343800 0.02543600
4 0.20996100 0.39825600 0.02343800 0.02616300
9 0.27148400 0.39898300 0.02343800 0.02616300
8 0.30175800 0.39898300 0.02343800 0.02616300
22 0.33203100 0.39970900 0.02343800 0.02616300
20 0.36181600 0.40007300 0.02246100 0.02543600
19 0.39160200 0.40079900 0.02343800 0.02543600
6 0.45117200 0.40152600 0.02343800 0.02543600
4 0.48095700 0.40225300 0.02246100 0.02543600
17 0.50927700 0.40298000 0.02246100 0.02543600
14 0.53759800 0.40370600 0.02246100 0.02543600
8 0.56591800 0.40443300 0.02246100 0.02543600
22 0.09668000 0.47165700 0.02343800 0.02616300
13 0.15185500 0.47165700 0.02246100 0.02616300
0 0.18017600 0.47165700 0.02246100 0.02616300
4 0.23974600 0.47202000 0.02246100 0.02543600
12 0.26904300 0.47238400 0.02246100 0.02616300
3 0.33105500 0.47238400 0.02343800 0.02616300
14 0.36084000 0.47311000 0.02441400 0.02616300
12 0.39111300 0.47347400 0.02246100 0.02543600
4 0.42041000 0.47383700 0.02246100 0.02470900
18 0.47900400 0.47456400 0.02246100 0.02470900
3 0.53759800 0.47492700 0.02246100 0.02543600
0 0.56591800 0.47529100 0.02246100 0.02470900
22 0.59423800 0.47529100 0.02246100 0.02470900
13 0.62158200 0.47565400 0.02246100 0.02543600
8 0.64990200 0.47601700 0.02246100 0.02470900
7 0.67773400 0.47601700 0.02148400 0.02470900
15 0.73291000 0.47674400 0.02246100 0.02470900
14 0.76025400 0.47674400 0.02246100 0.02470900
17 0.78710900 0.47747100 0.02148400 0.02470900
16 0.15087900 0.50872100 0.02246100 0.02616300
10 0.17919900 0.50872100 0.02246100 0.02616300
0 0.20849600 0.50872100 0.02246100 0.02616300
11 0.23779300 0.50872100 0.02246100 0.02616300
14 0.26904300 0.50872100 0.02246100 0.02616300
22 0.29980500 0.50981100 0.02343800 0.02543600
9 0.36035200 0.50981100 0.02343800 0.02543600
8 0.39013700 0.50981100 0.02246100 0.02543600
11 0.41992200 0.51017400 0.02343800 0.02616300
22 0.47900400 0.51017400 0.02246100 0.02616300
0 0.50830100 0.51053800 0.02246100 0.02543600
11 0.53662100 0.51090100 0.02246100 0.02470900
4 0.56543000 0.51090100 0.02148400 0.02470900
17 0.59375000 0.51090100 0.02148400 0.02470900
8 0.62207000 0.51090100 0.02148400 0.02470900
22 0.09668000 0.54469500 0.02148400 0.02543600
7 0.14990200 0.54542200 0.02246100 0.02543600
14 0.17871100 0.54578500 0.02148400 0.02616300
3 0.20800800 0.54651200 0.02343800 0.02616300
8 0.23779300 0.54651200 0.02246100 0.02616300
11 0.26855500 0.54651200 0.02343800 0.02616300
14 0.32959000 0.54651200 0.02246100 0.02616300
13 0.35937500 0.54687500 0.02343800 0.02543600
10 0.41943400 0.54687500 0.02246100 0.02543600
13 0.47900400 0.54687500 0.02246100 0.02543600
0 0.50732400 0.54614800 0.02246100 0.02543600
12 0.53662100 0.54651200 0.02246100 0.02470900
22 0.59423800 0.54651200 0.02246100 0.02470900
14 0.62158200 0.54651200 0.02246100 0.02470900
3 0.67822300 0.54651200 0.02246100 0.02470900
22 0.70556600 0.54651200 0.02246100 0.02470900
14 0.73291000 0.54651200 0.02246100 0.02470900
17 0.76025400 0.54651200 0.02246100 0.02470900
22 0.14892600 0.58212200 0.02246100 0.02616300
14 0.17773400 0.58321200 0.02343800 0.02543600
19 0.20703100 0.58357600 0.02343800 0.02616300
8 0.26855500 0.58357600 0.02343800 0.02616300
25 0.29882800 0.58321200 0.02343800 0.02543600
19 0.38867200 0.58321200 0.02343800 0.02543600
14 0.41992200 0.58284900 0.02343800 0.02616300
3 0.50781200 0.58248500 0.02343800 0.02543600
22 0.53613300 0.58248500 0.02343800 0.02543600
4 0.56591800 0.58248500 0.02246100 0.02543600
17 0.59326200 0.58248500 0.02246100 0.02543600
8 0.62158200 0.58248500 0.02246100 0.02543600
15 0.09326200 0.65443300 0.02246100 0.02689000
14 0.11962900 0.65516000 0.02246100 0.02689000
6 0.14746100 0.65625000 0.02343800 0.02616300
11 0.17627000 0.65734000 0.02246100 0.02689000
3 0.23632800 0.65843000 0.02343800 0.02616300
4 0.26611300 0.65806700 0.02441400 0.02689000
22 0.29638700 0.65806700 0.02441400 0.02689000
13 0.35791000 0.65770300 0.02441400 0.02616300
0 0.38867200 0.65770300 0.02343800 0.02616300
13 0.44726600 0.65661300 0.02343800 0.02543600
4 0.47753900 0.65625000 0.02343800 0.02616300
1 0.50634800 0.65588700 0.02246100 0.02543600
14 0.53564500 0.65552300 0.02246100 0.02470900
18 0.56396500 0.65479700 0.02246100 0.02470900
22 0.59277300 0.65443300 0.02343800 0.02543600
14 0.62158200 0.65370600 0.02246100 0.02543600
3 0.64941400 0.65334300 0.02343800 0.02470900
15 0.14550800 0.69404100 0.02343800 0.02616300
14 0.17480500 0.69476700 0.02343800 0.02616300
3 0.20507800 0.69549400 0.02343800 0.02616300
25 0.23584000 0.69622100 0.02441400 0.02616300
22 0.29541000 0.69549400 0.02441400 0.02616300
0 0.32714800 0.69513100 0.02343800 0.02689000
11 0.35742200 0.69476700 0.02343800 0.02616300
14 0.41796900 0.69404100 0.02343800 0.02616300
13 0.44726600 0.69331400 0.02343800 0.02616300
18 0.50683600 0.69186000 0.02343800 0.02616300
13 0.56396500 0.69077000 0.02246100 0.02689000
0 0.59228500 0.69040700 0.02246100 0.02616300
8 0.09082000 0.73037800 0.02343800 0.02616300
0 0.17382800 0.73219500 0.02343800 0.02689000
6 0.20410200 0.73292200 0.02343800 0.02689000
0 0.23437500 0.73364800 0.02343800 0.02689000
11 0.26464800 0.73437500 0.02343800 0.02689000
18 0.32666000 0.73255800 0.02441400 0.02616300
13 0.38818400 0.73146800 0.02441400 0.02689000
8 0.41748000 0.73110500 0.02246100 0.02616300
12 0.44726600 0.73037800 0.02343800 0.02616300
3 0.50683600 0.72928800 0.02343800 0.02543600
14 0.53564500 0.72856100 0.02246100 0.02543600
22 0.59326200 0.72674400 0.02246100 0.02470900
14 0.62158200 0.72565400 0.02246100 0.02543600
17 0.64941400 0.72492700 0.02343800 0.02543600
14 0.67627000 0.72383700 0.02246100 0.02470900
19 0.70459000 0.72274700 0.02246100 0.02543600
6 0.14453100 0.76998500 0.02539100 0.02689000
3 0.17285200 0.76998500 0.02539100 0.02689000
4 0.20263700 0.77034900 0.02441400 0.02616300
9 0.26416000 0.77071200 0.02441400 0.02689000
3 0.29541000 0.77071200 0.02441400 0.02689000
0 0.32568400 0.77071200 0.02441400 0.02689000
11 0.35693400 0.76998500 0.02441400 0.02689000
0 0.38720700 0.76962200 0.02441400 0.02616300
12 0.44726600 0.76816900 0.02343800 0.02616300
0 0.47656200 0.76707800 0.02343800 0.02543600
8 0.53515600 0.76489800 0.02343800 0.02543600
13 0.56347700 0.76380800 0.02343800 0.02616300
0 0.59277300 0.76271800 0.02343800 0.02543600
3 0.08886700 0.84048000 0.02343800 0.02689000
14 0.11572300 0.84411300 0.02441400 0.02689000
11 0.14355500 0.84556700 0.02539100 0.02689000
6 0.17236300 0.84593000 0.02441400 0.02616300
14 0.20263700 0.84629400 0.02441400 0.02689000
1 0.26318400 0.84702000 0.02441400 0.02689000
20 0.29492200 0.84774700 0.02539100 0.02689000
3 0.32421900 0.84629400 0.02539100 0.02689000
4 0.35595700 0.84520300 0.02441400 0.02616300
19 0.38525400 0.84411300 0.02441400 0.02689000
19 0.47607400 0.83975300 0.02441400 0.02689000
0 0.50390600 0.83939000 0.02343800 0.02616300
3 0.56347700 0.83648300 0.02343800 0.02616300
22 0.59277300 0.83502900 0.02343800 0.02616300
4 0.62109400 0.83357600 0.02343800 0.02616300
17 0.64843800 0.83212200 0.02343800 0.02616300
6 0.14160200 0.88226700 0.02343800 0.02616300
14 0.17138700 0.88481100 0.02441400 0.02689000
17 0.20117200 0.88626500 0.02343800 0.02689000
3 0.23144500 0.88590100 0.02343800 0.02616300
14 0.26318400 0.88626500 0.02441400 0.02689000
18 0.29345700 0.88553800 0.02441400 0.02689000
19 0.32373000 0.88408400 0.02441400 0.02689000
10 0.44580100 0.87972400 0.02441400 0.02689000
22 0.47558600 0.87681700 0.02343800 0.02543600
0 0.50390600 0.87536300 0.02343800 0.02543600
17 0.53320300 0.87391000 0.02343800 0.02543600
19 0.56250000 0.87245600 0.02343800 0.02543600
0 0.59179700 0.87100300 0.02343800 0.02543600
11 0.62011700 0.86991300 0.02343800 0.02470900
0 0.64892600 0.86882300 0.02246100 0.02543600
13 0.08789100 0.91497100 0.02343800 0.02616300
0 0.11328100 0.91642400 0.02343800 0.02616300
0 0.16992200 0.92005800 0.02343800 0.02616300
20 0.23046900 0.92369200 0.02343800 0.02616300
11 0.26220700 0.92296500 0.02441400 0.02616300
8 0.29345700 0.92369200 0.02441400 0.02616300
2 0.32470700 0.92223800 0.02441400 0.02616300
0 0.35546900 0.92078500 0.02343800 0.02616300
19 0.41601600 0.91678800 0.02343800 0.02543600
4 0.44531200 0.91497100 0.02343800 0.02616300
15 0.47509800 0.91351700 0.02441400 0.02616300
4 0.50390600 0.91206400 0.02343800 0.02616300
17 0.53320300 0.91024700 0.02343800 0.02543600
16 0.14111300 0.95748500 0.02441400 0.02689000
10 0.16943400 0.95857600 0.02441400 0.02616300
0 0.19921900 0.95966600 0.02539100 0.02689000
11 0.22998000 0.96075600 0.02441400 0.02616300
14 0.26123000 0.96184600 0.02441400 0.02689000
22 0.29296900 0.96293600 0.02539100 0.02616300
18 0.32373000 0.95930200 0.02441400 0.02616300
10 0.35400400 0.95748500 0.02441400 0.02543600
14 0.38623000 0.95566900 0.02441400 0.02616300
18 0.47509800 0.95021800 0.02441400 0.02543600
19 0.50439500 0.94803800 0.02441400 0.02543600
0 0.53418000 0.94658400 0.02343800 0.02543600
11 0.56298800 0.94440400 0.02441400 0.02543600
0 0.59082000 0.94295100 0.02343800 0.02543600
8 0.15869100 0.07303800 0.02441400 0.02543600
0 0.87500000 0.10138100 0.02343800 0.02543600
0 0.90087900 0.10283400 0.02246100 0.02543600
2 0.92675800 0.10465100 0.02343800 0.02616300
3 0.10253900 0.11010200 0.02148400 0.02398300
4 0.13037100 0.10901200 0.02441400 0.02470900
19 0.15918000 0.10901200 0.02539100 0.02616300
8 0.18554700 0.10828500 0.02539100 0.02470900
13 0.24414100 0.10755800 0.02539100 0.02470900
0 0.27636700 0.10683100 0.02539100 0.02470900
4 0.33789100 0.10755800 0.02539100 0.02470900
6 0.36572300 0.10973800 0.02441400 0.02470900
14 0.39550800 0.11119200 0.02539100 0.02470900
