8 0.83642600 0.04796500 0.02050800 0.02325600
13 0.14502000 0.07521800 0.02050800 0.02252900
4 0.17138700 0.07521800 0.02050800 0.02252900
20 0.19824200 0.07449100 0.02148400 0.02252900
9 0.22509800 0.07449100 0.02050800 0.02252900
4 0.25195300 0.07449100 0.02148400 0.02252900
11 0.27832000 0.07376500 0.02148400 0.02252900
8 0.30566400 0.07376500 0.02148400 0.02252900
22 0.11572300 0.13917200 0.02050800 0.02252900
18 0.16992200 0.13917200 0.02148400 0.02252900
0 0.19677700 0.13917200 0.02050800 0.02252900
12 0.22363300 0.13917200 0.02148400 0.02252900
14 0.25097700 0.13917200 0.02148400 0.02252900
12 0.27832000 0.13953500 0.02148400 0.02325600
3 0.33252000 0.13953500 0.02050800 0.02325600
4 0.35888700 0.14026200 0.02050800 0.02180200
11 0.38671900 0.14062500 0.02148400 0.02252900
4 0.41308600 0.14098800 0.02148400 0.02180200
22 0.11425800 0.20530500 0.02148400 0.02543600
18 0.14160200 0.20603200 0.02148400 0.02543600
4 0.16894500 0.20639500 0.02148400 0.02470900
18 0.22314500 0.20639500 0.02050800 0.02470900
6 0.25000000 0.20639500 0.02148400 0.02470900
14 0.27636700 0.20712200 0.02148400 0.02470900
17 0.30468800 0.20748500 0.02148400 0.02543600
4 0.33105500 0.20784900 0.02148400 0.02470900
11 0.35839800 0.20821200 0.02148400 0.02543600
8 0.38574200 0.20857600 0.02148400 0.02470900
10 0.11328100 0.27361900 0.02148400 0.02398300
0 0.14160200 0.27289200 0.02148400 0.02398300
17 0.16796900 0.27325600 0.02148400 0.02470900
20 0.19531200 0.27361900 0.02148400 0.02398300
18 0.22265600 0.27361900 0.02148400 0.02398300
4 0.25000000 0.27398300 0.02148400 0.02470900
11 0.27636700 0.27434600 0.02148400 0.02398300
8 0.30419900 0.27398300 0.02050800 0.02470900
0 0.13964800 0.34084300 0.02148400 0.02470900
7 0.16699200 0.34120600 0.02148400 0.02398300
22 0.22070300 0.34084300 0.02148400 0.02470900
20 0.27636700 0.34120600 0.02148400 0.02543600
12 0.30419900 0.34193300 0.02246100 0.02543600
4 0.33105500 0.34193300 0.02148400 0.02543600
11 0.38574200 0.34266000 0.02148400 0.02543600
8 0.41308600 0.34302300 0.02148400 0.02470900
22 0.46679700 0.34375000 0.02148400 0.02470900
6 0.54443400 0.34338700 0.02050800 0.02543600
0 0.57128900 0.34375000 0.02148400 0.02470900
25 0.59814500 0.34338700 0.02246100 0.02543600
4 0.62548800 0.34302300 0.02246100 0.02470900
11 0.65332000 0.34302300 0.02148400 0.02470900
8 0.67968800 0.34302300 0.02148400 0.02470900
13 0.11132800 0.40770300 0.02148400 0.02325600
4 0.13769500 0.40770300 0.02148400 0.02325600
18 0.19335900 0.40806700 0.02148400 0.02398300
6 0.22070300 0.40806700 0.02148400 0.02398300
14 0.24853500 0.40806700 0.02246100 0.02398300
17 0.27587900 0.40843000 0.02246100 0.02325600
4 0.30273400 0.40879400 0.02148400 0.02398300
11 0.33056600 0.40915700 0.02246100 0.02325600
8 0.35742200 0.40952000 0.02148400 0.02398300
10 0.41210900 0.40988400 0.02148400 0.02325600
0 0.43896500 0.40915700 0.02050800 0.02325600
17 0.46630900 0.40952000 0.02050800 0.02398300
20 0.49267600 0.40988400 0.02050800 0.02325600
18 0.51855500 0.40988400 0.02148400 0.02325600
4 0.54443400 0.40988400 0.02050800 0.02325600
11 0.57226600 0.40952000 0.02148400 0.02252900
8 0.59814500 0.40952000 0.02050800 0.02252900
8 0.10986300 0.47565400 0.02246100 0.02398300
10 0.16503900 0.47601700 0.02148400 0.02325600
0 0.19189500 0.47601700 0.02246100 0.02325600
16 0.21972700 0.47638100 0.02148400 0.02398300
4 0.24707000 0.47638100 0.02148400 0.02398300
11 0.27539100 0.47601700 0.02148400 0.02325600
8 0.30273400 0.47601700 0.02148400 0.02325600
20 0.35742200 0.47638100 0.02148400 0.02252900
2 0.38476600 0.47674400 0.02148400 0.02325600
4 0.41162100 0.47674400 0.02050800 0.02325600
11 0.43847700 0.47674400 0.02148400 0.02325600
4 0.46533200 0.47710800 0.02050800 0.02252900
11 0.49169900 0.47710800 0.02050800 0.02252900
8 0.51806600 0.47710800 0.02050800 0.02252900
22 0.10888700 0.54433100 0.02246100 0.02325600
1 0.19140600 0.54360500 0.02148400 0.02325600
6 0.24609400 0.54433100 0.02148400 0.02325600
0 0.27343800 0.54360500 0.02148400 0.02325600
25 0.30175800 0.54360500 0.02148400 0.02325600
4 0.32910200 0.54324100 0.02148400 0.02398300
11 0.35644500 0.54360500 0.02148400 0.02325600
8 0.38427700 0.54396800 0.02050800 0.02252900
13 0.43847700 0.54433100 0.02148400 0.02325600
4 0.46533200 0.54433100 0.02050800 0.02325600
6 0.51757800 0.54433100 0.02148400 0.02325600
0 0.54443400 0.54433100 0.02050800 0.02325600
11 0.57177700 0.54433100 0.02050800 0.02325600
3 0.59863300 0.54433100 0.02148400 0.02325600
4 0.62597700 0.54433100 0.02148400 0.02325600
11 0.65332000 0.54433100 0.02148400 0.02325600
8 0.68066400 0.54433100 0.02148400 0.02325600
0 0.10693400 0.61337200 0.02246100 0.02325600
13 0.16210900 0.61300900 0.02148400 0.02398300
0 0.18847700 0.61300900 0.02148400 0.02398300
1 0.24511700 0.61300900 0.02148400 0.02398300
20 0.27246100 0.61264500 0.02148400 0.02325600
3 0.30029300 0.61228200 0.02246100 0.02398300
20 0.32861300 0.61228200 0.02246100 0.02398300
23 0.35644500 0.61228200 0.02148400 0.02398300
4 0.38378900 0.61228200 0.02148400 0.02398300
13 0.46533200 0.61191900 0.02050800 0.02325600
4 0.49218800 0.61155500 0.02148400 0.02252900
3 0.51806600 0.61191900 0.02050800 0.02325600
4 0.54443400 0.61191900 0.02050800 0.02325600
11 0.57177700 0.61191900 0.02050800 0.02325600
4 0.59912100 0.61228200 0.02050800 0.02252900
15 0.10546900 0.68314000 0.02148400 0.02616300
17 0.13281200 0.68314000 0.02148400 0.02616300
8 0.16015600 0.68314000 0.02148400 0.02616300
18 0.18847700 0.68314000 0.02148400 0.02470900
10 0.21630900 0.68314000 0.02246100 0.02470900
0 0.24316400 0.68277600 0.02148400 0.02398300
10 0.27050800 0.68277600 0.02148400 0.02398300
0 0.29931600 0.68168600 0.02050800 0.02325600
11 0.32666000 0.68241300 0.02050800 0.02325600
8 0.35546900 0.68241300 0.02148400 0.02325600
1 0.40966800 0.68168600 0.02050800 0.02325600
8 0.49218800 0.68168600 0.02148400 0.02325600
18 0.54541000 0.68168600 0.02050800 0.02325600
4 0.57275400 0.68168600 0.02050800 0.02325600
11 0.59960900 0.68132300 0.02148400 0.02398300
8 0.62793000 0.68132300 0.02148400 0.02398300
13 0.10449200 0.75363400 0.02148400 0.02470900
0 0.13183600 0.75363400 0.02148400 0.02470900
10 0.18750000 0.75436000 0.02148400 0.02470900
0 0.21484400 0.75436000 0.02148400 0.02470900
16 0.24218800 0.75472400 0.02148400 0.02543600
4 0.27050800 0.75363400 0.02148400 0.02616300
11 0.29785200 0.75363400 0.02148400 0.02616300
8 0.32617200 0.75327000 0.02148400 0.02543600
10 0.38085900 0.75254400 0.02148400 0.02543600
0 0.40918000 0.75254400 0.02148400 0.02543600
17 0.43652300 0.75254400 0.02148400 0.02543600
20 0.46484400 0.75254400 0.02148400 0.02543600
18 0.49121100 0.75181700 0.02148400 0.02543600
4 0.51757800 0.75181700 0.02148400 0.02398300
11 0.54541000 0.75145300 0.02050800 0.02470900
8 0.57226600 0.75145300 0.02148400 0.02470900
13 0.10351600 0.82412800 0.02148400 0.02616300
14 0.12988300 0.82376500 0.02148400 0.02689000
13 0.18652300 0.82558100 0.02148400 0.02616300
4 0.21435500 0.82485500 0.02246100 0.02616300
18 0.26904300 0.82303800 0.02246100 0.02689000
11 0.29687500 0.82340100 0.02148400 0.02616300
20 0.32568400 0.82412800 0.02246100 0.02616300
0 0.38134800 0.82521800 0.02246100 0.02689000
11 0.40820300 0.82340100 0.02148400 0.02470900
8 0.43554700 0.82267400 0.02148400 0.02470900
6 0.49072300 0.82122100 0.02246100 0.02470900
0 0.51806600 0.82267400 0.02246100 0.02470900
25 0.54443400 0.82267400 0.02246100 0.02470900
4 0.57275400 0.82231100 0.02246100 0.02543600
11 0.60058600 0.82267400 0.02343800 0.02616300
8 0.62890600 0.82231100 0.02343800 0.02689000
