5 0.13593750 0.06597222 0.03437500 0.09722222
7 0.21093750 0.06597222 0.03125000 0.09722222
5 0.28750000 0.06597222 0.03125000 0.09375000
0 0.32812500 0.06597222 0.03125000 0.09375000
1 0.36250000 0.06250000 0.02812500 0.09722222
6 0.44218750 0.06250000 0.03281250 0.10069444
1 0.59687500 0.06597222 0.02656250 0.10416667
0 0.13281250 0.17013889 0.03125000 0.10763889
20 0.16718750 0.17013889 0.03125000 0.10763889
19 0.24531250 0.17013889 0.03281250 0.11458333
12 0.36250000 0.16666667 0.02968750 0.10763889
5 0.44375000 0.17013889 0.02812500 0.10069444
8 0.47968750 0.17013889 0.02968750 0.10416667
12 0.72031250 0.17361111 0.04062500 0.11805556
4 0.75625000 0.17013889 0.03281250 0.11805556
19 0.79687500 0.15972222 0.03437500 0.11805556
14 0.15937500 0.30555556 0.03125000 0.10416667
12 0.20156250 0.30555556 0.03593750 0.10763889
24 0.32031250 0.30555556 0.03281250 0.11111111
19 0.47968750 0.30555556 0.03281250 0.11111111
11 0.72187500 0.30208333 0.03593750 0.11458333
20 0.76250000 0.29861111 0.03437500 0.11805556
2 0.80156250 0.30208333 0.03281250 0.10763889
10 0.84375000 0.29861111 0.03437500 0.11805556
18 0.15468750 0.45138889 0.03593750 0.12152778
4 0.19531250 0.45486111 0.03125000 0.12500000
21 0.23437500 0.44791667 0.03593750 0.12500000
2 0.35781250 0.44791667 0.03281250 0.10763889
14 0.39531250 0.44791667 0.03281250 0.11458333
3 0.43906250 0.45486111 0.03281250 0.11458333
14 0.63750000 0.45138889 0.02968750 0.12847222
5 0.72656250 0.45138889 0.03281250 0.11111111
0 0.76718750 0.44791667 0.03281250 0.11805556
8 0.80781250 0.45138889 0.03593750 0.12500000
17 0.85156250 0.44791667 0.03750000 0.12500000
18 0.89375000 0.44097222 0.03437500 0.12500000
8 0.93593750 0.44444444 0.03281250 0.11805556
22 0.06875000 0.60416667 0.03437500 0.11458333
3 0.10781250 0.60069444 0.03281250 0.11805556
13 0.18593750 0.60069444 0.03593750 0.11458333
0 0.27343750 0.60069444 0.03437500 0.11805556
6 0.31250000 0.60069444 0.03437500 0.12500000
17 0.35468750 0.60416667 0.03593750 0.12152778
4 0.39687500 0.60069444 0.03281250 0.11805556
4 0.43750000 0.59722222 0.03750000 0.12500000
0 0.52187500 0.59722222 0.03437500 0.12152778
19 0.56250000 0.59722222 0.03437500 0.11458333
15 0.72968750 0.60069444 0.03125000 0.12500000
17 0.77187500 0.59375000 0.03593750 0.12500000
8 0.81406250 0.60069444 0.03593750 0.11805556
2 0.85937500 0.59722222 0.03437500 0.12847222
4 0.90000000 0.60069444 0.03437500 0.11805556
3 0.06093750 0.74652778 0.03281250 0.11111111
17 0.09687500 0.75347222 0.03437500 0.11111111
14 0.13593750 0.75347222 0.03593750 0.11805556
15 0.17968750 0.75347222 0.03437500 0.12152778
15 0.22187500 0.75347222 0.03437500 0.11458333
12 0.05156250 0.91319444 0.03593750 0.13194444
8 0.09375000 0.91319444 0.03437500 0.13194444
11 0.13437500 0.91319444 0.03593750 0.13194444
4 0.17187500 0.91666667 0.03593750 0.13194444
18 0.35156250 0.75694444 0.03593750 0.11805556
20 0.39375000 0.75347222 0.03750000 0.12152778
11 0.43750000 0.75347222 0.03437500 0.10763889
11 0.47656250 0.75347222 0.03593750 0.12847222
11 0.56093750 0.75347222 0.03437500 0.12500000
24 0.60468750 0.75694444 0.03906250 0.12500000
22 0.30312500 0.91666667 0.03437500 0.12500000
0 0.34531250 0.90972222 0.03125000 0.12500000
24 0.38906250 0.92013889 0.03437500 0.12847222
7 0.69843750 0.91666667 0.03750000 0.12500000
15 0.74062500 0.92013889 0.03750000 0.12847222
15 0.78593750 0.92361111 0.03750000 0.13541667
4 0.83125000 0.92013889 0.03593750 0.13888889
11 0.73437500 0.75694444 0.03593750 0.13194444
4 0.77656250 0.76041667 0.03593750 0.13888889
4 0.82187500 0.76388889 0.04062500 0.14583333
22 0.87031250 0.76041667 0.04062500 0.14930556
3 0.95468750 0.75694444 0.03906250 0.13888889
