3 0.07812500 0.19062500 0.03437500 0.12187500
17 0.12031250 0.19062500 0.03906250 0.12187500
0 0.16250000 0.19062500 0.03281250 0.11484375
11 0.25000000 0.19765625 0.03593750 0.11796875
0 0.42187500 0.35781250 0.03437500 0.11093750
7 0.72500000 0.36796875 0.03593750 0.12187500
18 0.98281250 0.37500000 0.03281250 0.11796875
7 0.11875000 0.51718750 0.03437500 0.12500000
24 0.29218750 0.51718750 0.03437500 0.11796875
14 0.67812500 0.53125000 0.03437500 0.12812500
17 0.72187500 0.53125000 0.03593750 0.11796875
0 0.93906250 0.53125000 0.03593750 0.11093750
11 0.07656250 0.67734375 0.04062500 0.11796875
8 0.11718750 0.67734375 0.03281250 0.11796875
5 0.16093750 0.67734375 0.03593750 0.11796875
13 0.20468750 0.67734375 0.03281250 0.11093750
5 0.33437500 0.68046875 0.03437500 0.11093750
0 0.37656250 0.68046875 0.03437500 0.11796875
3 0.76406250 0.68750000 0.03437500 0.11093750
11 0.93906250 0.69765625 0.03750000 0.12187500
24 0.11875000 0.83671875 0.03593750 0.12500000
11 0.33281250 0.84375000 0.03437500 0.11796875
18 0.42031250 0.84375000 0.03593750 0.11796875
20 0.54687500 0.84687500 0.03437500 0.12187500
20 0.72031250 0.85781250 0.03437500 0.12500000
8 0.89375000 0.85781250 0.03437500 0.11093750
