11 0.04375000 0.22656250 0.08750000 0.17500000
19 0.12343750 0.19062500 0.09375000 0.17500000
17 0.21250000 0.15312500 0.08750000 0.17968750
4 0.03906250 0.43593750 0.07656250 0.17031250
11 0.09687500 0.88281250 0.08750000 0.17031250
7 0.31093750 0.14218750 0.09531250 0.18437500
12 0.17968750 0.88750000 0.09531250 0.19375000
4 0.05625000 0.66250000 0.08281250 0.16093750
11 0.23281250 0.39531250 0.09375000 0.16718750
4 0.15312500 0.65000000 0.09375000 0.17187500
14 0.28593750 0.86718750 0.10468750 0.17968750
14 0.34062500 0.37656250 0.09375000 0.17031250
18 0.52031250 0.10312500 0.09062500 0.16562500
14 0.44531250 0.36250000 0.08750000 0.16718750
3 0.37031250 0.58437500 0.09843750 0.17656250
18 0.49687500 0.79531250 0.09062500 0.20625000
14 0.59218750 0.76875000 0.09531250 0.17500000
23 0.57031250 0.53906250 0.09531250 0.17187500
0 0.47343750 0.57031250 0.07812500 0.16250000
7 0.61562500 0.10156250 0.08593750 0.17500000
4 0.70937500 0.09687500 0.10000000 0.18437500
17 0.66406250 0.52656250 0.08593750 0.17656250
