19 0.05468750 0.22812500 0.09375000 0.17500000
17 0.14531250 0.19062500 0.08750000 0.17968750
7 0.25000000 0.17031250 0.09531250 0.18437500
4 0.02812500 0.69375000 0.05468750 0.16093750
11 0.17031250 0.42187500 0.09531250 0.16718750
4 0.11250000 0.68906250 0.09375000 0.17187500
14 0.22968750 0.90312500 0.10468750 0.17968750
14 0.27812500 0.40625000 0.09375000 0.17031250
18 0.46718750 0.12812500 0.09062500 0.17656250
14 0.38750000 0.38281250 0.09062500 0.16718750
3 0.30468750 0.61875000 0.09843750 0.17656250
18 0.43437500 0.82500000 0.09062500 0.20312500
14 0.53906250 0.79843750 0.09531250 0.17500000
23 0.51406250 0.56250000 0.09843750 0.17500000
0 0.40937500 0.59062500 0.07812500 0.16250000
7 0.55937500 0.11718750 0.08593750 0.17500000
4 0.66406250 0.10156250 0.10000000 0.18437500
17 0.61250000 0.55312500 0.08593750 0.17500000
6 0.72656250 0.74687500 0.08750000 0.17031250
