14 0.36250000 0.06250000 0.03281250 0.11805556
4 0.49687500 0.07291667 0.03437500 0.12152778
17 0.76250000 0.08680556 0.03593750 0.12500000
17 0.09843750 0.22222222 0.03437500 0.11805556
4 0.14062500 0.22222222 0.03281250 0.12152778
12 0.22968750 0.22569444 0.03593750 0.11805556
17 0.53906250 0.24305556 0.03437500 0.12152778
4 0.67343750 0.24652778 0.03437500 0.12152778
6 0.80312500 0.25694444 0.03437500 0.12500000
0 0.93281250 0.26041667 0.02968750 0.10763889
11 0.97343750 0.26388889 0.03437500 0.11805556
12 0.09843750 0.38541667 0.03437500 0.12152778
0 0.27343750 0.39583333 0.03593750 0.12500000
8 0.31875000 0.39930556 0.03437500 0.11805556
8 0.62656250 0.40972222 0.03593750 0.12152778
11 0.71406250 0.41666667 0.03281250 0.11805556
19 0.18437500 0.55902778 0.03593750 0.12500000
15 0.45000000 0.56944444 0.03437500 0.11805556
11 0.62812500 0.57638889 0.03906250 0.12152778
20 0.88750000 0.58680556 0.03437500 0.12152778
8 0.97187500 0.59027778 0.03125000 0.11805556
23 0.27343750 0.72916667 0.03593750 0.12847222
18 0.36093750 0.72916667 0.03906250 0.12152778
19 0.53593750 0.73611111 0.03281250 0.11458333
13 0.62343750 0.73958333 0.03437500 0.11805556
18 0.80000000 0.75000000 0.03437500 0.11458333
3 0.84375000 0.75000000 0.03281250 0.11458333
7 0.97031250 0.75347222 0.03281250 0.11805556
23 0.14218750 0.88888889 0.03593750 0.12152778
19 0.44843750 0.89930556 0.03906250 0.11805556
13 0.53437500 0.90277778 0.03281250 0.11111111
