14 0.06093750 0.20781250 0.09531250 0.16250000
0 0.06250000 0.42812500 0.08281250 0.17031250
23 0.16250000 0.40156250 0.09843750 0.17656250
17 0.27343750 0.39062500 0.08593750 0.17656250
18 0.07500000 0.66718750 0.10000000 0.17656250
17 0.09687500 0.90312500 0.09531250 0.18125000
0 0.19375000 0.88906250 0.08593750 0.17968750
14 0.17187500 0.64531250 0.09375000 0.18125000
8 0.30625000 0.87031250 0.08750000 0.19375000
3 0.41562500 0.83593750 0.09375000 0.18906250
6 0.40312500 0.59843750 0.09531250 0.18125000
14 0.47656250 0.36250000 0.08593750 0.16718750
5 0.57343750 0.35468750 0.08593750 0.17500000
4 0.50312500 0.57968750 0.09062500 0.17968750
18 0.59687500 0.55468750 0.08281250 0.17187500
18 0.74843750 0.30468750 0.08750000 0.14843750
4 0.71093750 0.74062500 0.08750000 0.16250000
