1 0.64531250 0.52187500 0.04531250 0.08281250
3 0.69062500 0.52656250 0.04218750 0.07812500
18 0.64531250 0.61718750 0.05000000 0.09843750
8 0.59531250 0.61562500 0.04531250 0.09062500
1 0.58750000 0.84375000 0.05000000 0.10312500
4 0.64843750 0.84375000 0.05625000 0.10937500
18 0.81093750 0.73125000 0.05937500 0.10000000
17 0.89375000 0.87343750 0.05937500 0.10468750
18 0.94843750 0.87343750 0.04687500 0.10000000
19 0.83125000 0.86718750 0.06250000 0.10468750
9 0.77187500 0.86875000 0.05937500 0.11875000
7 0.86718750 0.73906250 0.05000000 0.09062500
