20 0.60156250 0.25312500 0.05937500 0.16093750
0 0.53437500 0.25781250 0.05625000 0.14531250
4 0.66406250 0.24218750 0.05468750 0.15312500
7 0.46562500 0.26250000 0.05156250 0.14062500
14 0.53437500 0.46250000 0.05625000 0.14062500
2 0.46718750 0.45937500 0.05937500 0.14531250
19 0.60312500 0.45156250 0.05625000 0.14531250
16 0.66718750 0.44062500 0.05156250 0.14531250
17 0.73125000 0.43906250 0.05156250 0.15000000
17 0.80312500 0.62187500 0.05625000 0.15312500
16 0.67500000 0.64062500 0.06250000 0.14531250
9 0.73750000 0.63281250 0.05468750 0.14843750
8 0.60781250 0.65781250 0.05625000 0.16250000
1 0.54375000 0.67031250 0.05468750 0.15312500
21 0.80937500 0.82031250 0.05937500 0.15312500
4 0.87343750 0.82031250 0.05156250 0.15625000
7 0.68125000 0.85312500 0.05468750 0.15000000
2 0.61250000 0.85625000 0.05000000 0.13906250
19 0.54375000 0.87500000 0.05468750 0.14375000
12 0.47656250 0.88281250 0.05625000 0.15312500
13 0.86718750 0.61093750 0.05625000 0.15312500
