15 0.11875000 0.10069444 0.03437500 0.12152778
8 0.15781250 0.10416667 0.03437500 0.12152778
4 0.19843750 0.10069444 0.03750000 0.12152778
2 0.24062500 0.10069444 0.03906250 0.11805556
4 0.28437500 0.09722222 0.04062500 0.12152778
12 0.54687500 0.11458333 0.03437500 0.13541667
3 0.63281250 0.11458333 0.03750000 0.12500000
8 0.86562500 0.12152778 0.04062500 0.12152778
12 0.96562500 0.13541667 0.03437500 0.11805556
3 0.11875000 0.25694444 0.03437500 0.11805556
14 0.15625000 0.26041667 0.03281250 0.12152778
19 0.28281250 0.27083333 0.03437500 0.11111111
3 0.37187500 0.27777778 0.03593750 0.11805556
4 0.41406250 0.27777778 0.03437500 0.12152778
21 0.54375000 0.27777778 0.03437500 0.11805556
0 0.84218750 0.27777778 0.03125000 0.10416667
19 0.11718750 0.42013889 0.03281250 0.12500000
0 0.19687500 0.42361111 0.03281250 0.10416667
12 0.23906250 0.42361111 0.03281250 0.11111111
18 0.32812500 0.43402778 0.03437500 0.10763889
7 0.50156250 0.43402778 0.03437500 0.10763889
14 0.88125000 0.44791667 0.03437500 0.10763889
1 0.11562500 0.57986111 0.03281250 0.11458333
11 0.15625000 0.58333333 0.03750000 0.11805556
0 0.19531250 0.57638889 0.03281250 0.10416667
12 0.24062500 0.58333333 0.03750000 0.12152778
4 0.28281250 0.58680556 0.04062500 0.12152778
18 0.41250000 0.59375000 0.03750000 0.12500000
8 0.45781250 0.58680556 0.03593750 0.11111111
3 0.49843750 0.59027778 0.03593750 0.11458333
24 0.15781250 0.74652778 0.03750000 0.12152778
24 0.41250000 0.75347222 0.03437500 0.12152778
2 0.54062500 0.75347222 0.03593750 0.10763889
4 0.66875000 0.76388889 0.03281250 0.11805556
2 0.79375000 0.75694444 0.03125000 0.11111111
15 0.87500000 0.76388889 0.03281250 0.11458333
7 0.12031250 0.89583333 0.03750000 0.12152778
3 0.20000000 0.90277778 0.03437500 0.11111111
