0 0.30937500 0.74305556 0.03437500 0.10416667
2 0.27500000 0.73958333 0.03281250 0.11111111
18 0.34843750 0.75000000 0.03593750 0.11458333
20 0.38593750 0.75000000 0.03437500 0.11805556
0 0.42500000 0.75000000 0.03281250 0.11458333
11 0.46562500 0.75347222 0.03906250 0.10416667
18 0.89062500 0.79166667 0.03437500 0.10763889
19 0.84531250 0.07986111 0.02812500 0.09722222
0 0.30937500 0.89583333 0.03437500 0.11805556
19 0.34531250 0.89583333 0.03125000 0.11458333
11 0.38437500 0.89930556 0.03750000 0.11111111
0 0.42031250 0.89930556 0.03125000 0.10416667
13 0.45937500 0.90277778 0.03593750 0.10763889
19 0.50000000 0.90625000 0.03437500 0.11458333
8 0.77343750 0.92708333 0.03437500 0.12152778
17 0.69375000 0.63194444 0.03125000 0.10069444
2 0.77187500 0.63888889 0.02968750 0.10069444
7 0.89062500 0.64930556 0.03125000 0.10763889
