13 0.08906250 0.88906250 0.11250000 0.22031250
14 0.08906250 0.57031250 0.13125000 0.23437500
18 0.10625000 0.26718750 0.11406250 0.21093750
7 0.23750000 0.25781250 0.10468750 0.20625000
14 0.22500000 0.54843750 0.12500000 0.21562500
3 0.23125000 0.86875000 0.12968750 0.26093750
10 0.37343750 0.52343750 0.11406250 0.21875000
4 0.37343750 0.24531250 0.10312500 0.19843750
4 0.51250000 0.51875000 0.11406250 0.23281250
6 0.53906250 0.82343750 0.11406250 0.27031250
3 0.63750000 0.50156250 0.09843750 0.22968750
0 0.67187500 0.79375000 0.12500000 0.25156250
16 0.80000000 0.77343750 0.12500000 0.23906250
