2 0.19531250 0.45468750 0.03750000 0.12187500
0 0.23750000 0.45468750 0.03593750 0.12812500
20 0.27656250 0.45859375 0.03281250 0.12187500
18 0.31875000 0.45859375 0.03593750 0.12187500
4 0.35781250 0.45859375 0.03593750 0.12812500
21 0.51562500 0.46171875 0.03593750 0.11796875
4 0.55468750 0.46875000 0.03437500 0.12187500
9 0.63125000 0.46875000 0.03750000 0.12500000
4 0.67187500 0.47187500 0.03281250 0.13203125
18 0.85781250 0.47578125 0.02968750 0.11093750
17 0.62968750 0.32656250 0.03437500 0.11796875
14 0.55156250 0.31953125 0.03906250 0.11796875
3 0.40000000 0.31562500 0.03281250 0.11796875
18 0.36093750 0.31953125 0.03281250 0.12812500
13 0.36093750 0.17343750 0.02812500 0.11093750
14 0.32187500 0.17031250 0.03281250 0.11093750
13 0.44062500 0.18437500 0.03281250 0.13203125
7 0.51562500 0.19062500 0.03125000 0.12187500
4 0.55312500 0.19453125 0.03437500 0.11484375
6 0.62968750 0.19765625 0.03437500 0.11796875
8 0.66718750 0.19765625 0.02968750 0.12500000
19 0.70468750 0.20156250 0.03281250 0.11796875
24 0.20312500 0.15937500 0.03593750 0.11093750
24 0.43750000 0.46171875 0.03593750 0.11796875
0 0.89218750 0.47578125 0.02812500 0.10781250
12 0.92656250 0.47890625 0.03593750 0.12187500
4 0.96250000 0.47890625 0.03125000 0.11093750
13 0.91875000 0.20859375 0.03437500 0.11093750
3 0.07968750 0.30234375 0.03125000 0.11093750
24 0.51718750 0.05937500 0.03750000 0.11093750
3 0.70156250 0.06562500 0.03593750 0.12812500
13 0.77500000 0.07656250 0.03437500 0.13203125
11 0.91250000 0.08359375 0.03281250 0.11484375
