7 0.08593750 0.16666667 0.03281250 0.13541667
4 0.13281250 0.16666667 0.03281250 0.14236111
14 0.32500000 0.17708333 0.03750000 0.13194444
21 0.56093750 0.19097222 0.03437500 0.12847222
3 0.87187500 0.21527778 0.03281250 0.13194444
11 0.08281250 0.34375000 0.03750000 0.13194444
4 0.12968750 0.34375000 0.03593750 0.13194444
19 0.17812500 0.34375000 0.04062500 0.13194444
18 0.55937500 0.36458333 0.03437500 0.12847222
10 0.60468750 0.36458333 0.03437500 0.12847222
18 0.69687500 0.36805556 0.03281250 0.12152778
24 0.32187500 0.53125000 0.03593750 0.12847222
5 0.41875000 0.53472222 0.03437500 0.13888889
11 0.51406250 0.53472222 0.03906250 0.13194444
18 0.83437500 0.54166667 0.03125000 0.12500000
11 0.91875000 0.54861111 0.03281250 0.12500000
4 0.12187500 0.70486111 0.03750000 0.13194444
4 0.65156250 0.70833333 0.03593750 0.11805556
19 0.69843750 0.71180556 0.03437500 0.12500000
12 0.79062500 0.71527778 0.03437500 0.12847222
5 0.07031250 0.88541667 0.03906250 0.13888889
17 0.26718750 0.89583333 0.03906250 0.14236111
21 0.60468750 0.88888889 0.03750000 0.13888889
4 0.65312500 0.89236111 0.03593750 0.13888889
