4 0.86962900 0.07158400 0.02246100 0.02252900
20 0.13330100 0.11010200 0.02246100 0.02543600
12 0.16015600 0.11010200 0.02148400 0.02543600
22 0.21337900 0.11010200 0.02246100 0.02543600
0 0.23974600 0.11046500 0.02246100 0.02470900
11 0.26660200 0.11119200 0.02148400 0.02470900
13 0.31933600 0.11119200 0.02148400 0.02470900
8 0.34619100 0.11191900 0.02050800 0.02470900
10 0.37255900 0.11191900 0.02050800 0.02470900
14 0.39843800 0.11191900 0.02148400 0.02470900
22 0.42529300 0.11264500 0.02050800 0.02470900
13 0.47753900 0.11264500 0.02148400 0.02470900
0 0.50341800 0.11228200 0.02050800 0.02398300
16 0.53027300 0.11228200 0.02148400 0.02398300
0 0.55615200 0.11228200 0.02050800 0.02398300
11 0.58203100 0.11264500 0.02148400 0.02470900
13 0.63476600 0.11264500 0.02148400 0.02470900
8 0.66113300 0.11191900 0.02148400 0.02470900
10 0.68750000 0.11191900 0.02148400 0.02470900
8 0.13232400 0.15079900 0.02246100 0.02543600
12 0.18603500 0.15079900 0.02246100 0.02543600
14 0.21289100 0.15116300 0.02148400 0.02616300
16 0.23877000 0.15152600 0.02246100 0.02543600
0 0.26513700 0.15152600 0.02246100 0.02543600
11 0.29199200 0.15225300 0.02148400 0.02543600
14 0.31884800 0.15261600 0.02050800 0.02470900
10 0.34570300 0.15261600 0.02148400 0.02470900
10 0.39941400 0.15334300 0.02148400 0.02470900
14 0.42529300 0.15334300 0.02050800 0.02470900
12 0.45166000 0.15334300 0.02050800 0.02470900
0 0.47753900 0.15334300 0.02148400 0.02470900
13 0.50439500 0.15334300 0.02050800 0.02470900
3 0.53076200 0.15334300 0.02050800 0.02470900
8 0.55712900 0.15298000 0.02050800 0.02398300
17 0.58300800 0.15334300 0.02148400 0.02470900
4 0.13037100 0.23364800 0.02246100 0.02543600
18 0.15771500 0.23401200 0.02246100 0.02616300
11 0.18505900 0.23401200 0.02246100 0.02616300
8 0.21240200 0.23437500 0.02246100 0.02543600
19 0.26513700 0.23473800 0.02246100 0.02616300
14 0.29199200 0.23546500 0.02148400 0.02616300
15 0.31933600 0.23546500 0.02148400 0.02616300
13 0.34619100 0.23546500 0.02246100 0.02616300
20 0.37304700 0.23582800 0.02148400 0.02543600
13 0.47851600 0.23655500 0.02148400 0.02543600
14 0.50439500 0.23582800 0.02050800 0.02543600
6 0.53076200 0.23582800 0.02050800 0.02543600
14 0.55761700 0.23510200 0.02148400 0.02543600
15 0.12939500 0.27543600 0.02246100 0.02616300
14 0.15771500 0.27616300 0.02246100 0.02616300
25 0.18457000 0.27616300 0.02148400 0.02616300
14 0.21191400 0.27616300 0.02148400 0.02616300
22 0.23828100 0.27652600 0.02148400 0.02543600
20 0.26562500 0.27689000 0.02148400 0.02616300
12 0.31933600 0.27725300 0.02148400 0.02543600
14 0.34619100 0.27761600 0.02050800 0.02616300
8 0.37304700 0.27761600 0.02148400 0.02616300
7 0.39941400 0.27798000 0.02148400 0.02543600
18 0.45214800 0.27798000 0.02148400 0.02543600
14 0.47900400 0.27798000 0.02050800 0.02543600
11 0.50488300 0.27761600 0.02148400 0.02470900
3 0.53173800 0.27725300 0.02050800 0.02543600
0 0.55810500 0.27725300 0.02050800 0.02543600
19 0.58447300 0.27725300 0.02050800 0.02543600
22 0.12939500 0.31795100 0.02246100 0.02689000
19 0.21142600 0.31867700 0.02246100 0.02689000
20 0.23779300 0.31940400 0.02246100 0.02689000
10 0.29248000 0.31940400 0.02050800 0.02543600
14 0.31933600 0.31940400 0.02148400 0.02543600
12 0.34668000 0.31976700 0.02148400 0.02616300
13 0.37304700 0.32013100 0.02148400 0.02543600
0 0.39941400 0.32013100 0.02148400 0.02543600
19 0.42578100 0.32049400 0.02148400 0.02616300
20 0.45214800 0.32085800 0.02148400 0.02543600
19 0.50537100 0.31940400 0.02050800 0.02543600
14 0.53173800 0.31940400 0.02050800 0.02543600
11 0.55810500 0.31940400 0.02050800 0.02543600
15 0.58496100 0.31976700 0.02148400 0.02616300
14 0.61035200 0.31976700 0.02148400 0.02616300
20 0.12939500 0.36082800 0.02246100 0.02689000
12 0.15722700 0.36119200 0.02148400 0.02616300
22 0.21191400 0.36191900 0.02148400 0.02616300
0 0.23828100 0.36191900 0.02148400 0.02616300
11 0.26562500 0.36191900 0.02148400 0.02616300
13 0.32031200 0.36191900 0.02148400 0.02616300
8 0.34668000 0.36228200 0.02148400 0.02543600
10 0.37402300 0.36300900 0.02148400 0.02543600
8 0.40039100 0.36264500 0.02148400 0.02616300
22 0.45312500 0.36264500 0.02148400 0.02616300
11 0.47949200 0.36228200 0.02148400 0.02543600
4 0.50585900 0.36228200 0.02148400 0.02543600
19 0.53222700 0.36191900 0.02148400 0.02616300
19 0.58593800 0.36119200 0.02148400 0.02616300
8 0.12939500 0.40370600 0.02246100 0.02689000
25 0.18505900 0.40370600 0.02246100 0.02689000
0 0.21142600 0.40370600 0.02246100 0.02689000
11 0.23877000 0.40370600 0.02246100 0.02689000
0 0.26562500 0.40370600 0.02148400 0.02689000
19 0.32031200 0.40407000 0.02148400 0.02616300
8 0.37451200 0.40407000 0.02246100 0.02616300
25 0.42675800 0.40407000 0.02148400 0.02616300
0 0.45410200 0.40407000 0.02148400 0.02616300
22 0.48046900 0.40407000 0.02148400 0.02616300
14 0.50683600 0.40407000 0.02148400 0.02616300
19 0.56054700 0.40334300 0.02148400 0.02616300
8 0.12890600 0.44694800 0.02343800 0.02761600
13 0.18457000 0.44731100 0.02148400 0.02689000
14 0.21191400 0.44694800 0.02148400 0.02616300
6 0.23877000 0.44658400 0.02246100 0.02689000
0 0.26562500 0.44658400 0.02148400 0.02689000
12 0.29394500 0.44622100 0.02148400 0.02616300
8 0.32080100 0.44585800 0.02246100 0.02689000
25 0.37451200 0.44658400 0.02246100 0.02689000
0 0.40087900 0.44622100 0.02246100 0.02616300
18 0.42724600 0.44622100 0.02246100 0.02616300
19 0.45312500 0.44622100 0.02148400 0.02616300
20 0.48046900 0.44549400 0.02148400 0.02616300
16 0.50683600 0.44513100 0.02148400 0.02543600
0 0.53320300 0.44549400 0.02148400 0.02616300
19 0.55957000 0.44549400 0.02148400 0.02616300
8 0.12841800 0.48982600 0.02246100 0.02616300
19 0.18408200 0.48946200 0.02246100 0.02689000
4 0.21142600 0.48946200 0.02246100 0.02689000
1 0.23877000 0.48946200 0.02246100 0.02689000
4 0.26611300 0.48909900 0.02246100 0.02616300
6 0.32031200 0.48873500 0.02148400 0.02689000
14 0.34716800 0.48909900 0.02050800 0.02616300
11 0.37500000 0.48837200 0.02148400 0.02616300
14 0.40136700 0.48837200 0.02148400 0.02616300
22 0.42773400 0.48837200 0.02148400 0.02616300
14 0.45361300 0.48837200 0.02050800 0.02616300
12 0.48095700 0.48800900 0.02050800 0.02543600
14 0.50732400 0.48800900 0.02050800 0.02543600
10 0.56103500 0.48728200 0.02050800 0.02543600
20 0.58740200 0.48655500 0.02050800 0.02543600
13 0.12744100 0.53306700 0.02246100 0.02689000
4 0.15576200 0.53306700 0.02246100 0.02689000
20 0.18359400 0.53306700 0.02148400 0.02689000
12 0.21142600 0.53306700 0.02246100 0.02689000
19 0.26611300 0.53306700 0.02246100 0.02689000
14 0.29248000 0.53306700 0.02246100 0.02689000
12 0.32031200 0.53197700 0.02148400 0.02616300
20 0.34765600 0.53197700 0.02148400 0.02616300
3 0.40234400 0.53197700 0.02148400 0.02616300
0 0.42871100 0.53161300 0.02148400 0.02689000
3 0.45507800 0.53125000 0.02148400 0.02616300
20 0.48144500 0.53088700 0.02148400 0.02689000
19 0.50830100 0.53052300 0.02050800 0.02616300
15 0.12646500 0.57667200 0.02246100 0.02689000
17 0.15478500 0.57667200 0.02246100 0.02689000
12 0.21044900 0.57594500 0.02246100 0.02689000
14 0.23779300 0.57558100 0.02246100 0.02761600
22 0.29248000 0.57485500 0.02246100 0.02761600
12 0.34765600 0.57449100 0.02148400 0.02689000
14 0.37451200 0.57412800 0.02050800 0.02616300
10 0.42919900 0.57340100 0.02050800 0.02616300
20 0.45410200 0.57303800 0.02148400 0.02689000
15 0.50878900 0.57194800 0.02148400 0.02616300
17 0.53515600 0.57267400 0.02148400 0.02616300
12 0.58984400 0.57267400 0.02148400 0.02616300
14 0.61621100 0.57231100 0.02148400 0.02543600
22 0.66992200 0.57231100 0.02148400 0.02543600
12 0.72412100 0.57194800 0.02050800 0.02616300
14 0.75195300 0.57194800 0.02148400 0.02616300
10 0.80664100 0.57158400 0.02148400 0.02543600
20 0.83300800 0.57085800 0.02148400 0.02543600
18 0.12695300 0.61954900 0.02343800 0.02689000
6 0.18261700 0.61991300 0.02148400 0.02616300
14 0.20996100 0.61954900 0.02148400 0.02689000
11 0.23730500 0.61918600 0.02148400 0.02616300
14 0.26562500 0.61845900 0.02148400 0.02616300
22 0.29296900 0.61809600 0.02148400 0.02689000
14 0.32080100 0.61773300 0.02246100 0.02616300
14 0.40234400 0.61627900 0.02148400 0.02616300
10 0.42871100 0.61627900 0.02148400 0.02616300
20 0.45605500 0.61627900 0.02148400 0.02616300
13 0.48242200 0.61555200 0.02148400 0.02616300
20 0.50976600 0.61555200 0.02148400 0.02616300
19 0.53662100 0.61555200 0.02050800 0.02616300
14 0.12451200 0.70930200 0.02246100 0.02761600
13 0.15283200 0.70857600 0.02246100 0.02761600
20 0.20849600 0.70784900 0.02246100 0.02761600
3 0.23584000 0.70784900 0.02246100 0.02761600
0 0.26416000 0.70712200 0.02246100 0.02761600
17 0.29248000 0.70639500 0.02246100 0.02761600
8 0.31982400 0.70639500 0.02246100 0.02761600
11 0.34716800 0.70566900 0.02246100 0.02761600
22 0.40234400 0.70494200 0.02148400 0.02761600
12 0.45654300 0.70421500 0.02246100 0.02761600
4 0.48388700 0.70348800 0.02246100 0.02761600
3 0.51123000 0.70348800 0.02246100 0.02761600
13 0.53857400 0.70312500 0.02246100 0.02689000
19 0.64697300 0.70239800 0.02246100 0.02689000
0 0.67382800 0.70276200 0.02148400 0.02616300
25 0.70166000 0.70276200 0.02246100 0.02616300
8 0.12451200 0.75436000 0.02246100 0.02761600
22 0.18115200 0.75363400 0.02246100 0.02761600
18 0.20800800 0.75290700 0.02343800 0.02761600
10 0.23584000 0.75254400 0.02246100 0.02834300
17 0.26318400 0.75218000 0.02246100 0.02761600
8 0.29150400 0.75145300 0.02246100 0.02761600
16 0.31933600 0.75145300 0.02148400 0.02761600
0 0.34716800 0.75072700 0.02246100 0.02761600
11 0.37451200 0.75036300 0.02246100 0.02689000
10 0.48388700 0.74854700 0.02246100 0.02761600
0 0.51171900 0.74818300 0.02148400 0.02689000
17 0.53808600 0.74818300 0.02148400 0.02689000
0 0.56543000 0.74818300 0.02148400 0.02689000
1 0.62109400 0.74818300 0.02148400 0.02689000
0 0.64794900 0.74818300 0.02246100 0.02689000
17 0.67480500 0.74818300 0.02148400 0.02689000
0 0.70312500 0.74745600 0.02148400 0.02689000
18 0.73095700 0.74745600 0.02246100 0.02689000
8 0.12207000 0.84556700 0.02343800 0.02834300
18 0.17871100 0.84484000 0.02343800 0.02834300
4 0.20703100 0.84411300 0.02343800 0.02834300
16 0.26269500 0.84338700 0.02343800 0.02834300
0 0.29003900 0.84193300 0.02343800 0.02834300
18 0.31835900 0.84157000 0.02343800 0.02907000
9 0.37500000 0.84120600 0.02343800 0.02834300
4 0.40234400 0.84084300 0.02343800 0.02761600
23 0.45800800 0.83975300 0.02343800 0.02834300
19 0.51269500 0.83902600 0.02343800 0.02834300
10 0.54052700 0.83866300 0.02246100 0.02761600
8 0.56787100 0.83829900 0.02246100 0.02834300
23 0.62353500 0.83866300 0.02246100 0.02761600
19 0.67822300 0.83829900 0.02246100 0.02834300
10 0.70556600 0.83829900 0.02246100 0.02834300
8 0.73486300 0.83793600 0.02246100 0.02761600
25 0.12207000 0.89098800 0.02343800 0.02761600
0 0.15087900 0.89062500 0.02246100 0.02834300
19 0.17822300 0.88989800 0.02246100 0.02834300
17 0.20605500 0.88953500 0.02343800 0.02761600
4 0.23437500 0.88880800 0.02343800 0.02761600
23 0.26269500 0.88844500 0.02343800 0.02834300
0 0.29101600 0.88771800 0.02343800 0.02834300
11 0.31884800 0.88735500 0.02246100 0.02761600
8 0.34716800 0.88735500 0.02246100 0.02761600
10 0.40283200 0.88590100 0.02246100 0.02761600
0 0.43066400 0.88517400 0.02343800 0.02761600
10 0.45849600 0.88444800 0.02246100 0.02761600
19 0.51367200 0.88444800 0.02343800 0.02761600
17 0.54150400 0.88408400 0.02246100 0.02834300
4 0.56933600 0.88372100 0.02343800 0.02761600
23 0.59668000 0.88372100 0.02343800 0.02761600
14 0.62500000 0.88372100 0.02343800 0.02761600
19 0.65185500 0.88299400 0.02246100 0.02761600
10 0.67968800 0.88299400 0.02343800 0.02761600
8 0.70752000 0.88299400 0.02246100 0.02761600
