18 0.16875000 0.84218750 0.08593750 0.15000000
19 0.13125000 0.20781250 0.08593750 0.15312500
7 0.25312500 0.83281250 0.08125000 0.14531250
4 0.34687500 0.78906250 0.08593750 0.15000000
4 0.48125000 0.93437500 0.07187500 0.13125000
15 0.22656250 0.17500000 0.08281250 0.15312500
11 0.53281250 0.70625000 0.08593750 0.14375000
5 0.19531250 0.61718750 0.07812500 0.15312500
11 0.30625000 0.58750000 0.09375000 0.13593750
19 0.40312500 0.55156250 0.08750000 0.13437500
14 0.61562500 0.68281250 0.08125000 0.15000000
17 0.48906250 0.50781250 0.08125000 0.16718750
3 0.64843750 0.86250000 0.07812500 0.15781250
23 0.80468750 0.78437500 0.06718750 0.14062500
14 0.70156250 0.64843750 0.08750000 0.14375000
