20 0.69687500 0.27187500 0.05625000 0.14843750
0 0.63281250 0.27343750 0.05625000 0.14531250
4 0.75625000 0.26562500 0.05156250 0.15312500
7 0.57031250 0.27656250 0.05156250 0.14062500
14 0.63750000 0.45625000 0.05625000 0.14062500
2 0.57187500 0.45625000 0.05000000 0.14062500
19 0.69687500 0.45156250 0.05625000 0.14531250
16 0.75937500 0.44843750 0.05156250 0.14531250
17 0.82031250 0.43906250 0.05156250 0.15000000
17 0.88750000 0.61250000 0.05468750 0.14062500
16 0.76718750 0.63281250 0.06250000 0.14531250
9 0.82968750 0.62500000 0.05468750 0.15000000
8 0.70625000 0.63593750 0.05156250 0.14375000
1 0.64531250 0.64375000 0.05625000 0.14062500
21 0.89375000 0.80156250 0.05156250 0.15312500
4 0.94843750 0.79218750 0.05000000 0.15625000
7 0.77187500 0.81093750 0.05468750 0.15000000
2 0.71093750 0.81406250 0.05156250 0.13906250
19 0.64687500 0.83125000 0.05468750 0.14062500
12 0.58281250 0.83750000 0.05625000 0.14062500
