22 0.11406250 0.09062500 0.03437500 0.11562500
8 0.15625000 0.09062500 0.03437500 0.11562500
3 0.24218750 0.09062500 0.03281250 0.11562500
22 0.32968750 0.25312500 0.03593750 0.11562500
0 0.37187500 0.25312500 0.03125000 0.11562500
24 0.41406250 0.25703125 0.03750000 0.11093750
8 0.54375000 0.25703125 0.03437500 0.11093750
18 0.62812500 0.25703125 0.03281250 0.11562500
18 0.71562500 0.25703125 0.03281250 0.11562500
4 0.75937500 0.25703125 0.03281250 0.11562500
23 0.84687500 0.25703125 0.03593750 0.11562500
4 0.11250000 0.41328125 0.03750000 0.12187500
4 0.15625000 0.41328125 0.03593750 0.11562500
18 0.41406250 0.41640625 0.03281250 0.11875000
8 0.20000000 0.57656250 0.03281250 0.11875000
18 0.28593750 0.57968750 0.03281250 0.11875000
2 0.37187500 0.57656250 0.03125000 0.11406250
17 0.41406250 0.57656250 0.03281250 0.11093750
18 0.50000000 0.57656250 0.03281250 0.11093750
14 0.71406250 0.57968750 0.03437500 0.10781250
13 0.75781250 0.57968750 0.03437500 0.11093750
13 0.88750000 0.58359375 0.03281250 0.11875000
4 0.97187500 0.57968750 0.03281250 0.11093750
4 0.45625000 0.73281250 0.03281250 0.10781250
0 0.58437500 0.73281250 0.03281250 0.10156250
14 0.75781250 0.74296875 0.03437500 0.11875000
7 0.11406250 0.89609375 0.03281250 0.12187500
21 0.20156250 0.89609375 0.03750000 0.11562500
4 0.24218750 0.89609375 0.03281250 0.11875000
24 0.28593750 0.89609375 0.03593750 0.11562500
