17 0.23125000 0.09687500 0.03125000 0.11796875
1 0.05625000 0.23593750 0.03593750 0.10781250
14 0.09687500 0.24296875 0.03437500 0.11796875
19 0.47968750 0.27812500 0.03125000 0.12812500
0 0.44062500 0.27812500 0.03125000 0.12187500
24 0.60000000 0.28437500 0.03125000 0.11484375
4 0.08906250 0.56562500 0.03437500 0.13203125
6 0.22343750 0.56562500 0.03125000 0.11796875
5 0.43593750 0.58359375 0.03125000 0.12187500
24 0.55781250 0.58671875 0.03125000 0.11796875
18 0.67812500 0.59062500 0.02968750 0.11093750
18 0.87656250 0.60078125 0.02968750 0.11093750
14 0.04062500 0.71562500 0.03281250 0.11484375
11 0.12812500 0.72578125 0.03281250 0.12187500
2 0.21875000 0.72890625 0.03593750 0.12500000
0 0.26250000 0.72890625 0.03593750 0.12187500
10 0.30625000 0.72890625 0.03437500 0.12187500
4 0.34843750 0.72890625 0.03437500 0.12187500
18 0.43281250 0.73593750 0.03281250 0.11796875
17 0.51562500 0.73593750 0.03281250 0.11796875
10 0.59531250 0.73593750 0.02968750 0.11093750
11 0.63750000 0.73984375 0.03125000 0.11093750
0 0.43281250 0.88906250 0.03593750 0.11484375
19 0.51406250 0.89218750 0.03281250 0.11796875
