9 0.05781250 0.57265625 0.05781250 0.15625000
10 0.17031250 0.57265625 0.06562500 0.15859375
11 0.27812500 0.57265625 0.07812500 0.15312500
12 0.37500000 0.57578125 0.06406250 0.15312500
13 0.50000000 0.57578125 0.06875000 0.15859375
14 0.61093750 0.57265625 0.06562500 0.16093750
15 0.73125000 0.56796875 0.07031250 0.15312500
16 0.82656250 0.57265625 0.06718750 0.16093750
17 0.92812500 0.57265625 0.06250000 0.15625000
18 0.10625000 0.91562500 0.06562500 0.15625000
19 0.21875000 0.91796875 0.06875000 0.15859375
20 0.32812500 0.91796875 0.06718750 0.15625000
21 0.44921875 0.92421875 0.07656250 0.15078125
22 0.56171875 0.92031250 0.06718750 0.15937500
23 0.66562500 0.92109375 0.06093750 0.14296875
24 0.78437500 0.92109375 0.07031250 0.15312500
25 0.89375000 0.91328125 0.05937500 0.14062500
