2 0.02656250 0.10069444 0.03281250 0.11458333
0 0.06562500 0.10416667 0.03125000 0.11458333
18 0.23125000 0.09027778 0.03750000 0.11805556
2 0.31875000 0.08680556 0.03593750 0.11805556
4 0.36250000 0.09027778 0.03437500 0.11458333
24 0.49218750 0.09027778 0.03437500 0.11458333
13 0.66406250 0.08680556 0.03593750 0.11458333
13 0.01562500 0.42013889 0.03125000 0.11805556
19 0.09687500 0.41319444 0.03906250 0.12847222
19 0.18593750 0.40972222 0.03750000 0.12500000
17 0.22968750 0.40972222 0.03437500 0.12847222
20 0.27500000 0.40972222 0.03437500 0.11805556
0 0.40625000 0.40277778 0.03125000 0.11458333
5 0.49375000 0.40972222 0.03593750 0.11805556
17 0.58125000 0.40277778 0.03125000 0.11805556
24 0.62500000 0.40625000 0.03750000 0.11111111
1 0.66718750 0.39930556 0.03281250 0.11458333
3 0.05156250 0.57638889 0.03437500 0.12847222
0 0.09531250 0.57638889 0.03437500 0.12847222
13 0.13906250 0.57986111 0.03593750 0.12500000
7 0.22812500 0.57638889 0.03593750 0.13194444
11 0.31718750 0.57638889 0.03750000 0.12500000
4 0.49218750 0.57291667 0.03593750 0.11805556
11 0.62500000 0.56944444 0.03593750 0.12500000
11 0.66875000 0.56597222 0.03281250 0.12500000
19 0.05000000 0.75000000 0.03906250 0.12500000
13 0.31562500 0.73958333 0.03750000 0.12847222
14 0.53906250 0.73611111 0.04062500 0.13194444
18 0.62812500 0.73611111 0.03750000 0.12847222
14 0.75000000 0.08333333 0.03437500 0.12500000
13 0.79531250 0.07986111 0.03906250 0.11805556
14 0.71406250 0.40625000 0.03593750 0.11805556
0 0.75625000 0.40277778 0.03437500 0.12152778
19 0.80156250 0.40277778 0.03593750 0.12500000
