18 0.27343750 0.85000000 0.11406250 0.24218750
7 0.40937500 0.83125000 0.11875000 0.23437500
7 0.16406250 0.16250000 0.09375000 0.17500000
4 0.25625000 0.13750000 0.08281250 0.17656250
21 0.45000000 0.11406250 0.09375000 0.17187500
4 0.52500000 0.80000000 0.11406250 0.23281250
0 0.53750000 0.10625000 0.07343750 0.16718750
17 0.63125000 0.09843750 0.08593750 0.16250000
2 0.49218750 0.52343750 0.10312500 0.18437500
7 0.59687500 0.50468750 0.09062500 0.18906250
0 0.69218750 0.49218750 0.09531250 0.19843750
6 0.78437500 0.09218750 0.06875000 0.13437500
