11 0.17871100 0.25630500 0.01757800 0.01918900
8 0.21484400 0.25685300 0.01757800 0.01918900
13 0.38916000 0.25932000 0.01855500 0.01973700
4 0.42334000 0.25986800 0.01855500 0.01973700
12 0.49169900 0.26151300 0.01855500 0.01973700
4 0.52587900 0.26206100 0.01855500 0.01973700
3 0.56054700 0.26288400 0.01757800 0.01918900
11 0.59423800 0.26370600 0.01855500 0.01973700
13 0.69531200 0.26644700 0.01757800 0.01973700
8 0.72998000 0.26699600 0.01855500 0.01973700
12 0.79638700 0.26836600 0.01855500 0.01918900
8 0.82959000 0.26891400 0.01855500 0.01918900
13 0.86279300 0.26973700 0.01855500 0.01973700
20 0.89502000 0.27083300 0.01855500 0.01973700
19 0.17773400 0.29194100 0.01953100 0.02138200
14 0.31933600 0.29276300 0.01953100 0.02083300
13 0.35302700 0.29303700 0.01855500 0.02028500
15 0.45654300 0.29550400 0.01855500 0.02083300
14 0.49169900 0.29632700 0.01855500 0.02028500
11 0.52587900 0.29687500 0.01855500 0.02028500
4 0.56152300 0.29742300 0.01757800 0.02028500
25 0.59326200 0.29824600 0.01855500 0.01973700
22 0.66308600 0.29934200 0.01757800 0.01973700
6 0.79736300 0.30263200 0.01855500 0.01973700
14 0.83007800 0.30263200 0.01757800 0.01973700
17 0.86328100 0.30345400 0.01757800 0.01918900
23 0.24902300 0.32730300 0.01953100 0.02083300
8 0.35400400 0.32894700 0.01855500 0.02193000
15 0.49072300 0.33168900 0.01855500 0.02083300
14 0.56005900 0.33278500 0.01855500 0.02083300
6 0.59423800 0.33360700 0.01855500 0.02028500
17 0.62890600 0.33415600 0.01953100 0.02028500
8 0.66357400 0.33470400 0.01855500 0.02028500
1 0.69628900 0.33525200 0.01953100 0.02028500
19 0.86474600 0.33799300 0.01855500 0.02028500
0 0.89697300 0.33854200 0.01855500 0.02028500
12 0.93017600 0.33963800 0.01855500 0.02028500
22 0.17871100 0.36376100 0.01953100 0.02138200
18 0.24658200 0.36430900 0.01855500 0.02138200
14 0.28222700 0.36403500 0.01953100 0.02083300
11 0.31884800 0.36458300 0.01855500 0.02083300
13 0.35449200 0.36513200 0.01953100 0.02083300
4 0.38769500 0.36540600 0.01953100 0.02138200
16 0.42285200 0.36622800 0.01953100 0.02083300
13 0.45703100 0.36595400 0.01953100 0.02138200
7 0.52587900 0.36732500 0.01855500 0.02083300
11 0.59521500 0.36896900 0.01855500 0.02083300
20 0.62841800 0.36896900 0.01855500 0.02083300
16 0.66357400 0.36979200 0.01855500 0.02138200
0 0.69677700 0.37088800 0.01855500 0.02138200
7 0.72998000 0.37225900 0.01855500 0.02083300
12 0.83105500 0.37225900 0.01757800 0.02083300
4 0.86767600 0.37308100 0.01855500 0.02028500
17 0.89892600 0.37308100 0.01855500 0.02028500
4 0.93212900 0.37362900 0.01855500 0.02028500
23 0.17578100 0.39830000 0.01953100 0.02138200
8 0.21093800 0.39884900 0.01953100 0.02138200
11 0.24414100 0.39884900 0.01953100 0.02138200
18 0.27929700 0.39939700 0.01953100 0.02138200
19 0.45752000 0.40186400 0.01855500 0.02083300
14 0.49023400 0.40186400 0.01953100 0.02083300
11 0.52441400 0.40241200 0.01953100 0.02083300
1 0.55859400 0.40296100 0.01953100 0.02083300
20 0.59375000 0.40350900 0.01953100 0.02083300
7 0.62841800 0.40460500 0.01855500 0.02083300
8 0.66308600 0.40515400 0.01953100 0.02083300
13 0.69677700 0.40597600 0.01855500 0.02028500
12 0.76513700 0.40625000 0.01855500 0.02083300
14 0.79931600 0.40679800 0.01855500 0.02083300
10 0.86474600 0.40762100 0.01855500 0.02028500
15 0.17285200 0.43448500 0.01953100 0.02138200
14 0.20996100 0.43530700 0.01953100 0.02193000
10 0.24414100 0.43558100 0.01953100 0.02138200
0 0.27929700 0.43558100 0.01953100 0.02138200
25 0.31445300 0.43530700 0.01953100 0.02193000
22 0.38671900 0.43640400 0.01953100 0.02193000
0 0.42041000 0.43695200 0.01855500 0.02083300
23 0.52490200 0.43859600 0.01855500 0.02083300
8 0.62939500 0.43969300 0.01855500 0.02083300
10 0.76464800 0.44188600 0.01953100 0.01973700
20 0.79980500 0.44216000 0.01953100 0.02028500
17 0.83300800 0.44270800 0.01953100 0.02028500
18 0.86816400 0.44270800 0.01953100 0.02028500
12 0.17236300 0.47121700 0.02050800 0.02138200
14 0.20654300 0.47176500 0.02050800 0.02138200
17 0.24267600 0.47176500 0.02050800 0.02138200
10 0.31494100 0.47231400 0.02050800 0.02138200
0 0.34912100 0.47313600 0.02050800 0.02193000
3 0.41699200 0.58360700 0.01953100 0.02138200
22 0.45166000 0.58388200 0.01855500 0.02083300
0 0.48681600 0.58333300 0.01855500 0.02083300
3 0.52246100 0.58360700 0.01953100 0.02138200
2 0.55664100 0.58388200 0.01953100 0.02083300
0 0.59130900 0.58497800 0.01855500 0.02083300
3 0.69677700 0.58552600 0.01855500 0.02083300
2 0.73095700 0.58607500 0.01855500 0.02083300
0 0.76464800 0.58634900 0.01953100 0.02028500
19 0.80127000 0.58634900 0.01855500 0.02028500
14 0.83544900 0.58634900 0.01855500 0.02028500
4 0.87060500 0.58662300 0.01855500 0.02083300
5 0.16308600 0.62006600 0.01953100 0.02193000
4 0.20019500 0.62006600 0.01953100 0.02193000
22 0.23632800 0.62061400 0.01953100 0.02193000
17 0.27050800 0.62116200 0.01953100 0.02193000
0 0.30664100 0.62171100 0.01953100 0.02193000
11 0.34179700 0.62116200 0.01953100 0.02193000
20 0.34082000 0.65926500 0.01953100 0.02247800
15 0.37646500 0.65953900 0.01855500 0.02302600
17 0.41308600 0.65953900 0.01953100 0.02302600
0 0.44824200 0.65953900 0.01953100 0.02193000
9 0.48584000 0.65899100 0.01855500 0.02193000
13 0.52099600 0.65953900 0.01855500 0.02193000
4 0.55615200 0.65953900 0.01855500 0.02193000
13 0.59228500 0.66008800 0.01855500 0.02193000
8 0.62695300 0.66008800 0.01953100 0.02193000
4 0.66162100 0.66063600 0.01855500 0.02193000
0 0.76709000 0.66091000 0.01855500 0.02138200
0 0.83789100 0.66145800 0.01953100 0.02138200
9 0.87451200 0.66091000 0.01855500 0.02138200
20 0.19482400 0.69709400 0.01855500 0.02247800
13 0.22998000 0.69764300 0.01855500 0.02247800
8 0.26757800 0.69764300 0.01953100 0.02247800
13 0.30175800 0.69819100 0.01953100 0.02247800
0 0.37548800 0.69873900 0.01855500 0.02247800
11 0.41259800 0.69819100 0.01855500 0.02247800
13 0.48339800 0.69873900 0.01953100 0.02247800
14 0.51904300 0.69873900 0.01855500 0.02247800
4 0.55615200 0.69819100 0.01855500 0.02247800
25 0.62841800 0.69846500 0.01855500 0.02193000
17 0.66308600 0.69873900 0.01953100 0.02247800
4 0.69775400 0.69873900 0.01855500 0.02247800
13 0.73291000 0.69873900 0.01855500 0.02247800
8 0.76904300 0.69873900 0.01855500 0.02247800
4 0.80517600 0.69901300 0.01855500 0.02193000
25 0.19335900 0.73574600 0.01953100 0.02302600
17 0.22753900 0.73629400 0.01953100 0.02302600
4 0.26416000 0.73684200 0.01855500 0.02302600
13 0.30078100 0.73739000 0.01953100 0.02302600
8 0.33789100 0.73711600 0.01953100 0.02357500
4 0.37353500 0.73711600 0.01855500 0.02357500
20 0.44628900 0.73739000 0.01953100 0.02302600
22 0.51953100 0.73739000 0.01953100 0.02302600
0 0.55517600 0.73739000 0.01855500 0.02302600
18 0.59082000 0.73739000 0.01953100 0.02302600
4 0.62793000 0.73739000 0.01953100 0.02302600
10 0.73339800 0.73821300 0.01953100 0.02247800
0 0.76953100 0.73793900 0.01953100 0.02302600
10 0.80419900 0.73848700 0.01855500 0.02302600
15 0.15234400 0.77549300 0.01953100 0.02357500
14 0.18945300 0.77604200 0.01953100 0.02357500
19 0.22656200 0.77604200 0.01953100 0.02357500
14 0.26269500 0.77604200 0.01953100 0.02357500
20 0.37207000 0.77713800 0.01953100 0.02357500
1 0.40820300 0.77713800 0.01953100 0.02357500
4 0.44531200 0.77713800 0.01953100 0.02357500
3 0.48291000 0.77713800 0.01855500 0.02357500
8 0.51806600 0.77659000 0.01855500 0.02357500
11 0.55419900 0.77659000 0.01855500 0.02357500
18 0.59130900 0.77659000 0.01855500 0.02357500
4 0.69970700 0.77659000 0.01855500 0.02357500
6 0.73486300 0.77686400 0.01855500 0.02302600
14 0.77002000 0.77686400 0.01855500 0.02302600
17 0.80615200 0.77686400 0.01855500 0.02302600
20 0.84228500 0.77850900 0.01855500 0.02302600
10 0.91503900 0.77823500 0.01953100 0.02247800
0 0.95068400 0.77823500 0.01855500 0.02247800
1 0.14990200 0.81414500 0.01855500 0.02412300
11 0.22265600 0.81606400 0.01953100 0.02357500
14 0.25976600 0.81633800 0.01953100 0.02302600
15 0.33300800 0.81688600 0.01953100 0.02302600
14 0.36962900 0.81688600 0.01855500 0.02302600
17 0.40673800 0.81688600 0.01855500 0.02302600
14 0.44384800 0.81688600 0.01855500 0.02302600
25 0.48095700 0.81716000 0.01855500 0.02357500
8 0.51904300 0.81688600 0.01855500 0.02302600
19 0.55615200 0.81688600 0.01855500 0.02302600
4 0.59033200 0.81661200 0.01855500 0.02357500
11 0.62646500 0.81633800 0.01855500 0.02302600
13 0.69970700 0.81633800 0.01855500 0.02302600
14 0.73584000 0.81633800 0.01855500 0.02302600
14 0.80810500 0.81633800 0.01855500 0.02302600
18 0.84423800 0.81633800 0.01855500 0.02302600
19 0.88134800 0.81661200 0.01855500 0.02357500
17 0.91699200 0.81688600 0.01953100 0.02302600
14 0.95263700 0.81688600 0.01855500 0.02302600
8 0.98730500 0.81743400 0.01953100 0.02302600
18 0.14648400 0.85553700 0.01953100 0.02357500
19 0.18457000 0.85608600 0.01953100 0.02357500
14 0.22070300 0.85663400 0.01953100 0.02357500
8 0.29492200 0.85718200 0.01953100 0.02357500
11 0.33105500 0.85773000 0.01953100 0.02357500
14 0.36718800 0.85745600 0.01953100 0.02302600
4 0.44335900 0.85745600 0.01953100 0.02302600
12 0.47949200 0.85800400 0.01757800 0.02302600
20 0.51611300 0.85800400 0.01855500 0.02302600
19 0.59033200 0.85773000 0.01855500 0.02357500
14 0.62646500 0.85745600 0.01855500 0.02302600
11 0.66357400 0.85718200 0.01855500 0.02357500
10 0.77392600 0.85690800 0.01855500 0.02302600
14 0.81103500 0.85690800 0.01855500 0.02302600
22 0.88720700 0.85663400 0.01855500 0.02357500
6 0.92041000 0.85663400 0.01855500 0.02357500
11 0.14355500 0.89528500 0.02148400 0.02302600
3 0.21923800 0.89638200 0.02050800 0.02302600
4 0.25585900 0.89775200 0.01953100 0.02247800
19 0.29296900 0.89775200 0.01953100 0.02247800
18 0.36816400 0.89830000 0.01953100 0.02247800
22 0.48046900 0.89884900 0.01953100 0.02247800
3 0.55419900 0.89720400 0.01855500 0.02247800
0 0.59033200 0.89775200 0.01855500 0.02247800
11 0.62646500 0.89775200 0.01855500 0.02247800
16 0.77441400 0.89665600 0.01757800 0.02247800
19 0.81103500 0.89638200 0.02050800 0.02302600
14 0.84716800 0.89638200 0.02050800 0.02302600
1 0.88378900 0.89638200 0.01953100 0.02302600
