11 0.31875000 0.15937500 0.09375000 0.16093750
14 0.41562500 0.15312500 0.09062500 0.15781250
14 0.50781250 0.14375000 0.08593750 0.16250000
16 0.04218750 0.43906250 0.08281250 0.16718750
4 0.12812500 0.41875000 0.09062500 0.18125000
4 0.23593750 0.41406250 0.10312500 0.20156250
3 0.43437500 0.38125000 0.09531250 0.17500000
0 0.53281250 0.36718750 0.08281250 0.17031250
23 0.62187500 0.34687500 0.09062500 0.17656250
17 0.71562500 0.33125000 0.08281250 0.17656250
4 0.05156250 0.67500000 0.08750000 0.17187500
11 0.14531250 0.64843750 0.09531250 0.18437500
12 0.24843750 0.63125000 0.10312500 0.17500000
14 0.36250000 0.61250000 0.10000000 0.18906250
18 0.55625000 0.56406250 0.09062500 0.16562500
18 0.17500000 0.88281250 0.08593750 0.18906250
7 0.08125000 0.89531250 0.08750000 0.17656250
25 0.26875000 0.87812500 0.08593750 0.18125000
3 0.37500000 0.90468750 0.10312500 0.18906250
17 0.57500000 0.79218750 0.09531250 0.18125000
0 0.67343750 0.77343750 0.08593750 0.17968750
4 0.12187500 0.20000000 0.08281250 0.17968750
14 0.64843750 0.54843750 0.09062500 0.16718750
