20 0.50468750 0.48593750 0.05937500 0.16093750
0 0.44062500 0.49062500 0.05625000 0.14531250
4 0.56562500 0.47968750 0.05468750 0.15312500
7 0.37656250 0.50156250 0.05468750 0.15312500
14 0.43750000 0.67500000 0.05937500 0.15312500
2 0.37656250 0.68125000 0.06250000 0.14531250
19 0.50312500 0.67343750 0.05625000 0.14531250
16 0.56406250 0.65937500 0.05625000 0.15781250
17 0.62343750 0.65468750 0.05156250 0.15000000
17 0.68437500 0.82656250 0.05625000 0.15312500
16 0.57187500 0.85625000 0.04687500 0.15625000
9 0.62812500 0.83125000 0.05468750 0.15000000
8 0.51875000 0.86718750 0.05468750 0.16250000
1 0.45937500 0.87187500 0.05468750 0.15312500
13 0.74375000 0.82031250 0.05625000 0.15625000
14 0.73593750 0.44843750 0.06250000 0.17500000
4 0.80156250 0.81093750 0.05000000 0.15312500
4 0.67968750 0.64687500 0.05625000 0.17187500
25 0.74687500 0.62812500 0.06250000 0.15625000
12 0.66875000 0.45468750 0.05937500 0.17031250
9 0.36093750 0.32031250 0.07343750 0.16718750
19 0.43437500 0.31406250 0.05000000 0.16093750
13 0.49687500 0.30312500 0.06718750 0.16093750
6 0.55468750 0.30468750 0.04687500 0.16250000
17 0.85781250 0.80312500 0.05000000 0.16093750
13 0.79531250 0.45156250 0.05000000 0.15781250
11 0.61562500 0.28437500 0.05000000 0.15625000
4 0.67343750 0.28750000 0.05156250 0.15781250
7 0.78750000 0.26875000 0.05937500 0.16250000
18 0.91250000 0.78437500 0.05625000 0.16250000
1 0.85312500 0.61875000 0.05625000 0.15000000
