1 0.12500000 0.07638889 0.03593750 0.13194444
8 0.16093750 0.07986111 0.03593750 0.13888889
11 0.20000000 0.08333333 0.03906250 0.13541667
11 0.24062500 0.07986111 0.04218750 0.14583333
12 0.92500000 0.09027778 0.03593750 0.12500000
4 0.96718750 0.09375000 0.03125000 0.12847222
19 0.96718750 0.25694444 0.03593750 0.12500000
0 0.92968750 0.26041667 0.03750000 0.14236111
22 0.62656250 0.24305556 0.04218750 0.13194444
17 0.49531250 0.24305556 0.03437500 0.12152778
14 0.40937500 0.23958333 0.02968750 0.11458333
17 0.36562500 0.23958333 0.03906250 0.12500000
3 0.19843750 0.24652778 0.03906250 0.13541667
11 0.15937500 0.24305556 0.03906250 0.13888889
14 0.12031250 0.23611111 0.03593750 0.12847222
17 0.15625000 0.39930556 0.04062500 0.14236111
12 0.23750000 0.39583333 0.04687500 0.13194444
2 0.40937500 0.40277778 0.03750000 0.13541667
11 0.62500000 0.40625000 0.03750000 0.13888889
14 0.75468750 0.40277778 0.03750000 0.13541667
8 0.80000000 0.40625000 0.03906250 0.12847222
18 0.88750000 0.40625000 0.03750000 0.14930556
4 0.92656250 0.57638889 0.03750000 0.13541667
0 0.79687500 0.57291667 0.03750000 0.13541667
14 0.66562500 0.56597222 0.03906250 0.12500000
8 0.45156250 0.56250000 0.03125000 0.13888889
11 0.40937500 0.55902778 0.03906250 0.13888889
4 0.27812500 0.55555556 0.03437500 0.12847222
3 0.23593750 0.56250000 0.03281250 0.13541667
4 0.15156250 0.71875000 0.03750000 0.13194444
10 0.58125000 0.72569444 0.03750000 0.14583333
0 0.66875000 0.73611111 0.04218750 0.12500000
11 0.88593750 0.73958333 0.03593750 0.12500000
11 0.92500000 0.73611111 0.03593750 0.12847222
11 0.92343750 0.89236111 0.03125000 0.11805556
4 0.88125000 0.89583333 0.03593750 0.12500000
4 0.84375000 0.89930556 0.04062500 0.13541667
14 0.62343750 0.89583333 0.04375000 0.13194444
