6 0.11875000 0.13125000 0.09062500 0.17968750
7 0.22968750 0.12187500 0.09531250 0.18906250
18 0.33906250 0.10468750 0.10000000 0.20156250
25 0.45000000 0.09218750 0.10000000 0.18437500
17 0.70781250 0.07968750 0.06875000 0.14375000
13 0.25156250 0.59687500 0.12187500 0.22343750
4 0.38437500 0.57031250 0.10937500 0.21093750
22 0.49218750 0.53437500 0.09062500 0.18906250
18 0.59375000 0.50000000 0.09062500 0.17656250
17 0.28281250 0.86718750 0.11250000 0.22500000
6 0.51875000 0.77968750 0.10468750 0.20781250
14 0.62500000 0.76093750 0.09843750 0.20156250
13 0.72187500 0.71718750 0.08750000 0.21093750
