13 0.06093750 0.88906250 0.11250000 0.22031250
14 0.05781250 0.57031250 0.11406250 0.23750000
18 0.06875000 0.27968750 0.11406250 0.21093750
7 0.19531250 0.25781250 0.10468750 0.20625000
14 0.18437500 0.55468750 0.12500000 0.21562500
3 0.19062500 0.87812500 0.12500000 0.24218750
10 0.33750000 0.53906250 0.11406250 0.21875000
4 0.33437500 0.25781250 0.10312500 0.19843750
4 0.48125000 0.52343750 0.11406250 0.23437500
6 0.49843750 0.83750000 0.11406250 0.27031250
3 0.60625000 0.50000000 0.09843750 0.22968750
0 0.63750000 0.80312500 0.12656250 0.25468750
16 0.77343750 0.77812500 0.12500000 0.23906250
16 0.69531250 0.22500000 0.10468750 0.19218750
