5 0.05625000 0.05546875 0.02812500 0.10078125
14 0.09218750 0.05546875 0.02968750 0.09687500
11 0.12968750 0.05234375 0.02968750 0.09375000
11 0.16875000 0.05546875 0.03125000 0.09375000
0 0.38906250 0.04531250 0.03125000 0.09062500
20 0.20312500 0.19453125 0.02968750 0.10390625
0 0.31250000 0.18437500 0.02656250 0.09375000
13 0.35000000 0.18750000 0.03125000 0.10078125
17 0.72812500 0.17734375 0.02968750 0.10390625
11 0.92343750 0.16640625 0.03593750 0.10390625
4 0.95781250 0.16640625 0.02968750 0.10390625
2 0.05468750 0.33359375 0.02968750 0.09687500
17 0.09062500 0.33671875 0.02812500 0.10078125
0 0.12656250 0.33359375 0.02656250 0.10390625
24 0.20156250 0.33359375 0.02968750 0.09687500
22 0.27656250 0.32968750 0.02968750 0.09687500
0 0.31250000 0.32656250 0.02812500 0.09687500
19 0.35156250 0.32656250 0.02968750 0.09687500
18 0.42500000 0.32968750 0.02968750 0.10078125
19 0.65156250 0.31953125 0.02968750 0.10078125
4 0.84375000 0.31562500 0.02812500 0.09687500
18 0.88281250 0.31562500 0.02812500 0.10078125
10 0.92187500 0.31250000 0.03125000 0.10390625
18 0.05312500 0.47187500 0.02812500 0.09687500
22 0.09062500 0.47187500 0.02968750 0.10078125
8 0.12812500 0.47187500 0.02968750 0.09687500
5 0.16406250 0.47187500 0.02968750 0.09687500
19 0.20312500 0.47187500 0.02968750 0.09687500
1 0.38906250 0.47187500 0.02812500 0.10781250
24 0.46250000 0.46562500 0.02812500 0.09687500
13 0.20156250 0.61093750 0.02656250 0.10078125
19 0.38906250 0.60781250 0.02968750 0.10078125
0 0.35156250 0.60781250 0.03125000 0.10078125
2 0.53750000 0.60390625 0.03125000 0.10078125
17 0.57500000 0.60390625 0.02968750 0.10078125
4 0.61250000 0.60390625 0.02968750 0.10390625
13 0.68906250 0.60078125 0.03125000 0.09687500
3 0.76718750 0.60390625 0.02812500 0.10390625
24 0.84531250 0.60390625 0.03281250 0.10390625
4 0.88437500 0.60078125 0.02968750 0.10390625
18 0.96093750 0.60078125 0.02968750 0.10078125
12 0.05468750 0.75312500 0.02968750 0.10078125
13 0.12812500 0.75000000 0.02812500 0.09687500
14 0.27656250 0.75312500 0.02812500 0.09687500
0 0.46250000 0.74687500 0.02812500 0.09687500
11 0.50156250 0.74687500 0.02968750 0.10078125
3 0.72968750 0.75000000 0.02968750 0.10390625
22 0.09218750 0.89218750 0.02968750 0.10390625
5 0.38750000 0.88906250 0.02812500 0.10390625
14 0.42500000 0.88515625 0.02812500 0.10390625
14 0.53906250 0.88906250 0.02968750 0.10390625
4 0.65312500 0.88515625 0.02968750 0.09687500
12 0.92343750 0.88906250 0.02968750 0.10781250
0 0.88593750 0.88515625 0.02812500 0.10390625
