11 0.40156250 0.12968750 0.09531250 0.14843750
14 0.50000000 0.12500000 0.09062500 0.15781250
14 0.59062500 0.12343750 0.08593750 0.16250000
16 0.09843750 0.39843750 0.08281250 0.16718750
4 0.19375000 0.38281250 0.09062500 0.18125000
4 0.30468750 0.37500000 0.10312500 0.20156250
3 0.50312500 0.34687500 0.09531250 0.16562500
0 0.59843750 0.34218750 0.08281250 0.17031250
23 0.69062500 0.32656250 0.09062500 0.17656250
17 0.78437500 0.32187500 0.08281250 0.17656250
4 0.10156250 0.62968750 0.09062500 0.17187500
11 0.20937500 0.61718750 0.09531250 0.18437500
12 0.32343750 0.59687500 0.10312500 0.17500000
14 0.43125000 0.58125000 0.10000000 0.18906250
18 0.61562500 0.54218750 0.09062500 0.16562500
18 0.23125000 0.85468750 0.08593750 0.18906250
7 0.12812500 0.86875000 0.08750000 0.17656250
6 0.04062500 0.86718750 0.07343750 0.16718750
25 0.33437500 0.84687500 0.08593750 0.18125000
3 0.44531250 0.87187500 0.10312500 0.18906250
17 0.64843750 0.75937500 0.09531250 0.18125000
0 0.74062500 0.74687500 0.08593750 0.17968750
4 0.19062500 0.15781250 0.08281250 0.17968750
