8 0.39218750 0.08359375 0.03593750 0.11796875
17 0.43437500 0.08359375 0.03593750 0.12500000
19 0.47656250 0.09062500 0.03593750 0.12812500
24 0.51875000 0.08359375 0.03750000 0.12812500
5 0.60468750 0.08671875 0.03750000 0.13906250
8 0.64531250 0.08671875 0.03125000 0.12500000
21 0.68906250 0.08671875 0.04218750 0.12187500
4 0.73281250 0.08359375 0.04062500 0.11796875
12 0.81562500 0.07968750 0.04062500 0.12187500
8 0.86093750 0.07968750 0.03437500 0.12812500
11 0.89843750 0.07656250 0.03125000 0.12500000
4 0.94062500 0.08359375 0.03750000 0.13203125
2 0.14062500 0.23593750 0.03125000 0.11484375
0 0.17968750 0.23281250 0.02968750 0.12187500
15 0.21875000 0.22890625 0.03906250 0.12812500
4 0.26250000 0.23281250 0.03593750 0.12812500
2 0.39062500 0.23281250 0.03593750 0.13515625
11 0.43125000 0.23984375 0.02968750 0.12812500
4 0.47500000 0.23593750 0.03750000 0.13203125
18 0.73437500 0.23281250 0.03593750 0.12500000
4 0.77812500 0.23593750 0.03437500 0.14609375
4 0.13125000 0.38906250 0.03593750 0.12500000
14 0.17031250 0.38906250 0.03750000 0.12187500
11 0.21406250 0.38515625 0.03125000 0.12500000
13 0.30000000 0.38906250 0.03593750 0.12187500
24 0.43125000 0.38906250 0.03281250 0.12812500
2 0.25468750 0.54843750 0.02968750 0.12812500
13 0.34062500 0.54531250 0.03750000 0.11796875
0 0.38437500 0.54531250 0.03281250 0.11796875
7 0.42968750 0.55234375 0.03906250 0.13203125
0 0.47187500 0.55234375 0.03593750 0.13515625
13 0.51875000 0.54843750 0.04062500 0.13203125
5 0.60625000 0.54843750 0.04375000 0.14921875
4 0.65156250 0.55234375 0.03906250 0.13515625
19 0.69687500 0.54843750 0.04062500 0.14218750
22 0.87968750 0.55234375 0.04062500 0.13515625
0 0.92031250 0.54843750 0.03593750 0.13203125
13 0.96562500 0.54843750 0.04062500 0.13515625
18 0.07656250 0.71171875 0.03906250 0.13203125
8 0.11875000 0.71171875 0.03281250 0.13906250
21 0.15937500 0.72187500 0.03750000 0.14921875
4 0.42812500 0.71171875 0.03750000 0.14218750
18 0.47187500 0.70859375 0.04062500 0.13515625
12 0.60937500 0.71171875 0.04062500 0.13203125
18 0.70000000 0.72578125 0.04062500 0.14218750
20 0.74531250 0.72187500 0.04218750 0.14609375
17 0.79375000 0.72187500 0.04062500 0.15312500
18 0.38125000 0.88515625 0.04375000 0.13203125
11 0.47343750 0.88515625 0.04375000 0.14609375
13 0.55937500 0.88515625 0.04062500 0.15312500
18 0.79843750 0.89609375 0.04062500 0.16640625
4 0.84375000 0.89218750 0.03906250 0.15625000
