18 0.29062500 0.78906250 0.08593750 0.15000000
19 0.26718750 0.13906250 0.08750000 0.15312500
4 0.08125000 0.22187500 0.08125000 0.15625000
16 0.42968750 0.93125000 0.08125000 0.13593750
7 0.38281250 0.75781250 0.07812500 0.14843750
4 0.51562500 0.91250000 0.07812500 0.13125000
4 0.47343750 0.72343750 0.08593750 0.15000000
4 0.60156250 0.88281250 0.07343750 0.14062500
15 0.35625000 0.11718750 0.08281250 0.15312500
11 0.65000000 0.64687500 0.08281250 0.14375000
13 0.12343750 0.82968750 0.08125000 0.14843750
5 0.33125000 0.55625000 0.07812500 0.15312500
11 0.44375000 0.52968750 0.09375000 0.13593750
19 0.52812500 0.49375000 0.08593750 0.13437500
14 0.73281250 0.63125000 0.08281250 0.14843750
17 0.60625000 0.46093750 0.08125000 0.16718750
3 0.76250000 0.81250000 0.07812500 0.15781250
