18 0.23125000 0.82656250 0.08593750 0.15000000
19 0.19843750 0.17968750 0.08750000 0.15312500
4 0.04218750 0.26875000 0.08125000 0.15625000
7 0.32031250 0.79375000 0.07812500 0.14843750
4 0.45625000 0.93281250 0.07812500 0.13437500
4 0.41406250 0.75781250 0.08281250 0.15000000
4 0.54062500 0.90937500 0.07343750 0.14062500
15 0.29843750 0.14843750 0.08281250 0.15312500
11 0.58593750 0.68437500 0.08593750 0.14062500
5 0.26250000 0.58906250 0.07812500 0.15312500
11 0.36875000 0.56875000 0.09375000 0.13593750
19 0.46718750 0.53125000 0.08750000 0.13437500
14 0.66875000 0.65781250 0.08281250 0.14843750
17 0.55468750 0.48906250 0.08125000 0.16718750
3 0.70000000 0.83593750 0.07812500 0.15781250
18 0.79218750 0.93437500 0.07343750 0.13125000
