18 0.24687500 0.82500000 0.08593750 0.15000000
19 0.21250000 0.16250000 0.08750000 0.15312500
4 0.04062500 0.25468750 0.08125000 0.15625000
7 0.33593750 0.78593750 0.07812500 0.14843750
4 0.47187500 0.93281250 0.07812500 0.13437500
4 0.42968750 0.75312500 0.08281250 0.15000000
4 0.55937500 0.90312500 0.07343750 0.14062500
15 0.31562500 0.13593750 0.08281250 0.15312500
11 0.60781250 0.67968750 0.08593750 0.14062500
5 0.28593750 0.57500000 0.07812500 0.15312500
11 0.39843750 0.55156250 0.09062500 0.13593750
19 0.48593750 0.53125000 0.08750000 0.13437500
14 0.69531250 0.64375000 0.08281250 0.14843750
17 0.57031250 0.48750000 0.08125000 0.16562500
3 0.72031250 0.82187500 0.07812500 0.15781250
18 0.82500000 0.93437500 0.07343750 0.13125000
