8 0.12207000 0.13216100 0.02343800 0.02343800
8 0.15234400 0.13183600 0.02343800 0.02278600
2 0.18261700 0.16341100 0.02343800 0.02213500
6 0.80908200 0.17317700 0.02246100 0.02083300
6 0.83203100 0.17513000 0.02148400 0.02083300
20 0.11962900 0.22884100 0.02441400 0.02278600
12 0.15039100 0.22884100 0.02343800 0.02278600
4 0.18164100 0.22851600 0.02343800 0.02213500
13 0.21191400 0.22949200 0.02343800 0.02278600
8 0.30371100 0.23177100 0.02343800 0.02213500
13 0.36328100 0.23339800 0.02343800 0.02278600
0 0.39257800 0.23535200 0.02343800 0.02278600
1 0.47851600 0.23860700 0.02343800 0.02278600
0 0.14941400 0.32682300 0.02343800 0.02474000
9 0.18017600 0.32747400 0.02441400 0.02474000
7 0.30419900 0.32877600 0.02246100 0.02474000
5 0.42285200 0.33268200 0.02343800 0.02474000
3 0.53466800 0.33626300 0.02246100 0.02408900
1 0.64209000 0.33984400 0.02246100 0.02343800
20 0.11816400 0.42708300 0.02343800 0.02343800
22 0.14941400 0.42740900 0.02343800 0.02278600
4 0.18164100 0.42740900 0.02343800 0.02278600
11 0.21289100 0.42740900 0.02343800 0.02278600
8 0.24414100 0.42773400 0.02343800 0.02343800
16 0.27539100 0.42773400 0.02343800 0.02213500
13 0.36572300 0.42903600 0.02246100 0.02213500
0 0.39502000 0.42968800 0.02246100 0.02213500
2 0.48242200 0.43001300 0.02148400 0.02148400
9 0.14990200 0.53027300 0.02441400 0.02539100
2 0.27685500 0.52929700 0.02441400 0.02474000
6 0.39746100 0.52799500 0.02343800 0.02474000
5 0.51269500 0.52701800 0.02343800 0.02539100
4 0.62353500 0.52604200 0.02246100 0.02474000
3 0.15380900 0.66764300 0.02441400 0.02408900
14 0.31054700 0.66341100 0.02343800 0.02343800
0 0.12451200 0.73730500 0.02441400 0.02408900
9 0.15576200 0.73730500 0.02441400 0.02408900
7 0.31298800 0.73112000 0.02441400 0.02343800
0 0.43310500 0.72656200 0.02246100 0.02343800
5 0.65722700 0.71516900 0.02148400 0.02278600
1 0.76220700 0.70996100 0.02246100 0.02278600
5 0.88476600 0.70182300 0.02148400 0.02213500
0 0.12646500 0.80664100 0.02441400 0.02474000
9 0.15869100 0.80533900 0.02441400 0.02343800
8 0.31543000 0.79817700 0.02343800 0.02343800
0 0.43603500 0.79166700 0.02246100 0.02213500
6 0.66064500 0.77766900 0.02246100 0.02148400
1 0.76562500 0.77115900 0.02148400 0.02148400
6 0.88720700 0.76171900 0.02050800 0.02083300
0 0.40820300 0.85904900 0.02343800 0.02278600
9 0.43847700 0.85709600 0.02343800 0.02278600
9 0.58007800 0.84733100 0.02343800 0.02278600
9 0.41113300 0.92415400 0.02343800 0.02278600
5 0.55566400 0.91210900 0.02343800 0.02213500
5 0.66503900 0.90234400 0.02343800 0.02213500
