8 0.15869100 0.05123500 0.02050800 0.02252900
7 0.85058600 0.06613400 0.02148400 0.02325600
4 0.87841800 0.06686000 0.02246100 0.02325600
12 0.10546900 0.08648300 0.02148400 0.02325600
17 0.15869100 0.08430200 0.02050800 0.02325600
8 0.18603500 0.08357600 0.02050800 0.02325600
23 0.24267600 0.08175900 0.02050800 0.02252900
4 0.27050800 0.08284900 0.02148400 0.02325600
11 0.29834000 0.08284900 0.02246100 0.02325600
10 0.32714800 0.08357600 0.02148400 0.02325600
0 0.35595700 0.08502900 0.02246100 0.02325600
4 0.38330100 0.08575600 0.02246100 0.02325600
19 0.41113300 0.08648300 0.02148400 0.02325600
7 0.46777300 0.08793600 0.02148400 0.02325600
11 0.49658200 0.08866300 0.02246100 0.02325600
18 0.55127000 0.09011600 0.02246100 0.02325600
19 0.57910200 0.09157000 0.02148400 0.02325600
14 0.60644500 0.09229700 0.02148400 0.02325600
12 0.63378900 0.09302300 0.02148400 0.02325600
11 0.10449200 0.11918600 0.02148400 0.02325600
4 0.13037100 0.11845900 0.02050800 0.02325600
22 0.15722700 0.11773300 0.02148400 0.02325600
18 0.21191400 0.11664200 0.02148400 0.02398300
4 0.24072300 0.11627900 0.02050800 0.02325600
17 0.26904300 0.11555200 0.02050800 0.02325600
3 0.29687500 0.11700600 0.02148400 0.02325600
8 0.32519500 0.11773300 0.02148400 0.02325600
19 0.35449200 0.11845900 0.02148400 0.02325600
14 0.38183600 0.11845900 0.02148400 0.02325600
1 0.43945300 0.11991300 0.02148400 0.02325600
4 0.49511700 0.12136600 0.02148400 0.02325600
19 0.52294900 0.12282000 0.02050800 0.02325600
7 0.57861300 0.12500000 0.02050800 0.02325600
22 0.60644500 0.12572700 0.02148400 0.02325600
14 0.63330100 0.12645300 0.02050800 0.02325600
18 0.66113300 0.12718000 0.02148400 0.02325600
19 0.68847700 0.12790700 0.02148400 0.02325600
14 0.71533200 0.12899700 0.02050800 0.02252900
12 0.74267600 0.13008700 0.02050800 0.02325600
12 0.15576200 0.15116300 0.02050800 0.02325600
17 0.21093800 0.15007300 0.02148400 0.02398300
8 0.23877000 0.15043600 0.02050800 0.02325600
18 0.29589800 0.15079900 0.02148400 0.02398300
15 0.32421900 0.15116300 0.02148400 0.02325600
17 0.35253900 0.15116300 0.02148400 0.02325600
0 0.38085900 0.15225300 0.02148400 0.02398300
8 0.43798800 0.15370600 0.02050800 0.02398300
22 0.46582000 0.15407000 0.02148400 0.02325600
0 0.49462900 0.15516000 0.02050800 0.02398300
4 0.52246100 0.15625000 0.02148400 0.02325600
19 0.55029300 0.15734000 0.02050800 0.02398300
11 0.60644500 0.15915700 0.02148400 0.02325600
22 0.66064500 0.16061000 0.02050800 0.02325600
0 0.68798800 0.16097400 0.02050800 0.02398300
18 0.18164100 0.18423000 0.02148400 0.02398300
10 0.20947300 0.18423000 0.02050800 0.02398300
14 0.23730500 0.18423000 0.02148400 0.02398300
11 0.26562500 0.18423000 0.02148400 0.02398300
10 0.32324200 0.18423000 0.02148400 0.02398300
14 0.35253900 0.18568300 0.02148400 0.02398300
1 0.40918000 0.18713700 0.02148400 0.02398300
20 0.43750000 0.18786300 0.02148400 0.02398300
3 0.46582000 0.18859000 0.02148400 0.02398300
4 0.49414100 0.18895300 0.02148400 0.02325600
19 0.52148400 0.18968000 0.02148400 0.02325600
3 0.57812500 0.19149700 0.02148400 0.02398300
22 0.60595700 0.19258700 0.02050800 0.02325600
0 0.63330100 0.19331400 0.02050800 0.02325600
9 0.66113300 0.19404100 0.02148400 0.02325600
3 0.68847700 0.19513100 0.02148400 0.02252900
3 0.77002000 0.19767400 0.02050800 0.02325600
22 0.79736300 0.19840100 0.02050800 0.02325600
0 0.82470700 0.19912800 0.02050800 0.02325600
11 0.09912100 0.22020300 0.02050800 0.02470900
4 0.12548800 0.21984000 0.02050800 0.02398300
22 0.15234400 0.21911300 0.02148400 0.02398300
13 0.20849600 0.21766000 0.02050800 0.02398300
4 0.23632800 0.21693300 0.02148400 0.02398300
18 0.26464800 0.21766000 0.02148400 0.02398300
4 0.29345700 0.21838700 0.02246100 0.02398300
19 0.32226600 0.21911300 0.02148400 0.02398300
16 0.37988300 0.21984000 0.02148400 0.02398300
4 0.40820300 0.22056700 0.02148400 0.02398300
19 0.43652300 0.22129400 0.02148400 0.02398300
17 0.49365200 0.22311000 0.02050800 0.02325600
4 0.52148400 0.22383700 0.02148400 0.02325600
6 0.57763700 0.22529100 0.02050800 0.02325600
8 0.60546900 0.22601700 0.02148400 0.02325600
17 0.63281200 0.22674400 0.02148400 0.02325600
8 0.66015600 0.22747100 0.02148400 0.02325600
25 0.09814500 0.25436000 0.02050800 0.02470900
13 0.12500000 0.25399700 0.02148400 0.02398300
0 0.15234400 0.25327000 0.02148400 0.02398300
16 0.17871100 0.25254400 0.02148400 0.02398300
8 0.20703100 0.25181700 0.02148400 0.02398300
19 0.23486300 0.25218000 0.02246100 0.02325600
3 0.29248000 0.25290700 0.02246100 0.02325600
22 0.32128900 0.25327000 0.02148400 0.02398300
0 0.34960900 0.25363400 0.02148400 0.02325600
9 0.37890600 0.25399700 0.02148400 0.02398300
3 0.40722700 0.25472400 0.02148400 0.02398300
3 0.49218800 0.25617700 0.02148400 0.02398300
22 0.52050800 0.25690400 0.02148400 0.02398300
0 0.54882800 0.25799400 0.02148400 0.02325600
16 0.63281200 0.26053800 0.02148400 0.02398300
4 0.66064500 0.26162800 0.02246100 0.02325600
19 0.68847700 0.26235500 0.02148400 0.02325600
17 0.74316400 0.26344500 0.02148400 0.02398300
4 0.77050800 0.26453500 0.02148400 0.02325600
12 0.37744100 0.32340100 0.02246100 0.02470900
14 0.40625000 0.32449100 0.02148400 0.02398300
17 0.43457000 0.32485500 0.02148400 0.02470900
14 0.46337900 0.32558100 0.02246100 0.02470900
9 0.49169900 0.32594500 0.02246100 0.02398300
4 0.52050800 0.32667200 0.02148400 0.02398300
13 0.54882800 0.32703500 0.02148400 0.02470900
14 0.57617200 0.32776200 0.02148400 0.02470900
4 0.60449200 0.32812500 0.02148400 0.02398300
15 0.09277300 0.35755800 0.02148400 0.02470900
14 0.11914100 0.35755800 0.02148400 0.02470900
3 0.17431600 0.35683100 0.02246100 0.02470900
14 0.20263700 0.35683100 0.02246100 0.02470900
17 0.23144500 0.35683100 0.02148400 0.02470900
14 0.26074200 0.35683100 0.02148400 0.02470900
6 0.28955100 0.35683100 0.02246100 0.02470900
4 0.31835900 0.35719500 0.02148400 0.02398300
18 0.40625000 0.35864800 0.02148400 0.02398300
19 0.43359400 0.35937500 0.02148400 0.02398300
20 0.46289100 0.36046500 0.02148400 0.02325600
10 0.49121100 0.36082800 0.02148400 0.02398300
3 0.54785200 0.36228200 0.02148400 0.02398300
0 0.57617200 0.36228200 0.02148400 0.02398300
18 0.63183600 0.36373500 0.02148400 0.02398300
19 0.65918000 0.36373500 0.02148400 0.02398300
20 0.68750000 0.36409900 0.02148400 0.02470900
10 0.71484400 0.36446200 0.02148400 0.02398300
4 0.09082000 0.39207800 0.02148400 0.02398300
3 0.11718800 0.39207800 0.02148400 0.02398300
4 0.14453100 0.39171500 0.02148400 0.02470900
19 0.17285200 0.39171500 0.02148400 0.02470900
10 0.23046900 0.39135200 0.02148400 0.02398300
17 0.25927700 0.39171500 0.02246100 0.02470900
0 0.28857400 0.39244200 0.02246100 0.02470900
4 0.34619100 0.39316900 0.02246100 0.02470900
13 0.37646500 0.39389500 0.02246100 0.02470900
18 0.49072300 0.39607600 0.02050800 0.02325600
20 0.51953100 0.39643900 0.02148400 0.02398300
13 0.54687500 0.39680200 0.02148400 0.02325600
3 0.57519500 0.39680200 0.02148400 0.02325600
20 0.60400400 0.39752900 0.02050800 0.02325600
10 0.63183600 0.39789200 0.02148400 0.02398300
18 0.08935500 0.42732600 0.02050800 0.02470900
19 0.11572300 0.42732600 0.02050800 0.02470900
0 0.14355500 0.42732600 0.02148400 0.02470900
17 0.17187500 0.42659900 0.02148400 0.02470900
8 0.19970700 0.42659900 0.02246100 0.02470900
16 0.22949200 0.42696200 0.02148400 0.02543600
14 0.25830100 0.42732600 0.02246100 0.02470900
10 0.28710900 0.42732600 0.02148400 0.02470900
4 0.34619100 0.42805200 0.02246100 0.02470900
6 0.37500000 0.42841600 0.02148400 0.02398300
14 0.40429700 0.42914200 0.02148400 0.02398300
22 0.46191400 0.42986900 0.02148400 0.02398300
4 0.49023400 0.43059600 0.02148400 0.02398300
25 0.51855500 0.43059600 0.02148400 0.02398300
4 0.54687500 0.43132300 0.02148400 0.02398300
19 0.57519500 0.43132300 0.02148400 0.02398300
13 0.08789100 0.46220900 0.02148400 0.02470900
0 0.11425800 0.46220900 0.02148400 0.02470900
22 0.16992200 0.46257300 0.02148400 0.02543600
18 0.19921900 0.46257300 0.02148400 0.02543600
20 0.28613300 0.46293600 0.02148400 0.02470900
11 0.31543000 0.46366300 0.02148400 0.02470900
8 0.34521500 0.46366300 0.02246100 0.02470900
2 0.37451200 0.46402600 0.02246100 0.02398300
20 0.40380900 0.46439000 0.02246100 0.02470900
14 0.46142600 0.46511600 0.02246100 0.02470900
17 0.48974600 0.46548000 0.02246100 0.02398300
4 0.51855500 0.46584300 0.02148400 0.02470900
19 0.54687500 0.46620600 0.02148400 0.02398300
14 0.16845700 0.49818300 0.02246100 0.02543600
19 0.19726600 0.49818300 0.02148400 0.02543600
11 0.22656200 0.49818300 0.02148400 0.02398300
8 0.25585900 0.49854700 0.02148400 0.02470900
16 0.28515600 0.49854700 0.02148400 0.02470900
13 0.31494100 0.49927300 0.02246100 0.02470900
14 0.34423800 0.49927300 0.02246100 0.02470900
4 0.37304700 0.49963700 0.02148400 0.02398300
25 0.13867200 0.53379400 0.02148400 0.02543600
4 0.16699200 0.53379400 0.02148400 0.02543600
12 0.19628900 0.53415700 0.02148400 0.02470900
11 0.22460900 0.53452000 0.02148400 0.02543600
13 0.28418000 0.53488400 0.02148400 0.02470900
8 0.31347700 0.53488400 0.02148400 0.02470900
16 0.34326200 0.53488400 0.02246100 0.02470900
13 0.37304700 0.53488400 0.02148400 0.02470900
14 0.40234400 0.53561000 0.02148400 0.02470900
4 0.43066400 0.53561000 0.02148400 0.02470900
12 0.13720700 0.56940400 0.02246100 0.02543600
14 0.16552700 0.56940400 0.02246100 0.02543600
17 0.19433600 0.57013100 0.02148400 0.02543600
14 0.22314500 0.57013100 0.02246100 0.02543600
9 0.25341800 0.57049400 0.02246100 0.02470900
4 0.28320300 0.57085800 0.02148400 0.02543600
13 0.31298800 0.57085800 0.02246100 0.02543600
14 0.34228500 0.57085800 0.02246100 0.02543600
12 0.08105500 0.60501500 0.02148400 0.02543600
17 0.16406200 0.60646800 0.02148400 0.02543600
4 0.19287100 0.60646800 0.02246100 0.02543600
1 0.22216800 0.60683100 0.02246100 0.02470900
19 0.28173800 0.60719500 0.02246100 0.02543600
0 0.31103500 0.60719500 0.02246100 0.02543600
1 0.37109400 0.60719500 0.02148400 0.02543600
14 0.40087900 0.60719500 0.02246100 0.02543600
18 0.42919900 0.60719500 0.02246100 0.02543600
8 0.45849600 0.60719500 0.02246100 0.02543600
10 0.48779300 0.60719500 0.02246100 0.02543600
14 0.51660200 0.60719500 0.02148400 0.02543600
12 0.54443400 0.60719500 0.02246100 0.02543600
7 0.07910200 0.64135200 0.02148400 0.02543600
14 0.10644500 0.64207800 0.02148400 0.02543600
3 0.13427700 0.64280500 0.02246100 0.02543600
8 0.16259800 0.64353200 0.02246100 0.02543600
12 0.19189500 0.64353200 0.02246100 0.02543600
22 0.25048800 0.64353200 0.02246100 0.02543600
18 0.28027300 0.64389500 0.02148400 0.02616300
11 0.31005900 0.64389500 0.02246100 0.02616300
4 0.34033200 0.64389500 0.02246100 0.02616300
3 0.36962900 0.64353200 0.02246100 0.02543600
25 0.42822300 0.64353200 0.02246100 0.02543600
0 0.45752000 0.64353200 0.02246100 0.02543600
18 0.51562500 0.64353200 0.02148400 0.02543600
20 0.54492200 0.64280500 0.02148400 0.02543600
13 0.57421900 0.64280500 0.02148400 0.02543600
3 0.60253900 0.64316900 0.02148400 0.02616300
20 0.63037100 0.64353200 0.02246100 0.02543600
10 0.65918000 0.64353200 0.02148400 0.02543600
14 0.68701200 0.64353200 0.02246100 0.02543600
12 0.71484400 0.64353200 0.02148400 0.02543600
14 0.07763700 0.67805200 0.02246100 0.02616300
18 0.10449200 0.67877900 0.02148400 0.02616300
19 0.13183600 0.67950600 0.02148400 0.02616300
0 0.16064500 0.68023300 0.02246100 0.02616300
13 0.18945300 0.68059600 0.02343800 0.02543600
14 0.21923800 0.68095900 0.02246100 0.02616300
22 0.24853500 0.68095900 0.02246100 0.02616300
8 0.27880900 0.68132300 0.02246100 0.02543600
19 0.30908200 0.68168600 0.02246100 0.02616300
18 0.33935500 0.68095900 0.02246100 0.02616300
18 0.42822300 0.68059600 0.02246100 0.02543600
20 0.45703100 0.68023300 0.02148400 0.02616300
13 0.48730500 0.68023300 0.02148400 0.02616300
3 0.51562500 0.67986900 0.02148400 0.02543600
20 0.54492200 0.67986900 0.02148400 0.02543600
10 0.57324200 0.67986900 0.02148400 0.02543600
22 0.07568400 0.71475300 0.02246100 0.02543600
18 0.10205100 0.71548000 0.02246100 0.02543600
4 0.13037100 0.71620600 0.02246100 0.02543600
18 0.18847700 0.71766000 0.02343800 0.02543600
19 0.21777300 0.71838700 0.02343800 0.02543600
0 0.24755900 0.71911300 0.02246100 0.02543600
13 0.27783200 0.71911300 0.02246100 0.02543600
14 0.30712900 0.71838700 0.02246100 0.02543600
22 0.33837900 0.71802300 0.02246100 0.02616300
19 0.39794900 0.71766000 0.02246100 0.02543600
18 0.42724600 0.71729700 0.02246100 0.02616300
22 0.51611300 0.71657000 0.02246100 0.02616300
14 0.54443400 0.71657000 0.02246100 0.02616300
10 0.57275400 0.71620600 0.02246100 0.02543600
17 0.60302700 0.71620600 0.02246100 0.02543600
20 0.63085900 0.71620600 0.02148400 0.02543600
6 0.65966800 0.71548000 0.02246100 0.02543600
18 0.12890600 0.75363400 0.02343800 0.02616300
0 0.15820300 0.75436000 0.02343800 0.02616300
7 0.18701200 0.75508700 0.02246100 0.02616300
0 0.21630900 0.75581400 0.02246100 0.02616300
17 0.24707000 0.75654100 0.02343800 0.02616300
13 0.27734400 0.75581400 0.02343800 0.02616300
14 0.30712900 0.75581400 0.02246100 0.02616300
12 0.12695300 0.79215100 0.02343800 0.02616300
14 0.15576200 0.79251500 0.02246100 0.02689000
17 0.18554700 0.79287800 0.02343800 0.02616300
14 0.21533200 0.79287800 0.02246100 0.02616300
9 0.24560500 0.79324100 0.02246100 0.02689000
4 0.27685500 0.79360500 0.02246100 0.02616300
13 0.30615200 0.79287800 0.02246100 0.02616300
14 0.33593800 0.79287800 0.02343800 0.02616300
13 0.12500000 0.82921500 0.02343800 0.02616300
0 0.15429700 0.82957800 0.02343800 0.02689000
1 0.21484400 0.83103200 0.02343800 0.02689000
11 0.24511700 0.83103200 0.02343800 0.02689000
3 0.30566400 0.83066900 0.02343800 0.02616300
4 0.33496100 0.83066900 0.02343800 0.02616300
16 0.36523400 0.82994200 0.02343800 0.02616300
10 0.39550800 0.82957800 0.02343800 0.02689000
8 0.42529300 0.82885200 0.02441400 0.02689000
15 0.12353500 0.86736900 0.02246100 0.02689000
14 0.15332000 0.86809600 0.02343800 0.02689000
11 0.18359400 0.86882300 0.02343800 0.02689000
14 0.21289100 0.86954900 0.02343800 0.02689000
9 0.24365200 0.86918600 0.02441400 0.02616300
4 0.27441400 0.86882300 0.02343800 0.02689000
13 0.30468800 0.86809600 0.02343800 0.02689000
14 0.33398400 0.86809600 0.02343800 0.02689000
