18 0.16064500 0.16678800 0.01855500 0.02107600
4 0.18359400 0.16533400 0.01953100 0.02107600
11 0.20703100 0.16388100 0.01953100 0.02107600
14 0.25537100 0.16170100 0.01855500 0.02107600
13 0.27929700 0.16024700 0.01953100 0.02107600
20 0.32763700 0.15806700 0.01855500 0.02107600
19 0.35351600 0.15661300 0.01953100 0.02107600
17 0.37793000 0.15516000 0.01953100 0.02107600
14 0.40332000 0.15443300 0.01953100 0.02252900
12 0.42871100 0.15334300 0.01953100 0.02180200
13 0.47949200 0.15116300 0.01953100 0.02180200
0 0.50488300 0.14934600 0.02148400 0.02252900
10 0.55859400 0.14716600 0.02148400 0.02252900
17 0.58593800 0.14571200 0.02148400 0.02252900
14 0.61230500 0.14498500 0.02148400 0.02252900
22 0.63867200 0.14353200 0.02148400 0.02252900
0 0.66503900 0.14280500 0.02148400 0.02252900
19 0.69335900 0.14135200 0.02148400 0.02252900
18 0.15966800 0.19585800 0.01855500 0.02107600
19 0.18310500 0.19513100 0.01855500 0.02107600
0 0.20605500 0.19440400 0.01757800 0.02107600
11 0.22998000 0.19367700 0.01855500 0.02107600
17 0.27832000 0.19113400 0.01953100 0.02180200
20 0.30273400 0.19004400 0.01953100 0.02107600
1 0.32763700 0.18895300 0.01855500 0.02180200
0 0.35205100 0.18822700 0.01855500 0.02180200
10 0.40283200 0.18604700 0.01855500 0.02180200
20 0.42773400 0.18532000 0.01953100 0.02180200
13 0.47998000 0.18204900 0.02050800 0.02252900
0 0.50537100 0.18132300 0.02050800 0.02252900
3 0.53125000 0.18059600 0.01953100 0.02252900
4 0.55810500 0.17986900 0.02050800 0.02252900
22 0.58447300 0.17914200 0.02050800 0.02252900
0 0.61279300 0.17768900 0.02050800 0.02252900
19 0.63916000 0.17696200 0.02050800 0.02252900
22 0.15771500 0.22565400 0.01855500 0.02107600
17 0.20507800 0.22420100 0.01757800 0.02107600
20 0.22900400 0.22347400 0.01855500 0.02107600
10 0.25244100 0.22274700 0.01855500 0.02107600
0 0.27734400 0.22202000 0.01953100 0.02107600
22 0.30224600 0.22129400 0.01855500 0.02107600
0 0.32714800 0.22056700 0.01953100 0.02252900
15 0.37695300 0.21875000 0.01953100 0.02180200
17 0.40234400 0.21802300 0.01953100 0.02180200
14 0.42773400 0.21729700 0.01953100 0.02180200
18 0.45312500 0.21620600 0.01953100 0.02252900
20 0.47949200 0.21548000 0.01953100 0.02252900
13 0.50488300 0.21439000 0.01953100 0.02180200
20 0.53125000 0.21329900 0.01953100 0.02252900
11 0.55761700 0.21220900 0.01953100 0.02180200
17 0.61181600 0.21039200 0.02050800 0.02252900
20 0.63818400 0.20966600 0.02050800 0.02252900
10 0.66601600 0.20857600 0.02148400 0.02180200
8 0.69335900 0.20748500 0.02148400 0.02252900
14 0.15576200 0.25617700 0.01855500 0.02107600
10 0.17871100 0.25581400 0.01757800 0.02180200
0 0.20263700 0.25508700 0.01855500 0.02180200
25 0.22753900 0.25436000 0.01757800 0.02180200
0 0.25195300 0.25399700 0.01757800 0.02107600
11 0.27587900 0.25290700 0.01855500 0.02180200
14 0.30127000 0.25218000 0.01855500 0.02180200
18 0.32568400 0.25218000 0.01855500 0.02180200
19 0.42724600 0.24927300 0.01855500 0.02180200
14 0.45312500 0.24854700 0.01953100 0.02180200
1 0.50488300 0.24636600 0.01953100 0.02180200
17 0.53125000 0.24564000 0.01953100 0.02180200
10 0.58447300 0.24382300 0.02050800 0.02252900
8 0.61084000 0.24309600 0.02050800 0.02252900
22 0.10693400 0.28815400 0.01855500 0.02107600
14 0.13085900 0.28779100 0.01757800 0.02180200
19 0.15380900 0.28706400 0.01855500 0.02180200
10 0.20214800 0.28597400 0.01757800 0.02107600
0 0.22656200 0.28524700 0.01757800 0.02107600
10 0.25146500 0.28488400 0.01855500 0.02180200
14 0.27490200 0.28415700 0.01855500 0.02180200
17 0.35009800 0.28270300 0.01855500 0.02180200
0 0.37548800 0.28197700 0.01855500 0.02180200
18 0.40087900 0.28197700 0.01855500 0.02180200
18 0.42675800 0.28088700 0.01953100 0.02252900
4 0.45214800 0.28016000 0.01953100 0.02252900
13 0.50390600 0.27870600 0.01953100 0.02252900
13 0.52978500 0.27725300 0.01855500 0.02252900
18 0.10595700 0.31795100 0.01855500 0.02107600
20 0.15332000 0.31722400 0.01757800 0.02107600
11 0.17627000 0.31722400 0.01855500 0.02107600
8 0.20117200 0.31686000 0.01757800 0.02180200
2 0.22558600 0.31649700 0.01757800 0.02107600
1 0.29931600 0.31540700 0.01855500 0.02180200
0 0.32421900 0.31468000 0.01953100 0.02180200
18 0.34960900 0.31395300 0.01953100 0.02180200
18 0.37500000 0.31395300 0.01953100 0.02180200
4 0.40039100 0.31322700 0.01953100 0.02180200
13 0.45166000 0.31250000 0.01855500 0.02325600
14 0.47753900 0.31213700 0.01953100 0.02252900
13 0.15185500 0.34811000 0.01855500 0.02180200
0 0.17529300 0.34774700 0.01855500 0.02107600
3 0.19970700 0.34774700 0.01855500 0.02107600
4 0.22460900 0.34738400 0.01757800 0.02180200
22 0.24902300 0.34738400 0.01757800 0.02180200
0 0.27392600 0.34738400 0.01855500 0.02180200
19 0.29834000 0.34665700 0.01855500 0.02180200
14 0.37500000 0.34593000 0.01757800 0.02180200
13 0.39990200 0.34593000 0.01855500 0.02180200
18 0.45068400 0.34520300 0.01855500 0.02180200
19 0.47656200 0.34447700 0.01953100 0.02180200
0 0.50293000 0.34375000 0.01953100 0.02180200
11 0.52929700 0.34302300 0.01953100 0.02180200
15 0.58252000 0.34229700 0.02050800 0.02325600
0 0.60937500 0.34193300 0.02148400 0.02252900
11 0.63671900 0.34120600 0.02148400 0.02252900
19 0.69140600 0.34011600 0.02148400 0.02325600
14 0.71972700 0.33939000 0.02148400 0.02325600
6 0.15087900 0.37936000 0.01855500 0.02180200
14 0.17431600 0.37899700 0.01855500 0.02107600
22 0.19873000 0.37899700 0.01855500 0.02107600
14 0.22412100 0.37863400 0.01855500 0.02180200
17 0.24853500 0.37863400 0.01855500 0.02180200
19 0.29834000 0.37899700 0.01855500 0.02252900
4 0.34863300 0.37827000 0.01953100 0.02252900
12 0.37402300 0.37827000 0.01953100 0.02252900
20 0.39892600 0.37790700 0.01855500 0.02180200
13 0.47607400 0.37681700 0.01855500 0.02252900
4 0.50195300 0.37681700 0.01953100 0.02252900
19 0.55468800 0.37609000 0.01953100 0.02252900
14 0.58105500 0.37536300 0.01953100 0.02252900
18 0.19824200 0.41024700 0.01757800 0.02107600
19 0.22216800 0.41024700 0.01855500 0.02107600
0 0.24755900 0.41024700 0.01855500 0.02107600
11 0.27246100 0.41024700 0.01757800 0.02107600
13 0.32275400 0.41024700 0.01855500 0.02107600
0 0.34814500 0.41024700 0.01855500 0.02107600
19 0.37304700 0.40988400 0.01953100 0.02180200
6 0.42431600 0.40988400 0.01855500 0.02180200
8 0.45019500 0.40915700 0.01953100 0.02180200
22 0.47558600 0.40915700 0.01953100 0.02180200
0 0.50195300 0.40879400 0.01953100 0.02252900
19 0.52783200 0.40879400 0.02050800 0.02252900
6 0.60791000 0.40806700 0.02050800 0.02252900
0 0.63525400 0.40770300 0.02050800 0.02325600
12 0.66308600 0.40770300 0.02148400 0.02325600
0 0.69043000 0.40734000 0.02148400 0.02398300
8 0.74707000 0.40697700 0.02148400 0.02325600
6 0.19677700 0.44113400 0.01855500 0.02180200
14 0.22119100 0.44149700 0.01855500 0.02252900
22 0.24609400 0.44186000 0.01953100 0.02180200
14 0.27148400 0.44186000 0.01953100 0.02180200
17 0.29687500 0.44186000 0.01953100 0.02180200
19 0.34668000 0.44149700 0.01953100 0.02252900
4 0.39794900 0.44149700 0.01855500 0.02252900
12 0.42334000 0.44149700 0.01855500 0.02252900
20 0.44921900 0.44186000 0.01953100 0.02180200
13 0.52685500 0.44113400 0.02050800 0.02325600
4 0.55322300 0.44113400 0.02050800 0.02325600
22 0.60742200 0.44113400 0.01953100 0.02325600
0 0.63476600 0.44077000 0.01953100 0.02252900
8 0.69043000 0.44077000 0.02148400 0.02252900
22 0.09912100 0.47238400 0.01855500 0.02180200
14 0.12353500 0.47238400 0.01855500 0.02180200
19 0.14697300 0.47311000 0.01855500 0.02180200
10 0.19580100 0.47311000 0.01855500 0.02180200
0 0.22119100 0.47311000 0.01855500 0.02180200
10 0.24560500 0.47311000 0.01855500 0.02180200
14 0.27099600 0.47311000 0.01855500 0.02180200
17 0.34619100 0.47383700 0.01855500 0.02180200
0 0.37109400 0.47383700 0.01953100 0.02180200
18 0.39697300 0.47383700 0.01855500 0.02180200
18 0.42285200 0.47383700 0.01953100 0.02180200
4 0.44873000 0.47383700 0.01855500 0.02180200
13 0.50000000 0.47420100 0.01953100 0.02252900
13 0.52636700 0.47420100 0.01953100 0.02252900
18 0.09863300 0.50327000 0.01757800 0.02107600
20 0.14697300 0.50399700 0.01855500 0.02107600
11 0.17138700 0.50436000 0.01855500 0.02180200
8 0.19482400 0.50472400 0.01855500 0.02107600
2 0.22021500 0.50472400 0.01855500 0.02107600
1 0.29541000 0.50545100 0.01855500 0.02252900
0 0.31982400 0.50581400 0.01855500 0.02180200
18 0.34521500 0.50581400 0.01855500 0.02180200
18 0.37060500 0.50581400 0.01855500 0.02180200
4 0.39599600 0.50617700 0.01855500 0.02252900
13 0.44775400 0.50617700 0.01855500 0.02252900
14 0.47314500 0.50617700 0.01855500 0.02252900
22 0.14502000 0.53524700 0.01855500 0.02252900
12 0.16943400 0.53561000 0.01855500 0.02180200
4 0.19482400 0.53597400 0.01855500 0.02252900
18 0.21923800 0.53633700 0.01855500 0.02180200
19 0.24365200 0.53670100 0.01855500 0.02252900
14 0.26904300 0.53670100 0.01855500 0.02252900
0 0.34472700 0.53742700 0.01953100 0.02252900
15 0.37011700 0.53742700 0.01953100 0.02252900
10 0.39550800 0.53815400 0.01953100 0.02252900
8 0.42089800 0.53815400 0.01953100 0.02252900
13 0.47265600 0.53888100 0.01953100 0.02252900
0 0.49902300 0.53960800 0.01953100 0.02252900
7 0.55175800 0.53997100 0.01953100 0.02325600
14 0.57910200 0.54033400 0.01953100 0.02252900
3 0.60546900 0.54033400 0.01953100 0.02252900
20 0.63330100 0.54069800 0.02050800 0.02325600
14 0.14404300 0.56686000 0.01855500 0.02180200
13 0.16748000 0.56722400 0.01855500 0.02252900
13 0.21826200 0.56867700 0.01855500 0.02252900
0 0.24267600 0.56904100 0.01855500 0.02180200
3 0.26806600 0.56940400 0.01855500 0.02252900
4 0.29296900 0.56940400 0.01953100 0.02252900
11 0.31835900 0.56940400 0.01953100 0.02252900
18 0.36962900 0.57013100 0.01855500 0.02252900
10 0.39502000 0.57013100 0.01855500 0.02252900
14 0.42089800 0.57122100 0.01953100 0.02180200
22 0.44677700 0.57158400 0.01855500 0.02252900
14 0.47265600 0.57158400 0.01953100 0.02252900
17 0.49902300 0.57158400 0.01953100 0.02252900
14 0.52539100 0.57158400 0.01953100 0.02252900
3 0.55273400 0.57194800 0.01953100 0.02325600
20 0.57812500 0.57340100 0.01953100 0.02325600
22 0.19140600 0.59956400 0.01953100 0.02180200
12 0.21679700 0.60029100 0.01953100 0.02180200
4 0.24169900 0.60029100 0.01855500 0.02180200
18 0.26709000 0.60101700 0.01855500 0.02180200
19 0.29199200 0.60138100 0.01953100 0.02252900
14 0.31738300 0.60138100 0.01953100 0.02252900
22 0.36816400 0.60283400 0.01953100 0.02252900
0 0.39355500 0.60319800 0.01953100 0.02325600
11 0.41992200 0.60356100 0.01953100 0.02252900
4 0.44580100 0.60428800 0.02050800 0.02252900
13 0.47168000 0.60465100 0.01953100 0.02325600
14 0.49804700 0.60501500 0.01953100 0.02252900
10 0.52441400 0.60537800 0.01953100 0.02325600
15 0.57812500 0.60610500 0.01953100 0.02325600
4 0.60546900 0.60719500 0.01953100 0.02252900
17 0.63330100 0.60828500 0.02050800 0.02325600
16 0.66064500 0.60901200 0.02050800 0.02325600
0 0.68798800 0.60973800 0.02050800 0.02325600
19 0.71679700 0.61046500 0.02148400 0.02325600
10 0.74609400 0.61082800 0.02148400 0.02398300
8 0.77441400 0.61010200 0.02148400 0.02398300
13 0.19091800 0.63154100 0.01855500 0.02180200
0 0.21533200 0.63190400 0.01855500 0.02252900
19 0.24023400 0.63263100 0.01953100 0.02252900
13 0.29052700 0.63372100 0.01855500 0.02180200
20 0.31640600 0.63444800 0.01953100 0.02325600
11 0.34179700 0.63481100 0.01953100 0.02252900
18 0.39257800 0.63590100 0.01953100 0.02325600
4 0.41894500 0.63662800 0.01953100 0.02325600
1 0.44531200 0.63699100 0.01953100 0.02252900
4 0.47119100 0.63771800 0.02050800 0.02398300
13 0.52392600 0.63917200 0.02050800 0.02398300
0 0.55029300 0.63989800 0.02050800 0.02398300
15 0.60498000 0.64171500 0.02050800 0.02325600
19 0.66064500 0.64280500 0.02050800 0.02398300
10 0.68798800 0.64353200 0.02050800 0.02398300
8 0.71679700 0.64425900 0.02148400 0.02398300
22 0.09228500 0.66061000 0.01855500 0.02180200
14 0.11669900 0.66170100 0.01855500 0.02252900
19 0.14062500 0.66242700 0.01953100 0.02252900
10 0.18945300 0.66351700 0.01953100 0.02180200
0 0.21435500 0.66424400 0.01855500 0.02180200
10 0.23925800 0.66497100 0.01953100 0.02180200
14 0.26464800 0.66533400 0.01953100 0.02252900
17 0.33984400 0.66751500 0.01953100 0.02252900
0 0.36572300 0.66860500 0.02050800 0.02325600
18 0.39160200 0.66933100 0.01953100 0.02325600
18 0.41748000 0.67005800 0.02050800 0.02325600
4 0.44384800 0.67078500 0.02050800 0.02325600
13 0.49560500 0.67260200 0.02050800 0.02398300
13 0.52294900 0.67369200 0.02050800 0.02325600
18 0.09082000 0.69222400 0.01953100 0.02252900
20 0.13964800 0.69404100 0.01953100 0.02180200
11 0.16406200 0.69513100 0.01953100 0.02252900
8 0.18847700 0.69585800 0.01953100 0.02252900
2 0.21289100 0.69658400 0.01953100 0.02252900
1 0.28857400 0.69912800 0.02050800 0.02325600
0 0.31396500 0.69985500 0.02050800 0.02325600
18 0.33886700 0.70058100 0.01953100 0.02325600
18 0.36474600 0.70203500 0.02050800 0.02325600
4 0.39062500 0.70276200 0.01953100 0.02325600
13 0.44189500 0.70494200 0.02050800 0.02325600
14 0.46923800 0.70566900 0.02050800 0.02325600
14 0.13818400 0.72601700 0.01855500 0.02180200
3 0.16210900 0.72710800 0.01953100 0.02252900
13 0.18750000 0.72783400 0.01953100 0.02252900
0 0.21142600 0.72856100 0.01855500 0.02252900
9 0.23632800 0.72965100 0.01953100 0.02180200
3 0.26171900 0.73110500 0.01953100 0.02325600
13 0.33789100 0.73401200 0.01953100 0.02325600
0 0.36328100 0.73473800 0.01953100 0.02325600
19 0.41503900 0.73691900 0.01953100 0.02325600
17 0.44091800 0.73837200 0.02050800 0.02325600
0 0.46777300 0.73982600 0.02148400 0.02325600
12 0.49511700 0.74091600 0.02148400 0.02398300
22 0.52148400 0.74164200 0.02148400 0.02398300
0 0.54882800 0.74236900 0.02148400 0.02398300
4 0.57617200 0.74382300 0.02148400 0.02398300
14 0.13623000 0.75908400 0.01855500 0.02252900
13 0.16015600 0.75944800 0.01953100 0.02325600
4 0.20996100 0.76162800 0.01953100 0.02325600
7 0.23535200 0.76308100 0.01953100 0.02325600
0 0.25976600 0.76380800 0.01953100 0.02325600
11 0.28515600 0.76489800 0.01953100 0.02252900
13 0.33740200 0.76707800 0.02050800 0.02398300
0 0.36230500 0.76816900 0.01953100 0.02325600
22 0.41406200 0.77107600 0.01953100 0.02325600
14 0.44043000 0.77216600 0.01953100 0.02398300
10 0.46728500 0.77361900 0.02050800 0.02398300
25 0.49462900 0.77470900 0.02050800 0.02325600
0 0.52099600 0.77616300 0.02050800 0.02325600
11 0.54834000 0.77725300 0.02050800 0.02398300
8 0.13476600 0.79069800 0.01953100 0.02325600
3 0.18457000 0.79360500 0.01953100 0.02325600
22 0.20947300 0.79433100 0.02050800 0.02325600
4 0.23437500 0.79578500 0.01953100 0.02325600
17 0.25976600 0.79687500 0.01953100 0.02252900
8 0.28418000 0.79796500 0.01953100 0.02325600
14 0.33593800 0.80050900 0.01953100 0.02398300
19 0.36181600 0.80196200 0.02050800 0.02398300
10 0.38720700 0.80341600 0.02050800 0.02398300
17 0.41406200 0.80486900 0.02148400 0.02398300
22 0.46728500 0.80777600 0.02050800 0.02398300
0 0.49365200 0.80923000 0.02050800 0.02398300
22 0.13281200 0.82412800 0.01953100 0.02325600
14 0.15771500 0.82485500 0.02050800 0.02325600
9 0.18212900 0.82630800 0.02050800 0.02325600
0 0.20800800 0.82776200 0.01953100 0.02325600
19 0.23242200 0.82921500 0.01953100 0.02325600
14 0.25781200 0.83030500 0.01953100 0.02398300
12 0.28320300 0.83139500 0.01953100 0.02325600
20 0.30859400 0.83284900 0.01953100 0.02325600
18 0.36035200 0.83539200 0.01953100 0.02398300
10 0.38623000 0.83757300 0.02050800 0.02398300
0 0.41259800 0.83902600 0.02050800 0.02398300
25 0.43896500 0.84048000 0.02050800 0.02398300
0 0.46533200 0.84193300 0.02050800 0.02398300
11 0.49218800 0.84338700 0.02148400 0.02398300
6 0.20507800 0.86119200 0.01953100 0.02325600
11 0.23046900 0.86264500 0.01953100 0.02325600
20 0.25537100 0.86409900 0.02050800 0.02325600
1 0.28173800 0.86555200 0.02050800 0.02325600
14 0.30712900 0.86736900 0.02050800 0.02398300
10 0.33252000 0.86882300 0.02050800 0.02398300
14 0.35888700 0.87027600 0.02050800 0.02398300
20 0.38476600 0.87173000 0.02148400 0.02398300
22 0.41113300 0.87318300 0.02148400 0.02398300
0 0.43798800 0.87463700 0.02050800 0.02398300
9 0.46484400 0.87681700 0.02148400 0.02398300
0 0.49218800 0.87827000 0.02148400 0.02398300
4 0.51855500 0.88008700 0.02148400 0.02470900
12 0.54687500 0.88190400 0.02148400 0.02398300
22 0.17919900 0.89244200 0.02050800 0.02325600
0 0.20361300 0.89425900 0.02050800 0.02398300
6 0.22851600 0.89607600 0.01953100 0.02325600
14 0.25390600 0.89789200 0.01953100 0.02398300
13 0.27880900 0.89970900 0.02050800 0.02325600
14 0.30419900 0.90152600 0.02050800 0.02398300
20 0.33056600 0.90334300 0.02050800 0.02325600
22 0.35693400 0.90443300 0.02050800 0.02398300
0 0.38330100 0.90588700 0.02050800 0.02398300
9 0.40966800 0.90770300 0.02050800 0.02325600
0 0.43652300 0.90952000 0.02148400 0.02398300
19 0.46386700 0.91170100 0.02148400 0.02398300
