20 0.30937500 0.08333333 0.03125000 0.10416667
24 0.42031250 0.09027778 0.03125000 0.10763889
3 0.64218750 0.09375000 0.02968750 0.10069444
14 0.78750000 0.09722222 0.02968750 0.10416667
8 0.34531250 0.21875000 0.02812500 0.09027778
1 0.68125000 0.23263889 0.03281250 0.09375000
18 0.34531250 0.36111111 0.02812500 0.09722222
19 0.49375000 0.36458333 0.03125000 0.09722222
14 0.82656250 0.37152778 0.02968750 0.09722222
24 0.23281250 0.50347222 0.03125000 0.09722222
7 0.34531250 0.50347222 0.03281250 0.10069444
18 0.64218750 0.50694444 0.02968750 0.10069444
17 0.86562500 0.51388889 0.02968750 0.10069444
11 0.19687500 0.64236111 0.03281250 0.10069444
20 0.23125000 0.64236111 0.03125000 0.10069444
12 0.26718750 0.64236111 0.03125000 0.09722222
1 0.30468750 0.64236111 0.02968750 0.10069444
0 0.93593750 0.65277778 0.02968750 0.10069444
12 0.75937500 0.65625000 0.03906250 0.11111111
3 0.45625000 0.78472222 0.03281250 0.10416667
18 0.26718750 0.93055556 0.03125000 0.10763889
0 0.42031250 0.93055556 0.03593750 0.11805556
8 0.68281250 0.93402778 0.02968750 0.11458333
8 0.90468750 0.93750000 0.03125000 0.10763889
