7 0.11718750 0.89375000 0.10937500 0.20781250
4 0.04843750 0.18750000 0.06718750 0.15000000
21 0.23750000 0.11718750 0.09062500 0.17500000
4 0.23750000 0.88906250 0.11406250 0.22031250
0 0.33125000 0.11718750 0.07343750 0.16562500
17 0.42968750 0.09687500 0.08750000 0.18437500
7 0.36093750 0.57031250 0.10781250 0.20781250
0 0.47812500 0.53906250 0.09531250 0.19843750
6 0.62500000 0.08593750 0.07343750 0.15625000
15 0.58125000 0.52656250 0.10468750 0.20625000
16 0.61406250 0.77812500 0.11250000 0.21562500
14 0.70156250 0.08281250 0.06875000 0.15312500
13 0.77656250 0.08125000 0.07187500 0.15312500
2 0.23125000 0.58281250 0.11250000 0.21250000
19 0.73437500 0.76250000 0.10937500 0.22968750
18 0.69062500 0.50000000 0.10312500 0.20156250
