6 0.93359400 0.03161300 0.02343800 0.02398300
15 0.14257800 0.06831400 0.02343800 0.02616300
14 0.17285200 0.06686000 0.02343800 0.02616300
12 0.23144500 0.06540700 0.02343800 0.02616300
14 0.25976600 0.06468000 0.02343800 0.02470900
17 0.29003900 0.06431700 0.02343800 0.02543600
14 0.32031200 0.06359000 0.02343800 0.02543600
25 0.35058600 0.06359000 0.02343800 0.02543600
20 0.37988300 0.06286300 0.02343800 0.02543600
23 0.44043000 0.06213700 0.02343800 0.02543600
4 0.47070300 0.06250000 0.02343800 0.02470900
6 0.49951200 0.06250000 0.02246100 0.02470900
14 0.52880900 0.06250000 0.02246100 0.02470900
11 0.55810500 0.06250000 0.02246100 0.02470900
19 0.61621100 0.06250000 0.02343800 0.02470900
3 0.14160200 0.13735500 0.02343800 0.02616300
17 0.20068400 0.13626500 0.02441400 0.02543600
10 0.22998000 0.13590100 0.02441400 0.02616300
0 0.26025400 0.13517400 0.02441400 0.02616300
12 0.29052700 0.13444800 0.02441400 0.02616300
8 0.32177700 0.13444800 0.02441400 0.02616300
25 0.38085900 0.13335800 0.02343800 0.02543600
0 0.41064500 0.13335800 0.02246100 0.02543600
15 0.44091800 0.13335800 0.02246100 0.02543600
11 0.47119100 0.13335800 0.02246100 0.02543600
0 0.50048800 0.13299400 0.02246100 0.02470900
19 0.52978500 0.13299400 0.02246100 0.02470900
10 0.55957000 0.13299400 0.02343800 0.02470900
0 0.58837900 0.13263100 0.02246100 0.02543600
12 0.61865200 0.13226700 0.02246100 0.02470900
8 0.64892600 0.13226700 0.02246100 0.02470900
6 0.13916000 0.21002900 0.02441400 0.02761600
14 0.16943400 0.20966600 0.02441400 0.02834300
11 0.19921900 0.20893900 0.02343800 0.02834300
4 0.22998000 0.20784900 0.02441400 0.02761600
13 0.26025400 0.20784900 0.02441400 0.02761600
10 0.32080100 0.20748500 0.02441400 0.02689000
8 0.35107400 0.20712200 0.02441400 0.02761600
12 0.38134800 0.20712200 0.02441400 0.02761600
8 0.41162100 0.20712200 0.02441400 0.02761600
15 0.47314500 0.20639500 0.02441400 0.02761600
19 0.53125000 0.20530500 0.02343800 0.02543600
10 0.56054700 0.20457800 0.02343800 0.02543600
0 0.59082000 0.20385200 0.02343800 0.02543600
12 0.62060500 0.20421500 0.02246100 0.02470900
8 0.65087900 0.20421500 0.02246100 0.02470900
10 0.26025400 0.35501500 0.02441400 0.02689000
17 0.29150400 0.35501500 0.02441400 0.02689000
0 0.32226600 0.35501500 0.02343800 0.02689000
3 0.35302700 0.35501500 0.02441400 0.02689000
4 0.38281200 0.35501500 0.02343800 0.02689000
13 0.41308600 0.35501500 0.02343800 0.02689000
14 0.44335900 0.35465100 0.02343800 0.02616300
4 0.47558600 0.35392400 0.02343800 0.02616300
18 0.53369100 0.35319800 0.02441400 0.02616300
14 0.56250000 0.35247100 0.02343800 0.02616300
11 0.59179700 0.35283400 0.02343800 0.02689000
13 0.62304700 0.35247100 0.02343800 0.02616300
2 0.65332000 0.35210800 0.02343800 0.02689000
4 0.68408200 0.35174400 0.02246100 0.02616300
18 0.13720700 0.43241300 0.02441400 0.02761600
14 0.16748000 0.43204900 0.02441400 0.02689000
11 0.19921900 0.43204900 0.02343800 0.02689000
13 0.22998000 0.43132300 0.02441400 0.02689000
2 0.26123000 0.43132300 0.02441400 0.02689000
4 0.29248000 0.43059600 0.02441400 0.02689000
15 0.35253900 0.43023300 0.02343800 0.02616300
14 0.38378900 0.43023300 0.02343800 0.02616300
13 0.44531200 0.42950600 0.02343800 0.02616300
4 0.47460900 0.42914200 0.02343800 0.02543600
1 0.50488300 0.42877900 0.02343800 0.02616300
20 0.53515600 0.42877900 0.02343800 0.02616300
6 0.59375000 0.42805200 0.02343800 0.02616300
20 0.62304700 0.42805200 0.02343800 0.02616300
11 0.65380900 0.42732600 0.02246100 0.02616300
11 0.71533200 0.42623500 0.02246100 0.02543600
14 0.74609400 0.42587200 0.02343800 0.02616300
8 0.13720700 0.50872100 0.02441400 0.02616300
25 0.19970700 0.50617700 0.02441400 0.02689000
0 0.22998000 0.50617700 0.02441400 0.02689000
19 0.29199200 0.50545100 0.02343800 0.02689000
20 0.32324200 0.50581400 0.02343800 0.02616300
16 0.35351600 0.50581400 0.02343800 0.02616300
20 0.38476600 0.50508700 0.02343800 0.02616300
25 0.44531200 0.50436000 0.02343800 0.02616300
0 0.47656200 0.50399700 0.02343800 0.02689000
1 0.50634800 0.50327000 0.02246100 0.02543600
4 0.53564500 0.50327000 0.02246100 0.02543600
9 0.56494100 0.50327000 0.02246100 0.02543600
0 0.59423800 0.50327000 0.02246100 0.02543600
11 0.62500000 0.50327000 0.02343800 0.02543600
14 0.65576200 0.50254400 0.02246100 0.02543600
6 0.13525400 0.58393900 0.02441400 0.02689000
11 0.16601600 0.58357600 0.02539100 0.02616300
13 0.22900400 0.58248500 0.02441400 0.02689000
20 0.25976600 0.58175900 0.02539100 0.02689000
11 0.29101600 0.58175900 0.02343800 0.02689000
25 0.35400400 0.58103200 0.02441400 0.02689000
0 0.38427700 0.58103200 0.02441400 0.02689000
8 0.41552700 0.58030500 0.02441400 0.02689000
13 0.44580100 0.57957800 0.02441400 0.02689000
10 0.50732400 0.57848800 0.02441400 0.02761600
0 0.53808600 0.57885200 0.02343800 0.02689000
22 0.59668000 0.57812500 0.02343800 0.02689000
14 0.65771500 0.57739800 0.02441400 0.02689000
10 0.68847700 0.57739800 0.02343800 0.02689000
13 0.71875000 0.57667200 0.02343800 0.02689000
14 0.75048800 0.57667200 0.02441400 0.02689000
18 0.13281200 0.66206400 0.02539100 0.02761600
19 0.16503900 0.66133700 0.02539100 0.02761600
0 0.19628900 0.66024700 0.02343800 0.02834300
11 0.22802700 0.65988400 0.02441400 0.02761600
14 0.25927700 0.65915700 0.02441400 0.02761600
25 0.32275400 0.65806700 0.02441400 0.02834300
0 0.35400400 0.65770300 0.02441400 0.02761600
8 0.38525400 0.65697700 0.02441400 0.02761600
13 0.41601600 0.65770300 0.02343800 0.02761600
10 0.47802700 0.65625000 0.02441400 0.02761600
4 0.50927700 0.65588700 0.02441400 0.02689000
19 0.56787100 0.65552300 0.02441400 0.02761600
4 0.59814500 0.65552300 0.02441400 0.02761600
12 0.62890600 0.65479700 0.02343800 0.02761600
13 0.65966800 0.65479700 0.02441400 0.02761600
14 0.69091800 0.65443300 0.02441400 0.02834300
0 0.13183600 0.74091600 0.02539100 0.02834300
18 0.19580100 0.74018900 0.02441400 0.02834300
14 0.22753900 0.73946200 0.02539100 0.02834300
17 0.25830100 0.73873500 0.02441400 0.02834300
14 0.29052700 0.73837200 0.02441400 0.02761600
10 0.32177700 0.73800900 0.02441400 0.02834300
8 0.35400400 0.73800900 0.02441400 0.02834300
1 0.13085900 0.82158400 0.02539100 0.02834300
4 0.16357400 0.82013100 0.02441400 0.02834300
11 0.19580100 0.81976700 0.02441400 0.02761600
14 0.22705100 0.81940400 0.02441400 0.02834300
1 0.25830100 0.81867700 0.02441400 0.02834300
14 0.28955100 0.81831400 0.02441400 0.02761600
10 0.32177700 0.81758700 0.02441400 0.02761600
8 0.35400400 0.81686000 0.02441400 0.02761600
15 0.13037100 0.90079900 0.02636700 0.03125000
14 0.16357400 0.90152600 0.02636700 0.02979700
18 0.19482400 0.90079900 0.02636700 0.02979700
10 0.22656200 0.90152600 0.02539100 0.02979700
0 0.25830100 0.90079900 0.02636700 0.02979700
10 0.28955100 0.90043600 0.02636700 0.03052300
0 0.32275400 0.89970900 0.02636700 0.03052300
11 0.35205100 0.89898300 0.02636700 0.03052300
8 0.38476600 0.89789200 0.02539100 0.02979700
15 0.44873000 0.89643900 0.02636700 0.02979700
14 0.48046900 0.89571200 0.02539100 0.02979700
15 0.54199200 0.89498500 0.02539100 0.02979700
14 0.57177700 0.89425900 0.02636700 0.02979700
11 0.60302700 0.89389500 0.02636700 0.03052300
12 0.66601600 0.89316900 0.02539100 0.03052300
