11 0.09531250 0.63281250 0.09062500 0.14375000
19 0.18750000 0.61093750 0.10312500 0.14843750
4 0.28906250 0.57343750 0.09062500 0.16250000
25 0.40468750 0.54218750 0.08125000 0.13906250
3 0.14375000 0.84218750 0.08750000 0.15781250
14 0.23125000 0.81718750 0.08593750 0.15312500
21 0.34531250 0.78437500 0.08281250 0.17187500
13 0.43281250 0.74531250 0.08281250 0.16718750
18 0.55468750 0.89687500 0.08593750 0.16250000
7 0.64375000 0.87500000 0.07812500 0.15625000
12 0.12656250 0.18437500 0.07343750 0.14531250
0 0.22187500 0.16093750 0.07656250 0.15312500
3 0.31875000 0.12968750 0.08281250 0.16093750
18 0.60625000 0.66562500 0.08593750 0.14375000
15 0.67500000 0.07031250 0.07343750 0.13906250
19 0.59531250 0.07500000 0.08593750 0.13593750
4 0.41093750 0.12187500 0.08125000 0.15625000
16 0.72812500 0.83593750 0.07343750 0.13437500
7 0.69062500 0.64531250 0.07812500 0.14843750
