13 0.12031250 0.21875000 0.03125000 0.11111111
18 0.23125000 0.21527778 0.02968750 0.10763889
7 0.38281250 0.19791667 0.03125000 0.11111111
3 0.46250000 0.19444444 0.03281250 0.11805556
18 0.08281250 0.36458333 0.03125000 0.11458333
20 0.15468750 0.36111111 0.03437500 0.11458333
11 0.23281250 0.35069444 0.04218750 0.13541667
19 0.38437500 0.34375000 0.03593750 0.13194444
17 0.46250000 0.33680556 0.03281250 0.12847222
4 0.50312500 0.34375000 0.03593750 0.13194444
18 0.53906250 0.33680556 0.03593750 0.13194444
14 0.08125000 0.51041667 0.02812500 0.11805556
13 0.11875000 0.51041667 0.03750000 0.11111111
12 0.19062500 0.50347222 0.03281250 0.12152778
24 0.23125000 0.50694444 0.03125000 0.12152778
17 0.34531250 0.49652778 0.03593750 0.12152778
4 0.38437500 0.49652778 0.03437500 0.12152778
4 0.42343750 0.49305556 0.03281250 0.12500000
18 0.50468750 0.49305556 0.03437500 0.11805556
15 0.54531250 0.48263889 0.03125000 0.12152778
4 0.58281250 0.48263889 0.03281250 0.11458333
19 0.70625000 0.47916667 0.03750000 0.12847222
5 0.08125000 0.65277778 0.03281250 0.11458333
3 0.15312500 0.65625000 0.02968750 0.11805556
8 0.38593750 0.64583333 0.03125000 0.12500000
11 0.46250000 0.64236111 0.03750000 0.13194444
4 0.50625000 0.63888889 0.03437500 0.13194444
23 0.66718750 0.62847222 0.03593750 0.13541667
18 0.75312500 0.63194444 0.03437500 0.12847222
8 0.04531250 0.80555556 0.02968750 0.11805556
5 0.07968750 0.80208333 0.03281250 0.12152778
17 0.19062500 0.80208333 0.03750000 0.13194444
4 0.22812500 0.80208333 0.03125000 0.13194444
1 0.26875000 0.80555556 0.03750000 0.12847222
4 0.30781250 0.80555556 0.03593750 0.12847222
0 0.38437500 0.79513889 0.03593750 0.13541667
18 0.46562500 0.80208333 0.03593750 0.13194444
0 0.50781250 0.79861111 0.03750000 0.13541667
22 0.55156250 0.78819444 0.03593750 0.12500000
12 0.62812500 0.78472222 0.03750000 0.12152778
4 0.66718750 0.78819444 0.03593750 0.12500000
2 0.42500000 0.94444444 0.03437500 0.11111111
14 0.46562500 0.94097222 0.03437500 0.11805556
4 0.54687500 0.93750000 0.03437500 0.12152778
18 0.92656250 0.94097222 0.03906250 0.11805556
