3 0.03437500 0.18437500 0.06718750 0.13906250
18 0.18125000 0.13281250 0.08750000 0.15625000
14 0.27187500 0.11406250 0.08593750 0.15312500
11 0.36718750 0.10781250 0.08281250 0.15312500
11 0.16875000 0.33750000 0.08593750 0.15000000
21 0.07812500 0.57500000 0.10000000 0.17656250
13 0.08281250 0.79218750 0.08750000 0.17500000
0 0.07968750 0.34687500 0.08593750 0.15000000
11 0.27187500 0.32812500 0.09375000 0.16250000
3 0.17812500 0.79531250 0.09531250 0.18750000
8 0.17968750 0.55937500 0.09843750 0.17500000
11 0.27187500 0.55156250 0.09375000 0.16250000
3 0.46250000 0.09687500 0.08593750 0.14375000
11 0.37500000 0.53125000 0.09531250 0.16250000
18 0.38125000 0.76718750 0.09843750 0.19375000
16 0.46718750 0.31562500 0.09375000 0.16718750
7 0.49218750 0.76093750 0.10468750 0.19843750
8 0.56718750 0.30156250 0.08593750 0.17656250
4 0.59218750 0.72656250 0.10468750 0.18437500
6 0.66250000 0.29218750 0.09062500 0.18125000
7 0.75312500 0.28437500 0.08593750 0.17656250
4 0.72812500 0.07500000 0.07343750 0.14843750
11 0.80937500 0.07812500 0.07187500 0.14062500
