11 0.38281250 0.13281250 0.09531250 0.14843750
14 0.47500000 0.13281250 0.09062500 0.15781250
14 0.57656250 0.12343750 0.08593750 0.16250000
16 0.08906250 0.40312500 0.08281250 0.16718750
4 0.18437500 0.38593750 0.09062500 0.18125000
4 0.30156250 0.37812500 0.10312500 0.20156250
3 0.49687500 0.35312500 0.09531250 0.17500000
0 0.58906250 0.34218750 0.08281250 0.17031250
23 0.68906250 0.32656250 0.09062500 0.17656250
17 0.77500000 0.31562500 0.08281250 0.17656250
4 0.09687500 0.63906250 0.09062500 0.17187500
11 0.20000000 0.62187500 0.09531250 0.18437500
12 0.30937500 0.59687500 0.10312500 0.17500000
14 0.42187500 0.58437500 0.10000000 0.18906250
18 0.61093750 0.54218750 0.09062500 0.16562500
18 0.21562500 0.86093750 0.08593750 0.18906250
7 0.12812500 0.86875000 0.08750000 0.17656250
6 0.04062500 0.86718750 0.07343750 0.16718750
25 0.32500000 0.84687500 0.08281250 0.18125000
3 0.43593750 0.87187500 0.10312500 0.18906250
17 0.63750000 0.76875000 0.09531250 0.18125000
0 0.72968750 0.74687500 0.08593750 0.17968750
4 0.18281250 0.16406250 0.08281250 0.17968750
