7 0.12031250 0.12500000 0.03750000 0.13541667
0 0.16875000 0.12500000 0.03437500 0.12847222
18 0.21875000 0.12152778 0.04062500 0.13194444
4 0.65156250 0.11805556 0.03281250 0.11458333
7 0.83593750 0.12500000 0.03437500 0.11805556
4 0.87968750 0.12500000 0.03593750 0.12500000
8 0.70156250 0.29861111 0.03125000 0.12500000
2 0.92656250 0.29166667 0.02812500 0.12152778
0 0.16562500 0.48263889 0.03281250 0.13541667
3 0.21562500 0.48263889 0.03906250 0.13888889
3 0.46562500 0.47916667 0.03593750 0.13194444
13 0.31562500 0.66319444 0.03906250 0.13541667
22 0.11250000 0.86805556 0.03593750 0.13888889
6 0.36406250 0.86111111 0.03750000 0.13541667
19 0.46250000 0.85416667 0.03281250 0.12500000
18 0.65781250 0.84027778 0.03125000 0.12152778
14 0.79531250 0.83333333 0.03593750 0.12847222
4 0.84062500 0.64583333 0.03593750 0.12847222
