19 0.63906250 0.22031250 0.05625000 0.14843750
13 0.70625000 0.21562500 0.05156250 0.15625000
20 0.71562500 0.40156250 0.05625000 0.14531250
0 0.65312500 0.40312500 0.05625000 0.14375000
9 0.58281250 0.21562500 0.05156250 0.14062500
6 0.75937500 0.21406250 0.05156250 0.14375000
4 0.77031250 0.40000000 0.05156250 0.14843750
7 0.59062500 0.40312500 0.05156250 0.13906250
14 0.65468750 0.58125000 0.05625000 0.14062500
2 0.59531250 0.58437500 0.05000000 0.14062500
19 0.71250000 0.57656250 0.05625000 0.14531250
16 0.77343750 0.57343750 0.05156250 0.14531250
17 0.83125000 0.56562500 0.05156250 0.14843750
17 0.89843750 0.72968750 0.05468750 0.14062500
16 0.78281250 0.74062500 0.06250000 0.14531250
9 0.84062500 0.73906250 0.05468750 0.15000000
8 0.71875000 0.74687500 0.05156250 0.14375000
1 0.65937500 0.74843750 0.05625000 0.14062500
11 0.81875000 0.21406250 0.05156250 0.16093750
13 0.95156250 0.72187500 0.05000000 0.14375000
21 0.90000000 0.90312500 0.05468750 0.14375000
4 0.95937500 0.90000000 0.05000000 0.15625000
7 0.78906250 0.91718750 0.05468750 0.15000000
2 0.72500000 0.91562500 0.05156250 0.13125000
19 0.66562500 0.92343750 0.05156250 0.13125000
12 0.60625000 0.92968750 0.05468750 0.13125000
