1 0.14843750 0.10781250 0.03906250 0.12187500
7 0.22500000 0.10781250 0.03593750 0.13515625
4 0.26250000 0.10781250 0.03281250 0.13203125
3 0.34375000 0.10078125 0.03593750 0.12500000
14 0.37812500 0.09687500 0.03437500 0.12500000
18 0.45937500 0.09687500 0.02656250 0.10781250
19 0.57656250 0.10390625 0.03125000 0.11093750
18 0.10937500 0.25000000 0.02968750 0.11093750
20 0.14375000 0.25000000 0.02812500 0.10781250
6 0.18125000 0.25000000 0.02812500 0.10781250
1 0.30000000 0.24296875 0.03125000 0.11093750
0 0.73125000 0.25703125 0.03125000 0.11093750
5 0.03750000 0.39921875 0.02500000 0.10781250
3 0.10625000 0.39921875 0.02656250 0.10781250
7 0.18125000 0.39609375 0.02812500 0.11484375
12 0.21875000 0.39609375 0.02812500 0.11093750
8 0.14375000 0.54140625 0.02812500 0.11093750
22 0.21875000 0.54531250 0.02812500 0.11093750
14 0.25468750 0.54531250 0.03125000 0.11093750
13 0.29687500 0.54140625 0.02968750 0.10781250
3 0.33750000 0.54140625 0.02812500 0.11093750
0 0.49687500 0.54531250 0.03125000 0.11484375
19 0.53593750 0.54531250 0.03125000 0.11093750
10 0.61562500 0.54843750 0.03125000 0.12500000
3 0.69687500 0.54843750 0.03125000 0.11093750
9 0.84843750 0.54843750 0.02812500 0.12187500
7 0.03593750 0.69062500 0.02656250 0.11093750
4 0.07187500 0.69062500 0.02812500 0.11093750
3 0.14062500 0.68750000 0.02812500 0.11093750
14 0.17812500 0.69453125 0.02968750 0.11484375
4 0.21562500 0.69062500 0.02968750 0.11093750
18 0.25625000 0.69453125 0.03281250 0.11093750
13 0.29375000 0.69453125 0.03125000 0.11093750
19 0.37500000 0.69765625 0.02812500 0.09687500
22 0.49687500 0.69453125 0.02968750 0.10781250
0 0.07031250 0.83671875 0.02812500 0.10781250
19 0.10625000 0.84062500 0.02656250 0.10390625
10 0.14062500 0.83671875 0.02968750 0.10078125
4 0.33281250 0.84375000 0.02656250 0.09062500
19 0.61718750 0.85078125 0.03125000 0.11093750
18 0.73750000 0.85390625 0.03281250 0.10390625
