1 0.66250000 0.52343750 0.04218750 0.08281250
3 0.70625000 0.52656250 0.04218750 0.07812500
18 0.65937500 0.61718750 0.05000000 0.09843750
8 0.60781250 0.61718750 0.04531250 0.09062500
1 0.60625000 0.84062500 0.05000000 0.10312500
4 0.66875000 0.84687500 0.05625000 0.10937500
18 0.83125000 0.73125000 0.05937500 0.10000000
17 0.90937500 0.87812500 0.05937500 0.10468750
18 0.96875000 0.87656250 0.04687500 0.10000000
19 0.84687500 0.87187500 0.06250000 0.10468750
9 0.78906250 0.86718750 0.05937500 0.11875000
