5 0.12812500 0.22500000 0.08593750 0.17968750
11 0.21562500 0.20937500 0.08750000 0.17187500
19 0.31875000 0.18437500 0.09375000 0.17500000
17 0.41562500 0.15625000 0.08750000 0.17031250
18 0.05937500 0.46406250 0.08593750 0.17500000
7 0.15468750 0.45625000 0.08750000 0.18750000
4 0.25468750 0.42500000 0.08281250 0.18750000
18 0.02656250 0.69843750 0.05000000 0.18437500
7 0.09375000 0.70000000 0.08593750 0.19218750
16 0.18281250 0.68593750 0.09375000 0.16718750
4 0.20000000 0.88437500 0.09062500 0.16718750
11 0.30000000 0.87812500 0.09375000 0.17031250
7 0.51875000 0.14375000 0.09375000 0.17187500
12 0.40312500 0.84218750 0.09531250 0.19375000
4 0.27812500 0.64375000 0.08281250 0.16093750
11 0.45000000 0.37968750 0.08125000 0.15312500
4 0.38125000 0.61562500 0.08125000 0.17031250
14 0.51093750 0.81562500 0.10468750 0.17968750
14 0.54531250 0.35625000 0.08750000 0.16718750
18 0.70000000 0.10156250 0.07343750 0.16250000
14 0.63437500 0.34062500 0.08750000 0.16718750
3 0.56406250 0.56250000 0.09531250 0.17656250
18 0.70625000 0.74687500 0.08281250 0.19375000
