3 0.25156250 0.07656250 0.03906250 0.12500000
24 0.33593750 0.07656250 0.03906250 0.12500000
4 0.38281250 0.07656250 0.03593750 0.12187500
19 0.47031250 0.07968750 0.03750000 0.12500000
0 0.51406250 0.07968750 0.03593750 0.12812500
4 0.60312500 0.07656250 0.03750000 0.11796875
12 0.69062500 0.07656250 0.04062500 0.12812500
4 0.73437500 0.07656250 0.03593750 0.12187500
5 0.82031250 0.07656250 0.03750000 0.12187500
0 0.95000000 0.09062500 0.03750000 0.12187500
5 0.11718750 0.22890625 0.03125000 0.11484375
8 0.15781250 0.23281250 0.03750000 0.11484375
21 0.20312500 0.23281250 0.03906250 0.12187500
4 0.24531250 0.23281250 0.03437500 0.12812500
12 0.33593750 0.22890625 0.03593750 0.12187500
8 0.37968750 0.23281250 0.03750000 0.12187500
11 0.42343750 0.23984375 0.03750000 0.13203125
4 0.46875000 0.23593750 0.03750000 0.13203125
5 0.55781250 0.24296875 0.03906250 0.14218750
2 0.69375000 0.23984375 0.03593750 0.12812500
0 0.73906250 0.23984375 0.03593750 0.12812500
15 0.78437500 0.24296875 0.03750000 0.13203125
4 0.82812500 0.24296875 0.03906250 0.12812500
2 0.95937500 0.23984375 0.03437500 0.12187500
5 0.11250000 0.39609375 0.03125000 0.11484375
1 0.24218750 0.38906250 0.03593750 0.12812500
1 0.28437500 0.39218750 0.03593750 0.12500000
14 0.37656250 0.39609375 0.03593750 0.11796875
13 0.42343750 0.39609375 0.03593750 0.12187500
11 0.55937500 0.39609375 0.03593750 0.12500000
8 0.60468750 0.39609375 0.03593750 0.12812500
19 0.69843750 0.39921875 0.03593750 0.13203125
18 0.88125000 0.40312500 0.03750000 0.12500000
20 0.92656250 0.40312500 0.03906250 0.13203125
17 0.18750000 0.55937500 0.03437500 0.13203125
4 0.23437500 0.55937500 0.03750000 0.12812500
2 0.28281250 0.55937500 0.04062500 0.13203125
14 0.32656250 0.56250000 0.03750000 0.13203125
17 0.37500000 0.56562500 0.03593750 0.12812500
3 0.42031250 0.56562500 0.04062500 0.12187500
0 0.55937500 0.55937500 0.03906250 0.13203125
13 0.60625000 0.56250000 0.03437500 0.12812500
18 0.18281250 0.73593750 0.03593750 0.12812500
8 0.22968750 0.73984375 0.03750000 0.12812500
4 0.37187500 0.73593750 0.03593750 0.13203125
24 0.22187500 0.91640625 0.03750000 0.13515625
4 0.27031250 0.91328125 0.03593750 0.13203125
18 0.36875000 0.91640625 0.03750000 0.13203125
4 0.41562500 0.91640625 0.03593750 0.13515625
4 0.46250000 0.91640625 0.03906250 0.13203125
7 0.56093750 0.91640625 0.03593750 0.13203125
4 0.60937500 0.92031250 0.03437500 0.12812500
2 0.70937500 0.91640625 0.03593750 0.12812500
3 0.75781250 0.92343750 0.03750000 0.12812500
13 0.85312500 0.92734375 0.03750000 0.13906250
8 0.90000000 0.92734375 0.03750000 0.14218750
21 0.94687500 0.92734375 0.04062500 0.14218750
