2 0.16250000 0.07968750 0.03437500 0.11875000
19 0.25625000 0.08671875 0.03906250 0.11562500
24 0.34687500 0.09687500 0.03437500 0.12187500
4 0.39062500 0.10390625 0.03593750 0.11093750
13 0.47812500 0.11093750 0.03593750 0.11406250
15 0.77031250 0.12812500 0.03593750 0.11562500
4 0.72812500 0.12812500 0.03437500 0.11562500
4 0.68593750 0.12812500 0.03125000 0.12187500
18 0.93593750 0.13515625 0.03593750 0.11093750
14 0.93437500 0.29531250 0.03437500 0.11562500
20 0.68437500 0.44453125 0.03437500 0.11093750
11 0.72812500 0.44062500 0.03593750 0.11562500
14 0.97656250 0.45156250 0.03437500 0.11093750
9 0.93593750 0.45156250 0.03281250 0.11406250
0 0.20156250 0.59062500 0.03437500 0.11718750
22 0.47500000 0.59375000 0.03593750 0.11875000
17 0.51718750 0.59687500 0.03437500 0.11406250
6 0.64375000 0.59687500 0.03281250 0.11406250
0 0.20312500 0.76015625 0.03906250 0.11562500
11 0.24843750 0.76015625 0.03437500 0.11875000
6 0.51718750 0.75703125 0.03281250 0.11718750
19 0.68437500 0.75703125 0.03437500 0.11093750
0 0.76718750 0.75703125 0.03437500 0.11406250
19 0.97343750 0.76015625 0.03437500 0.11093750
4 0.64218750 0.92031250 0.03437500 0.12500000
