11 0.10156250 0.56562500 0.11250000 0.20781250
13 0.24531250 0.88281250 0.11250000 0.23437500
0 0.11562500 0.88750000 0.12500000 0.22500000
14 0.24218750 0.55468750 0.12187500 0.22500000
18 0.25937500 0.25625000 0.11875000 0.21093750
7 0.38750000 0.25781250 0.10468750 0.20625000
14 0.39531250 0.53125000 0.11875000 0.21875000
3 0.40000000 0.85781250 0.12500000 0.24687500
10 0.53750000 0.51250000 0.11406250 0.21875000
4 0.51562500 0.25156250 0.10312500 0.19843750
4 0.65468750 0.51093750 0.11406250 0.23437500
6 0.67656250 0.80468750 0.10937500 0.25000000
3 0.76718750 0.49375000 0.09843750 0.22968750
0 0.81562500 0.78906250 0.12187500 0.23437500
