17 0.22656250 0.10069444 0.03125000 0.11111111
4 0.35312500 0.12152778 0.03281250 0.11458333
13 0.05781250 0.24305556 0.03281250 0.10763889
17 0.26718750 0.25694444 0.03437500 0.11111111
4 0.30937500 0.26041667 0.03281250 0.10763889
4 0.35156250 0.26041667 0.03125000 0.10763889
3 0.47187500 0.27430556 0.03125000 0.10763889
18 0.51250000 0.27777778 0.03125000 0.10763889
3 0.66875000 0.28472222 0.02812500 0.10069444
24 0.74531250 0.29513889 0.03125000 0.10763889
11 0.13750000 0.40277778 0.03125000 0.11111111
7 0.30937500 0.41319444 0.03281250 0.11458333
4 0.34843750 0.41666667 0.03281250 0.11111111
19 0.51093750 0.42708333 0.02968750 0.10763889
3 0.13593750 0.55555556 0.03125000 0.11111111
8 0.17812500 0.55555556 0.03125000 0.10763889
18 0.22031250 0.56250000 0.03437500 0.11111111
10 0.26250000 0.56597222 0.03281250 0.11111111
14 0.30312500 0.56597222 0.03281250 0.11111111
17 0.38750000 0.56944444 0.03281250 0.11111111
4 0.42812500 0.57291667 0.02812500 0.10763889
19 0.46875000 0.57638889 0.03281250 0.10416667
14 0.50937500 0.57291667 0.03125000 0.10416667
17 0.54843750 0.57638889 0.02968750 0.10763889
19 0.58750000 0.57986111 0.03125000 0.10763889
4 0.13125000 0.72222222 0.03281250 0.12152778
23 0.25781250 0.72222222 0.03281250 0.11458333
19 0.50625000 0.72916667 0.03125000 0.10763889
24 0.58593750 0.73263889 0.02968750 0.10763889
18 0.70625000 0.73958333 0.02812500 0.10069444
11 0.82500000 0.74305556 0.03281250 0.10763889
11 0.86406250 0.74305556 0.03437500 0.10763889
19 0.04218750 0.86805556 0.02968750 0.11458333
4 0.17031250 0.87500000 0.03281250 0.11805556
14 0.29687500 0.87847222 0.03437500 0.11111111
0 0.46406250 0.88541667 0.03593750 0.12500000
10 0.54375000 0.88541667 0.03281250 0.11458333
