20 0.05468750 0.07968750 0.02656250 0.10156250
3 0.22656250 0.09062500 0.02968750 0.11562500
13 0.30000000 0.09375000 0.03125000 0.11093750
2 0.44375000 0.11484375 0.02812500 0.10468750
7 0.61406250 0.14218750 0.02500000 0.10468750
24 0.01875000 0.21562500 0.02343750 0.10156250
15 0.47500000 0.25000000 0.02968750 0.10156250
19 0.22187500 0.35781250 0.02656250 0.09687500
5 0.50937500 0.38515625 0.02656250 0.09375000
19 0.61093750 0.39609375 0.02656250 0.09375000
15 0.04843750 0.47578125 0.02656250 0.09375000
3 0.54218750 0.51718750 0.02812500 0.09687500
0 0.16406250 0.48593750 0.02500000 0.09375000
3 0.77031250 0.53828125 0.02500000 0.09062500
13 0.80000000 0.53828125 0.02656250 0.09375000
19 0.85468750 0.54531250 0.02343750 0.08750000
20 0.14843750 0.62187500 0.02968750 0.10468750
18 0.29062500 0.63203125 0.02812500 0.10468750
14 0.39687500 0.63906250 0.02656250 0.09375000
4 0.53906250 0.64921875 0.02812500 0.10156250
