0 0.19096144 0.48217228 0.09541699 0.06732084
1 0.29516060 0.47958385 0.09589170 0.06964814
2 0.38985065 0.48296907 0.08882738 0.06958082
3 0.49759905 0.48337746 0.08391640 0.07266553
4 0.61227873 0.48568823 0.08779845 0.07009800
5 0.72633476 0.47491205 0.09367954 0.06980416
6 0.83541139 0.47312220 0.10891452 0.06571189
7 0.14331988 0.57854512 0.12057108 0.07944497
9 0.37615498 0.57589565 0.10206831 0.08012731
8 0.25954143 0.57482240 0.11800009 0.08799031
10 0.49928836 0.57560180 0.09211418 0.08064953
11 0.61732795 0.56948341 0.09897914 0.08224708
12 0.73849453 0.56773658 0.10891832 0.08030615
13 0.86876722 0.56933267 0.12309504 0.07672756
14 0.09200006 0.70979902 0.13085032 0.10738681
15 0.23157375 0.70356035 0.12648866 0.10186406
16 0.36449454 0.70294495 0.11449404 0.10064560
17 0.50729662 0.70358426 0.10795154 0.10192424
18 0.64316044 0.70493890 0.11856041 0.10514473
19 0.78490214 0.70823673 0.13280183 0.10509455
20 0.91257012 0.70979828 0.13934455 0.10840954
21 0.16744633 0.86106965 0.15156830 0.13356873
22 0.30649282 0.85989314 0.14148193 0.13193235
23 0.45645887 0.86220261 0.12539823 0.13375619
24 0.61310026 0.85744314 0.13001071 0.13418237
25 0.76025030 0.86061286 0.15865604 0.14031875
