0 0.86425800 0.04832800 0.02148400 0.02252900
8 0.89160200 0.04869200 0.02343800 0.02325600
13 0.12988300 0.09629400 0.02148400 0.02252900
14 0.15625000 0.09484000 0.02148400 0.02252900
20 0.21093800 0.09266000 0.02148400 0.02252900
22 0.23828100 0.09120600 0.02148400 0.02252900
8 0.26611300 0.09084300 0.02050800 0.02180200
3 0.29394500 0.09011600 0.02148400 0.02180200
4 0.32177700 0.08939000 0.02050800 0.02180200
22 0.34863300 0.08902600 0.02148400 0.02252900
20 0.40332000 0.08829900 0.02148400 0.02252900
18 0.43066400 0.08757300 0.02148400 0.02252900
0 0.45898400 0.08684600 0.02148400 0.02252900
16 0.48535200 0.08648300 0.02148400 0.02180200
0 0.51123000 0.08611900 0.02050800 0.02252900
0 0.15771500 0.15988400 0.02050800 0.02325600
0 0.23974600 0.15843000 0.02050800 0.02325600
0 0.32324200 0.15552300 0.02148400 0.02325600
25 0.13183600 0.22928800 0.02148400 0.02398300
22 0.15820300 0.22856100 0.02148400 0.02398300
4 0.18652300 0.22783400 0.02148400 0.02398300
17 0.21386700 0.22674400 0.02148400 0.02470900
8 0.24121100 0.22565400 0.02148400 0.02398300
3 0.29687500 0.22420100 0.02148400 0.02398300
0 0.32421900 0.22383700 0.02148400 0.02470900
11 0.35107400 0.22311000 0.02246100 0.02470900
8 0.37939500 0.22311000 0.02246100 0.02470900
18 0.43603500 0.22238400 0.02246100 0.02470900
19 0.46337900 0.22238400 0.02246100 0.02470900
17 0.49121100 0.22129400 0.02343800 0.02543600
4 0.51855500 0.22056700 0.02343800 0.02543600
10 0.54443400 0.22020300 0.02246100 0.02470900
14 0.57177700 0.21984000 0.02246100 0.02543600
16 0.59912100 0.21911300 0.02246100 0.02543600
0 0.62695300 0.21802300 0.02148400 0.02470900
0 0.15918000 0.29651200 0.02148400 0.02470900
0 0.24316400 0.29433100 0.02148400 0.02470900
0 0.32617200 0.29396800 0.02148400 0.02398300
15 0.13378900 0.36482600 0.02148400 0.02470900
14 0.16064500 0.36482600 0.02050800 0.02470900
11 0.21679700 0.36409900 0.02148400 0.02470900
4 0.24511700 0.36409900 0.02148400 0.02470900
18 0.27246100 0.36373500 0.02148400 0.02398300
0 0.30078100 0.36264500 0.02148400 0.02470900
12 0.32910200 0.36191900 0.02148400 0.02470900
15 0.38378900 0.36082800 0.02148400 0.02543600
14 0.41308600 0.36046500 0.02148400 0.02470900
15 0.46777300 0.35973800 0.02148400 0.02616300
14 0.49560500 0.35901200 0.02246100 0.02616300
11 0.52246100 0.35828500 0.02148400 0.02616300
12 0.57666000 0.35719500 0.02246100 0.02543600
17 0.63183600 0.35574100 0.02148400 0.02543600
0 0.65966800 0.35501500 0.02246100 0.02543600
25 0.68798800 0.35392400 0.02246100 0.02470900
1 0.71728500 0.35319800 0.02246100 0.02470900
4 0.74560500 0.35210800 0.02246100 0.02543600
9 0.77197300 0.35138100 0.02246100 0.02543600
0 0.80029300 0.35065400 0.02246100 0.02543600
11 0.82812500 0.34992700 0.02343800 0.02543600
8 0.85546900 0.34920100 0.02343800 0.02543600
18 0.88427700 0.34847400 0.02246100 0.02543600
19 0.13476600 0.43459300 0.02148400 0.02470900
0 0.16259800 0.43386600 0.02246100 0.02470900
17 0.19091800 0.43386600 0.02246100 0.02470900
0 0.22021500 0.43314000 0.02246100 0.02470900
10 0.24755900 0.43314000 0.02246100 0.02470900
0 0.27587900 0.43241300 0.02246100 0.02470900
13 0.30371100 0.43168600 0.02148400 0.02470900
8 0.35937500 0.43023300 0.02148400 0.02470900
7 0.38769500 0.42986900 0.02148400 0.02543600
20 0.44335900 0.42914200 0.02148400 0.02543600
18 0.47070300 0.42877900 0.02148400 0.02616300
14 0.49804700 0.42841600 0.02148400 0.02543600
22 0.52539100 0.42805200 0.02148400 0.02616300
8 0.58007800 0.42623500 0.02343800 0.02543600
18 0.60742200 0.42514500 0.02148400 0.02470900
15 0.63574200 0.42441900 0.02148400 0.02470900
20 0.66357400 0.42369200 0.02050800 0.02470900
6 0.69043000 0.42296500 0.02148400 0.02470900
0 0.71972700 0.42223800 0.02148400 0.02470900
11 0.74804700 0.42114800 0.02148400 0.02398300
8 0.77539100 0.42078500 0.02148400 0.02470900
18 0.80371100 0.42042200 0.02148400 0.02398300
8 0.13623000 0.50363400 0.02246100 0.02470900
22 0.19238300 0.50290700 0.02148400 0.02470900
18 0.22119100 0.50290700 0.02246100 0.02470900
10 0.24951200 0.50218000 0.02246100 0.02470900
17 0.27734400 0.50218000 0.02148400 0.02470900
8 0.30566400 0.50145300 0.02148400 0.02470900
16 0.33300800 0.50036300 0.02148400 0.02398300
0 0.36132800 0.49963700 0.02148400 0.02398300
11 0.38964800 0.49963700 0.02148400 0.02398300
6 0.44531200 0.49673000 0.02148400 0.02252900
8 0.47265600 0.49673000 0.02148400 0.02252900
15 0.50000000 0.49673000 0.02148400 0.02252900
15 0.52734400 0.49636600 0.02148400 0.02325600
14 0.55371100 0.49636600 0.02148400 0.02325600
15 0.58154300 0.49600300 0.02050800 0.02252900
14 0.60888700 0.49564000 0.02050800 0.02325600
19 0.63818400 0.49564000 0.02050800 0.02325600
0 0.66601600 0.49345900 0.02148400 0.02325600
12 0.69433600 0.49236900 0.02148400 0.02398300
16 0.16455100 0.57449100 0.02246100 0.02543600
19 0.19287100 0.57376500 0.02246100 0.02543600
14 0.22119100 0.57303800 0.02246100 0.02543600
25 0.27880900 0.57158400 0.02246100 0.02543600
0 0.30712900 0.57085800 0.02246100 0.02543600
18 0.36279300 0.56940400 0.02246100 0.02543600
19 0.39160200 0.56867700 0.02148400 0.02543600
3 0.44824200 0.56758700 0.02148400 0.02470900
16 0.50293000 0.56649700 0.02148400 0.02543600
19 0.53027300 0.56577000 0.02148400 0.02543600
14 0.55664100 0.56504400 0.02148400 0.02543600
25 0.61279300 0.56359000 0.02246100 0.02543600
0 0.64062500 0.56395300 0.02148400 0.02470900
18 0.69921900 0.56213700 0.02148400 0.02543600
17 0.72705100 0.56141000 0.02246100 0.02543600
0 0.75585900 0.56068300 0.02148400 0.02543600
12 0.78418000 0.56032000 0.02148400 0.02470900
1 0.22314500 0.64353200 0.02246100 0.02398300
10 0.27978500 0.64171500 0.02246100 0.02470900
8 0.30908200 0.64098800 0.02246100 0.02470900
8 0.36572300 0.63953500 0.02246100 0.02470900
13 0.42138700 0.63808100 0.02246100 0.02470900
14 0.44970700 0.63735500 0.02050800 0.02470900
18 0.47851600 0.63662800 0.02148400 0.02470900
14 0.50585900 0.63626500 0.02148400 0.02398300
17 0.53271500 0.63590100 0.02050800 0.02470900
14 0.56005900 0.63517400 0.02050800 0.02470900
6 0.58886700 0.63517400 0.02148400 0.02470900
8 0.61718800 0.63481100 0.02148400 0.02398300
22 0.13769500 0.71802300 0.02148400 0.02470900
7 0.19433600 0.71693300 0.02148400 0.02543600
14 0.22314500 0.71657000 0.02246100 0.02470900
3 0.25195300 0.71584300 0.02148400 0.02470900
8 0.28027300 0.71548000 0.02148400 0.02543600
19 0.30957000 0.71475300 0.02148400 0.02543600
4 0.33789100 0.71366300 0.02148400 0.02470900
8 0.39502000 0.71257300 0.02246100 0.02543600
25 0.42334000 0.71111900 0.02246100 0.02543600
1 0.48095700 0.71002900 0.02246100 0.02616300
4 0.50830100 0.70930200 0.02246100 0.02616300
17 0.53564500 0.70893900 0.02246100 0.02689000
11 0.56298800 0.70857600 0.02246100 0.02616300
14 0.59130900 0.70821200 0.02246100 0.02689000
6 0.62060500 0.70784900 0.02246100 0.02616300
8 0.64990200 0.70639500 0.02246100 0.02616300
8 0.13720700 0.79106100 0.02246100 0.02252900
22 0.19531200 0.78997100 0.02148400 0.02325600
17 0.22460900 0.78924400 0.02148400 0.02325600
0 0.25293000 0.78924400 0.02148400 0.02325600
6 0.28125000 0.78888100 0.02148400 0.02398300
0 0.31005900 0.78851700 0.02246100 0.02325600
13 0.13916000 0.86446200 0.02246100 0.02543600
0 0.16650400 0.86555200 0.02246100 0.02470900
17 0.22509800 0.86409900 0.02246100 0.02470900
14 0.25439500 0.86337200 0.02246100 0.02470900
6 0.28271500 0.86228200 0.02246100 0.02398300
0 0.31103500 0.86155500 0.02246100 0.02398300
