11 0.07500000 0.53906250 0.14375000 0.24687500
18 0.10781250 0.21875000 0.12968750 0.22968750
23 0.25312500 0.17968750 0.11875000 0.22812500
14 0.41875000 0.48750000 0.13125000 0.25156250
20 0.56562500 0.47187500 0.11875000 0.22500000
5 0.41875000 0.86250000 0.13125000 0.27500000
14 0.58750000 0.83750000 0.13437500 0.28750000
16 0.73750000 0.79375000 0.13437500 0.27031250
4 0.69218750 0.44687500 0.11250000 0.22968750
10 0.65937500 0.17500000 0.10000000 0.20625000
16 0.82343750 0.42968750 0.11406250 0.22968750
4 0.76562500 0.17968750 0.09531250 0.19218750
23 0.86406250 0.18593750 0.10000000 0.16718750
