13 0.20625000 0.09027778 0.02968750 0.09722222
4 0.24531250 0.09027778 0.02812500 0.09722222
1 0.35625000 0.08680556 0.02656250 0.09027778
17 0.43125000 0.10069444 0.02812500 0.09375000
18 0.47031250 0.10069444 0.02812500 0.09722222
13 0.61718750 0.10763889 0.02812500 0.09722222
24 0.72500000 0.12152778 0.02968750 0.10069444
2 0.05312500 0.22916667 0.02968750 0.09722222
15 0.12656250 0.22569444 0.02968750 0.09722222
3 0.35468750 0.23263889 0.02812500 0.09375000
14 0.43125000 0.23263889 0.02968750 0.10069444
11 0.79687500 0.25694444 0.02500000 0.09027778
8 0.76250000 0.25694444 0.02500000 0.09375000
3 0.19531250 0.51041667 0.02968750 0.10763889
1 0.46875000 0.51388889 0.02812500 0.10416667
17 0.50625000 0.51388889 0.02968750 0.10416667
4 0.65937500 0.51736111 0.02812500 0.09375000
4 0.19062500 0.65972222 0.03125000 0.11805556
24 0.22968750 0.65972222 0.02968750 0.11458333
4 0.26875000 0.65625000 0.02968750 0.11111111
3 0.87500000 0.67013889 0.02656250 0.10069444
6 0.90625000 0.67013889 0.02812500 0.09722222
