11 0.18593750 0.60625000 0.09062500 0.14375000
19 0.28593750 0.57031250 0.10312500 0.15000000
4 0.37968750 0.54375000 0.09062500 0.15312500
25 0.48125000 0.50781250 0.08125000 0.13906250
1 0.09843750 0.62500000 0.07812500 0.14843750
3 0.22656250 0.79687500 0.08750000 0.15781250
14 0.31875000 0.77187500 0.08593750 0.15312500
21 0.42343750 0.72187500 0.08281250 0.17187500
13 0.50156250 0.69843750 0.08281250 0.16718750
18 0.62343750 0.86406250 0.08281250 0.16250000
7 0.70312500 0.83125000 0.07812500 0.15625000
16 0.46093750 0.92343750 0.08125000 0.15312500
12 0.07500000 0.82500000 0.07343750 0.13125000
12 0.22343750 0.16406250 0.07343750 0.14843750
0 0.31718750 0.15000000 0.07656250 0.15312500
3 0.41406250 0.12187500 0.08281250 0.15781250
18 0.66718750 0.64375000 0.08593750 0.14062500
15 0.73593750 0.05781250 0.06875000 0.11250000
19 0.66406250 0.06093750 0.09062500 0.12187500
4 0.49687500 0.10312500 0.08125000 0.15625000
