8 0.09687500 0.06250000 0.02968750 0.11111111
12 0.13593750 0.06597222 0.03281250 0.11111111
15 0.17656250 0.06597222 0.03437500 0.11458333
17 0.50156250 0.06944444 0.02968750 0.11111111
14 0.09531250 0.21527778 0.03125000 0.10763889
11 0.13593750 0.21527778 0.03125000 0.11111111
4 0.17812500 0.21180556 0.03281250 0.11111111
13 0.30000000 0.21527778 0.03281250 0.11111111
4 0.33906250 0.21527778 0.03281250 0.11458333
22 0.38125000 0.21875000 0.03125000 0.11458333
24 0.50156250 0.22222222 0.03125000 0.11111111
14 0.54062500 0.22222222 0.03125000 0.11458333
17 0.58125000 0.22222222 0.02968750 0.11458333
10 0.62343750 0.22222222 0.03281250 0.11111111
15 0.70156250 0.22222222 0.03437500 0.11805556
0 0.74062500 0.22222222 0.02812500 0.11458333
15 0.78125000 0.22222222 0.03125000 0.11805556
23 0.26093750 0.36805556 0.03437500 0.11458333
18 0.34062500 0.36805556 0.03125000 0.11111111
11 0.46406250 0.37152778 0.03281250 0.11458333
12 0.66093750 0.37152778 0.03125000 0.11111111
14 0.70000000 0.36805556 0.03125000 0.11458333
19 0.77968750 0.37152778 0.02812500 0.10763889
5 0.09687500 0.52430556 0.03437500 0.12152778
4 0.13750000 0.52430556 0.03281250 0.12152778
4 0.17656250 0.52430556 0.03281250 0.11805556
11 0.21875000 0.52430556 0.03281250 0.11111111
18 0.34218750 0.52083333 0.03281250 0.11458333
18 0.57968750 0.52430556 0.03281250 0.11458333
10 0.62031250 0.52083333 0.02968750 0.11111111
8 0.65937500 0.52083333 0.03125000 0.11805556
2 0.25937500 0.67361111 0.03281250 0.12152778
19 0.34218750 0.67361111 0.03125000 0.11458333
18 0.42187500 0.67361111 0.02968750 0.11458333
20 0.58125000 0.67013889 0.03125000 0.11111111
19 0.62187500 0.66666667 0.02812500 0.11111111
0 0.81875000 0.67013889 0.02812500 0.10763889
2 0.17812500 0.82986111 0.03281250 0.11458333
12 0.25937500 0.82638889 0.03281250 0.11111111
14 0.62031250 0.82291667 0.03125000 0.11111111
10 0.70312500 0.82291667 0.03437500 0.10763889
0 0.78125000 0.81944444 0.03437500 0.10416667
