24 0.20312500 0.11796875 0.03437500 0.12500000
18 0.24375000 0.12187500 0.03750000 0.12500000
0 0.33125000 0.11796875 0.03281250 0.12500000
4 0.46250000 0.11484375 0.03750000 0.13515625
19 0.67812500 0.11796875 0.03593750 0.12500000
17 0.72031250 0.11796875 0.04062500 0.13203125
14 0.63593750 0.27812500 0.03750000 0.11796875
11 0.59218750 0.27421875 0.03750000 0.12187500
15 0.33125000 0.27109375 0.03750000 0.13515625
12 0.29062500 0.27421875 0.03750000 0.12500000
20 0.24531250 0.27812500 0.03906250 0.12187500
8 0.20156250 0.27812500 0.03437500 0.13906250
17 0.16093750 0.27812500 0.03593750 0.12500000
19 0.12187500 0.27812500 0.03906250 0.14609375
0 0.12031250 0.44062500 0.03750000 0.12812500
11 0.20312500 0.44062500 0.03906250 0.12500000
1 0.37343750 0.44453125 0.03437500 0.12500000
20 0.46093750 0.44453125 0.03125000 0.12500000
19 0.50468750 0.44062500 0.03281250 0.13203125
8 0.54687500 0.44453125 0.03437500 0.12812500
11 0.63281250 0.43750000 0.03437500 0.11484375
18 0.80781250 0.43750000 0.03281250 0.12500000
4 0.76718750 0.60078125 0.03593750 0.12500000
8 0.72187500 0.60078125 0.03125000 0.12812500
2 0.59062500 0.60390625 0.03437500 0.13203125
19 0.37656250 0.60078125 0.03750000 0.12500000
5 0.29062500 0.60390625 0.03281250 0.12812500
14 0.20312500 0.60390625 0.03906250 0.13203125
2 0.16250000 0.60390625 0.03593750 0.13203125
