21 0.03593750 0.06953125 0.03437500 0.11093750
14 0.07500000 0.06562500 0.03281250 0.11484375
4 0.20312500 0.05937500 0.03593750 0.11484375
0 0.33437500 0.05546875 0.03281250 0.10781250
4 0.37812500 0.06250000 0.03437500 0.11093750
6 0.86093750 0.06953125 0.03437500 0.12187500
0 0.03593750 0.23281250 0.03593750 0.12500000
1 0.07656250 0.23281250 0.03593750 0.12500000
13 0.42500000 0.22890625 0.03750000 0.12500000
4 0.51250000 0.22578125 0.03593750 0.12500000
10 0.61875000 0.22578125 0.03906250 0.12500000
13 0.90468750 0.22890625 0.03593750 0.11796875
20 0.73125000 0.22890625 0.03281250 0.12187500
24 0.24687500 0.39218750 0.03437500 0.11796875
7 0.33593750 0.38906250 0.03750000 0.11796875
5 0.42343750 0.39218750 0.03437500 0.11796875
3 0.51250000 0.39218750 0.03437500 0.11484375
18 0.68593750 0.39218750 0.03750000 0.11484375
14 0.73125000 0.39218750 0.03593750 0.11484375
13 0.77500000 0.39218750 0.03593750 0.11484375
2 0.94843750 0.38906250 0.03437500 0.10390625
4 0.15781250 0.55546875 0.03437500 0.12500000
4 0.20000000 0.55546875 0.03593750 0.12500000
0 0.42656250 0.54843750 0.03906250 0.11484375
21 0.51250000 0.55234375 0.03906250 0.12500000
11 0.90781250 0.55234375 0.03750000 0.12812500
6 0.20156250 0.72187500 0.03437500 0.12187500
19 0.29062500 0.71875000 0.03281250 0.12187500
0 0.46875000 0.71562500 0.03593750 0.11796875
14 0.55625000 0.72187500 0.03750000 0.12500000
13 0.59843750 0.71875000 0.03593750 0.12500000
1 0.73125000 0.72187500 0.03437500 0.12187500
14 0.77656250 0.72187500 0.03125000 0.12500000
3 0.86406250 0.71875000 0.03593750 0.12187500
1 0.03593750 0.88906250 0.03750000 0.13515625
8 0.29062500 0.88906250 0.03437500 0.12500000
20 0.51250000 0.88515625 0.03906250 0.11796875
21 0.59843750 0.88515625 0.03750000 0.12500000
