5 0.05000000 0.26875000 0.08750000 0.17968750
11 0.14375000 0.23125000 0.08750000 0.17500000
19 0.23125000 0.21093750 0.09375000 0.17500000
17 0.33281250 0.18437500 0.08750000 0.17031250
7 0.07343750 0.48750000 0.08750000 0.18750000
4 0.16406250 0.45625000 0.09062500 0.18125000
16 0.10781250 0.69687500 0.09375000 0.16718750
4 0.12187500 0.89843750 0.07812500 0.15312500
11 0.21093750 0.89531250 0.09375000 0.17031250
7 0.42968750 0.15937500 0.09375000 0.17187500
12 0.31562500 0.87656250 0.09531250 0.19375000
4 0.19218750 0.66093750 0.08281250 0.16093750
11 0.36718750 0.39843750 0.09062500 0.15625000
4 0.29218750 0.63750000 0.09375000 0.17187500
14 0.41875000 0.84687500 0.10468750 0.17968750
14 0.46093750 0.38281250 0.08750000 0.16718750
18 0.61875000 0.11250000 0.07343750 0.16250000
14 0.54843750 0.36093750 0.09062500 0.16718750
3 0.48125000 0.57812500 0.09843750 0.17656250
18 0.62187500 0.76875000 0.08281250 0.19375000
14 0.71093750 0.74687500 0.09531250 0.17500000
23 0.67656250 0.52187500 0.09531250 0.17500000
0 0.57968750 0.55781250 0.07812500 0.16250000
