0 0.89941400 0.03670100 0.02148400 0.02398300
0 0.92822300 0.03597400 0.02246100 0.02398300
13 0.14013700 0.07812500 0.02246100 0.02398300
4 0.16845700 0.07703500 0.02246100 0.02470900
12 0.22802700 0.07521800 0.02246100 0.02398300
14 0.25634800 0.07412800 0.02246100 0.02470900
6 0.28613300 0.07449100 0.02343800 0.02543600
20 0.31640600 0.07449100 0.02343800 0.02543600
22 0.37597700 0.07376500 0.02343800 0.02543600
0 0.40625000 0.07376500 0.02343800 0.02543600
12 0.43554700 0.07376500 0.02343800 0.02543600
18 0.49462900 0.07303800 0.02246100 0.02543600
10 0.52441400 0.07267400 0.02343800 0.02616300
0 0.55273400 0.07231100 0.02343800 0.02543600
25 0.58203100 0.07231100 0.02343800 0.02543600
0 0.61084000 0.07194800 0.02246100 0.02470900
19 0.63964800 0.07194800 0.02343800 0.02616300
15 0.10937500 0.14861900 0.02343800 0.02543600
14 0.13964800 0.14825600 0.02343800 0.02616300
25 0.16894500 0.14789200 0.02343800 0.02543600
22 0.19775400 0.14716600 0.02246100 0.02543600
14 0.22753900 0.14716600 0.02343800 0.02543600
13 0.25781200 0.14680200 0.02343800 0.02470900
8 0.28710900 0.14643900 0.02343800 0.02543600
19 0.31738300 0.14571200 0.02343800 0.02543600
4 0.34765600 0.14534900 0.02343800 0.02470900
15 0.40771500 0.14462200 0.02246100 0.02470900
14 0.43750000 0.14462200 0.02343800 0.02470900
13 0.49658200 0.14389500 0.02246100 0.02470900
14 0.52490200 0.14353200 0.02246100 0.02398300
12 0.55322300 0.14353200 0.02246100 0.02398300
4 0.58349600 0.14389500 0.02246100 0.02470900
17 0.61181600 0.14316900 0.02246100 0.02470900
20 0.64257800 0.14316900 0.02343800 0.02470900
18 0.70166000 0.14244200 0.02246100 0.02470900
19 0.73144500 0.14171500 0.02343800 0.02470900
14 0.76123000 0.14171500 0.02246100 0.02470900
3 0.58447300 0.21584300 0.02050800 0.02180200
22 0.61377000 0.21511600 0.02050800 0.02180200
0 0.64209000 0.21439000 0.02050800 0.02180200
3 0.67627000 0.21366300 0.02050800 0.02180200
2 0.70654300 0.21366300 0.02050800 0.02180200
0 0.73486300 0.21257300 0.02246100 0.02398300
19 0.76269500 0.21257300 0.02148400 0.02398300
15 0.85205100 0.21257300 0.02246100 0.02398300
19 0.91162100 0.21220900 0.02246100 0.02616300
19 0.16796900 0.29360500 0.02343800 0.02616300
17 0.19775400 0.29215100 0.02246100 0.02470900
8 0.22802700 0.29215100 0.02246100 0.02470900
13 0.28759800 0.29215100 0.02246100 0.02470900
14 0.31787100 0.29215100 0.02246100 0.02470900
16 0.34814500 0.29215100 0.02246100 0.02470900
8 0.37939500 0.29215100 0.02246100 0.02470900
13 0.43945300 0.29069800 0.02343800 0.02616300
4 0.46972700 0.29069800 0.02343800 0.02616300
18 0.52783200 0.28997100 0.02441400 0.02616300
15 0.55615200 0.29069800 0.02441400 0.02761600
0 0.58642600 0.29033400 0.02441400 0.02689000
11 0.61523400 0.28924400 0.02343800 0.02616300
20 0.16796900 0.36809600 0.02343800 0.02689000
18 0.19824200 0.36773300 0.02343800 0.02616300
19 0.22851600 0.36700600 0.02343800 0.02616300
0 0.25878900 0.36700600 0.02343800 0.02616300
11 0.28808600 0.36627900 0.02343800 0.02616300
12 0.10742200 0.44258700 0.02343800 0.02616300
13 0.13671900 0.44222400 0.02343800 0.02543600
4 0.16796900 0.44222400 0.02343800 0.02543600
1 0.22851600 0.44186000 0.02343800 0.02616300
25 0.31933600 0.44149700 0.02343800 0.02543600
0 0.35058600 0.44113400 0.02343800 0.02616300
18 0.37988300 0.44113400 0.02343800 0.02616300
13 0.41015600 0.44040700 0.02343800 0.02616300
20 0.43945300 0.44004400 0.02343800 0.02689000
19 0.47070300 0.43931700 0.02343800 0.02689000
14 0.10693400 0.51816900 0.02441400 0.02616300
19 0.13623000 0.51816900 0.02441400 0.02616300
3 0.16748000 0.51744200 0.02441400 0.02616300
14 0.19824200 0.51671500 0.02343800 0.02616300
7 0.22900400 0.51598800 0.02441400 0.02616300
13 0.25976600 0.51526200 0.02343800 0.02616300
20 0.29003900 0.51671500 0.02343800 0.02616300
19 0.31982400 0.51598800 0.02441400 0.02616300
13 0.10644500 0.59484000 0.02343800 0.02689000
14 0.13720700 0.59520300 0.02441400 0.02761600
19 0.19726600 0.59302300 0.02343800 0.02761600
14 0.22851600 0.59302300 0.02343800 0.02761600
11 0.25878900 0.59229700 0.02343800 0.02761600
10 0.32080100 0.59157000 0.02441400 0.02761600
14 0.35058600 0.59157000 0.02343800 0.02761600
11 0.47265600 0.58939000 0.02343800 0.02616300
6 0.53222700 0.58902600 0.02343800 0.02689000
25 0.10546900 0.67151200 0.02343800 0.02616300
22 0.13574200 0.67114800 0.02343800 0.02689000
14 0.16601600 0.67078500 0.02343800 0.02616300
13 0.19677700 0.67005800 0.02246100 0.02616300
14 0.22753900 0.67005800 0.02343800 0.02616300
10 0.25830100 0.66933100 0.02246100 0.02616300
10 0.13525400 0.74927300 0.02441400 0.02761600
19 0.16552700 0.74854700 0.02441400 0.02761600
14 0.19677700 0.74854700 0.02441400 0.02761600
6 0.25830100 0.74782000 0.02441400 0.02761600
14 0.28857400 0.74709300 0.02441400 0.02761600
22 0.31982400 0.74709300 0.02441400 0.02761600
14 0.35107400 0.74673000 0.02441400 0.02689000
17 0.38134800 0.74600300 0.02441400 0.02689000
8 0.41259800 0.74527600 0.02441400 0.02689000
19 0.44335900 0.74491300 0.02343800 0.02616300
13 0.13525400 0.82667200 0.02246100 0.02689000
14 0.16503900 0.82630800 0.02343800 0.02616300
18 0.19628900 0.82630800 0.02343800 0.02616300
14 0.22753900 0.82630800 0.02343800 0.02616300
17 0.25781200 0.82630800 0.02343800 0.02616300
14 0.28906200 0.82594500 0.02343800 0.02689000
6 0.32128900 0.82558100 0.02343800 0.02616300
16 0.13574200 0.90588700 0.02343800 0.02689000
19 0.16503900 0.90552300 0.02343800 0.02761600
14 0.19726600 0.90516000 0.02343800 0.02689000
19 0.25830100 0.90625000 0.02441400 0.02616300
0 0.29052700 0.90588700 0.02441400 0.02689000
10 0.32080100 0.90516000 0.02441400 0.02689000
14 0.35156200 0.90516000 0.02343800 0.02689000
4 0.38281200 0.90443300 0.02343800 0.02689000
