15 0.26709000 0.07703500 0.02246100 0.02470900
14 0.29248000 0.07485500 0.02246100 0.02470900
12 0.31982400 0.07267400 0.02246100 0.02470900
14 0.34619100 0.07049400 0.02246100 0.02470900
9 0.37353500 0.06831400 0.02246100 0.02470900
4 0.40136700 0.06577000 0.02343800 0.02543600
19 0.42968800 0.06322700 0.02343800 0.02470900
4 0.45752000 0.06068300 0.02246100 0.02543600
22 0.26757800 0.11300900 0.02148400 0.02543600
12 0.34716800 0.10683100 0.02246100 0.02470900
0 0.37304700 0.10465100 0.02148400 0.02470900
12 0.40185500 0.10247100 0.02246100 0.02470900
4 0.42871100 0.10101700 0.02148400 0.02470900
8 0.26757800 0.14752900 0.02148400 0.02470900
15 0.31982400 0.14389500 0.02246100 0.02470900
14 0.34619100 0.14207800 0.02246100 0.02543600
12 0.37353500 0.13917200 0.02246100 0.02543600
14 0.40185500 0.13771800 0.02246100 0.02543600
23 0.42919900 0.13553800 0.02246100 0.02543600
4 0.51367200 0.13045100 0.02343800 0.02543600
1 0.26709000 0.18241300 0.02246100 0.02470900
4 0.29345700 0.18023300 0.02246100 0.02470900
25 0.31982400 0.17914200 0.02246100 0.02543600
15 0.37451200 0.17550900 0.02246100 0.02543600
17 0.40087900 0.17405500 0.02246100 0.02543600
14 0.42919900 0.17187500 0.02246100 0.02543600
18 0.45752000 0.17005800 0.02246100 0.02470900
1 0.51513700 0.16787800 0.02441400 0.02616300
19 0.26757800 0.21729700 0.02148400 0.02470900
14 0.29296900 0.21584300 0.02148400 0.02470900
4 0.34668000 0.21293600 0.02148400 0.02470900
18 0.37304700 0.21075600 0.02148400 0.02470900
19 0.40136700 0.20930200 0.02148400 0.02470900
18 0.48632800 0.20530500 0.02343800 0.02543600
0 0.51562500 0.20421500 0.02343800 0.02616300
12 0.54589800 0.20312500 0.02343800 0.02543600
8 0.57617200 0.20167200 0.02343800 0.02543600
8 0.21728500 0.25472400 0.02246100 0.02398300
4 0.26757800 0.25254400 0.02148400 0.02398300
9 0.29345700 0.25072700 0.02246100 0.02470900
4 0.31982400 0.24963700 0.02246100 0.02398300
11 0.34619100 0.24818300 0.02246100 0.02398300
8 0.37353500 0.24673000 0.02246100 0.02398300
22 0.42919900 0.24382300 0.02246100 0.02398300
22 0.21728500 0.28997100 0.02050800 0.02470900
4 0.24267600 0.28851700 0.02050800 0.02470900
9 0.26757800 0.28742700 0.02148400 0.02398300
11 0.29345700 0.28597400 0.02050800 0.02398300
8 0.31982400 0.28452000 0.02050800 0.02398300
22 0.34668000 0.28306700 0.02148400 0.02398300
19 0.21777300 0.32376500 0.02148400 0.02398300
14 0.24218800 0.32303800 0.02148400 0.02398300
22 0.29345700 0.32085800 0.02050800 0.02398300
17 0.34619100 0.31867700 0.02050800 0.02398300
0 0.37353500 0.31758700 0.02050800 0.02470900
25 0.40185500 0.31686000 0.02246100 0.02470900
6 0.42968800 0.31577000 0.02148400 0.02543600
14 0.45703100 0.31540700 0.02343800 0.02616300
22 0.48535200 0.31468000 0.02343800 0.02616300
14 0.51513700 0.31395300 0.02246100 0.02616300
17 0.54443400 0.31322700 0.02246100 0.02616300
4 0.57519500 0.31213700 0.02343800 0.02689000
18 0.63476600 0.31104700 0.02343800 0.02616300
19 0.69335900 0.31213700 0.02343800 0.02543600
4 0.72363300 0.31250000 0.02343800 0.02616300
19 0.75195300 0.31250000 0.02343800 0.02616300
4 0.78027300 0.31322700 0.02343800 0.02616300
8 0.21826200 0.35792200 0.02050800 0.02398300
18 0.26757800 0.35646800 0.02148400 0.02398300
3 0.32031200 0.35501500 0.02148400 0.02398300
4 0.34668000 0.35356100 0.02148400 0.02398300
3 0.37402300 0.35283400 0.02148400 0.02398300
20 0.40185500 0.35210800 0.02246100 0.02543600
10 0.45703100 0.35138100 0.02148400 0.02543600
14 0.48535200 0.35138100 0.02148400 0.02543600
8 0.21728500 0.39207800 0.02050800 0.02398300
18 0.26855500 0.39098800 0.02148400 0.02470900
1 0.32031200 0.38989800 0.02148400 0.02398300
0 0.34668000 0.38953500 0.02148400 0.02470900
1 0.37402300 0.38880800 0.02148400 0.02470900
20 0.40185500 0.38808100 0.02050800 0.02470900
10 0.45703100 0.38735500 0.02148400 0.02470900
14 0.48535200 0.38662800 0.02148400 0.02470900
22 0.21777300 0.42623500 0.02148400 0.02398300
8 0.29394500 0.42514500 0.02148400 0.02470900
7 0.32031200 0.42478200 0.02148400 0.02398300
13 0.37402300 0.42369200 0.02148400 0.02470900
4 0.40136700 0.42332800 0.02148400 0.02398300
15 0.45703100 0.42296500 0.02148400 0.02470900
4 0.48584000 0.42296500 0.02246100 0.02470900
17 0.51464800 0.42260200 0.02148400 0.02543600
4 0.54394500 0.42260200 0.02148400 0.02543600
1 0.57373000 0.42223800 0.02441400 0.02616300
4 0.63232400 0.42151200 0.02441400 0.02616300
19 0.66259800 0.42187500 0.02441400 0.02689000
4 0.69287100 0.42223800 0.02441400 0.02616300
8 0.26757800 0.45930200 0.02148400 0.02470900
4 0.32031200 0.45966600 0.02148400 0.02398300
9 0.34716800 0.45966600 0.02050800 0.02398300
4 0.37402300 0.45930200 0.02148400 0.02470900
11 0.40136700 0.45893900 0.02148400 0.02398300
8 0.42871100 0.45893900 0.02148400 0.02398300
22 0.48584000 0.45857600 0.02050800 0.02470900
22 0.26806600 0.49454900 0.02050800 0.02398300
4 0.29345700 0.49454900 0.02050800 0.02398300
9 0.31982400 0.49454900 0.02050800 0.02398300
11 0.34619100 0.49454900 0.02050800 0.02398300
8 0.37353500 0.49454900 0.02050800 0.02398300
22 0.40185500 0.49491300 0.02050800 0.02470900
19 0.26806600 0.52834300 0.02050800 0.02470900
14 0.29296900 0.52834300 0.02148400 0.02470900
22 0.34668000 0.52907000 0.02148400 0.02470900
0 0.37353500 0.52979700 0.02050800 0.02470900
12 0.40087900 0.52979700 0.02050800 0.02470900
19 0.45605500 0.53052300 0.02148400 0.02470900
14 0.48535200 0.53125000 0.02148400 0.02470900
22 0.51416000 0.53088700 0.02246100 0.02543600
0 0.54394500 0.53088700 0.02343800 0.02543600
17 0.57226600 0.53125000 0.02343800 0.02616300
8 0.60156200 0.53125000 0.02343800 0.02616300
23 0.63183600 0.53125000 0.02343800 0.02616300
13 0.69140600 0.53197700 0.02343800 0.02616300
0 0.72070300 0.53197700 0.02343800 0.02616300
3 0.75097700 0.53234000 0.02343800 0.02689000
14 0.77929700 0.53234000 0.02343800 0.02689000
22 0.26806600 0.56286300 0.02050800 0.02398300
18 0.29345700 0.56322700 0.02050800 0.02470900
4 0.31933600 0.56359000 0.02148400 0.02398300
6 0.34619100 0.56395300 0.02246100 0.02470900
3 0.37255900 0.56468000 0.02246100 0.02470900
0 0.39990200 0.56504400 0.02246100 0.02543600
1 0.45654300 0.56613400 0.02246100 0.02470900
4 0.48486300 0.56686000 0.02246100 0.02470900
25 0.51367200 0.56686000 0.02148400 0.02470900
14 0.57275400 0.56795100 0.02246100 0.02543600
15 0.60205100 0.56795100 0.02246100 0.02543600
14 0.63183600 0.56867700 0.02343800 0.02543600
25 0.66113300 0.56831400 0.02343800 0.02616300
3 0.69091800 0.56831400 0.02246100 0.02616300
0 0.72070300 0.56831400 0.02343800 0.02616300
13 0.75048800 0.56831400 0.02246100 0.02616300
8 0.77978500 0.56831400 0.02246100 0.02616300
7 0.26806600 0.59665700 0.02050800 0.02470900
14 0.29394500 0.59738400 0.02148400 0.02470900
3 0.32031200 0.59811000 0.02148400 0.02470900
8 0.34570300 0.59920100 0.02148400 0.02398300
19 0.37353500 0.59992700 0.02246100 0.02543600
13 0.45556600 0.60174400 0.02246100 0.02470900
0 0.48486300 0.60210800 0.02246100 0.02543600
18 0.54296900 0.60356100 0.02343800 0.02543600
1 0.57226600 0.60392400 0.02343800 0.02616300
14 0.60205100 0.60537800 0.02246100 0.02616300
17 0.63183600 0.60537800 0.02343800 0.02616300
14 0.69189500 0.60537800 0.02246100 0.02616300
19 0.72070300 0.60537800 0.02343800 0.02616300
17 0.75000000 0.60537800 0.02343800 0.02616300
3 0.80712900 0.60465100 0.02050800 0.02470900
0 0.83398400 0.60465100 0.02148400 0.02470900
13 0.21826200 0.62899700 0.02050800 0.02398300
4 0.24218800 0.63008700 0.02148400 0.02470900
19 0.29394500 0.63226700 0.02148400 0.02470900
17 0.32031200 0.63299400 0.02148400 0.02470900
0 0.34521500 0.63444800 0.02050800 0.02470900
19 0.37207000 0.63517400 0.02148400 0.02470900
8 0.40039100 0.63662800 0.02148400 0.02470900
19 0.42773400 0.63699100 0.02148400 0.02543600
9 0.51318400 0.63917200 0.02246100 0.02543600
4 0.54199200 0.64026200 0.02343800 0.02470900
19 0.21826200 0.66315400 0.02050800 0.02398300
14 0.24267600 0.66460800 0.02050800 0.02398300
22 0.26757800 0.66569800 0.02148400 0.02470900
0 0.29296900 0.66715100 0.02148400 0.02616300
17 0.31933600 0.66824100 0.02148400 0.02543600
8 0.34570300 0.66969500 0.02148400 0.02543600
23 0.37304700 0.67042200 0.02148400 0.02543600
0 0.40039100 0.67187500 0.02148400 0.02543600
12 0.42724600 0.67260200 0.02246100 0.02543600
22 0.24365200 0.69803800 0.02050800 0.02398300
8 0.26806600 0.69949100 0.02050800 0.02398300
22 0.29345700 0.70094500 0.02050800 0.02398300
8 0.34521500 0.70421500 0.02246100 0.02470900
12 0.37207000 0.70566900 0.02148400 0.02470900
18 0.39941400 0.70712200 0.02148400 0.02470900
25 0.48437500 0.71075600 0.02343800 0.02616300
0 0.51318400 0.71184600 0.02246100 0.02543600
17 0.54296900 0.71293600 0.02343800 0.02616300
0 0.57226600 0.71366300 0.02343800 0.02616300
13 0.60156200 0.71439000 0.02343800 0.02616300
4 0.63281200 0.71548000 0.02343800 0.02543600
4 0.66210900 0.71620600 0.02343800 0.02543600
12 0.19433600 0.72783400 0.02148400 0.02398300
8 0.21875000 0.72965100 0.02148400 0.02325600
13 0.24316400 0.73146800 0.02148400 0.02398300
20 0.26855500 0.73364800 0.02148400 0.02398300
19 0.29394500 0.73582800 0.02148400 0.02398300
13 0.37207000 0.74127900 0.02148400 0.02470900
0 0.39794900 0.74309600 0.02050800 0.02398300
18 0.45556600 0.74636600 0.02246100 0.02616300
14 0.48339800 0.74745600 0.02343800 0.02543600
1 0.51269500 0.74854700 0.02343800 0.02616300
17 0.54199200 0.75036300 0.02343800 0.02543600
0 0.57177700 0.75109000 0.02246100 0.02543600
13 0.60156200 0.75181700 0.02343800 0.02543600
8 0.63085900 0.75254400 0.02343800 0.02543600
4 0.66113300 0.75327000 0.02343800 0.02543600
16 0.21826200 0.76344500 0.02050800 0.02398300
0 0.24218800 0.76562500 0.02148400 0.02398300
18 0.26757800 0.76780500 0.02148400 0.02398300
13 0.34472700 0.77398300 0.02148400 0.02470900
0 0.37158200 0.77543600 0.02246100 0.02470900
14 0.42773400 0.77979700 0.02148400 0.02470900
9 0.45459000 0.78125000 0.02246100 0.02470900
8 0.48291000 0.78306700 0.02441400 0.02543600
3 0.51220700 0.78452000 0.02441400 0.02543600
0 0.54150400 0.78597400 0.02441400 0.02543600
13 0.57128900 0.78742700 0.02343800 0.02543600
8 0.60156200 0.78888100 0.02343800 0.02543600
4 0.63085900 0.78924400 0.02343800 0.02616300
8 0.26709000 0.80232600 0.02246100 0.02470900
4 0.31884800 0.80741300 0.02246100 0.02470900
9 0.34619100 0.80923000 0.02246100 0.02543600
4 0.37207000 0.81141000 0.02343800 0.02543600
11 0.39892600 0.81359000 0.02246100 0.02543600
8 0.42627000 0.81577000 0.02246100 0.02543600
22 0.48388700 0.82013100 0.02246100 0.02543600
22 0.57177700 0.82376500 0.02246100 0.02543600
4 0.60058600 0.82485500 0.02343800 0.02616300
9 0.63085900 0.82667200 0.02343800 0.02543600
11 0.66064500 0.82630800 0.02246100 0.02616300
8 0.69043000 0.82630800 0.02343800 0.02616300
22 0.72021500 0.82594500 0.02246100 0.02543600
19 0.26757800 0.83793600 0.02148400 0.02470900
14 0.29345700 0.84011600 0.02246100 0.02470900
22 0.34521500 0.84411300 0.02246100 0.02398300
22 0.42675800 0.85101700 0.02148400 0.02470900
1 0.48242200 0.85501500 0.02343800 0.02543600
8 0.51171900 0.85719500 0.02343800 0.02543600
1 0.54101600 0.85864800 0.02343800 0.02543600
11 0.57128900 0.86082800 0.02343800 0.02543600
8 0.60058600 0.86228200 0.02343800 0.02543600
14 0.63085900 0.86300900 0.02343800 0.02689000
19 0.65966800 0.86337200 0.02246100 0.02616300
4 0.69043000 0.86337200 0.02343800 0.02616300
10 0.72021500 0.86337200 0.02246100 0.02616300
4 0.74951200 0.86337200 0.02246100 0.02616300
13 0.26855500 0.86991300 0.02148400 0.02470900
4 0.29394500 0.87282000 0.02148400 0.02470900
10 0.31982400 0.87572700 0.02246100 0.02470900
17 0.34668000 0.87936000 0.02343800 0.02470900
0 0.37207000 0.88154100 0.02343800 0.02470900
18 0.39941400 0.88408400 0.02343800 0.02543600
14 0.42627000 0.88662800 0.02246100 0.02470900
22 0.45312500 0.88880800 0.02343800 0.02470900
0 0.48291000 0.89171500 0.02246100 0.02470900
8 0.54003900 0.89825600 0.02343800 0.02616300
6 0.60009800 0.89898300 0.02441400 0.02616300
14 0.62988300 0.89970900 0.02343800 0.02616300
6 0.66015600 0.89970900 0.02343800 0.02616300
14 0.69043000 0.89970900 0.02343800 0.02616300
11 0.71972700 0.89898300 0.02343800 0.02616300
22 0.26806600 0.90334300 0.02246100 0.02470900
14 0.29345700 0.90661300 0.02246100 0.02398300
25 0.31884800 0.90988400 0.02246100 0.02470900
12 0.37060500 0.91569800 0.02246100 0.02470900
4 0.39794900 0.91933100 0.02246100 0.02470900
19 0.42529300 0.92223800 0.02246100 0.02470900
4 0.45263700 0.92550900 0.02246100 0.02543600
13 0.51123000 0.92950600 0.02441400 0.02616300
4 0.53906200 0.93168600 0.02343800 0.02616300
13 0.60009800 0.93459300 0.02441400 0.02616300
0 0.62939500 0.93532000 0.02441400 0.02616300
22 0.65966800 0.93532000 0.02441400 0.02616300
4 0.68994100 0.93604700 0.02441400 0.02616300
10 0.72021500 0.93677300 0.02441400 0.02616300
8 0.74951200 0.93677300 0.02441400 0.02616300
