14 0.10156250 0.20468750 0.09531250 0.16562500
0 0.09687500 0.42031250 0.08281250 0.17031250
23 0.21093750 0.39843750 0.09843750 0.17656250
17 0.32031250 0.38750000 0.08593750 0.17656250
18 0.11250000 0.66718750 0.10000000 0.17656250
17 0.13593750 0.90312500 0.09531250 0.18125000
0 0.23750000 0.88906250 0.08593750 0.17968750
14 0.22031250 0.64375000 0.09375000 0.18125000
8 0.34687500 0.86562500 0.08750000 0.19375000
3 0.46093750 0.82812500 0.09062500 0.18906250
6 0.44687500 0.59843750 0.09375000 0.18125000
14 0.52343750 0.36250000 0.08593750 0.16718750
5 0.61406250 0.35312500 0.08593750 0.17500000
4 0.54062500 0.58593750 0.09062500 0.18125000
18 0.63437500 0.55468750 0.08281250 0.17187500
