0 0.05781250 0.06944444 0.03437500 0.10416667
13 0.09843750 0.07291667 0.03750000 0.11111111
24 0.14062500 0.07291667 0.03593750 0.12152778
22 0.18437500 0.07291667 0.03750000 0.11458333
0 0.22656250 0.06944444 0.03437500 0.11458333
24 0.27031250 0.07638889 0.03750000 0.12152778
0 0.40468750 0.07986111 0.03750000 0.11458333
13 0.44687500 0.08333333 0.03593750 0.11805556
1 0.66250000 0.09027778 0.03437500 0.10763889
11 0.70781250 0.09375000 0.03750000 0.11111111
0 0.74843750 0.09375000 0.03281250 0.11111111
12 0.79062500 0.09722222 0.03437500 0.11458333
4 0.83281250 0.09722222 0.03281250 0.11458333
14 0.09531250 0.23611111 0.03281250 0.11805556
17 0.13906250 0.23263889 0.03281250 0.11805556
19 0.18125000 0.23611111 0.03437500 0.11805556
22 0.53281250 0.25000000 0.03437500 0.11458333
4 0.57343750 0.25000000 0.03125000 0.11458333
0 0.83281250 0.25694444 0.03125000 0.11111111
12 0.05312500 0.40277778 0.03437500 0.12152778
17 0.13750000 0.39930556 0.03437500 0.12152778
24 0.35781250 0.40972222 0.03750000 0.11458333
12 0.53281250 0.40972222 0.03437500 0.11111111
13 0.61718750 0.41319444 0.03437500 0.11111111
0 0.79218750 0.41666667 0.03281250 0.10763889
20 0.83437500 0.42013889 0.03125000 0.11111111
8 0.22500000 0.56944444 0.03593750 0.12152778
11 0.31406250 0.56944444 0.03750000 0.11805556
11 0.36250000 0.56944444 0.04218750 0.12152778
6 0.44687500 0.57291667 0.03437500 0.12152778
8 0.48906250 0.57291667 0.03437500 0.12152778
21 0.53125000 0.57638889 0.03593750 0.12152778
4 0.57500000 0.57291667 0.03281250 0.12152778
24 0.66093750 0.57638889 0.03281250 0.11458333
0 0.75000000 0.57638889 0.03750000 0.11458333
13 0.79218750 0.57986111 0.03437500 0.11111111
24 0.83437500 0.57638889 0.03437500 0.11805556
19 0.09218750 0.72916667 0.03125000 0.12152778
17 0.13437500 0.72916667 0.03437500 0.12152778
14 0.17812500 0.73263889 0.03437500 0.11458333
15 0.26875000 0.73263889 0.03750000 0.11805556
14 0.26562500 0.89930556 0.03437500 0.12152778
19 0.40000000 0.89930556 0.03750000 0.12152778
22 0.48593750 0.89930556 0.03281250 0.11805556
0 0.53125000 0.89930556 0.03281250 0.11805556
13 0.57343750 0.90277778 0.03593750 0.11458333
13 0.70468750 0.90277778 0.03437500 0.11458333
