17 0.12187500 0.10390625 0.04062500 0.13203125
14 0.24687500 0.09687500 0.03593750 0.11093750
3 0.46562500 0.09687500 0.03125000 0.11796875
8 0.50937500 0.09687500 0.03125000 0.11796875
14 0.64062500 0.09687500 0.03750000 0.12812500
3 0.77343750 0.09375000 0.03750000 0.12812500
7 0.86250000 0.10078125 0.03281250 0.12500000
20 0.24687500 0.26406250 0.03750000 0.12500000
4 0.11875000 0.26015625 0.03750000 0.12500000
11 0.20000000 0.42343750 0.03750000 0.12500000
13 0.46562500 0.42343750 0.03437500 0.12500000
2 0.78437500 0.59687500 0.03750000 0.13906250
8 0.64531250 0.59375000 0.03437500 0.12812500
3 0.60000000 0.59062500 0.03750000 0.13906250
13 0.50937500 0.59062500 0.03750000 0.12500000
17 0.24062500 0.58671875 0.03750000 0.12812500
20 0.19531250 0.59062500 0.03593750 0.12500000
11 0.15312500 0.58671875 0.03906250 0.12812500
13 0.02656250 0.58359375 0.03437500 0.12500000
7 0.19218750 0.75703125 0.03750000 0.13203125
20 0.37343750 0.76015625 0.03750000 0.12812500
17 0.73750000 0.76406250 0.03437500 0.12500000
8 0.78437500 0.76406250 0.03906250 0.13203125
3 0.82656250 0.76718750 0.03281250 0.12500000
0 0.91875000 0.93750000 0.02968750 0.12500000
13 0.41875000 0.93046875 0.03750000 0.13203125
0 0.37187500 0.93359375 0.03750000 0.13281250
12 0.23750000 0.93046875 0.03750000 0.13906250
12 0.02187500 0.92343750 0.03593750 0.12500000
