11 0.05156250 0.22031250 0.08750000 0.17500000
19 0.13750000 0.17968750 0.09062500 0.17500000
17 0.23281250 0.14375000 0.08593750 0.17968750
4 0.06406250 0.43125000 0.09062500 0.18125000
11 0.11718750 0.88281250 0.09375000 0.17031250
7 0.33281250 0.13750000 0.09531250 0.18437500
12 0.21093750 0.86875000 0.09531250 0.19375000
4 0.07812500 0.65937500 0.08281250 0.16093750
11 0.26093750 0.38437500 0.09531250 0.16718750
4 0.18125000 0.65000000 0.09375000 0.17187500
14 0.31562500 0.86250000 0.10468750 0.17968750
14 0.36875000 0.37187500 0.08750000 0.16718750
18 0.54375000 0.10312500 0.08125000 0.17656250
14 0.46875000 0.36250000 0.09062500 0.16718750
3 0.38906250 0.58437500 0.09843750 0.17656250
18 0.52812500 0.78906250 0.08281250 0.19375000
14 0.62343750 0.76562500 0.09531250 0.17500000
23 0.58750000 0.53906250 0.09843750 0.17187500
0 0.49531250 0.57031250 0.07812500 0.16250000
7 0.63281250 0.10156250 0.08281250 0.17500000
4 0.73125000 0.09687500 0.09531250 0.18906250
17 0.68593750 0.53437500 0.07812500 0.18125000
