19 0.09531250 0.20468750 0.09375000 0.17500000
17 0.19375000 0.15781250 0.08750000 0.17968750
11 0.08125000 0.88593750 0.08750000 0.17031250
7 0.29218750 0.14375000 0.09531250 0.18437500
12 0.16718750 0.88750000 0.09531250 0.19375000
4 0.04218750 0.66250000 0.08281250 0.16093750
11 0.21093750 0.40000000 0.09531250 0.16718750
4 0.13750000 0.65468750 0.09375000 0.17187500
14 0.26875000 0.87812500 0.10468750 0.17968750
14 0.32187500 0.37812500 0.09375000 0.17031250
18 0.50312500 0.10625000 0.09062500 0.16718750
14 0.42500000 0.36718750 0.09062500 0.16718750
3 0.35000000 0.59062500 0.09843750 0.17656250
18 0.47656250 0.80625000 0.09062500 0.20625000
14 0.57656250 0.77812500 0.09531250 0.17500000
23 0.54375000 0.54375000 0.09843750 0.17187500
0 0.44218750 0.57187500 0.07812500 0.16250000
7 0.59531250 0.10156250 0.08593750 0.17500000
4 0.69531250 0.09687500 0.10000000 0.18437500
17 0.64062500 0.53750000 0.08593750 0.17500000
