3 0.11250000 0.23906250 0.10937500 0.19218750
16 0.24843750 0.22656250 0.11250000 0.19687500
14 0.37187500 0.20000000 0.11875000 0.21562500
20 0.49687500 0.16718750 0.10468750 0.20156250
17 0.40937500 0.47031250 0.10468750 0.21250000
16 0.06718750 0.86093750 0.13437500 0.21875000
4 0.19218750 0.82812500 0.12500000 0.22812500
25 0.33125000 0.78906250 0.11406250 0.21875000
2 0.14062500 0.51875000 0.11718750 0.21093750
0 0.27500000 0.49687500 0.10781250 0.19687500
4 0.61562500 0.14218750 0.10937500 0.21093750
4 0.52968750 0.43750000 0.10468750 0.21875000
1 0.57187500 0.72656250 0.11875000 0.22343750
