11 0.09062500 0.22031250 0.08750000 0.17500000
19 0.18906250 0.18906250 0.09375000 0.17500000
17 0.29218750 0.16718750 0.08593750 0.17968750
4 0.11406250 0.43125000 0.09062500 0.18125000
16 0.04687500 0.67500000 0.09375000 0.16718750
4 0.06406250 0.88750000 0.07812500 0.15312500
11 0.15468750 0.89375000 0.09375000 0.17031250
7 0.39375000 0.15156250 0.09531250 0.18437500
12 0.25000000 0.86875000 0.09531250 0.19375000
4 0.13125000 0.64843750 0.08281250 0.16093750
11 0.32031250 0.37812500 0.09531250 0.16718750
4 0.22656250 0.63593750 0.09375000 0.17187500
14 0.35781250 0.84218750 0.10468750 0.17968750
14 0.42500000 0.36718750 0.08750000 0.16718750
18 0.59062500 0.10937500 0.08281250 0.17656250
14 0.52187500 0.34843750 0.09062500 0.16718750
3 0.45000000 0.57031250 0.09843750 0.17656250
18 0.55937500 0.77500000 0.08281250 0.19375000
14 0.65468750 0.74687500 0.09531250 0.17500000
23 0.62812500 0.52343750 0.09531250 0.17500000
0 0.53750000 0.55312500 0.07812500 0.16250000
7 0.68593750 0.10000000 0.08281250 0.17500000
