3 0.05078100 0.11046500 0.02148400 0.02180200
4 0.07617200 0.11010200 0.02148400 0.02252900
19 0.10205100 0.10864800 0.02050800 0.02252900
8 0.12646500 0.10719500 0.02050800 0.02252900
13 0.17773400 0.10501500 0.02148400 0.02252900
0 0.20312500 0.10356100 0.02148400 0.02252900
4 0.25439500 0.10065400 0.02050800 0.02252900
6 0.28027300 0.09920100 0.02148400 0.02252900
14 0.30615200 0.09774700 0.02050800 0.02252900
3 0.35986300 0.09556700 0.02050800 0.02252900
22 0.38574200 0.09375000 0.02148400 0.02325600
14 0.41210900 0.09266000 0.02148400 0.02398300
17 0.43847700 0.09120600 0.02148400 0.02398300
0 0.46533200 0.09011600 0.02246100 0.02325600
12 0.10205100 0.13989800 0.02050800 0.02252900
14 0.12646500 0.13917200 0.02050800 0.02252900
17 0.15185500 0.13771800 0.02050800 0.02252900
10 0.20312500 0.13517400 0.02148400 0.02180200
8 0.22900400 0.13408400 0.02050800 0.02252900
15 0.28173800 0.13154100 0.02050800 0.02325600
8 0.30761700 0.13008700 0.02148400 0.02325600
11 0.33300800 0.12936000 0.02148400 0.02325600
14 0.36035200 0.12790700 0.02148400 0.02325600
19 0.38720700 0.12718000 0.02050800 0.02325600
8 0.05127000 0.17332800 0.02050800 0.02252900
3 0.10205100 0.17187500 0.02050800 0.02252900
11 0.12695300 0.17042200 0.01953100 0.02252900
22 0.20361300 0.16678800 0.02050800 0.02252900
0 0.22900400 0.16533400 0.02050800 0.02252900
18 0.25537100 0.16460800 0.02050800 0.02252900
15 0.30810500 0.16206400 0.02050800 0.02325600
17 0.33398400 0.16133700 0.02148400 0.02325600
8 0.36132800 0.16061000 0.02148400 0.02325600
3 0.38867200 0.15988400 0.02148400 0.02325600
4 0.41406200 0.15770300 0.02148400 0.02325600
19 0.44091800 0.15661300 0.02246100 0.02398300
15 0.49462900 0.15407000 0.02246100 0.02325600
14 0.52148400 0.15298000 0.02148400 0.02398300
17 0.54882800 0.15189000 0.02148400 0.02325600
0 0.57568400 0.15043600 0.02246100 0.02325600
1 0.10107400 0.20312500 0.02050800 0.02252900
14 0.12695300 0.20239800 0.02148400 0.02252900
4 0.15283200 0.20094500 0.02050800 0.02252900
22 0.17822300 0.20021800 0.02050800 0.02252900
14 0.20410200 0.19876500 0.02148400 0.02252900
17 0.28222700 0.19585800 0.02148400 0.02252900
0 0.30859400 0.19513100 0.02148400 0.02252900
1 0.33496100 0.19367700 0.02148400 0.02252900
14 0.36181600 0.19295100 0.02050800 0.02252900
19 0.38867200 0.19149700 0.02148400 0.02252900
8 0.05224600 0.26853200 0.02050800 0.02252900
22 0.10302700 0.26707800 0.02050800 0.02252900
25 0.12841800 0.26635200 0.02050800 0.02252900
11 0.15380900 0.26562500 0.02050800 0.02252900
4 0.17919900 0.26489800 0.02050800 0.02252900
19 0.20556600 0.26380800 0.02050800 0.02325600
0 0.23095700 0.26308100 0.02050800 0.02325600
13 0.31005900 0.26017400 0.02050800 0.02325600
0 0.33642600 0.25908400 0.02050800 0.02252900
15 0.39013700 0.25690400 0.02050800 0.02252900
17 0.41650400 0.25654100 0.02050800 0.02325600
14 0.44335900 0.25581400 0.02148400 0.02325600
18 0.47021500 0.25436000 0.02050800 0.02325600
19 0.49707000 0.25363400 0.02148400 0.02325600
14 0.52441400 0.25218000 0.02148400 0.02325600
17 0.55175800 0.25145300 0.02148400 0.02325600
8 0.10302700 0.29905500 0.02050800 0.02252900
11 0.12841800 0.29832800 0.02050800 0.02252900
8 0.15429700 0.29760200 0.01953100 0.02252900
22 0.20556600 0.29614800 0.02050800 0.02252900
14 0.25830100 0.29469500 0.02050800 0.02252900
11 0.28418000 0.29360500 0.02148400 0.02325600
13 0.31103500 0.29360500 0.02050800 0.02325600
17 0.39062500 0.29069800 0.02148400 0.02325600
14 0.41748000 0.28997100 0.02050800 0.02325600
22 0.05224600 0.33321200 0.02050800 0.02252900
15 0.12939500 0.33066900 0.02050800 0.02180200
17 0.15478500 0.32994200 0.02050800 0.02180200
8 0.18115200 0.32921500 0.02050800 0.02180200
15 0.20654300 0.32812500 0.02050800 0.02252900
14 0.23291000 0.32739800 0.02050800 0.02252900
12 0.25927700 0.32703500 0.02050800 0.02325600
13 0.28466800 0.32630800 0.02050800 0.02325600
8 0.31103500 0.32594500 0.02050800 0.02252900
19 0.33740200 0.32558100 0.02050800 0.02325600
4 0.36474600 0.32412800 0.02050800 0.02325600
19 0.41845700 0.32340100 0.02050800 0.02325600
14 0.44531200 0.32267400 0.02148400 0.02325600
19 0.47168000 0.32158400 0.02148400 0.02252900
3 0.52636700 0.31976700 0.02148400 0.02325600
22 0.55371100 0.31904100 0.02148400 0.02325600
14 0.58105500 0.31758700 0.02148400 0.02325600
17 0.60839800 0.31686000 0.02148400 0.02325600
6 0.10400400 0.36337200 0.02050800 0.02180200
3 0.12939500 0.36300900 0.02050800 0.02252900
4 0.15527300 0.36228200 0.01953100 0.02252900
9 0.20752000 0.36119200 0.02050800 0.02180200
8 0.23339800 0.36082800 0.01953100 0.02252900
22 0.26025400 0.35973800 0.02050800 0.02325600
20 0.28564500 0.35901200 0.02050800 0.02325600
19 0.31201200 0.35864800 0.02050800 0.02252900
6 0.36572300 0.35719500 0.02050800 0.02252900
4 0.39209000 0.35683100 0.02050800 0.02325600
17 0.41894500 0.35610500 0.02148400 0.02325600
14 0.44580100 0.35501500 0.02050800 0.02252900
8 0.47265600 0.35428800 0.02148400 0.02252900
20 0.20849600 0.42623500 0.02050800 0.02252900
17 0.23388700 0.42550900 0.02050800 0.02252900
14 0.26025400 0.42514500 0.02050800 0.02325600
10 0.28662100 0.42478200 0.02050800 0.02252900
17 0.34033200 0.42369200 0.02050800 0.02325600
14 0.36669900 0.42332800 0.02050800 0.02398300
3 0.39355500 0.42260200 0.02148400 0.02398300
13 0.42089800 0.42223800 0.02148400 0.02325600
14 0.44677700 0.42151200 0.02050800 0.02325600
6 0.47363300 0.42078500 0.02148400 0.02325600
14 0.50097700 0.42005800 0.02148400 0.02325600
25 0.58349600 0.41824100 0.02246100 0.02398300
10 0.63867200 0.41678800 0.02148400 0.02398300
0 0.66650400 0.41642400 0.02246100 0.02325600
22 0.05419900 0.46184600 0.02050800 0.02252900
10 0.10498000 0.46111900 0.02050800 0.02252900
11 0.13037100 0.46075600 0.02050800 0.02325600
0 0.15673800 0.46075600 0.02050800 0.02325600
18 0.18603500 0.46002900 0.02050800 0.02325600
18 0.20849600 0.45930200 0.02050800 0.02325600
4 0.23486300 0.45893900 0.02050800 0.02252900
20 0.28857400 0.45784900 0.02050800 0.02325600
19 0.34228500 0.45639500 0.02050800 0.02325600
13 0.36767600 0.45639500 0.02050800 0.02325600
14 0.39502000 0.45566900 0.02050800 0.02325600
12 0.42187500 0.45494200 0.02148400 0.02325600
15 0.47509800 0.45421500 0.02050800 0.02325600
17 0.50244100 0.45348800 0.02050800 0.02325600
14 0.52929700 0.45312500 0.02148400 0.02398300
18 0.55664100 0.45312500 0.02148400 0.02398300
19 0.58398400 0.45239800 0.02148400 0.02398300
14 0.61230500 0.45167200 0.02148400 0.02398300
17 0.63964800 0.45094500 0.02148400 0.02398300
13 0.66796900 0.45021800 0.02148400 0.02398300
14 0.69628900 0.44949100 0.02148400 0.02398300
12 0.72363300 0.44876500 0.02148400 0.02398300
20 0.05468800 0.49418600 0.01953100 0.02180200
19 0.08007800 0.49382300 0.01953100 0.02252900
17 0.10546900 0.49345900 0.01953100 0.02180200
14 0.13085900 0.49309600 0.01953100 0.02252900
12 0.15625000 0.49273300 0.01953100 0.02180200
18 0.20898400 0.49164200 0.01953100 0.02252900
19 0.23584000 0.49091600 0.02050800 0.02252900
14 0.26220700 0.49091600 0.02050800 0.02252900
8 0.28857400 0.49055200 0.02050800 0.02325600
19 0.31591800 0.49018900 0.02050800 0.02252900
19 0.36865200 0.48946200 0.02050800 0.02252900
8 0.39550800 0.48909900 0.02148400 0.02325600
8 0.44873000 0.48800900 0.02050800 0.02252900
13 0.47607400 0.48764500 0.02050800 0.02325600
0 0.50293000 0.48691900 0.02148400 0.02325600
25 0.05566400 0.52652600 0.01953100 0.02252900
0 0.08007800 0.52652600 0.01953100 0.02252900
13 0.10595700 0.52579900 0.02050800 0.02252900
19 0.15722700 0.52507300 0.01953100 0.02252900
10 0.26220700 0.52434600 0.02050800 0.02252900
14 0.28955100 0.52361900 0.02050800 0.02398300
11 0.31591800 0.52325600 0.02050800 0.02325600
13 0.36962900 0.52252900 0.02050800 0.02325600
8 0.39599600 0.52180200 0.02050800 0.02325600
10 0.42285200 0.52180200 0.02148400 0.02325600
8 0.44970700 0.52107600 0.02050800 0.02325600
3 0.50390600 0.52034900 0.02148400 0.02325600
4 0.53076200 0.51998500 0.02050800 0.02398300
11 0.55810500 0.51962200 0.02050800 0.02325600
14 0.58544900 0.51962200 0.02050800 0.02325600
12 0.61279300 0.51962200 0.02050800 0.02325600
15 0.05566400 0.55923000 0.01953100 0.02252900
8 0.08056600 0.55886600 0.02050800 0.02325600
20 0.13232400 0.55814000 0.02050800 0.02325600
19 0.15771500 0.55814000 0.02050800 0.02325600
15 0.20996100 0.55777600 0.01953100 0.02252900
14 0.23632800 0.55741300 0.01953100 0.02325600
1 0.28955100 0.55704900 0.02050800 0.02398300
4 0.31591800 0.55632300 0.02050800 0.02398300
11 0.34326200 0.55595900 0.02050800 0.02325600
14 0.36962900 0.55559600 0.02050800 0.02398300
12 0.39648400 0.55523300 0.02148400 0.02325600
20 0.42334000 0.55450600 0.02050800 0.02325600
16 0.47705100 0.55377900 0.02050800 0.02325600
4 0.50439500 0.55305200 0.02050800 0.02325600
17 0.53173800 0.55341600 0.02050800 0.02398300
13 0.55908200 0.55341600 0.02050800 0.02398300
12 0.61425800 0.55232600 0.02148400 0.02325600
15 0.05566400 0.59157000 0.01953100 0.02325600
8 0.08105500 0.59229700 0.01953100 0.02325600
20 0.13281200 0.59157000 0.01953100 0.02325600
19 0.15820300 0.59157000 0.01953100 0.02325600
15 0.21044900 0.59084300 0.02050800 0.02325600
14 0.23681600 0.59011600 0.02050800 0.02325600
16 0.29003900 0.58975300 0.02148400 0.02398300
4 0.31591800 0.58939000 0.02050800 0.02325600
17 0.34326200 0.58939000 0.02050800 0.02325600
13 0.36962900 0.58866300 0.02050800 0.02325600
14 0.39697300 0.58866300 0.02050800 0.02325600
12 0.42431600 0.58793600 0.02050800 0.02325600
20 0.45068400 0.58793600 0.02050800 0.02325600
1 0.50537100 0.58720900 0.02050800 0.02325600
4 0.53222700 0.58757300 0.02148400 0.02398300
11 0.56054700 0.58720900 0.02148400 0.02325600
12 0.61523400 0.58648300 0.02148400 0.02325600
15 0.05664100 0.62463700 0.01953100 0.02252900
4 0.08203100 0.62463700 0.01953100 0.02252900
17 0.10742200 0.62427300 0.01953100 0.02325600
12 0.18505900 0.62391000 0.02050800 0.02252900
8 0.21093800 0.62354700 0.01953100 0.02325600
15 0.26318400 0.62318300 0.02050800 0.02252900
8 0.29052700 0.62354700 0.02050800 0.02325600
20 0.34326200 0.62282000 0.02050800 0.02325600
19 0.37060500 0.62245600 0.02050800 0.02398300
8 0.42480500 0.62173000 0.02148400 0.02398300
12 0.47949200 0.62100300 0.02148400 0.02398300
4 0.50585900 0.62100300 0.02148400 0.02398300
11 0.53320300 0.62100300 0.02148400 0.02398300
14 0.56054700 0.62100300 0.02148400 0.02398300
12 0.58886700 0.62100300 0.02148400 0.02398300
13 0.10839800 0.65697700 0.01953100 0.02325600
0 0.13281200 0.65697700 0.01953100 0.02325600
12 0.15918000 0.65697700 0.01953100 0.02325600
13 0.21142600 0.65697700 0.02050800 0.02325600
4 0.23779300 0.65697700 0.02050800 0.02325600
13 0.29101600 0.65661300 0.01953100 0.02252900
20 0.31787100 0.65661300 0.02050800 0.02252900
9 0.34423800 0.65625000 0.02050800 0.02325600
13 0.37109400 0.65625000 0.02148400 0.02325600
0 0.39697300 0.65625000 0.02050800 0.02325600
22 0.05761700 0.68931700 0.01953100 0.02252900
14 0.08300800 0.68968000 0.01953100 0.02325600
13 0.13378900 0.69004400 0.01953100 0.02252900
0 0.15918000 0.69077000 0.01953100 0.02252900
18 0.10888700 0.72383700 0.02050800 0.02325600
19 0.13427700 0.72311000 0.02050800 0.02325600
17 0.16064500 0.72311000 0.02050800 0.02325600
14 0.18652300 0.72311000 0.01953100 0.02325600
10 0.23925800 0.72383700 0.01953100 0.02325600
0 0.26513700 0.72383700 0.02050800 0.02325600
8 0.31884800 0.72383700 0.02050800 0.02325600
3 0.34570300 0.72383700 0.02148400 0.02325600
4 0.37304700 0.72420100 0.02148400 0.02398300
19 0.39941400 0.72383700 0.02148400 0.02470900
22 0.45410200 0.72456400 0.02148400 0.02470900
11 0.50927700 0.72420100 0.02246100 0.02398300
4 0.53662100 0.72420100 0.02246100 0.02398300
13 0.56445300 0.72420100 0.02148400 0.02398300
8 0.59179700 0.72420100 0.02148400 0.02398300
13 0.62060500 0.72420100 0.02246100 0.02398300
6 0.64794900 0.72420100 0.02246100 0.02398300
17 0.67627000 0.72420100 0.02246100 0.02398300
0 0.70459000 0.72420100 0.02246100 0.02398300
3 0.73144500 0.72274700 0.02343800 0.02398300
4 0.76025400 0.72202000 0.02441400 0.02398300
18 0.10888700 0.75581400 0.02050800 0.02325600
19 0.13427700 0.75581400 0.02050800 0.02325600
17 0.16064500 0.75654100 0.02050800 0.02325600
14 0.18701200 0.75654100 0.02050800 0.02325600
8 0.21337900 0.75690400 0.02050800 0.02252900
19 0.23877000 0.75726700 0.02050800 0.02325600
18 0.26611300 0.75726700 0.02050800 0.02325600
13 0.34619100 0.75763100 0.02050800 0.02398300
0 0.37304700 0.75763100 0.02148400 0.02398300
0 0.42773400 0.75763100 0.02148400 0.02398300
12 0.48242200 0.75835800 0.02148400 0.02398300
14 0.50976600 0.75835800 0.02148400 0.02398300
18 0.53710900 0.75835800 0.02148400 0.02398300
10 0.56543000 0.75835800 0.02148400 0.02398300
22 0.59277300 0.75835800 0.02148400 0.02398300
0 0.62109400 0.75908400 0.02148400 0.02398300
0 0.10839800 0.79033400 0.02148400 0.02398300
13 0.16162100 0.79033400 0.02050800 0.02398300
0 0.18798800 0.79033400 0.02050800 0.02398300
3 0.24072300 0.79033400 0.02050800 0.02398300
14 0.26660200 0.79069800 0.02148400 0.02325600
18 0.29296900 0.79106100 0.02148400 0.02398300
10 0.31982400 0.79106100 0.02050800 0.02398300
4 0.34668000 0.79142400 0.02148400 0.02325600
8 0.40039100 0.79178800 0.02148400 0.02398300
22 0.45507800 0.79251500 0.02148400 0.02398300
19 0.51074200 0.79251500 0.02148400 0.02398300
4 0.53808600 0.79324100 0.02148400 0.02398300
19 0.56640600 0.79324100 0.02148400 0.02398300
17 0.59375000 0.79324100 0.02148400 0.02398300
0 0.62158200 0.79324100 0.02246100 0.02398300
3 0.65039100 0.79287800 0.02148400 0.02470900
8 0.67773400 0.79251500 0.02148400 0.02398300
10 0.13623000 0.82267400 0.02050800 0.02325600
14 0.16210900 0.82267400 0.02148400 0.02325600
11 0.18798800 0.82340100 0.02050800 0.02325600
13 0.24072300 0.82376500 0.02050800 0.02398300
8 0.26709000 0.82449100 0.02050800 0.02398300
10 0.29345700 0.82485500 0.02050800 0.02325600
8 0.31982400 0.82521800 0.02050800 0.02398300
18 0.37451200 0.82594500 0.02050800 0.02398300
19 0.40136700 0.82594500 0.02148400 0.02398300
17 0.42871100 0.82667200 0.02148400 0.02398300
14 0.45605500 0.82703500 0.02148400 0.02325600
19 0.51123000 0.82739800 0.02246100 0.02398300
18 0.56689500 0.82739800 0.02246100 0.02398300
11 0.59472700 0.82739800 0.02148400 0.02398300
14 0.62304700 0.82776200 0.02148400 0.02325600
22 0.65136700 0.82739800 0.02148400 0.02398300
0 0.67871100 0.82739800 0.02148400 0.02398300
16 0.11084000 0.85501500 0.02050800 0.02252900
4 0.13671900 0.85537800 0.02148400 0.02325600
19 0.16259800 0.85610500 0.02050800 0.02325600
10 0.18896500 0.85683100 0.02050800 0.02325600
0 0.21484400 0.85683100 0.02148400 0.02325600
22 0.29394500 0.85828500 0.02148400 0.02325600
20 0.34814500 0.85901200 0.02050800 0.02325600
19 0.37451200 0.85973800 0.02050800 0.02325600
17 0.40136700 0.86010200 0.02148400 0.02398300
4 0.42871100 0.86082800 0.02148400 0.02398300
13 0.45654300 0.86155500 0.02050800 0.02398300
13 0.48437500 0.86228200 0.02148400 0.02398300
4 0.51220700 0.86228200 0.02246100 0.02398300
12 0.53955100 0.86228200 0.02246100 0.02398300
18 0.59570300 0.86155500 0.02148400 0.02398300
22 0.62304700 0.86155500 0.02148400 0.02398300
4 0.65185500 0.86155500 0.02246100 0.02398300
19 0.67968800 0.86155500 0.02148400 0.02398300
4 0.70752000 0.86082800 0.02246100 0.02398300
10 0.11181600 0.88699100 0.02050800 0.02252900
0 0.13671900 0.88771800 0.02148400 0.02252900
9 0.16308600 0.88844500 0.02148400 0.02252900
3 0.18847700 0.88953500 0.02148400 0.02325600
0 0.21484400 0.89026200 0.02148400 0.02325600
1 0.29443400 0.89135200 0.02246100 0.02398300
20 0.32177700 0.89207800 0.02246100 0.02398300
10 0.34863300 0.89280500 0.02148400 0.02398300
22 0.37548800 0.89353200 0.02246100 0.02398300
0 0.40185500 0.89425900 0.02246100 0.02398300
22 0.45849600 0.89498500 0.02246100 0.02398300
8 0.48535200 0.89498500 0.02148400 0.02398300
3 0.51318400 0.89571200 0.02246100 0.02398300
13 0.54003900 0.89571200 0.02148400 0.02398300
0 0.56787100 0.89607600 0.02246100 0.02325600
