18 0.07343750 0.09375000 0.03593750 0.11796875
14 0.20625000 0.09687500 0.03437500 0.12812500
20 0.38593750 0.10781250 0.03750000 0.12500000
20 0.56093750 0.11484375 0.03437500 0.12500000
19 0.84843750 0.13203125 0.03125000 0.12187500
2 0.20625000 0.25703125 0.03593750 0.12500000
13 0.29687500 0.26406250 0.03593750 0.12812500
0 0.34218750 0.26718750 0.03281250 0.12187500
7 0.38750000 0.26718750 0.03593750 0.12187500
0 0.43125000 0.26718750 0.03281250 0.11484375
13 0.47343750 0.27109375 0.03437500 0.12500000
12 0.72968750 0.28125000 0.03281250 0.11796875
11 0.15937500 0.42734375 0.03750000 0.12187500
19 0.34218750 0.43437500 0.03593750 0.12187500
4 0.47500000 0.43046875 0.03437500 0.11796875
7 0.64531250 0.43750000 0.03281250 0.11796875
4 0.68750000 0.43750000 0.03281250 0.11796875
22 0.15625000 0.60078125 0.03750000 0.12500000
3 0.25000000 0.60078125 0.03437500 0.13203125
1 0.34062500 0.60078125 0.03437500 0.12187500
11 0.38437500 0.60390625 0.03437500 0.12187500
3 0.72968750 0.60390625 0.03125000 0.11484375
11 0.06406250 0.76718750 0.03125000 0.12187500
19 0.34062500 0.76718750 0.03437500 0.12187500
22 0.38593750 0.76718750 0.03437500 0.11796875
18 0.47500000 0.76406250 0.03281250 0.11796875
20 0.60468750 0.76406250 0.03593750 0.12500000
12 0.68906250 0.76718750 0.02968750 0.11796875
14 0.06718750 0.93437500 0.03437500 0.12187500
15 0.11093750 0.93437500 0.03281250 0.12500000
15 0.15781250 0.93750000 0.03281250 0.12500000
0 0.20156250 0.93750000 0.03281250 0.12500000
20 0.47343750 0.93437500 0.03125000 0.12187500
10 0.56093750 0.92734375 0.03281250 0.11796875
7 0.64843750 0.92343750 0.03125000 0.12187500
19 0.93125000 0.91640625 0.02968750 0.11796875
