3 0.07812500 0.19097222 0.03437500 0.12152778
17 0.12031250 0.19097222 0.03906250 0.12152778
0 0.16250000 0.19097222 0.03281250 0.11458333
11 0.25000000 0.19791667 0.03593750 0.11805556
0 0.42187500 0.35763889 0.03437500 0.11111111
7 0.72500000 0.36805556 0.03593750 0.12152778
18 0.98281250 0.37500000 0.03281250 0.11805556
7 0.11875000 0.51736111 0.03437500 0.12500000
24 0.29218750 0.51736111 0.03437500 0.11805556
14 0.67812500 0.53125000 0.03437500 0.12847222
17 0.72187500 0.53125000 0.03593750 0.11805556
0 0.93906250 0.53125000 0.03593750 0.11111111
11 0.07656250 0.67708333 0.04062500 0.11805556
8 0.11718750 0.67708333 0.03281250 0.11805556
5 0.16093750 0.67708333 0.03593750 0.11805556
13 0.20468750 0.67708333 0.03281250 0.11111111
5 0.33437500 0.68055556 0.03437500 0.11111111
0 0.37656250 0.68055556 0.03437500 0.11805556
3 0.76406250 0.68750000 0.03437500 0.11111111
11 0.93906250 0.69791667 0.03750000 0.12152778
24 0.11875000 0.83680556 0.03593750 0.12500000
11 0.33281250 0.84375000 0.03437500 0.11805556
18 0.42031250 0.84375000 0.03593750 0.11805556
20 0.54687500 0.84722222 0.03437500 0.12152778
20 0.72031250 0.85763889 0.03437500 0.12500000
8 0.89375000 0.85763889 0.03437500 0.11111111
