18 0.26718750 0.80937500 0.08593750 0.15000000
19 0.23750000 0.15156250 0.08593750 0.15312500
4 0.05937500 0.23750000 0.08125000 0.15625000
7 0.35156250 0.77968750 0.07812500 0.14843750
4 0.48750000 0.93281250 0.07812500 0.13437500
4 0.44218750 0.73750000 0.08593750 0.15000000
4 0.57500000 0.89375000 0.07343750 0.14062500
15 0.33750000 0.13593750 0.08281250 0.15312500
11 0.62656250 0.66875000 0.08593750 0.14062500
5 0.30468750 0.57500000 0.07656250 0.15312500
11 0.41406250 0.54062500 0.09062500 0.13593750
19 0.51093750 0.51093750 0.08750000 0.13437500
14 0.70625000 0.63750000 0.08281250 0.15000000
17 0.59062500 0.47812500 0.08125000 0.16718750
3 0.73125000 0.82031250 0.07812500 0.15781250
18 0.82500000 0.93437500 0.07343750 0.13125000
