14 0.04843750 0.20781250 0.09375000 0.16250000
0 0.04375000 0.42812500 0.08281250 0.17031250
23 0.13750000 0.40312500 0.09843750 0.17656250
17 0.25156250 0.39062500 0.08593750 0.17656250
18 0.07500000 0.66718750 0.10000000 0.17656250
17 0.07968750 0.90312500 0.09531250 0.18125000
0 0.16562500 0.89375000 0.08593750 0.17968750
14 0.17187500 0.64531250 0.09375000 0.18125000
8 0.27343750 0.87812500 0.08750000 0.19375000
3 0.38750000 0.83906250 0.09375000 0.18906250
6 0.37500000 0.59843750 0.09531250 0.18125000
14 0.45000000 0.36250000 0.08750000 0.16718750
5 0.54687500 0.35312500 0.08593750 0.17500000
4 0.47812500 0.57968750 0.08750000 0.17968750
18 0.57031250 0.55625000 0.08281250 0.17187500
18 0.72656250 0.30468750 0.08750000 0.14843750
4 0.69062500 0.75000000 0.08750000 0.16250000
