18 0.08437500 0.15000000 0.10000000 0.20156250
25 0.20781250 0.12187500 0.09843750 0.18437500
17 0.53125000 0.09531250 0.08750000 0.16250000
4 0.10625000 0.67968750 0.10937500 0.21093750
22 0.24687500 0.64218750 0.11250000 0.23437500
18 0.38281250 0.60937500 0.10468750 0.20156250
14 0.39687500 0.87968750 0.10781250 0.19687500
13 0.52343750 0.82500000 0.09531250 0.20625000
18 0.59062500 0.54375000 0.09531250 0.18750000
0 0.62031250 0.09375000 0.08125000 0.15312500
4 0.62812500 0.79375000 0.09375000 0.19375000
