11 0.10937500 0.11484375 0.03281250 0.11796875
14 0.14375000 0.11796875 0.03437500 0.10781250
21 0.18281250 0.10781250 0.02968750 0.10390625
4 0.22187500 0.10390625 0.03437500 0.11093750
6 0.42656250 0.08671875 0.02968750 0.10781250
4 0.50781250 0.08359375 0.03281250 0.11484375
21 0.55000000 0.08671875 0.03281250 0.11796875
0 0.59062500 0.08359375 0.02968750 0.11484375
13 0.14218750 0.26015625 0.02968750 0.11484375
20 0.18125000 0.25703125 0.02968750 0.11484375
4 0.26093750 0.25000000 0.03125000 0.11484375
19 0.30312500 0.24687500 0.03437500 0.12187500
14 0.38437500 0.24296875 0.03593750 0.11796875
13 0.42812500 0.23984375 0.03593750 0.11796875
12 0.55156250 0.23984375 0.03125000 0.12187500
14 0.59375000 0.23593750 0.03281250 0.11796875
13 0.63750000 0.23281250 0.03437500 0.12187500
21 0.10312500 0.42031250 0.02812500 0.12500000
14 0.14062500 0.41640625 0.03125000 0.11093750
11 0.17968750 0.41328125 0.03437500 0.11796875
11 0.22031250 0.40937500 0.03593750 0.11796875
4 0.26093750 0.40312500 0.03437500 0.11796875
24 0.30312500 0.40625000 0.03437500 0.12187500
1 0.34375000 0.40312500 0.03281250 0.12500000
0 0.38593750 0.39609375 0.03281250 0.12500000
11 0.42968750 0.40312500 0.03125000 0.12187500
11 0.46875000 0.40312500 0.03437500 0.12500000
13 0.13906250 0.57265625 0.02968750 0.10781250
21 0.17812500 0.57265625 0.02968750 0.12500000
4 0.25937500 0.55937500 0.03125000 0.11484375
19 0.30156250 0.56250000 0.03281250 0.12187500
0 0.38750000 0.55937500 0.03125000 0.11796875
10 0.51250000 0.55546875 0.03437500 0.11796875
23 0.10000000 0.72890625 0.02968750 0.11484375
18 0.17812500 0.72187500 0.03750000 0.12812500
19 0.30000000 0.72187500 0.03281250 0.12187500
15 0.47031250 0.71171875 0.03281250 0.12812500
21 0.13437500 0.88203125 0.02968750 0.13203125
11 0.17343750 0.88203125 0.03437500 0.12500000
0 0.21718750 0.88203125 0.03437500 0.12812500
3 0.25625000 0.88515625 0.03281250 0.12187500
18 0.34062500 0.88203125 0.03437500 0.12500000
10 0.38281250 0.88515625 0.03750000 0.13515625
24 0.42656250 0.88515625 0.03750000 0.13515625
0 0.60312500 0.87812500 0.03437500 0.12500000
17 0.51250000 0.71562500 0.03125000 0.11484375
8 0.55625000 0.71171875 0.03593750 0.12812500
21 0.60156250 0.71562500 0.04062500 0.13515625
0 0.64375000 0.71562500 0.03593750 0.12812500
19 0.68593750 0.71562500 0.03750000 0.13203125
4 0.73281250 0.71562500 0.03750000 0.13515625
3 0.82031250 0.71562500 0.03906250 0.14921875
4 0.86406250 0.71562500 0.03750000 0.14921875
19 0.90781250 0.70859375 0.03593750 0.14609375
8 0.95156250 0.71171875 0.03281250 0.15312500
11 0.68906250 0.88203125 0.03281250 0.13515625
8 0.73437500 0.87812500 0.03750000 0.13515625
2 0.77968750 0.88203125 0.03593750 0.12812500
18 0.86562500 0.87812500 0.03750000 0.12500000
4 0.91093750 0.87500000 0.03593750 0.13515625
23 0.68593750 0.55234375 0.03906250 0.13515625
18 0.77500000 0.55546875 0.03593750 0.13906250
4 0.81875000 0.54843750 0.03906250 0.13515625
4 0.86093750 0.54843750 0.03593750 0.13515625
12 0.90468750 0.54531250 0.03437500 0.12500000
18 0.94687500 0.54140625 0.03281250 0.11796875
2 0.90000000 0.38203125 0.03906250 0.13515625
0 0.94218750 0.38203125 0.03593750 0.13515625
3 0.72343750 0.22890625 0.03750000 0.12500000
1 0.76093750 0.07656250 0.03281250 0.11796875
17 0.88906250 0.06562500 0.03750000 0.11796875
4 0.92968750 0.06953125 0.03281250 0.11484375
1 0.96875000 0.06562500 0.03281250 0.10781250
