18 0.04218750 0.07638889 0.03437500 0.11805556
10 0.07968750 0.06944444 0.03593750 0.11458333
8 0.12031250 0.06597222 0.03593750 0.11458333
7 0.03125000 0.37152778 0.03593750 0.11805556
0 0.10937500 0.35763889 0.03593750 0.12500000
2 0.18750000 0.34722222 0.02812500 0.12500000
14 0.23125000 0.35069444 0.03125000 0.11805556
11 0.27343750 0.34722222 0.03906250 0.13194444
3 0.31406250 0.33680556 0.03437500 0.11805556
19 0.02187500 0.68402778 0.03281250 0.12847222
8 0.10468750 0.68402778 0.03125000 0.12152778
2 0.14375000 0.67013889 0.03437500 0.12847222
4 0.18593750 0.67361111 0.03281250 0.12847222
18 0.27187500 0.66319444 0.03593750 0.12152778
10 0.31562500 0.66319444 0.03437500 0.12152778
0 0.35937500 0.66319444 0.03593750 0.13194444
19 0.40312500 0.65625000 0.03593750 0.13194444
6 0.53281250 0.64583333 0.04062500 0.12847222
14 0.57656250 0.64236111 0.03750000 0.12500000
19 0.62187500 0.64236111 0.03750000 0.13194444
19 0.75312500 0.63194444 0.03906250 0.12500000
0 0.79531250 0.63194444 0.03593750 0.12500000
10 0.83750000 0.62847222 0.04062500 0.12152778
4 0.87968750 0.63194444 0.03437500 0.13194444
13 0.06406250 0.85069444 0.03593750 0.13194444
14 0.10468750 0.84722222 0.03437500 0.12847222
15 0.18593750 0.83680556 0.03437500 0.12847222
20 0.22968750 0.83680556 0.03437500 0.12152778
2 0.27343750 0.83333333 0.03281250 0.11805556
10 0.31562500 0.82986111 0.03281250 0.13194444
