2 0.19531250 0.45486111 0.03750000 0.12152778
0 0.23750000 0.45486111 0.03593750 0.12847222
20 0.27656250 0.45833333 0.03281250 0.12152778
18 0.31875000 0.45833333 0.03593750 0.12152778
4 0.35781250 0.45833333 0.03593750 0.12847222
21 0.51562500 0.46180556 0.03593750 0.11805556
4 0.55468750 0.46875000 0.03437500 0.12152778
9 0.63125000 0.46875000 0.03750000 0.12500000
4 0.67187500 0.47222222 0.03281250 0.13194444
18 0.85781250 0.47569444 0.02968750 0.11111111
17 0.62968750 0.32638889 0.03437500 0.11805556
14 0.55156250 0.31944444 0.03906250 0.11805556
3 0.40000000 0.31597222 0.03281250 0.11805556
18 0.36093750 0.31944444 0.03281250 0.12847222
13 0.36093750 0.17361111 0.02812500 0.11111111
14 0.32187500 0.17013889 0.03281250 0.11111111
13 0.44062500 0.18402778 0.03281250 0.13194444
7 0.51562500 0.19097222 0.03125000 0.12152778
4 0.55312500 0.19444444 0.03437500 0.11458333
6 0.62968750 0.19791667 0.03437500 0.11805556
8 0.66718750 0.19791667 0.02968750 0.12500000
19 0.70468750 0.20138889 0.03281250 0.11805556
24 0.20312500 0.15972222 0.03593750 0.11111111
24 0.43750000 0.46180556 0.03593750 0.11805556
0 0.89218750 0.47569444 0.02812500 0.10763889
12 0.92656250 0.47916667 0.03593750 0.12152778
4 0.96250000 0.47916667 0.03125000 0.11111111
13 0.91875000 0.20833333 0.03437500 0.11111111
3 0.07968750 0.30208333 0.03125000 0.11111111
24 0.51718750 0.05902778 0.03750000 0.11111111
3 0.70156250 0.06597222 0.03593750 0.12847222
13 0.77500000 0.07638889 0.03437500 0.13194444
11 0.91250000 0.08333333 0.03281250 0.11458333
