17 0.34619100 0.03343000 0.02246100 0.03052300
0 0.38427700 0.03597400 0.02246100 0.02979700
1 0.42334000 0.03888100 0.02246100 0.02979700
14 0.46191400 0.04142400 0.02148400 0.03052300
16 0.50000000 0.04433100 0.02148400 0.03052300
8 0.53515600 0.05050900 0.02148400 0.02979700
4 0.38623000 0.08757300 0.02246100 0.03125000
8 0.38623000 0.14171500 0.02246100 0.03197700
5 0.42480500 0.14280500 0.02148400 0.03125000
0 0.60546900 0.15952000 0.02148400 0.03125000
7 0.73388700 0.17950600 0.01855500 0.02761600
0 0.38330100 0.19404100 0.02050800 0.03052300
8 0.53857400 0.20639500 0.02050800 0.03052300
5 0.57275400 0.20930200 0.02050800 0.03052300
7 0.70361300 0.22165700 0.01855500 0.02761600
0 0.38623000 0.24636600 0.02050800 0.03052300
0 0.53613300 0.25690400 0.01953100 0.02979700
1 0.57031200 0.25872100 0.01953100 0.03052300
8 0.38623000 0.30196200 0.02050800 0.02979700
5 0.42480500 0.30305200 0.01953100 0.02907000
0 0.57226600 0.31213700 0.01953100 0.02834300
1 0.60449200 0.31431700 0.01953100 0.02834300
7 0.73584000 0.32303800 0.01855500 0.02689000
7 0.38964800 0.35755800 0.01953100 0.03052300
7 0.54003900 0.35973800 0.01953100 0.03052300
1 0.38476600 0.41024700 0.01953100 0.02689000
3 0.53857400 0.41460800 0.02050800 0.02979700
0 0.67187500 0.41642400 0.01562500 0.02325600
0 0.70312500 0.41715100 0.01562500 0.02325600
1 0.38476600 0.46475300 0.01562500 0.02543600
0 0.53759800 0.46620600 0.02050800 0.02979700
0 0.57128900 0.46657000 0.01953100 0.02907000
3 0.67578100 0.46911300 0.01953100 0.02834300
1 0.38525400 0.52034900 0.02050800 0.02907000
3 0.54003900 0.51962200 0.01757800 0.02907000
3 0.57373000 0.51998500 0.02050800 0.02979700
3 0.38525400 0.57558100 0.01855500 0.03052300
3 0.42529300 0.57558100 0.01855500 0.03052300
3 0.57568400 0.57303800 0.02050800 0.02979700
0 0.70507800 0.56940400 0.01562500 0.02543600
0 0.72753900 0.56867700 0.01562500 0.02543600
0 0.38378900 0.63190400 0.01953100 0.03125000
0 0.42187500 0.63117700 0.01953100 0.03125000
0 0.57324200 0.62681700 0.01953100 0.03125000
0 0.60742200 0.62609000 0.01953100 0.03125000
0 0.38330100 0.68750000 0.01855500 0.03197700
2 0.42236300 0.68750000 0.01855500 0.03052300
2 0.53759800 0.68241300 0.01855500 0.03052300
4 0.67578100 0.67587200 0.01757800 0.03052300
1 0.70654300 0.67405500 0.01855500 0.02979700
2 0.38281200 0.74382300 0.01953100 0.03125000
4 0.53906200 0.73691900 0.01953100 0.03052300
1 0.57373000 0.73401200 0.01855500 0.02907000
0 0.70849600 0.72311000 0.01855500 0.02907000
2 0.73974600 0.72020300 0.01855500 0.02907000
2 0.38378900 0.80196200 0.01953100 0.03270300
3 0.57568400 0.78888100 0.02050800 0.03270300
0 0.38134800 0.86119200 0.02050800 0.03197700
2 0.42285200 0.85719500 0.01953100 0.03125000
3 0.54052700 0.84702000 0.02050800 0.03125000
4 0.67822300 0.83139500 0.02050800 0.03052300
1 0.70898400 0.82776200 0.02148400 0.03052300
4 0.38183600 0.91569800 0.02148400 0.03197700
1 0.42236300 0.91279100 0.02246100 0.03197700
4 0.57666000 0.89898300 0.02246100 0.03197700
1 0.61132800 0.89498500 0.02148400 0.03270300
