11 0.16406250 0.20312500 0.09375000 0.15781250
14 0.26093750 0.19843750 0.09062500 0.15781250
14 0.36093750 0.17968750 0.08593750 0.16562500
4 0.08437500 0.44843750 0.08750000 0.19218750
3 0.27812500 0.40468750 0.09531250 0.17500000
0 0.38125000 0.39843750 0.08281250 0.17031250
23 0.47812500 0.37656250 0.09062500 0.17656250
17 0.57031250 0.36718750 0.08281250 0.17656250
12 0.08281250 0.66718750 0.07812500 0.17500000
14 0.18437500 0.65937500 0.10000000 0.18906250
18 0.39687500 0.60625000 0.08750000 0.16562500
17 0.40937500 0.83906250 0.09531250 0.18125000
0 0.51562500 0.81250000 0.08593750 0.17968750
14 0.49687500 0.58593750 0.09375000 0.17031250
8 0.60625000 0.80000000 0.08750000 0.19375000
3 0.70625000 0.77812500 0.09062500 0.18906250
6 0.67812500 0.55937500 0.09375000 0.18125000
14 0.75312500 0.33437500 0.08750000 0.15625000
