18 0.31718750 0.18593750 0.07343750 0.16250000
7 0.40937500 0.19062500 0.07812500 0.15781250
4 0.49843750 0.17812500 0.07187500 0.15625000
3 0.43906250 0.58593750 0.09375000 0.17031250
0 0.52812500 0.57500000 0.08281250 0.16093750
12 0.59062500 0.16093750 0.08281250 0.16562500
3 0.76718750 0.14218750 0.07343750 0.15781250
14 0.84687500 0.14375000 0.06718750 0.15781250
3 0.62343750 0.56250000 0.09062500 0.17187500
0 0.60468750 0.35468750 0.07812500 0.15312500
5 0.69218750 0.33906250 0.07812500 0.17187500
