15 0.18798800 0.18386600 0.01855500 0.02034900
20 0.21044900 0.18277600 0.01855500 0.01962200
25 0.23193400 0.18132300 0.01855500 0.01962200
17 0.27685500 0.17805200 0.01855500 0.02034900
4 0.29931600 0.17659900 0.01855500 0.02034900
10 0.32080100 0.17514500 0.01855500 0.02034900
20 0.36865200 0.17223800 0.01855500 0.02034900
22 0.41650400 0.16896800 0.01855500 0.01962200
0 0.44043000 0.16751500 0.01953100 0.02107600
18 0.46484400 0.16606100 0.01953100 0.02107600
25 0.51464800 0.16315400 0.01953100 0.02107600
0 0.54003900 0.16170100 0.01953100 0.02107600
15 0.56445300 0.16024700 0.01953100 0.02107600
0 0.58984400 0.15879400 0.01953100 0.02107600
13 0.64209000 0.15588700 0.02050800 0.02107600
10 0.18652300 0.21039200 0.01757800 0.01962200
0 0.20752000 0.20966600 0.01660200 0.01962200
10 0.22949200 0.20821200 0.01757800 0.01962200
25 0.27539100 0.20603200 0.01757800 0.01962200
0 0.29785200 0.20530500 0.01757800 0.01962200
9 0.32080100 0.20312500 0.01855500 0.01962200
9 0.34423800 0.20203500 0.01855500 0.02034900
4 0.36816400 0.20058100 0.01757800 0.02034900
19 0.39209000 0.19949100 0.01855500 0.01962200
4 0.44091800 0.19694800 0.01855500 0.02034900
6 0.46435500 0.19585800 0.01855500 0.01962200
14 0.48974600 0.19440400 0.01855500 0.02107600
7 0.53955100 0.19186000 0.01855500 0.02034900
14 0.56494100 0.19077000 0.01855500 0.02107600
25 0.59033200 0.18931700 0.01855500 0.02107600
8 0.64257800 0.18677300 0.01953100 0.02180200
13 0.66796900 0.18568300 0.01953100 0.02107600
0 0.14062500 0.24091600 0.01757800 0.01962200
6 0.18457000 0.23946200 0.01757800 0.01962200
17 0.20605500 0.23837200 0.01757800 0.02034900
0 0.22802700 0.23728200 0.01855500 0.01962200
9 0.25097700 0.23619200 0.01757800 0.02034900
3 0.27343800 0.23473800 0.01757800 0.02034900
0 0.29687500 0.23401200 0.01757800 0.02034900
13 0.31982400 0.23255800 0.01855500 0.02034900
10 0.34326200 0.23183100 0.01855500 0.02034900
0 0.36767600 0.23037800 0.01855500 0.02034900
12 0.41455100 0.22892400 0.01855500 0.02034900
13 0.43994100 0.22747100 0.01855500 0.02034900
4 0.46386700 0.22638100 0.01953100 0.02107600
22 0.51367200 0.22347400 0.01953100 0.02107600
14 0.56494100 0.22056700 0.01855500 0.02107600
19 0.59033200 0.21984000 0.01855500 0.02107600
22 0.61621100 0.21838700 0.01953100 0.02107600
4 0.64160200 0.21729700 0.01953100 0.02180200
19 0.66796900 0.21657000 0.01953100 0.02180200
6 0.13867200 0.26962200 0.01757800 0.02034900
14 0.16015600 0.26853200 0.01757800 0.01962200
22 0.18164100 0.26780500 0.01757800 0.01962200
14 0.20410200 0.26671500 0.01757800 0.02034900
17 0.22656200 0.26598800 0.01757800 0.02034900
8 0.24902300 0.26526200 0.01757800 0.02034900
19 0.27246100 0.26380800 0.01757800 0.02034900
22 0.36621100 0.26017400 0.01757800 0.02034900
0 0.39111300 0.25908400 0.01855500 0.02107600
12 0.41503900 0.25835800 0.01757800 0.02107600
3 0.46386700 0.25654100 0.01757800 0.02034900
4 0.48828100 0.25581400 0.01953100 0.02180200
11 0.51367200 0.25436000 0.01953100 0.02180200
0 0.53808600 0.25290700 0.01953100 0.02180200
13 0.58984400 0.25072700 0.01953100 0.02180200
4 0.61523400 0.24927300 0.01953100 0.02180200
19 0.64160200 0.24782000 0.01953100 0.02180200
10 0.22509800 0.29469500 0.01660200 0.01962200
14 0.24804700 0.29396800 0.01757800 0.01962200
13 0.27099600 0.29324100 0.01660200 0.01962200
4 0.29443400 0.29251500 0.01660200 0.01962200
16 0.31738300 0.29178800 0.01757800 0.01962200
13 0.34130900 0.29142400 0.01855500 0.02034900
14 0.36572300 0.29033400 0.01855500 0.02107600
25 0.41455100 0.28888100 0.01855500 0.02107600
0 0.43798800 0.28779100 0.01855500 0.02034900
6 0.46240200 0.28670100 0.01855500 0.02107600
20 0.48779300 0.28597400 0.01855500 0.02107600
3 0.51367200 0.28415700 0.01953100 0.02180200
4 0.53808600 0.28343000 0.01953100 0.02180200
11 0.56347700 0.28270300 0.01953100 0.02180200
0 0.58886700 0.28125000 0.01953100 0.02180200
15 0.20117200 0.32485500 0.01757800 0.02034900
14 0.22363300 0.32412800 0.01757800 0.02034900
16 0.24658200 0.32340100 0.01660200 0.02034900
4 0.26953100 0.32267400 0.01757800 0.02034900
12 0.29296900 0.32194800 0.01757800 0.02034900
20 0.31738300 0.32122100 0.01757800 0.02034900
9 0.36523400 0.32049400 0.01757800 0.02034900
4 0.38964800 0.31976700 0.01757800 0.02034900
13 0.43798800 0.31795100 0.01855500 0.02107600
4 0.46240200 0.31722400 0.01855500 0.02107600
19 0.48730500 0.31577000 0.01953100 0.02107600
12 0.53710900 0.31431700 0.01953100 0.02107600
13 0.56250000 0.31322700 0.01953100 0.02180200
4 0.58837900 0.31177300 0.02050800 0.02180200
3 0.64111300 0.31104700 0.02050800 0.02180200
4 0.66748000 0.31032000 0.02050800 0.02180200
11 0.69384800 0.30959300 0.02050800 0.02180200
0 0.72119100 0.30923000 0.02050800 0.02252900
22 0.17675800 0.35428800 0.01757800 0.02107600
19 0.24511700 0.35283400 0.01757800 0.02107600
14 0.26855500 0.35247100 0.01757800 0.02034900
12 0.29199200 0.35174400 0.01757800 0.02034900
3 0.33984400 0.35065400 0.01757800 0.02107600
14 0.36425800 0.35029100 0.01757800 0.02034900
12 0.38818400 0.34992700 0.01855500 0.02107600
4 0.41259800 0.34992700 0.01855500 0.02107600
3 0.46240200 0.34920100 0.01855500 0.02107600
4 0.48681600 0.34665700 0.01855500 0.02180200
18 0.51171900 0.34593000 0.01953100 0.02180200
19 0.56298800 0.34447700 0.01855500 0.02180200
11 0.64111300 0.34229700 0.01855500 0.02180200
4 0.66894500 0.34266000 0.01953100 0.02107600
19 0.69433600 0.34157000 0.01953100 0.02180200
3 0.22119100 0.38335800 0.01855500 0.02107600
0 0.24462900 0.38263100 0.01855500 0.02107600
22 0.26757800 0.38263100 0.01757800 0.02107600
0 0.29150400 0.38226700 0.01855500 0.02034900
11 0.31543000 0.38154100 0.01757800 0.02034900
0 0.33935500 0.38117700 0.01855500 0.02107600
11 0.38818400 0.38045100 0.01855500 0.02107600
3 0.43701200 0.37936000 0.01855500 0.02034900
12 0.48584000 0.37827000 0.01855500 0.02107600
18 0.53662100 0.37681700 0.01855500 0.02107600
22 0.56250000 0.37609000 0.01953100 0.02107600
4 0.58837900 0.37572700 0.01855500 0.02180200
19 0.61425800 0.37500000 0.01953100 0.02180200
8 0.17382800 0.41315400 0.01757800 0.02107600
13 0.21972700 0.41279100 0.01757800 0.02034900
8 0.24267600 0.41279100 0.01855500 0.02034900
17 0.29052700 0.41242700 0.01855500 0.02107600
0 0.31445300 0.41242700 0.01757800 0.02107600
25 0.33837900 0.41170100 0.01855500 0.02107600
20 0.36279300 0.41133700 0.01855500 0.02034900
13 0.41162100 0.41024700 0.01855500 0.02107600
4 0.43603500 0.41024700 0.01855500 0.02107600
10 0.48584000 0.40952000 0.01855500 0.02107600
14 0.51025400 0.40879400 0.01855500 0.02107600
15 0.53515600 0.40843000 0.01953100 0.02180200
19 0.56152300 0.40770300 0.01953100 0.02180200
4 0.58740200 0.40770300 0.02050800 0.02180200
11 0.61328100 0.40697700 0.01953100 0.02180200
0 0.64013700 0.40697700 0.02050800 0.02180200
15 0.17285200 0.44186000 0.01757800 0.02034900
14 0.19531200 0.44222400 0.01757800 0.02107600
16 0.21826200 0.44222400 0.01855500 0.02107600
4 0.24169900 0.44222400 0.01855500 0.02107600
12 0.26513700 0.44222400 0.01855500 0.02107600
20 0.28857400 0.44222400 0.01855500 0.02107600
9 0.33691400 0.44222400 0.01757800 0.02107600
4 0.36132800 0.44222400 0.01757800 0.02107600
13 0.41064500 0.44149700 0.01855500 0.02107600
4 0.43505900 0.44113400 0.01855500 0.02180200
19 0.45996100 0.44077000 0.01953100 0.02107600
12 0.50976600 0.44004400 0.01953100 0.02107600
13 0.53466800 0.43968000 0.01855500 0.02180200
4 0.56054700 0.43931700 0.01953100 0.02252900
3 0.61377000 0.43895300 0.02050800 0.02180200
4 0.64013700 0.43859000 0.02050800 0.02252900
11 0.66748000 0.43822700 0.02050800 0.02180200
0 0.69433600 0.43822700 0.01953100 0.02180200
3 0.12695300 0.47347400 0.01757800 0.02107600
0 0.14941400 0.47274700 0.01757800 0.02107600
15 0.19433600 0.47274700 0.01757800 0.02107600
17 0.21777300 0.47274700 0.01757800 0.02107600
8 0.23974600 0.47274700 0.01855500 0.02107600
19 0.31250000 0.47274700 0.01757800 0.02107600
14 0.33544900 0.47274700 0.01855500 0.02107600
12 0.36084000 0.47238400 0.01855500 0.02180200
6 0.45849600 0.47165700 0.01855500 0.02180200
14 0.48388700 0.47165700 0.01855500 0.02180200
22 0.50927700 0.47165700 0.01855500 0.02180200
14 0.53466800 0.47129400 0.01855500 0.02107600
17 0.56103500 0.47093000 0.01855500 0.02180200
1 0.17041000 0.50290700 0.01855500 0.02034900
4 0.19335900 0.50290700 0.01757800 0.02034900
25 0.21582000 0.50290700 0.01757800 0.02034900
7 0.26367200 0.50290700 0.01757800 0.02034900
8 0.28710900 0.50290700 0.01757800 0.02034900
19 0.31152300 0.50327000 0.01757800 0.02107600
17 0.33496100 0.50327000 0.01757800 0.02107600
14 0.35888700 0.50327000 0.01855500 0.02107600
18 0.38330100 0.50327000 0.01855500 0.02107600
19 0.40771500 0.50327000 0.01855500 0.02107600
8 0.43310500 0.50327000 0.01855500 0.02107600
6 0.48339800 0.50290700 0.01953100 0.02180200
14 0.50878900 0.50290700 0.01953100 0.02180200
17 0.53418000 0.50290700 0.01953100 0.02180200
15 0.12500000 0.53306700 0.01757800 0.02107600
14 0.14648400 0.53306700 0.01757800 0.02107600
18 0.19140600 0.53306700 0.01757800 0.02107600
19 0.21386700 0.53343000 0.01757800 0.02034900
0 0.23828100 0.53343000 0.01757800 0.02034900
17 0.26171900 0.53343000 0.01757800 0.02034900
8 0.28515600 0.53379400 0.01757800 0.02107600
13 0.30908200 0.53415700 0.01855500 0.02180200
10 0.33349600 0.53415700 0.01855500 0.02180200
4 0.35791000 0.53415700 0.01855500 0.02180200
15 0.40771500 0.53452000 0.01855500 0.02107600
14 0.43212900 0.53452000 0.01855500 0.02107600
15 0.48242200 0.53415700 0.01953100 0.02180200
17 0.50781200 0.53524700 0.01953100 0.02252900
8 0.53418000 0.53524700 0.01953100 0.02252900
22 0.55957000 0.53524700 0.01953100 0.02252900
16 0.61279300 0.53561000 0.02050800 0.02180200
10 0.63964800 0.53561000 0.02148400 0.02325600
4 0.66699200 0.53561000 0.02148400 0.02325600
25 0.12353500 0.56286300 0.01660200 0.02107600
0 0.14453100 0.56359000 0.01757800 0.02107600
9 0.16748000 0.56359000 0.01660200 0.02107600
8 0.18994100 0.56395300 0.01660200 0.02034900
6 0.21337900 0.56431700 0.01660200 0.02107600
0 0.23681600 0.56431700 0.01660200 0.02107600
18 0.28418000 0.56504400 0.01757800 0.02107600
14 0.40673800 0.56613400 0.01855500 0.02180200
19 0.43115200 0.56613400 0.01855500 0.02180200
18 0.48193400 0.56686000 0.01855500 0.02180200
15 0.50732400 0.56758700 0.01855500 0.02180200
8 0.53320300 0.56758700 0.01953100 0.02325600
16 0.55957000 0.56795100 0.01953100 0.02252900
10 0.58593800 0.56795100 0.01953100 0.02252900
8 0.61230500 0.56867700 0.01953100 0.02252900
22 0.12109400 0.59302300 0.01757800 0.02180200
14 0.14355500 0.59338700 0.01757800 0.02107600
19 0.16601600 0.59411300 0.01757800 0.02107600
10 0.21240200 0.59484000 0.01855500 0.02107600
0 0.23584000 0.59556700 0.01855500 0.02107600
10 0.25927700 0.59593000 0.01855500 0.02180200
18 0.30712900 0.59593000 0.01855500 0.02180200
22 0.33154300 0.59665700 0.01855500 0.02180200
4 0.35595700 0.59702000 0.01855500 0.02252900
16 0.38037100 0.59738400 0.01855500 0.02180200
10 0.40576200 0.59738400 0.01855500 0.02180200
0 0.43115200 0.59811000 0.01855500 0.02180200
8 0.48095700 0.59883700 0.01855500 0.02180200
11 0.50683600 0.59920100 0.01953100 0.02252900
8 0.53320300 0.59992700 0.01953100 0.02252900
15 0.58544900 0.60101700 0.02050800 0.02325600
4 0.61181600 0.60138100 0.02050800 0.02252900
16 0.63916000 0.60174400 0.02050800 0.02325600
13 0.11962900 0.62391000 0.01855500 0.02107600
20 0.14160200 0.62427300 0.01757800 0.02180200
0 0.18750000 0.62536300 0.01757800 0.02107600
22 0.23388700 0.62681700 0.01855500 0.02252900
0 0.25830100 0.62718000 0.01855500 0.02180200
18 0.28173800 0.62790700 0.01855500 0.02180200
13 0.32959000 0.62863400 0.01855500 0.02180200
4 0.35498000 0.62899700 0.01855500 0.02252900
11 0.37890600 0.62972400 0.01953100 0.02252900
25 0.43066400 0.63045100 0.01953100 0.02252900
25 0.50634800 0.63226700 0.02050800 0.02325600
0 0.53271500 0.63299400 0.02050800 0.02325600
9 0.55908200 0.63335800 0.02050800 0.02252900
4 0.58544900 0.63408400 0.02050800 0.02252900
16 0.61279300 0.63481100 0.02050800 0.02252900
22 0.11816400 0.65407000 0.01757800 0.02180200
6 0.18603500 0.65661300 0.01855500 0.02107600
17 0.20898400 0.65734000 0.01757800 0.02107600
0 0.23242200 0.65806700 0.01757800 0.02107600
9 0.25634800 0.65806700 0.01855500 0.02252900
3 0.28076200 0.65879400 0.01855500 0.02252900
0 0.30419900 0.65952000 0.01855500 0.02252900
13 0.32861300 0.66097400 0.01855500 0.02252900
10 0.35302700 0.66133700 0.01855500 0.02180200
0 0.37841800 0.66206400 0.01855500 0.02180200
18 0.47998000 0.66424400 0.02050800 0.02325600
0 0.50585900 0.66497100 0.01953100 0.02325600
12 0.53222700 0.66642400 0.01953100 0.02325600
14 0.55859400 0.66715100 0.01953100 0.02325600
25 0.58544900 0.66787800 0.02050800 0.02325600
22 0.61181600 0.66824100 0.02050800 0.02398300
0 0.64013700 0.66896800 0.02050800 0.02398300
13 0.66748000 0.66969500 0.02050800 0.02398300
10 0.69482400 0.67042200 0.02050800 0.02398300
0 0.72216800 0.67078500 0.02050800 0.02325600
22 0.11621100 0.68459300 0.01757800 0.02180200
13 0.18505900 0.68750000 0.01855500 0.02180200
4 0.20800800 0.68859000 0.01757800 0.02107600
11 0.25537100 0.69040700 0.01855500 0.02180200
0 0.28027300 0.69186000 0.01757800 0.02180200
12 0.30273400 0.69222400 0.01953100 0.02252900
15 0.32714800 0.69295100 0.01953100 0.02252900
14 0.35253900 0.69331400 0.01953100 0.02325600
16 0.37695300 0.69440400 0.01953100 0.02252900
10 0.40234400 0.69476700 0.01953100 0.02325600
0 0.42773400 0.69549400 0.01953100 0.02325600
0 0.47949200 0.69767400 0.01953100 0.02325600
18 0.53173800 0.69912800 0.02050800 0.02325600
10 0.55859400 0.70058100 0.01953100 0.02325600
11 0.58496100 0.70130800 0.01953100 0.02325600
13 0.63964800 0.70312500 0.02148400 0.02398300
10 0.66699200 0.70348800 0.02148400 0.02325600
0 0.69482400 0.70385200 0.02050800 0.02398300
0 0.16064500 0.71838700 0.01855500 0.02252900
14 0.20654300 0.71984000 0.01855500 0.02252900
13 0.22998000 0.72129400 0.01855500 0.02252900
0 0.25390600 0.72202000 0.01953100 0.02252900
12 0.30224600 0.72420100 0.01855500 0.02252900
13 0.32666000 0.72565400 0.01855500 0.02252900
4 0.35156200 0.72638100 0.01953100 0.02252900
6 0.40136700 0.72856100 0.01953100 0.02252900
14 0.42675800 0.72928800 0.01953100 0.02252900
22 0.45263700 0.73074100 0.02050800 0.02252900
14 0.47851600 0.73183100 0.01953100 0.02325600
17 0.50488300 0.73255800 0.01953100 0.02325600
8 0.53125000 0.73328500 0.01953100 0.02325600
19 0.55810500 0.73437500 0.02050800 0.02252900
6 0.18212900 0.75072700 0.01855500 0.02180200
11 0.20556600 0.75181700 0.01855500 0.02252900
20 0.22900400 0.75327000 0.01855500 0.02252900
15 0.25293000 0.75399700 0.01953100 0.02252900
0 0.27734400 0.75545100 0.01953100 0.02252900
22 0.35107400 0.75835800 0.02050800 0.02252900
1 0.42627000 0.76235500 0.02050800 0.02325600
0 0.45263700 0.76380800 0.02050800 0.02325600
1 0.47802700 0.76489800 0.02050800 0.02398300
0 0.50439500 0.76598800 0.02050800 0.02325600
5 0.15673800 0.78125000 0.01855500 0.02180200
8 0.18066400 0.78234000 0.01953100 0.02252900
19 0.20410200 0.78379400 0.01953100 0.02252900
8 0.22753900 0.78524700 0.01953100 0.02252900
11 0.25195300 0.78670100 0.01953100 0.02252900
4 0.27587900 0.78742700 0.01855500 0.02252900
10 0.30029300 0.78888100 0.01855500 0.02252900
20 0.35058600 0.79215100 0.01953100 0.02325600
22 0.40039100 0.79433100 0.01953100 0.02325600
0 0.42578100 0.79578500 0.01953100 0.02325600
18 0.45214800 0.79723800 0.01953100 0.02325600
6 0.50439500 0.79978200 0.02050800 0.02398300
14 0.53125000 0.80123500 0.02148400 0.02398300
17 0.55761700 0.80196200 0.02148400 0.02398300
8 0.58447300 0.80341600 0.02050800 0.02398300
19 0.61230500 0.80414200 0.02148400 0.02398300
16 0.15478500 0.81286300 0.01855500 0.02252900
17 0.17871100 0.81431700 0.01953100 0.02252900
4 0.20312500 0.81577000 0.01953100 0.02252900
25 0.22705100 0.81758700 0.01855500 0.02325600
22 0.25097700 0.81867700 0.01953100 0.02252900
16 0.29882800 0.82158400 0.01953100 0.02252900
0 0.32421900 0.82303800 0.01953100 0.02252900
13 0.37402300 0.82594500 0.01953100 0.02252900
14 0.39990200 0.82703500 0.02050800 0.02325600
18 0.45117200 0.83030500 0.01953100 0.02398300
11 0.47705100 0.83175900 0.02050800 0.02398300
0 0.50390600 0.83321200 0.02148400 0.02398300
1 0.53027300 0.83466600 0.02148400 0.02398300
14 0.55712900 0.83684600 0.02050800 0.02398300
12 0.15332000 0.84484000 0.01953100 0.02252900
4 0.17675800 0.84702000 0.01953100 0.02252900
9 0.20117200 0.84847400 0.01953100 0.02252900
3 0.22558600 0.84992700 0.01953100 0.02252900
20 0.24902300 0.85138100 0.01953100 0.02252900
19 0.29785200 0.85428800 0.01953100 0.02252900
4 0.32324200 0.85610500 0.01953100 0.02325600
12 0.34765600 0.85755800 0.01953100 0.02325600
10 0.39892600 0.86082800 0.02050800 0.02398300
0 0.42431600 0.86228200 0.02050800 0.02398300
10 0.45019500 0.86373500 0.02148400 0.02398300
14 0.50293000 0.86773300 0.02148400 0.02470900
19 0.52929700 0.86918600 0.02148400 0.02470900
12 0.58398400 0.87209300 0.02148400 0.02470900
4 0.61230500 0.87354700 0.02148400 0.02470900
13 0.64013700 0.87500000 0.02050800 0.02470900
11 0.15234400 0.87718000 0.01953100 0.02325600
4 0.20019500 0.88045100 0.01953100 0.02252900
19 0.22412100 0.88226700 0.02050800 0.02325600
18 0.24804700 0.88372100 0.01953100 0.02325600
18 0.32177700 0.88917200 0.02050800 0.02252900
22 0.34668000 0.89098800 0.01953100 0.02325600
4 0.37158200 0.89280500 0.02050800 0.02252900
19 0.39746100 0.89498500 0.02148400 0.02398300
16 0.44921900 0.89861900 0.02148400 0.02398300
20 0.47607400 0.90043600 0.02246100 0.02470900
3 0.50244100 0.90225300 0.02246100 0.02398300
4 0.52978500 0.90407000 0.02246100 0.02470900
18 0.55615200 0.90588700 0.02246100 0.02398300
13 0.58349600 0.90734000 0.02246100 0.02398300
