14 0.05312500 0.09722222 0.03125000 0.13194444
6 0.25625000 0.07291667 0.03281250 0.11805556
20 0.29843750 0.07638889 0.03437500 0.11805556
24 0.34218750 0.07291667 0.03281250 0.12152778
18 0.38750000 0.07291667 0.03750000 0.12152778
18 0.47656250 0.07291667 0.03750000 0.11805556
0 0.51875000 0.06944444 0.03437500 0.11805556
22 0.56250000 0.06597222 0.03437500 0.12152778
20 0.65000000 0.06597222 0.03750000 0.12152778
18 0.34375000 0.23611111 0.03437500 0.12847222
22 0.43125000 0.23958333 0.03437500 0.13541667
13 0.56093750 0.23263889 0.03750000 0.13541667
20 0.60937500 0.23263889 0.03593750 0.12847222
4 0.69687500 0.23263889 0.03593750 0.12847222
19 0.74218750 0.22569444 0.03750000 0.13888889
8 0.25781250 0.23263889 0.02968750 0.13541667
19 0.16875000 0.56944444 0.03593750 0.13888889
8 0.21250000 0.56944444 0.03281250 0.12152778
2 0.25468750 0.57291667 0.03593750 0.12847222
10 0.29843750 0.57291667 0.03281250 0.12847222
4 0.34218750 0.56944444 0.03593750 0.13194444
19 0.38906250 0.56944444 0.03750000 0.13194444
14 0.47343750 0.56597222 0.03750000 0.13194444
17 0.51875000 0.56597222 0.03750000 0.13194444
7 0.61093750 0.56250000 0.03906250 0.13541667
6 0.74531250 0.55902778 0.03750000 0.13541667
18 0.08281250 0.73958333 0.03593750 0.12847222
1 0.12343750 0.73958333 0.03125000 0.13194444
14 0.16406250 0.74305556 0.03750000 0.13541667
3 0.20781250 0.73611111 0.03750000 0.13541667
24 0.25312500 0.73958333 0.03906250 0.14583333
24 0.43125000 0.73611111 0.03750000 0.14583333
17 0.47500000 0.73611111 0.03593750 0.14583333
1 0.56406250 0.73611111 0.03906250 0.14583333
8 0.60937500 0.73263889 0.03281250 0.13541667
10 0.65468750 0.73958333 0.03750000 0.13541667
4 0.70000000 0.73958333 0.03750000 0.13888889
17 0.29375000 0.90972222 0.03437500 0.12847222
4 0.33906250 0.90625000 0.03906250 0.13194444
1 0.38125000 0.90277778 0.03750000 0.13888889
4 0.42812500 0.90972222 0.03906250 0.13541667
0 0.52031250 0.90625000 0.03750000 0.14583333
7 0.70468750 0.90625000 0.03593750 0.14583333
4 0.75000000 0.91666667 0.04218750 0.14236111
18 0.84375000 0.90277778 0.04062500 0.13888889
