0 0.30810500 0.09266000 0.01660200 0.02543600
9 0.27197300 0.09266000 0.01660200 0.02543600
17 0.34472700 0.09193300 0.01562500 0.02543600
10 0.37695300 0.09266000 0.01562500 0.02543600
8 0.41699200 0.09447700 0.01757800 0.02761600
6 0.55908200 0.09811000 0.01855500 0.02761600
0 0.59326200 0.10029100 0.01855500 0.02761600
17 0.63037100 0.10210800 0.01660200 0.02689000
16 0.66503900 0.10465100 0.01757800 0.02761600
4 0.69873000 0.10574100 0.01855500 0.02689000
1 0.16015600 0.14898300 0.01757800 0.02616300
14 0.19335900 0.14680200 0.01757800 0.02761600
11 0.22656200 0.14607600 0.01757800 0.02761600
8 0.26318400 0.14534900 0.01855500 0.02761600
4 0.29882800 0.14462200 0.01757800 0.02761600
9 0.37109400 0.14316900 0.01757800 0.02761600
0 0.40429700 0.14425900 0.01757800 0.02834300
17 0.44287100 0.14462200 0.01855500 0.02907000
10 0.47802700 0.14425900 0.01855500 0.02834300
8 0.51611300 0.14571200 0.01855500 0.02834300
9 0.65380900 0.15116300 0.01855500 0.02761600
0 0.68750000 0.15261600 0.01757800 0.02761600
17 0.72216800 0.15407000 0.01855500 0.02761600
16 0.75683600 0.15443300 0.01757800 0.02543600
0 0.78955100 0.15479700 0.01660200 0.02470900
18 0.16113300 0.20857600 0.01757800 0.02470900
0 0.19335900 0.20639500 0.01757800 0.02470900
12 0.22802700 0.20421500 0.01855500 0.02470900
9 0.37207000 0.20167200 0.01757800 0.02834300
0 0.40527300 0.20021800 0.01757800 0.02834300
17 0.44335900 0.19985500 0.01757800 0.02761600
10 0.47705100 0.19949100 0.01660200 0.02834300
8 0.51611300 0.19912800 0.01660200 0.02761600
3 0.26709000 0.34484000 0.01660200 0.02834300
14 0.30127000 0.34447700 0.01660200 0.02761600
12 0.33593800 0.34447700 0.01757800 0.02761600
0 0.37109400 0.34447700 0.01757800 0.02761600
13 0.44433600 0.34520300 0.01757800 0.02761600
17 0.58398400 0.34629400 0.01757800 0.02834300
0 0.61816400 0.34665700 0.01757800 0.02761600
1 0.65478500 0.34738400 0.01660200 0.02761600
14 0.68994100 0.34702000 0.01660200 0.02689000
19 0.72509800 0.34702000 0.01660200 0.02689000
0 0.75781200 0.34593000 0.01757800 0.02761600
20 0.26611300 0.39316900 0.01660200 0.02907000
15 0.30078100 0.39353200 0.01757800 0.02979700
17 0.33691400 0.39389500 0.01757800 0.02907000
0 0.37158200 0.39389500 0.01660200 0.02907000
9 0.40820300 0.39389500 0.01757800 0.02907000
13 0.44433600 0.39425900 0.01757800 0.02834300
4 0.47949200 0.39425900 0.01757800 0.02834300
13 0.51464800 0.39425900 0.01757800 0.02834300
8 0.54882800 0.39425900 0.01757800 0.02834300
4 0.58496100 0.39498500 0.01757800 0.02834300
2 0.69043000 0.39571200 0.01757800 0.02834300
3 0.72509800 0.39571200 0.01660200 0.02834300
8 0.75830100 0.39571200 0.01660200 0.02834300
10 0.27002000 0.44404100 0.01660200 0.02907000
14 0.30371100 0.44404100 0.01757800 0.02907000
6 0.34082000 0.44404100 0.01757800 0.02907000
3 0.37695300 0.44404100 0.01757800 0.02907000
0 0.41113300 0.44404100 0.01757800 0.02907000
19 0.48193400 0.44404100 0.01660200 0.02907000
0 0.51562500 0.44404100 0.01757800 0.02907000
10 0.54980500 0.44440400 0.01757800 0.02834300
6 0.62207000 0.44440400 0.01757800 0.02834300
14 0.65673800 0.44440400 0.01855500 0.02834300
22 0.69140600 0.44440400 0.01757800 0.02834300
14 0.72558600 0.44404100 0.01757800 0.02907000
17 0.75927700 0.44440400 0.01660200 0.02834300
19 0.82812500 0.44513100 0.01757800 0.02834300
3 0.16992200 0.49236900 0.01757800 0.02689000
4 0.20214800 0.49236900 0.01757800 0.02689000
17 0.23632800 0.49164200 0.01757800 0.02689000
9 0.27050800 0.49164200 0.01757800 0.02689000
0 0.30468800 0.49236900 0.01757800 0.02834300
19 0.34082000 0.49345900 0.01757800 0.02761600
22 0.44726600 0.49273300 0.01757800 0.02761600
4 0.51757800 0.49200600 0.01757800 0.02761600
9 0.55273400 0.49200600 0.01757800 0.02761600
14 0.58691400 0.49236900 0.01757800 0.02834300
22 0.62207000 0.49236900 0.01757800 0.02834300
7 0.69091800 0.49236900 0.01660200 0.02834300
17 0.75878900 0.49418600 0.01757800 0.02761600
20 0.79345700 0.49345900 0.01660200 0.02761600
10 0.82666000 0.49345900 0.01660200 0.02761600
0 0.86084000 0.49345900 0.01660200 0.02761600
22 0.89599600 0.49273300 0.01660200 0.02761600
8 0.93017600 0.49273300 0.01660200 0.02761600
2 0.17041000 0.54033400 0.01660200 0.02834300
0 0.20263700 0.54069800 0.01660200 0.02907000
7 0.23632800 0.54142400 0.01757800 0.02907000
3 0.34179700 0.54251500 0.01757800 0.02834300
4 0.37695300 0.54251500 0.01757800 0.02834300
17 0.41259800 0.54215100 0.01855500 0.02907000
9 0.44775400 0.54178800 0.01855500 0.02834300
0 0.48242200 0.54106100 0.01757800 0.02834300
19 0.51709000 0.54106100 0.01855500 0.02834300
22 0.62207000 0.54033400 0.01757800 0.02834300
1 0.68945300 0.53997100 0.01757800 0.02761600
14 0.72460900 0.53997100 0.01757800 0.02761600
11 0.75878900 0.53997100 0.01757800 0.02761600
14 0.86132800 0.54033400 0.01757800 0.02689000
18 0.17041000 0.59048000 0.01660200 0.02834300
19 0.20410200 0.59048000 0.01757800 0.02834300
17 0.23779300 0.59048000 0.01660200 0.02834300
14 0.27294900 0.59084300 0.01660200 0.02761600
6 0.30712900 0.59120600 0.01660200 0.02834300
14 0.34228500 0.59120600 0.01660200 0.02834300
18 0.37744100 0.59048000 0.01660200 0.02834300
19 0.41259800 0.59048000 0.01660200 0.02834300
8 0.44824200 0.58975300 0.01562500 0.02834300
3 0.20410200 0.63953500 0.01757800 0.02761600
4 0.23877000 0.63953500 0.01660200 0.02761600
13 0.27294900 0.63989800 0.01660200 0.02834300
14 0.37793000 0.63917200 0.01757800 0.02834300
19 0.41210900 0.63917200 0.01757800 0.02689000
10 0.44677700 0.63880800 0.01855500 0.02761600
17 0.48339800 0.63808100 0.01757800 0.02761600
19 0.55273400 0.63735500 0.01757800 0.02761600
7 0.62207000 0.63699100 0.01757800 0.02689000
3 0.69091800 0.63626500 0.01660200 0.02689000
22 0.72558600 0.63626500 0.01757800 0.02689000
4 0.75927700 0.63626500 0.01660200 0.02689000
17 0.79248000 0.63590100 0.01660200 0.02761600
4 0.82666000 0.63590100 0.01660200 0.02761600
3 0.16992200 0.68604700 0.01757800 0.02761600
4 0.20312500 0.68604700 0.01757800 0.02761600
13 0.23632800 0.68677300 0.01757800 0.02761600
22 0.58642600 0.68604700 0.01660200 0.02761600
18 0.62255900 0.68495600 0.01660200 0.02689000
4 0.65625000 0.68459300 0.01757800 0.02761600
0 0.89209000 0.68204900 0.01660200 0.02689000
0 0.95849600 0.68059600 0.01660200 0.02689000
19 0.19970700 0.73037800 0.01660200 0.02761600
18 0.23339800 0.73146800 0.01757800 0.02689000
25 0.47851600 0.73328500 0.01562500 0.02616300
13 0.51367200 0.73364800 0.01562500 0.02689000
0 0.54638700 0.73219500 0.01660200 0.02689000
10 0.58007800 0.73292200 0.01562500 0.02689000
14 0.61572300 0.73219500 0.01660200 0.02689000
12 0.65039100 0.73110500 0.01562500 0.02616300
18 0.68603500 0.73183100 0.01660200 0.02616300
19 0.71923800 0.73110500 0.01660200 0.02616300
22 0.75390600 0.73037800 0.01757800 0.02616300
0 0.78759800 0.73146800 0.01660200 0.02543600
18 0.85693400 0.72928800 0.01660200 0.02543600
14 0.88916000 0.72856100 0.01660200 0.02543600
10 0.20214800 0.77979700 0.01757800 0.02761600
14 0.23779300 0.78197700 0.01660200 0.02761600
11 0.26904300 0.78197700 0.01660200 0.02761600
14 0.30517600 0.78270300 0.01660200 0.02761600
6 0.20410200 0.82667200 0.01757800 0.02689000
14 0.23632800 0.82848800 0.01757800 0.02761600
22 0.27148400 0.82921500 0.01757800 0.02761600
14 0.30468800 0.83030500 0.01757800 0.02689000
17 0.33886700 0.83066900 0.01757800 0.02761600
8 0.37548800 0.83066900 0.01660200 0.02761600
19 0.41113300 0.83139500 0.01757800 0.02761600
13 0.51416000 0.82921500 0.01660200 0.02616300
0 0.54736300 0.82885200 0.01660200 0.02543600
17 0.61718800 0.82703500 0.01757800 0.02616300
0 0.65185500 0.82630800 0.01660200 0.02616300
25 0.68505900 0.82521800 0.01660200 0.02543600
13 0.72021500 0.82521800 0.01660200 0.02543600
7 0.78564500 0.82376500 0.01660200 0.02543600
25 0.88671900 0.82085800 0.01757800 0.02543600
10 0.17285200 0.87100300 0.01757800 0.02689000
0 0.20507800 0.87245600 0.01757800 0.02689000
7 0.23925800 0.87391000 0.01757800 0.02689000
13 0.34179700 0.87827000 0.01757800 0.02689000
4 0.37744100 0.87827000 0.01855500 0.02689000
15 0.44726600 0.87718000 0.01757800 0.02761600
14 0.48242200 0.87681700 0.01757800 0.02689000
13 0.51660200 0.87609000 0.01757800 0.02689000
8 0.55078100 0.87463700 0.01757800 0.02543600
12 0.58496100 0.87391000 0.01757800 0.02543600
0 0.61816400 0.87318300 0.01757800 0.02543600
19 0.65380900 0.87173000 0.01660200 0.02543600
3 0.75390600 0.86882300 0.01757800 0.02543600
17 0.78662100 0.86773300 0.01660200 0.02470900
20 0.81982400 0.86700600 0.01660200 0.02470900
6 0.85302700 0.86555200 0.01660200 0.02470900
3 0.17480500 0.91787800 0.01757800 0.02616300
17 0.20703100 0.91933100 0.01757800 0.02616300
20 0.24023400 0.92005800 0.01757800 0.02616300
6 0.27343800 0.92151200 0.01757800 0.02616300
0 0.30664100 0.92296500 0.01757800 0.02616300
