5 0.19375000 0.20781250 0.08750000 0.17968750
11 0.29218750 0.19062500 0.08750000 0.17500000
19 0.39375000 0.16406250 0.09375000 0.17500000
17 0.48593750 0.14531250 0.09062500 0.17031250
18 0.12031250 0.44843750 0.08593750 0.17500000
7 0.22187500 0.43437500 0.08750000 0.18750000
4 0.32656250 0.41250000 0.08593750 0.18750000
18 0.05156250 0.68593750 0.09531250 0.18906250
7 0.14843750 0.67500000 0.08750000 0.19218750
16 0.24687500 0.65312500 0.09375000 0.16718750
4 0.27031250 0.87812500 0.08281250 0.17031250
11 0.37656250 0.85781250 0.09375000 0.16718750
7 0.58750000 0.12187500 0.09062500 0.16250000
12 0.47968750 0.82031250 0.08750000 0.17656250
4 0.34687500 0.62187500 0.08281250 0.16093750
11 0.51093750 0.36250000 0.08125000 0.15625000
4 0.45312500 0.59531250 0.08125000 0.17031250
14 0.58281250 0.79218750 0.10000000 0.16562500
14 0.60468750 0.33750000 0.08750000 0.16718750
18 0.75156250 0.09375000 0.07343750 0.16250000
14 0.69687500 0.32500000 0.08750000 0.16718750
3 0.62656250 0.54531250 0.09531250 0.17656250
