3 0.32226600 0.13352300 0.01562500 0.01988600
22 0.35009800 0.13174700 0.01660200 0.02059700
0 0.37890600 0.12997200 0.01757800 0.02130700
3 0.40722700 0.12748600 0.01757800 0.02059700
2 0.43652300 0.12677600 0.01757800 0.02059700
0 0.46582000 0.12606500 0.01757800 0.02059700
19 0.49560500 0.12500000 0.01660200 0.02130700
15 0.58593800 0.12571000 0.01562500 0.01988600
19 0.64453100 0.12713100 0.01562500 0.01988600
14 0.67382800 0.12713100 0.01562500 0.01988600
4 0.70361300 0.12819600 0.01464800 0.01917600
13 0.79248000 0.13139200 0.01464800 0.01988600
22 0.82177700 0.13423300 0.01464800 0.01988600
0 0.84814500 0.13494300 0.01464800 0.01988600
17 0.21923800 0.18856500 0.01269500 0.01775600
0 0.24218800 0.18288400 0.01367200 0.01775600
3 0.29101600 0.20916200 0.01562500 0.02201700
14 0.31640600 0.20632100 0.01562500 0.02201700
12 0.34570300 0.20454500 0.01562500 0.02130700
0 0.37500000 0.20312500 0.01562500 0.02130700
13 0.43603500 0.19992900 0.01660200 0.02201700
17 0.55664100 0.19921900 0.01562500 0.02201700
0 0.58593800 0.19957400 0.01562500 0.02130700
1 0.61621100 0.20028400 0.01562500 0.02130700
14 0.64648400 0.20099400 0.01562500 0.02130700
19 0.67724600 0.20134900 0.01464800 0.02201700
0 0.70703100 0.20206000 0.01562500 0.02201700
10 0.23828100 0.21839500 0.01367200 0.01917600
3 0.26416000 0.21377800 0.01464800 0.02130700
20 0.23535200 0.25461600 0.01562500 0.02201700
15 0.26123000 0.25177600 0.01464800 0.02201700
17 0.28710900 0.24786900 0.01562500 0.02130700
0 0.31445300 0.24538400 0.01562500 0.02201700
9 0.34277300 0.24254300 0.01562500 0.02201700
13 0.37304700 0.23970200 0.01562500 0.02201700
4 0.40283200 0.23934700 0.01660200 0.02272700
13 0.43359400 0.23899100 0.01562500 0.02201700
8 0.46484400 0.23863600 0.01562500 0.02272700
4 0.49609400 0.23792600 0.01562500 0.02272700
2 0.58740200 0.23899100 0.01660200 0.02343800
0 0.61718800 0.23899100 0.01562500 0.02343800
1 0.64746100 0.23934700 0.01562500 0.02272700
2 0.77148400 0.24112200 0.01562500 0.02201700
0 0.80078100 0.24254300 0.01562500 0.02201700
1 0.83056600 0.24325300 0.01464800 0.02201700
19 0.20898400 0.29652000 0.01562500 0.02201700
20 0.23193400 0.29225900 0.01464800 0.02201700
3 0.25878900 0.28870700 0.01562500 0.02201700
8 0.28613300 0.28586600 0.01562500 0.02201700
22 0.31396500 0.28267000 0.01660200 0.02272700
8 0.34277300 0.28160500 0.01562500 0.02201700
19 0.37158200 0.28054000 0.01660200 0.02272700
4 0.40185500 0.27911900 0.01660200 0.02272700
11 0.43212900 0.27769900 0.01660200 0.02272700
13 0.49462900 0.27769900 0.01660200 0.02272700
0 0.52539100 0.27698900 0.01757800 0.02272700
16 0.61962900 0.27769900 0.01660200 0.02272700
19 0.64990200 0.27769900 0.01660200 0.02272700
14 0.68066400 0.27840900 0.01757800 0.02272700
20 0.74169900 0.27876400 0.01660200 0.02343800
11 0.80224600 0.28125000 0.01660200 0.02272700
0 0.83203100 0.28196000 0.01562500 0.02272700
19 0.86132800 0.28231500 0.01562500 0.02201700
13 0.25683600 0.32848000 0.01562500 0.02343800
20 0.31152300 0.32173300 0.01562500 0.02272700
10 0.37011700 0.31960200 0.01562500 0.02272700
0 0.40039100 0.31889200 0.01562500 0.02272700
19 0.43212900 0.31818200 0.01660200 0.02272700
19 0.49462900 0.31782700 0.01660200 0.02343800
18 0.55712900 0.31782700 0.01660200 0.02343800
13 0.58837900 0.31782700 0.01660200 0.02343800
14 0.61962900 0.31782700 0.01660200 0.02343800
16 0.71386700 0.31924700 0.01562500 0.02343800
0 0.74414100 0.31960200 0.01562500 0.02272700
11 0.77392600 0.31995700 0.01464800 0.02343800
0 0.80419900 0.32066800 0.01464800 0.02343800
20 0.20263700 0.37144900 0.01464800 0.02272700
13 0.25293000 0.36683200 0.01562500 0.02201700
8 0.28027300 0.36434700 0.01562500 0.02272700
7 0.30957000 0.36186100 0.01562500 0.02201700
6 0.40087900 0.35973000 0.01660200 0.02343800
11 0.43017600 0.35866500 0.01660200 0.02414800
20 0.46240200 0.35831000 0.01660200 0.02343800
1 0.49365200 0.35831000 0.01660200 0.02343800
21 0.55908200 0.35866500 0.01660200 0.02414800
6 0.62060500 0.35902000 0.01660200 0.02343800
11 0.65136700 0.35937500 0.01562500 0.02414800
0 0.68408200 0.35937500 0.01660200 0.02414800
25 0.71533200 0.35973000 0.01660200 0.02343800
0 0.74609400 0.35973000 0.01562500 0.02343800
1 0.80810500 0.36186100 0.01660200 0.02343800
12 0.19873000 0.41051100 0.01464800 0.02272700
14 0.22314500 0.40873600 0.01464800 0.02343800
6 0.24951200 0.40696000 0.01464800 0.02272700
20 0.27734400 0.40483000 0.01562500 0.02272700
19 0.30712900 0.40269900 0.01464800 0.02272700
9 0.36962900 0.40056800 0.01464800 0.02272700
14 0.39843800 0.40021300 0.01562500 0.02343800
11 0.42919900 0.40092300 0.01660200 0.02485800
19 0.46142600 0.40021300 0.01660200 0.02485800
19 0.49365200 0.39985800 0.01660200 0.02414800
4 0.55810500 0.39985800 0.01660200 0.02414800
18 0.62158200 0.40056800 0.01660200 0.02414800
13 0.65283200 0.40056800 0.01660200 0.02414800
13 0.68505900 0.40092300 0.01660200 0.02343800
14 0.71728500 0.40127800 0.01660200 0.02414800
16 0.74804700 0.40163400 0.01562500 0.02343800
0 0.77880900 0.40163400 0.01660200 0.02343800
11 0.81005900 0.40234400 0.01660200 0.02343800
0 0.84130900 0.40234400 0.01660200 0.02343800
0 0.19580100 0.44957400 0.01464800 0.02272700
19 0.24658200 0.44708800 0.01660200 0.02343800
15 0.36572300 0.44353700 0.01660200 0.02343800
14 0.39648400 0.44282700 0.01562500 0.02343800
18 0.42919900 0.44176100 0.01660200 0.02414800
11 0.46044900 0.44176100 0.01660200 0.02414800
8 0.49462900 0.44211600 0.01660200 0.02485800
9 0.55810500 0.44211600 0.01660200 0.02485800
14 0.58935500 0.44211600 0.01660200 0.02485800
11 0.62158200 0.44211600 0.01660200 0.02485800
19 0.65380900 0.44282700 0.01660200 0.02485800
7 0.71923800 0.44353700 0.01660200 0.02485800
6 0.78271500 0.44460200 0.01660200 0.02414800
11 0.81298800 0.44531200 0.01660200 0.02414800
20 0.84619100 0.44495700 0.01660200 0.02343800
1 0.87548800 0.44673300 0.01660200 0.02414800
1 0.19140600 0.49289800 0.01367200 0.02272700
4 0.24414100 0.49005700 0.01562500 0.02414800
0 0.33105500 0.48579500 0.01562500 0.02414800
20 0.39550800 0.48437500 0.01562500 0.02414800
12 0.46044900 0.48473000 0.01660200 0.02485800
6 0.49462900 0.48473000 0.01660200 0.02485800
0 0.52587900 0.48473000 0.01660200 0.02485800
12 0.55810500 0.48544000 0.01660200 0.02485800
4 0.59082000 0.48544000 0.01757800 0.02485800
22 0.62500000 0.48508500 0.01757800 0.02556800
14 0.65527300 0.48579500 0.01757800 0.02556800
10 0.72070300 0.48615100 0.01757800 0.02485800
0 0.75293000 0.48650600 0.01757800 0.02556800
14 0.78466800 0.48757100 0.01660200 0.02485800
19 0.81689500 0.48757100 0.01660200 0.02485800
16 0.21337900 0.53302600 0.01464800 0.02485800
17 0.26806600 0.53160500 0.01464800 0.02485800
13 0.29931600 0.53089500 0.01660200 0.02485800
6 0.45996100 0.52876400 0.01562500 0.02485800
11 0.49267600 0.52947400 0.01660200 0.02627800
0 0.52490200 0.52947400 0.01660200 0.02627800
25 0.55859400 0.52947400 0.01757800 0.02627800
0 0.59082000 0.52983000 0.01757800 0.02556800
6 0.65771500 0.53018500 0.01660200 0.02627800
11 0.69189500 0.53054000 0.01660200 0.02556800
20 0.72558600 0.52983000 0.01757800 0.02556800
1 0.75732400 0.53054000 0.01660200 0.02556800
4 0.82226600 0.53267000 0.01757800 0.02556800
0 0.21044900 0.57634900 0.01464800 0.02485800
15 0.23584000 0.57563900 0.01464800 0.02485800
0 0.26416000 0.57563900 0.01464800 0.02485800
17 0.29541000 0.57563900 0.01464800 0.02485800
14 0.32714800 0.57492900 0.01367200 0.02485800
3 0.35986300 0.57528400 0.01660200 0.02556800
0 0.39257800 0.57492900 0.01562500 0.02627800
10 0.55859400 0.57421900 0.01757800 0.02627800
20 0.59228500 0.57421900 0.01660200 0.02627800
25 0.62646500 0.57492900 0.01660200 0.02627800
8 0.72705100 0.57634900 0.01660200 0.02627800
14 0.79248000 0.57634900 0.01660200 0.02627800
13 0.82470700 0.57706000 0.01660200 0.02627800
1 0.17871100 0.62251400 0.01367200 0.02485800
18 0.23193400 0.62180400 0.01464800 0.02485800
19 0.26171900 0.62144900 0.01367200 0.02414800
17 0.29248000 0.62109400 0.01464800 0.02485800
20 0.45849600 0.62073900 0.01660200 0.02698900
18 0.49267600 0.62144900 0.01660200 0.02698900
19 0.52587900 0.62144900 0.01660200 0.02698900
19 0.56103500 0.62144900 0.01660200 0.02698900
17 0.59375000 0.62215900 0.01562500 0.02698900
10 0.72851600 0.62322400 0.01757800 0.02769900
14 0.76171900 0.62358000 0.01757800 0.02698900
19 0.79492200 0.62358000 0.01757800 0.02698900
3 0.20166000 0.66654800 0.01464800 0.02343800
0 0.22900400 0.66654800 0.01464800 0.02343800
9 0.25878900 0.66725900 0.01367200 0.02343800
4 0.28955100 0.66832400 0.01464800 0.02272700
4 0.42431600 0.66938900 0.01660200 0.02769900
6 0.45752000 0.66938900 0.01660200 0.02769900
14 0.49121100 0.66938900 0.01757800 0.02769900
13 0.56054700 0.67009900 0.01757800 0.02769900
4 0.59472700 0.67081000 0.01757800 0.02769900
12 0.62890600 0.67081000 0.01757800 0.02769900
0 0.66210900 0.67045500 0.01757800 0.02698900
6 0.69775400 0.67116500 0.01660200 0.02698900
20 0.73193400 0.67152000 0.01660200 0.02769900
3 0.79980500 0.67152000 0.01757800 0.02769900
0 0.83203100 0.67152000 0.01757800 0.02769900
6 0.86523400 0.67152000 0.01757800 0.02769900
3 0.16992200 0.71484400 0.01562500 0.02627800
0 0.19580100 0.71555400 0.01464800 0.02627800
19 0.22412100 0.71626400 0.01464800 0.02627800
8 0.31933600 0.71839500 0.01562500 0.02627800
15 0.38720700 0.71839500 0.01660200 0.02769900
14 0.42138700 0.71910500 0.01660200 0.02769900
11 0.45752000 0.71839500 0.01660200 0.02769900
12 0.49121100 0.71910500 0.01757800 0.02769900
0 0.52587900 0.71946000 0.01855500 0.02840900
19 0.56152300 0.71981500 0.01757800 0.02769900
22 0.70117200 0.72052600 0.01757800 0.02769900
14 0.73535200 0.72052600 0.01757800 0.02769900
19 0.76904300 0.71981500 0.01660200 0.02769900
8 0.83642600 0.72052600 0.01660200 0.02769900
12 0.16503900 0.76207400 0.01562500 0.02698900
18 0.25097700 0.76562500 0.01562500 0.02698900
13 0.28320300 0.76704500 0.01562500 0.02698900
8 0.31640600 0.76846600 0.01562500 0.02698900
12 0.35009800 0.76882100 0.01660200 0.02911900
8 0.42187500 0.76917600 0.01757800 0.02840900
18 0.56152300 0.77095200 0.01757800 0.02911900
13 0.63281200 0.77095200 0.01757800 0.02911900
8 0.66796900 0.77095200 0.01757800 0.02911900
12 0.70214800 0.77095200 0.01757800 0.02911900
8 0.77246100 0.77095200 0.01757800 0.02911900
6 0.80664100 0.77095200 0.01757800 0.02911900
17 0.84033200 0.77059700 0.01855500 0.02840900
0 0.87402300 0.77024100 0.01757800 0.02769900
8 0.16113300 0.81179000 0.01562500 0.02840900
18 0.21582000 0.81463100 0.01562500 0.02840900
15 0.24707000 0.81676100 0.01562500 0.02840900
8 0.27929700 0.81818200 0.01562500 0.02840900
19 0.31347700 0.81995700 0.01562500 0.02769900
16 0.38427700 0.82208800 0.01855500 0.02911900
18 0.45459000 0.82244300 0.01855500 0.02983000
15 0.49023400 0.82244300 0.01757800 0.02983000
8 0.52685500 0.82279800 0.01855500 0.02911900
19 0.56250000 0.82350900 0.01757800 0.02911900
18 0.63378900 0.82350900 0.01757800 0.02911900
14 0.66894500 0.82315300 0.01757800 0.02983000
0 0.70410200 0.82279800 0.01757800 0.02911900
12 0.73925800 0.82279800 0.01757800 0.02911900
14 0.77441400 0.82279800 0.01757800 0.02911900
17 0.87890600 0.82102300 0.01757800 0.02840900
3 0.15625000 0.86079500 0.01562500 0.02698900
14 0.18359400 0.86292600 0.01562500 0.02698900
12 0.21289100 0.86505700 0.01562500 0.02698900
9 0.38183600 0.87393500 0.01757800 0.02911900
0 0.41748000 0.87464500 0.01855500 0.02911900
4 0.52685500 0.87535500 0.01855500 0.02911900
6 0.56347700 0.87571000 0.01757800 0.02840900
14 0.63525400 0.87606500 0.01855500 0.02911900
6 0.70703100 0.87429000 0.01757800 0.02840900
11 0.74218800 0.87429000 0.01757800 0.02840900
0 0.77685500 0.87358000 0.01855500 0.02840900
9 0.81298800 0.87358000 0.01855500 0.02840900
20 0.84814500 0.87286900 0.01855500 0.02840900
