18 0.15937500 0.87812500 0.11406250 0.24218750
7 0.28281250 0.86718750 0.11875000 0.23437500
7 0.07968750 0.17343750 0.09375000 0.17500000
4 0.17343750 0.15312500 0.08281250 0.17656250
21 0.36406250 0.10312500 0.09062500 0.17500000
4 0.41250000 0.84062500 0.11406250 0.23281250
0 0.45468750 0.09687500 0.07343750 0.16718750
17 0.55625000 0.08750000 0.08750000 0.16250000
2 0.39375000 0.52812500 0.10312500 0.18437500
7 0.50312500 0.52187500 0.09062500 0.18906250
0 0.60156250 0.50937500 0.09531250 0.19843750
6 0.72812500 0.08593750 0.06875000 0.13437500
15 0.71562500 0.49375000 0.10468750 0.20625000
16 0.76250000 0.73906250 0.10312500 0.21562500
