11 0.17812500 0.61250000 0.09062500 0.14375000
19 0.27656250 0.57343750 0.10312500 0.15000000
4 0.37031250 0.54687500 0.09062500 0.15312500
25 0.47187500 0.52187500 0.08125000 0.13906250
1 0.08906250 0.62812500 0.07812500 0.14843750
3 0.21250000 0.80000000 0.08750000 0.15781250
14 0.30781250 0.77812500 0.08593750 0.15312500
21 0.41406250 0.74062500 0.08281250 0.17187500
13 0.49843750 0.71562500 0.08281250 0.16718750
18 0.61562500 0.86562500 0.08281250 0.16250000
7 0.69843750 0.84687500 0.07812500 0.15625000
16 0.44062500 0.92343750 0.08125000 0.15312500
12 0.06875000 0.83281250 0.07343750 0.13125000
12 0.20937500 0.17500000 0.07343750 0.14531250
0 0.30312500 0.15000000 0.07656250 0.15312500
3 0.39843750 0.12812500 0.08281250 0.15781250
18 0.66718750 0.64375000 0.08593750 0.14062500
15 0.73593750 0.05781250 0.06875000 0.11250000
19 0.65468750 0.06562500 0.09062500 0.12187500
4 0.48750000 0.10468750 0.08125000 0.15625000
16 0.77031250 0.80625000 0.07187500 0.13437500
