22 0.13427700 0.09765600 0.02441400 0.03906200
0 0.16406200 0.15820300 0.02539100 0.04101600
0 0.19677700 0.15869100 0.02636700 0.04003900
0 0.40185500 0.16748000 0.02636700 0.03808600
0 0.43603500 0.16845700 0.02636700 0.03808600
5 0.57226600 0.17285200 0.02734400 0.03906200
6 0.13134800 0.22314500 0.02636700 0.04003900
2 0.16064500 0.28710900 0.02636700 0.03906200
2 0.19287100 0.28759800 0.02636700 0.03808600
0 0.46728500 0.29492200 0.02636700 0.03710900
2 0.50048800 0.29638700 0.02636700 0.03808600
8 0.63623000 0.30322300 0.02636700 0.04003900
