18 0.06718750 0.10416667 0.02968750 0.10763889
2 0.09843750 0.09722222 0.02812500 0.11111111
4 0.16562500 0.07986111 0.02812500 0.10416667
13 0.16093750 0.20833333 0.03281250 0.11458333
4 0.19843750 0.20833333 0.03281250 0.11458333
23 0.23593750 0.21180556 0.03281250 0.11805556
19 0.27500000 0.20486111 0.03281250 0.11805556
22 0.35000000 0.20833333 0.03593750 0.12500000
4 0.38906250 0.20833333 0.03281250 0.11458333
4 0.42656250 0.21180556 0.02812500 0.11805556
10 0.46250000 0.21180556 0.03437500 0.11805556
12 0.65000000 0.20138889 0.03750000 0.12152778
8 0.57656250 0.20833333 0.03437500 0.12152778
6 0.72343750 0.20833333 0.03437500 0.11805556
14 0.76250000 0.20833333 0.03437500 0.11458333
18 0.94531250 0.20833333 0.02968750 0.11805556
4 0.07500000 0.35763889 0.02812500 0.11458333
3 0.12343750 0.35416667 0.03281250 0.11805556
24 0.16093750 0.35416667 0.02968750 0.10416667
1 0.15781250 0.48958333 0.03125000 0.11111111
24 0.19531250 0.49305556 0.02812500 0.11805556
4 0.23281250 0.49305556 0.03125000 0.12500000
1 0.30937500 0.48611111 0.02812500 0.11805556
24 0.35156250 0.48958333 0.03593750 0.11111111
4 0.39218750 0.48611111 0.02968750 0.11458333
0 0.46250000 0.48263889 0.03125000 0.13194444
15 0.50312500 0.48611111 0.03281250 0.11458333
15 0.54218750 0.48263889 0.03125000 0.11111111
11 0.58281250 0.48958333 0.03593750 0.11805556
4 0.62343750 0.48263889 0.03750000 0.12500000
15 0.69531250 0.48611111 0.03593750 0.11805556
8 0.73593750 0.48611111 0.03125000 0.11458333
4 0.77187500 0.48263889 0.02968750 0.11458333
