8 0.20459000 0.06835900 0.02441400 0.03515600
22 0.23486300 0.06689500 0.02441400 0.03418000
0 0.26611300 0.06543000 0.02441400 0.03515600
13 0.29589800 0.06494100 0.02539100 0.03613300
18 0.38720700 0.06152300 0.02441400 0.03710900
4 0.41894500 0.06005900 0.02539100 0.03613300
17 0.44873000 0.06103500 0.02441400 0.03613300
6 0.47900400 0.05908200 0.02441400 0.03613300
4 0.50976600 0.05712900 0.02343800 0.03418000
4 0.54003900 0.05517600 0.02343800 0.03418000
22 0.56982400 0.05419900 0.02441400 0.03418000
8 0.60058600 0.05224600 0.02343800 0.03418000
16 0.62988300 0.05127000 0.02343800 0.03418000
19 0.26806600 0.12109400 0.02441400 0.03515600
20 0.29834000 0.12011700 0.02441400 0.03515600
17 0.32910200 0.11914100 0.02539100 0.03515600
6 0.35937500 0.11718800 0.02539100 0.03515600
4 0.39013700 0.11621100 0.02441400 0.03515600
13 0.42041000 0.11523400 0.02441400 0.03515600
4 0.45166000 0.11328100 0.02441400 0.03515600
22 0.48095700 0.11279300 0.02441400 0.03613300
12 0.27099600 0.17822300 0.02441400 0.03808600
20 0.30029300 0.17627000 0.02441400 0.03808600
12 0.33105500 0.17529300 0.02539100 0.03808600
20 0.36230500 0.17334000 0.02539100 0.03808600
19 0.21289100 0.23828100 0.02343800 0.03515600
0 0.24316400 0.23681600 0.02343800 0.03613300
19 0.27197300 0.23535200 0.02441400 0.03515600
13 0.36425800 0.23095700 0.02343800 0.03613300
0 0.39404300 0.22949200 0.02441400 0.03515600
10 0.48486300 0.22607400 0.02441400 0.03613300
0 0.51513700 0.22460900 0.02441400 0.03515600
15 0.54541000 0.22363300 0.02441400 0.03515600
8 0.57666000 0.22314500 0.02441400 0.03613300
19 0.60595700 0.22216800 0.02441400 0.03613300
14 0.63525400 0.22119100 0.02441400 0.03613300
13 0.66650400 0.22021500 0.02441400 0.03613300
6 0.72607400 0.21728500 0.02441400 0.03613300
8 0.75634800 0.21582000 0.02441400 0.03710900
1 0.21728500 0.29345700 0.02441400 0.03613300
0 0.24609400 0.29150400 0.02343800 0.03613300
17 0.27587900 0.28955100 0.02441400 0.03613300
13 0.33642600 0.28662100 0.02441400 0.03613300
6 0.42822300 0.28271500 0.02441400 0.03613300
8 0.45703100 0.28271500 0.02343800 0.03613300
17 0.48681600 0.28173800 0.02441400 0.03613300
0 0.51757800 0.28173800 0.02343800 0.03613300
18 0.54834000 0.27978500 0.02441400 0.03613300
8 0.57910200 0.27880900 0.02343800 0.03613300
13 0.60888700 0.27783200 0.02441400 0.03613300
18 0.66845700 0.27539100 0.02441400 0.03710900
14 0.69873000 0.27392600 0.02441400 0.03613300
1 0.72900400 0.27294900 0.02441400 0.03613300
0 0.75927700 0.27197300 0.02441400 0.03613300
10 0.78857400 0.27050800 0.02441400 0.03710900
0 0.81787100 0.26904300 0.02441400 0.03613300
1 0.21923800 0.34960900 0.02441400 0.03710900
0 0.24853500 0.34814500 0.02441400 0.03613300
17 0.27832000 0.34668000 0.02539100 0.03710900
13 0.33886700 0.34277300 0.02539100 0.03710900
3 0.42919900 0.33984400 0.02441400 0.03515600
22 0.45996100 0.33837900 0.02343800 0.03418000
14 0.49023400 0.33740200 0.02343800 0.03418000
17 0.52050800 0.33593800 0.02343800 0.03515600
13 0.54980500 0.33496100 0.02343800 0.03515600
8 0.58056600 0.33398400 0.02441400 0.03515600
10 0.61035200 0.33252000 0.02343800 0.03613300
6 0.72998000 0.32763700 0.02441400 0.03613300
8 0.76123000 0.32617200 0.02441400 0.03710900
17 0.13134800 0.40869100 0.02441400 0.03613300
0 0.16162100 0.40771500 0.02441400 0.03613300
18 0.19091800 0.40625000 0.02441400 0.03710900
8 0.22119100 0.40478500 0.02441400 0.03613300
13 0.25146500 0.40332000 0.02441400 0.03710900
18 0.31201200 0.40136700 0.02441400 0.03710900
14 0.34228500 0.39941400 0.02441400 0.03710900
1 0.37207000 0.39941400 0.02539100 0.03710900
0 0.40185500 0.39794900 0.02441400 0.03613300
10 0.43212900 0.39550800 0.02441400 0.03710900
0 0.46240200 0.39453100 0.02441400 0.03710900
12 0.55224600 0.39160200 0.02441400 0.03710900
20 0.58252000 0.39111300 0.02441400 0.03613300
12 0.61279300 0.38867200 0.02441400 0.03710900
20 0.64257800 0.38867200 0.02343800 0.03710900
3 0.70361300 0.38574200 0.02441400 0.03710900
22 0.73339800 0.38378900 0.02343800 0.03710900
14 0.76220700 0.38232400 0.02441400 0.03613300
17 0.13427700 0.46289100 0.02441400 0.03710900
4 0.16455100 0.46191400 0.02441400 0.03710900
2 0.19433600 0.46093800 0.02343800 0.03710900
10 0.22314500 0.45947300 0.02441400 0.03613300
8 0.25341800 0.45849600 0.02441400 0.03613300
6 0.37451200 0.45312500 0.02441400 0.03710900
0 0.40478500 0.45166000 0.02441400 0.03613300
22 0.43457000 0.45117200 0.02539100 0.03515600
17 0.46386700 0.45068400 0.02539100 0.03613300
8 0.49462900 0.44970700 0.02441400 0.03613300
11 0.52392600 0.44873000 0.02441400 0.03613300
0 0.55419900 0.44775400 0.02441400 0.03613300
1 0.64502000 0.44287100 0.02441400 0.03613300
0 0.70507800 0.43994100 0.02343800 0.03613300
0 0.73584000 0.43896500 0.02441400 0.03613300
12 0.13720700 0.51757800 0.02441400 0.03710900
0 0.16650400 0.51660200 0.02441400 0.03515600
16 0.19677700 0.51611300 0.02441400 0.03613300
13 0.22607400 0.51513700 0.02441400 0.03613300
8 0.25537100 0.51416000 0.02441400 0.03613300
10 0.28564500 0.51318400 0.02441400 0.03613300
10 0.37646500 0.51074200 0.02441400 0.03515600
0 0.40673800 0.50830100 0.02441400 0.03613300
15 0.43701200 0.50732400 0.02441400 0.03613300
8 0.46826200 0.50585900 0.02441400 0.03515600
19 0.49658200 0.50488300 0.02441400 0.03515600
14 0.52587900 0.50390600 0.02441400 0.03515600
13 0.55566400 0.50293000 0.02343800 0.03515600
15 0.61572300 0.49853500 0.02246100 0.03418000
17 0.64599600 0.49707000 0.02246100 0.03515600
0 0.67480500 0.49707000 0.02343800 0.03515600
16 0.70654300 0.49609400 0.02441400 0.03515600
10 0.73681600 0.49511700 0.02441400 0.03515600
0 0.76709000 0.49462900 0.02441400 0.03613300
19 0.17041000 0.57275400 0.02441400 0.03613300
0 0.19970700 0.57177700 0.02441400 0.03613300
19 0.22949200 0.56982400 0.02343800 0.03613300
13 0.31787100 0.56738300 0.02441400 0.03710900
0 0.34814500 0.56640600 0.02441400 0.03710900
15 0.23193400 0.62646500 0.02441400 0.03613300
14 0.26123000 0.62500000 0.02441400 0.03515600
18 0.29101600 0.62353500 0.02343800 0.03613300
10 0.32128900 0.62353500 0.02343800 0.03613300
22 0.35156200 0.62158200 0.02343800 0.03613300
4 0.38134800 0.62011700 0.02441400 0.03515600
9 0.44091800 0.61669900 0.02441400 0.03613300
8 0.47021500 0.61572300 0.02441400 0.03613300
11 0.50048800 0.61425800 0.02441400 0.03515600
0 0.53271500 0.61328100 0.02441400 0.03515600
14 0.59130900 0.61084000 0.02441400 0.03613300
3 0.62158200 0.60986300 0.02441400 0.03613300
8 0.65087900 0.60986300 0.02441400 0.03613300
13 0.68066400 0.60888700 0.02343800 0.03613300
14 0.70996100 0.60791000 0.02343800 0.03613300
10 0.74023400 0.60693400 0.02343800 0.03418000
0 0.76904300 0.60498000 0.02246100 0.03418000
18 0.14550800 0.68408200 0.02343800 0.03613300
19 0.17431600 0.68310500 0.02441400 0.03613300
0 0.20361300 0.68212900 0.02441400 0.03613300
17 0.23339800 0.68115200 0.02343800 0.03613300
0 0.26416000 0.68017600 0.02441400 0.03613300
1 0.35449200 0.67627000 0.02343800 0.03613300
0 0.38378900 0.67529300 0.02343800 0.03613300
17 0.41259800 0.67431600 0.02441400 0.03613300
13 0.47314500 0.67089800 0.02441400 0.03515600
20 0.62255900 0.66503900 0.02441400 0.03710900
13 0.68212900 0.66210900 0.02441400 0.03710900
4 0.71240200 0.66064500 0.02441400 0.03613300
1 0.14746100 0.73779300 0.02343800 0.03613300
11 0.20654300 0.73632800 0.02441400 0.03515600
14 0.23681600 0.73535200 0.02441400 0.03515600
14 0.29736300 0.73291000 0.02441400 0.03613300
16 0.32666000 0.73193400 0.02441400 0.03613300
4 0.35546900 0.73095700 0.02343800 0.03613300
13 0.38574200 0.72949200 0.02343800 0.03515600
12 0.50585900 0.72460900 0.02343800 0.03710900
13 0.53515600 0.72363300 0.02343800 0.03710900
14 0.56494100 0.72265600 0.02441400 0.03710900
6 0.59521500 0.72168000 0.02441400 0.03710900
14 0.62597700 0.72119100 0.02343800 0.03613300
18 0.68603500 0.71875000 0.02441400 0.03710900
11 0.71533200 0.71533200 0.02441400 0.03613300
20 0.74511700 0.71484400 0.02343800 0.03515600
6 0.77490200 0.71337900 0.02441400 0.03613300
1 0.24023400 0.78906200 0.02343800 0.03515600
0 0.26953100 0.78808600 0.02343800 0.03515600
17 0.29882800 0.78710900 0.02343800 0.03515600
13 0.35839800 0.78515600 0.02343800 0.03515600
15 0.44726600 0.78173800 0.02343800 0.03613300
17 0.47802700 0.78076200 0.02441400 0.03613300
8 0.50830100 0.77929700 0.02441400 0.03515600
22 0.53759800 0.77832000 0.02441400 0.03515600
4 0.56689500 0.77685500 0.02441400 0.03613300
25 0.59668000 0.77587900 0.02343800 0.03613300
11 0.62695300 0.77587900 0.02343800 0.03613300
0 0.65771500 0.77490200 0.02441400 0.03613300
22 0.71728500 0.77197300 0.02441400 0.03613300
12 0.21289100 0.84472700 0.02343800 0.03515600
14 0.24121100 0.84375000 0.02343800 0.03515600
18 0.27148400 0.84277300 0.02343800 0.03515600
10 0.30078100 0.84082000 0.02343800 0.03515600
22 0.33105500 0.83984400 0.02343800 0.03515600
20 0.36035200 0.84082000 0.02343800 0.03515600
6 0.47998000 0.83544900 0.02441400 0.03613300
8 0.51025400 0.83349600 0.02441400 0.03613300
17 0.54003900 0.83252000 0.02343800 0.03613300
0 0.56933600 0.83105500 0.02343800 0.03515600
18 0.59960900 0.83154300 0.02343800 0.03613300
8 0.62939500 0.83056600 0.02441400 0.03613300
0 0.68945300 0.82861300 0.02343800 0.03613300
8 0.74902300 0.82470700 0.02343800 0.03613300
3 0.18750000 0.90039100 0.02343800 0.03515600
4 0.21582000 0.89941400 0.02343800 0.03515600
11 0.24560500 0.89843800 0.02441400 0.03515600
0 0.27539100 0.89794900 0.02343800 0.03613300
11 0.30371100 0.89746100 0.02343800 0.03515600
0 0.33398400 0.89453100 0.02343800 0.03515600
3 0.39453100 0.89257800 0.02343800 0.03515600
22 0.42431600 0.89111300 0.02246100 0.03418000
14 0.45263700 0.89013700 0.02246100 0.03418000
17 0.48144500 0.88867200 0.02343800 0.03515600
13 0.51269500 0.88916000 0.02343800 0.03418000
8 0.57226600 0.88574200 0.02343800 0.03320300
10 0.60107400 0.88427700 0.02246100 0.03418000
14 0.63085900 0.88281200 0.02343800 0.03320300
12 0.66113300 0.88183600 0.02343800 0.03320300
13 0.65918000 0.82959000 0.02343800 0.03613300
