8 0.18798800 0.11300900 0.02050800 0.02252900
7 0.84668000 0.10428800 0.02148400 0.02252900
0 0.87255900 0.10392400 0.02050800 0.02180200
15 0.13476600 0.14534900 0.01953100 0.02180200
17 0.16015600 0.14498500 0.01953100 0.02107600
14 0.18750000 0.14462200 0.01953100 0.02180200
11 0.21386700 0.14462200 0.01953100 0.02180200
4 0.23974600 0.14425900 0.02050800 0.02107600
19 0.26660200 0.14353200 0.01953100 0.02107600
0 0.29248000 0.14316900 0.02050800 0.02180200
19 0.34619100 0.14207800 0.02050800 0.02107600
22 0.39843800 0.14135200 0.01953100 0.02107600
18 0.42529300 0.14098800 0.02050800 0.02180200
4 0.45068400 0.14026200 0.02050800 0.02180200
1 0.50439500 0.13989800 0.02050800 0.02252900
18 0.55712900 0.13917200 0.02050800 0.02252900
19 0.58349600 0.13880800 0.02050800 0.02180200
17 0.60986300 0.13844500 0.02050800 0.02107600
4 0.63623000 0.13808100 0.02050800 0.02180200
22 0.13427700 0.17659900 0.02050800 0.02180200
18 0.16064500 0.17587200 0.02050800 0.02180200
0 0.18701200 0.17587200 0.02050800 0.02180200
3 0.21289100 0.17514500 0.01953100 0.02180200
13 0.23925800 0.17478200 0.01953100 0.02107600
8 0.26562500 0.17441900 0.01953100 0.02180200
10 0.29199200 0.17441900 0.01953100 0.02180200
8 0.31933600 0.17369200 0.01953100 0.02180200
8 0.37207000 0.17260200 0.01953100 0.02107600
10 0.42529300 0.17151200 0.02050800 0.02180200
14 0.45166000 0.17151200 0.02050800 0.02180200
13 0.47851600 0.17078500 0.01953100 0.02180200
8 0.50488300 0.17005800 0.01953100 0.02180200
0 0.18750000 0.20784900 0.01953100 0.02180200
10 0.23925800 0.20639500 0.01953100 0.02180200
17 0.26562500 0.20566900 0.01953100 0.02180200
20 0.29199200 0.20494200 0.01953100 0.02180200
6 0.31835900 0.20421500 0.01953100 0.02180200
14 0.34521500 0.20421500 0.02050800 0.02180200
12 0.37207000 0.20348800 0.01953100 0.02180200
1 0.42529300 0.20348800 0.02050800 0.02180200
4 0.45214800 0.20276200 0.01953100 0.02180200
6 0.47851600 0.20203500 0.01953100 0.02180200
20 0.50488300 0.20203500 0.01953100 0.02180200
19 0.53222700 0.20130800 0.01953100 0.02180200
3 0.58544900 0.20058100 0.02050800 0.02180200
14 0.61279300 0.20021800 0.02050800 0.02252900
12 0.63818400 0.19985500 0.02050800 0.02180200
0 0.66552700 0.19985500 0.02050800 0.02180200
19 0.18554700 0.23837200 0.01953100 0.02180200
20 0.21093800 0.23764500 0.01953100 0.02180200
12 0.23828100 0.23728200 0.01953100 0.02107600
1 0.26513700 0.23691900 0.02050800 0.02180200
8 0.34521500 0.23546500 0.02050800 0.02180200
15 0.39892600 0.23473800 0.02050800 0.02180200
0 0.42529300 0.23473800 0.02050800 0.02180200
13 0.45214800 0.23401200 0.01953100 0.02180200
4 0.47949200 0.23401200 0.01953100 0.02180200
11 0.50585900 0.23364800 0.01953100 0.02252900
8 0.53271500 0.23328500 0.02050800 0.02180200
15 0.18457000 0.26962200 0.01953100 0.02180200
11 0.21142600 0.26925900 0.02050800 0.02252900
14 0.23730500 0.26889500 0.01953100 0.02180200
23 0.26464800 0.26853200 0.01953100 0.02252900
0 0.29199200 0.26780500 0.01953100 0.02252900
3 0.31835900 0.26707800 0.01953100 0.02252900
3 0.39941400 0.26671500 0.01953100 0.02180200
22 0.42578100 0.26635200 0.01953100 0.02252900
8 0.45312500 0.26635200 0.01953100 0.02252900
9 0.47998000 0.26562500 0.02050800 0.02252900
4 0.50683600 0.26562500 0.01953100 0.02252900
19 0.53369100 0.26489800 0.02050800 0.02252900
18 0.56005900 0.26489800 0.02050800 0.02252900
18 0.64062500 0.26489800 0.02148400 0.02252900
0 0.66796900 0.26453500 0.02148400 0.02325600
12 0.69433600 0.26417200 0.02148400 0.02252900
0 0.72070300 0.26344500 0.02148400 0.02252900
22 0.18457000 0.30196200 0.01953100 0.02252900
17 0.21093800 0.30123500 0.01953100 0.02252900
14 0.23828100 0.30123500 0.01953100 0.02252900
3 0.26513700 0.30050900 0.02050800 0.02252900
4 0.29150400 0.30014500 0.02050800 0.02180200
10 0.34521500 0.29941900 0.02050800 0.02180200
0 0.37353500 0.29869200 0.02050800 0.02180200
17 0.39990200 0.29869200 0.02050800 0.02180200
20 0.42627000 0.29832800 0.02050800 0.02252900
18 0.45312500 0.29832800 0.01953100 0.02252900
4 0.48095700 0.29832800 0.02050800 0.02252900
11 0.50732400 0.29760200 0.02050800 0.02252900
8 0.53466800 0.29760200 0.02050800 0.02252900
2 0.48193400 0.36300900 0.02050800 0.02252900
8 0.50878900 0.36300900 0.02148400 0.02252900
17 0.53564500 0.36300900 0.02050800 0.02252900
10 0.56298800 0.36300900 0.02050800 0.02252900
22 0.12744100 0.39970900 0.02050800 0.02325600
15 0.15478500 0.39934600 0.02050800 0.02252900
4 0.18115200 0.39898300 0.02050800 0.02325600
17 0.20849600 0.39861900 0.02050800 0.02252900
22 0.23584000 0.39825600 0.02050800 0.02325600
4 0.29101600 0.39752900 0.02148400 0.02325600
13 0.34570300 0.39752900 0.02148400 0.02325600
0 0.37304700 0.39752900 0.02148400 0.02325600
0 0.42822300 0.39716600 0.02050800 0.02252900
17 0.45507800 0.39680200 0.02148400 0.02325600
4 0.48193400 0.39680200 0.02050800 0.02325600
13 0.50927700 0.39680200 0.02050800 0.02325600
4 0.53662100 0.39571200 0.02050800 0.02252900
3 0.12744100 0.43314000 0.02050800 0.02325600
11 0.15380900 0.43277600 0.02050800 0.02252900
10 0.26318400 0.43168600 0.02050800 0.02325600
14 0.29052700 0.43095900 0.02050800 0.02325600
11 0.31787100 0.43095900 0.02050800 0.02325600
13 0.37353500 0.43059600 0.02050800 0.02252900
8 0.40087900 0.43023300 0.02050800 0.02325600
10 0.42822300 0.43023300 0.02050800 0.02325600
14 0.45556600 0.43023300 0.02050800 0.02325600
22 0.48291000 0.42950600 0.02050800 0.02325600
12 0.53759800 0.42950600 0.02050800 0.02325600
14 0.56396500 0.42914200 0.02050800 0.02252900
18 0.59130900 0.42877900 0.02050800 0.02325600
10 0.61865200 0.42805200 0.02050800 0.02325600
22 0.64599600 0.42805200 0.02050800 0.02325600
20 0.12646500 0.46657000 0.02050800 0.02325600
16 0.15332000 0.46584300 0.01953100 0.02325600
4 0.18017600 0.46584300 0.02050800 0.02325600
13 0.20752000 0.46511600 0.02050800 0.02325600
4 0.26220700 0.46511600 0.02050800 0.02325600
19 0.31787100 0.46439000 0.02050800 0.02325600
11 0.37402300 0.46366300 0.02148400 0.02325600
4 0.40185500 0.46366300 0.02050800 0.02325600
13 0.42822300 0.46329900 0.02050800 0.02252900
8 0.45654300 0.46293600 0.02050800 0.02325600
19 0.12548800 0.50000000 0.02050800 0.02325600
0 0.15234400 0.49963700 0.02148400 0.02398300
13 0.17968800 0.49927300 0.02148400 0.02325600
2 0.20703100 0.49927300 0.02148400 0.02325600
20 0.23486300 0.49854700 0.02050800 0.02325600
23 0.29052700 0.49854700 0.02050800 0.02325600
8 0.31884800 0.49782000 0.02050800 0.02325600
4 0.34619100 0.49782000 0.02050800 0.02325600
11 0.40185500 0.49709300 0.02050800 0.02325600
22 0.45654300 0.49636600 0.02050800 0.02325600
9 0.17919900 0.53306700 0.02050800 0.02398300
14 0.20605500 0.53270300 0.02148400 0.02325600
13 0.23388700 0.53234000 0.02050800 0.02398300
6 0.26171900 0.53234000 0.02148400 0.02398300
11 0.29003900 0.53197700 0.02148400 0.02325600
4 0.31787100 0.53161300 0.02050800 0.02398300
17 0.34619100 0.53161300 0.02050800 0.02398300
12 0.42919900 0.53088700 0.02050800 0.02398300
4 0.45703100 0.52979700 0.01953100 0.02325600
3 0.48486300 0.52979700 0.02050800 0.02325600
22 0.51220700 0.52907000 0.02050800 0.02325600
4 0.54003900 0.52943300 0.02148400 0.02398300
9 0.56738300 0.52907000 0.02148400 0.02325600
0 0.59472700 0.52834300 0.02148400 0.02325600
19 0.62207000 0.52798000 0.02148400 0.02398300
0 0.64941400 0.52761600 0.02148400 0.02325600
18 0.17773400 0.56722400 0.02148400 0.02398300
14 0.20507800 0.56722400 0.02148400 0.02398300
1 0.23339800 0.56686000 0.02148400 0.02325600
0 0.26074200 0.56649700 0.02148400 0.02398300
10 0.28955100 0.56649700 0.02050800 0.02398300
8 0.31738300 0.56613400 0.02148400 0.02470900
0 0.37402300 0.56577000 0.02148400 0.02398300
10 0.40136700 0.56540700 0.02148400 0.02470900
17 0.42968800 0.56431700 0.02148400 0.02398300
14 0.45752000 0.56431700 0.02050800 0.02398300
1 0.48486300 0.56359000 0.02050800 0.02398300
0 0.51318400 0.56359000 0.02050800 0.02398300
19 0.54052700 0.56322700 0.02050800 0.02325600
10 0.17675800 0.60174400 0.02148400 0.02470900
0 0.20459000 0.60138100 0.02050800 0.02398300
13 0.23242200 0.60138100 0.02148400 0.02398300
0 0.26074200 0.60138100 0.02148400 0.02398300
19 0.28857400 0.60065400 0.02050800 0.02398300
14 0.31738300 0.60065400 0.02148400 0.02398300
7 0.34570300 0.59992700 0.02148400 0.02398300
14 0.37402300 0.59992700 0.02148400 0.02398300
3 0.40136700 0.59920100 0.02148400 0.02398300
4 0.42968800 0.59883700 0.02148400 0.02470900
2 0.45752000 0.59883700 0.02050800 0.02470900
18 0.51318400 0.59774700 0.02050800 0.02398300
11 0.54150400 0.59702000 0.02050800 0.02398300
14 0.56884800 0.59629400 0.02050800 0.02398300
13 0.59619100 0.59556700 0.02050800 0.02398300
22 0.17675800 0.63735500 0.02148400 0.02470900
18 0.20312500 0.63699100 0.02148400 0.02543600
4 0.23144500 0.63699100 0.02148400 0.02543600
12 0.26074200 0.63626500 0.02148400 0.02543600
8 0.28808600 0.63626500 0.02148400 0.02543600
17 0.31640600 0.63553800 0.02148400 0.02543600
13 0.34472700 0.63553800 0.02148400 0.02543600
16 0.45849600 0.63372100 0.02050800 0.02470900
4 0.48632800 0.63299400 0.02148400 0.02470900
12 0.51367200 0.63299400 0.02148400 0.02470900
15 0.54199200 0.63335800 0.02148400 0.02398300
8 0.57031200 0.63263100 0.02148400 0.02398300
14 0.59765600 0.63190400 0.02148400 0.02398300
13 0.62500000 0.63117700 0.02148400 0.02398300
4 0.12207000 0.67260200 0.02148400 0.02398300
3 0.14843800 0.67260200 0.02148400 0.02398300
8 0.17578100 0.67260200 0.02148400 0.02398300
13 0.20361300 0.67223800 0.02050800 0.02470900
18 0.23144500 0.67223800 0.02148400 0.02470900
19 0.25976600 0.67223800 0.02148400 0.02470900
22 0.28808600 0.67187500 0.02148400 0.02543600
4 0.31640600 0.67187500 0.02148400 0.02543600
13 0.34472700 0.67114800 0.02148400 0.02543600
13 0.37402300 0.67078500 0.02148400 0.02470900
4 0.43066400 0.66933100 0.02148400 0.02470900
22 0.48681600 0.66824100 0.02246100 0.02398300
12 0.54345700 0.66715100 0.02246100 0.02470900
8 0.57128900 0.66678800 0.02148400 0.02398300
17 0.59912100 0.66642400 0.02246100 0.02470900
4 0.62695300 0.66606100 0.02148400 0.02398300
0 0.12109400 0.70784900 0.02148400 0.02470900
19 0.14746100 0.70784900 0.02148400 0.02470900
11 0.17480500 0.70784900 0.02148400 0.02470900
4 0.20263700 0.70857600 0.02050800 0.02470900
19 0.23095700 0.70784900 0.02050800 0.02470900
18 0.31640600 0.70712200 0.02148400 0.02470900
8 0.34570300 0.70675900 0.02148400 0.02543600
11 0.37304700 0.70603200 0.02148400 0.02543600
0 0.40234400 0.70566900 0.02148400 0.02470900
16 0.43164100 0.70530500 0.02148400 0.02543600
8 0.45898400 0.70494200 0.02148400 0.02470900
15 0.12011700 0.74382300 0.02148400 0.02543600
14 0.14648400 0.74382300 0.02148400 0.02543600
3 0.17480500 0.74382300 0.02148400 0.02543600
1 0.20312500 0.74382300 0.02148400 0.02543600
17 0.23095700 0.74382300 0.02050800 0.02543600
0 0.25976600 0.74382300 0.02148400 0.02543600
18 0.28808600 0.74309600 0.02148400 0.02543600
22 0.34570300 0.74236900 0.02148400 0.02543600
0 0.37402300 0.74200600 0.02148400 0.02470900
19 0.43164100 0.74091600 0.02148400 0.02543600
6 0.48877000 0.74018900 0.02246100 0.02543600
8 0.51611300 0.73873500 0.02246100 0.02543600
17 0.54541000 0.73873500 0.02246100 0.02543600
8 0.57373000 0.73800900 0.02246100 0.02543600
10 0.11816400 0.77943300 0.02148400 0.02543600
0 0.14599600 0.77979700 0.02246100 0.02470900
10 0.17382800 0.78016000 0.02148400 0.02543600
3 0.23046900 0.78016000 0.02148400 0.02543600
4 0.25927700 0.78016000 0.02246100 0.02543600
19 0.28759800 0.78016000 0.02246100 0.02543600
18 0.31689500 0.77943300 0.02246100 0.02543600
10 0.34570300 0.77870600 0.02148400 0.02543600
8 0.37451200 0.77834300 0.02246100 0.02470900
4 0.40283200 0.77798000 0.02246100 0.02543600
12 0.46093800 0.77652600 0.02148400 0.02543600
16 0.51709000 0.77507300 0.02246100 0.02543600
8 0.54589800 0.77434600 0.02343800 0.02543600
11 0.17236300 0.81722400 0.02246100 0.02543600
4 0.20117200 0.81722400 0.02148400 0.02543600
19 0.22900400 0.81722400 0.02246100 0.02543600
0 0.25927700 0.81649700 0.02246100 0.02543600
23 0.31689500 0.81613400 0.02246100 0.02616300
8 0.34570300 0.81577000 0.02148400 0.02543600
4 0.37451200 0.81504400 0.02246100 0.02543600
10 0.17138700 0.85356100 0.02246100 0.02543600
14 0.20019500 0.85356100 0.02148400 0.02543600
13 0.22949200 0.85356100 0.02148400 0.02543600
8 0.25830100 0.85356100 0.02246100 0.02543600
16 0.17138700 0.89098800 0.02246100 0.02616300
8 0.19970700 0.89098800 0.02246100 0.02616300
19 0.22900400 0.89098800 0.02246100 0.02616300
0 0.25830100 0.89026200 0.02246100 0.02616300
23 0.31689500 0.88917200 0.02246100 0.02689000
8 0.34668000 0.88880800 0.02343800 0.02616300
4 0.37548800 0.88808100 0.02246100 0.02616300
15 0.17041000 0.92768900 0.02246100 0.02543600
14 0.19970700 0.92768900 0.02246100 0.02543600
13 0.22900400 0.92732600 0.02246100 0.02616300
8 0.25830100 0.92732600 0.02246100 0.02616300
