0 0.29375000 0.27083333 0.03125000 0.10763889
19 0.33437500 0.27777778 0.03437500 0.11805556
4 0.45312500 0.27777778 0.03281250 0.10416667
22 0.53125000 0.28472222 0.02812500 0.11111111
4 0.56875000 0.28472222 0.03281250 0.11458333
18 0.64375000 0.28472222 0.02812500 0.10416667
20 0.67968750 0.28125000 0.03437500 0.10763889
15 0.71875000 0.28472222 0.02812500 0.11111111
15 0.75625000 0.28472222 0.03125000 0.10069444
14 0.79062500 0.28472222 0.02812500 0.10069444
18 0.82656250 0.29166667 0.03281250 0.11111111
13 0.78437500 0.15277778 0.02968750 0.10416667
18 0.88906250 0.15972222 0.02968750 0.10763889
9 0.12968750 0.42013889 0.03125000 0.10763889
14 0.17187500 0.42013889 0.02812500 0.12152778
18 0.21093750 0.42013889 0.03437500 0.11111111
4 0.25312500 0.41319444 0.03125000 0.11458333
15 0.29375000 0.41319444 0.03281250 0.11805556
7 0.33281250 0.41319444 0.03281250 0.11805556
0 0.41562500 0.41319444 0.03125000 0.11111111
18 0.45312500 0.42013889 0.03125000 0.11458333
10 0.49218750 0.42013889 0.02968750 0.10763889
7 0.28906250 0.56250000 0.03593750 0.12152778
8 0.33281250 0.56250000 0.03593750 0.12152778
19 0.37500000 0.56597222 0.03593750 0.11805556
4 0.49375000 0.56250000 0.03125000 0.12152778
24 0.53281250 0.56250000 0.03593750 0.12500000
1 0.57187500 0.56250000 0.03125000 0.11805556
14 0.60937500 0.56597222 0.03437500 0.12500000
3 0.64843750 0.56250000 0.03125000 0.12152778
24 0.68906250 0.56597222 0.03437500 0.11458333
14 0.76250000 0.56250000 0.03437500 0.11805556
21 0.80156250 0.56250000 0.03437500 0.12500000
18 0.08593750 0.72916667 0.03437500 0.12847222
3 0.12343750 0.72569444 0.03437500 0.12847222
8 0.20468750 0.88888889 0.03593750 0.13194444
2 0.24687500 0.88888889 0.03281250 0.14583333
4 0.28906250 0.89236111 0.03593750 0.14236111
18 0.37500000 0.88194444 0.03281250 0.13541667
10 0.41718750 0.87847222 0.03593750 0.13541667
0 0.45781250 0.87152778 0.03125000 0.13888889
19 0.49843750 0.87152778 0.03281250 0.13194444
8 0.62031250 0.85763889 0.03750000 0.14236111
18 0.66250000 0.86458333 0.03593750 0.12847222
4 0.85312500 0.85416667 0.03125000 0.11805556
