18 0.01875000 0.11484375 0.03281250 0.10390625
17 0.22500000 0.11093750 0.02968750 0.10390625
6 0.30937500 0.11093750 0.02812500 0.10390625
4 0.35156250 0.11093750 0.03125000 0.10390625
19 0.39375000 0.11796875 0.02968750 0.10390625
0 0.13750000 0.26015625 0.03281250 0.11093750
8 0.35156250 0.26718750 0.03281250 0.11484375
3 0.39218750 0.26718750 0.02968750 0.11484375
14 0.60312500 0.27109375 0.03437500 0.12187500
0 0.09062500 0.41640625 0.03593750 0.11484375
11 0.13125000 0.42343750 0.03281250 0.11484375
11 0.17343750 0.42343750 0.03437500 0.11093750
20 0.47656250 0.42343750 0.03125000 0.11093750
14 0.08281250 0.58359375 0.03281250 0.11796875
8 0.47656250 0.57968750 0.03125000 0.11796875
12 0.52031250 0.58359375 0.03437500 0.12812500
3 0.73593750 0.59062500 0.03281250 0.12812500
0 0.03906250 0.74687500 0.03281250 0.11484375
3 0.21250000 0.74687500 0.03437500 0.11796875
21 0.30000000 0.75000000 0.03593750 0.12500000
8 0.34531250 0.75000000 0.03437500 0.11796875
11 0.38906250 0.75000000 0.03593750 0.12812500
0 0.47968750 0.74687500 0.03593750 0.12500000
17 0.56406250 0.75000000 0.03281250 0.12187500
14 0.60781250 0.75000000 0.03437500 0.12500000
15 0.65156250 0.75000000 0.03281250 0.12812500
3 0.78281250 0.75312500 0.03437500 0.12500000
3 0.86562500 0.75312500 0.03125000 0.11093750
3 0.16718750 0.91328125 0.03437500 0.12500000
18 0.25312500 0.91640625 0.03281250 0.12500000
4 0.29843750 0.91640625 0.03281250 0.12187500
14 0.69843750 0.92031250 0.03437500 0.12187500
12 0.74218750 0.91640625 0.03281250 0.12187500
0 0.82656250 0.91328125 0.02968750 0.12187500
