14 0.10156250 0.08680556 0.03750000 0.12847222
21 0.14375000 0.08333333 0.03593750 0.11111111
6 0.36093750 0.08333333 0.03593750 0.11805556
17 0.40312500 0.08333333 0.03281250 0.12500000
4 0.44843750 0.08333333 0.03750000 0.11805556
11 0.53281250 0.08333333 0.03750000 0.12500000
18 0.66250000 0.07986111 0.03750000 0.12152778
8 0.75000000 0.08333333 0.03125000 0.12152778
2 0.78906250 0.08333333 0.03437500 0.11805556
24 0.83125000 0.09027778 0.03750000 0.13194444
17 0.09531250 0.23611111 0.03593750 0.13541667
5 0.18281250 0.23263889 0.03125000 0.14236111
11 0.22187500 0.23263889 0.03593750 0.12847222
4 0.26875000 0.23958333 0.03750000 0.13194444
4 0.31250000 0.23958333 0.03750000 0.12847222
19 0.35781250 0.23611111 0.03593750 0.12847222
19 0.53281250 0.23611111 0.03750000 0.11805556
17 0.57812500 0.23263889 0.03593750 0.11458333
24 0.62343750 0.23263889 0.03906250 0.12500000
8 0.66718750 0.22916667 0.03281250 0.12847222
0 0.83906250 0.23263889 0.03437500 0.11458333
5 0.87812500 0.23263889 0.03281250 0.11805556
12 0.04218750 0.39583333 0.04062500 0.12152778
7 0.17500000 0.38888889 0.03437500 0.12847222
4 0.22343750 0.39930556 0.03750000 0.14236111
19 0.31093750 0.39583333 0.03750000 0.13194444
14 0.35625000 0.39583333 0.03593750 0.13541667
14 0.40156250 0.38888889 0.03750000 0.13194444
10 0.44531250 0.38888889 0.03750000 0.12847222
12 0.53437500 0.38888889 0.03593750 0.12500000
24 0.58125000 0.39236111 0.04218750 0.12500000
12 0.71406250 0.38888889 0.03593750 0.13194444
0 0.80312500 0.38888889 0.03437500 0.12152778
11 0.84531250 0.38888889 0.04062500 0.13194444
6 0.92656250 0.39236111 0.03437500 0.12500000
12 0.07812500 0.55902778 0.04218750 0.13888889
14 0.16875000 0.55208333 0.03906250 0.13541667
24 0.21406250 0.55555556 0.04218750 0.13194444
4 0.40000000 0.55555556 0.03906250 0.14236111
13 0.49062500 0.55208333 0.03750000 0.13194444
8 0.71875000 0.54861111 0.03593750 0.13194444
0 0.02500000 0.72569444 0.03437500 0.13541667
11 0.06718750 0.72916667 0.03906250 0.13541667
11 0.11406250 0.72569444 0.04375000 0.14583333
8 0.21093750 0.72916667 0.03906250 0.12847222
2 0.25781250 0.72916667 0.03750000 0.13194444
20 0.39687500 0.72916667 0.03906250 0.14236111
15 0.44375000 0.72222222 0.03906250 0.13888889
13 0.62968750 0.72222222 0.03750000 0.13194444
0 0.58593750 0.72222222 0.03750000 0.13541667
8 0.82031250 0.72916667 0.04062500 0.13541667
19 0.10781250 0.90972222 0.04218750 0.13541667
17 0.20312500 0.91319444 0.03906250 0.14236111
4 0.25156250 0.91319444 0.03906250 0.14583333
12 0.29687500 0.90625000 0.04375000 0.14583333
4 0.34687500 0.91319444 0.03750000 0.14236111
12 0.39531250 0.90625000 0.03906250 0.14236111
1 0.44218750 0.90625000 0.04375000 0.14930556
13 0.58750000 0.90625000 0.03906250 0.15972222
14 0.63593750 0.90277778 0.04218750 0.14930556
