15 0.16699200 0.11664200 0.01367200 0.01962200
0 0.19140600 0.11664200 0.01367200 0.01962200
6 0.21679700 0.11627900 0.01367200 0.02034900
4 0.24121100 0.11591600 0.01367200 0.01962200
1 0.36328100 0.11664200 0.01367200 0.01962200
22 0.14404300 0.14789200 0.01464800 0.01962200
15 0.19287100 0.14789200 0.01464800 0.01962200
14 0.21777300 0.14789200 0.01367200 0.01962200
11 0.24169900 0.14789200 0.01464800 0.01962200
13 0.26660200 0.14789200 0.01367200 0.01962200
19 0.31640600 0.14789200 0.01367200 0.01962200
25 0.38769500 0.14789200 0.01367200 0.01962200
0 0.41210900 0.14789200 0.01367200 0.01962200
3 0.43652300 0.14825600 0.01367200 0.01889500
0 0.46093800 0.14825600 0.01367200 0.01889500
13 0.48486300 0.14861900 0.01269500 0.01962200
8 0.50878900 0.14861900 0.01367200 0.01962200
22 0.58105500 0.14861900 0.01367200 0.01962200
19 0.62793000 0.14934600 0.01367200 0.01962200
14 0.65136700 0.14934600 0.01367200 0.01962200
12 0.67578100 0.15007300 0.01367200 0.01962200
15 0.72265600 0.15043600 0.01367200 0.01889500
14 0.74609400 0.14970900 0.01367200 0.01889500
17 0.76953100 0.15007300 0.01367200 0.01962200
3 0.81591800 0.15116300 0.01464800 0.01889500
10 0.83935500 0.15116300 0.01464800 0.01889500
4 0.86328100 0.15116300 0.01367200 0.01889500
22 0.91113300 0.14934600 0.01367200 0.01816900
10 0.14550800 0.17877900 0.01562500 0.02034900
14 0.16943400 0.17877900 0.01464800 0.02034900
19 0.19482400 0.17877900 0.01464800 0.02034900
14 0.21875000 0.17841600 0.01562500 0.01962200
17 0.24365200 0.17841600 0.01464800 0.01962200
14 0.26806600 0.17841600 0.01464800 0.01962200
12 0.29248000 0.17841600 0.01464800 0.01962200
14 0.34082000 0.17841600 0.01367200 0.01962200
13 0.36523400 0.17841600 0.01367200 0.01962200
8 0.38964800 0.17877900 0.01367200 0.01889500
3 0.43750000 0.17877900 0.01367200 0.01889500
0 0.46142600 0.17877900 0.01269500 0.01889500
13 0.48486300 0.17877900 0.01269500 0.01889500
3 0.60498000 0.17950600 0.01269500 0.01889500
11 0.62841800 0.17950600 0.01269500 0.01889500
10 0.72216800 0.18023300 0.01464800 0.01889500
14 0.74560500 0.18023300 0.01464800 0.01889500
13 0.76904300 0.18023300 0.01464800 0.01889500
14 0.79248000 0.18023300 0.01464800 0.01889500
12 0.81591800 0.17986900 0.01464800 0.01816900
8 0.84033200 0.17986900 0.01464800 0.01816900
8 0.86377000 0.17986900 0.01464800 0.01816900
22 0.14697300 0.20966600 0.01464800 0.01962200
17 0.17138700 0.20966600 0.01464800 0.01962200
4 0.19580100 0.20893900 0.01464800 0.01962200
12 0.22021500 0.20893900 0.01464800 0.01962200
4 0.24462900 0.20893900 0.01464800 0.01962200
13 0.26904300 0.20893900 0.01464800 0.01962200
8 0.29345700 0.20893900 0.01464800 0.01962200
15 0.34130900 0.20893900 0.01464800 0.01962200
17 0.36572300 0.20893900 0.01464800 0.01962200
14 0.39013700 0.20893900 0.01464800 0.01962200
15 0.41406200 0.20930200 0.01367200 0.01889500
20 0.43847700 0.20930200 0.01367200 0.01889500
18 0.46191400 0.20930200 0.01367200 0.01889500
10 0.48632800 0.20966600 0.01367200 0.01962200
0 0.50976600 0.20966600 0.01367200 0.01962200
19 0.55761700 0.20930200 0.01367200 0.01889500
4 0.58203100 0.20930200 0.01367200 0.01889500
25 0.14843800 0.24055200 0.01367200 0.01889500
0 0.17285200 0.23982600 0.01367200 0.01889500
3 0.19726600 0.23982600 0.01367200 0.01889500
0 0.22119100 0.23982600 0.01464800 0.01889500
13 0.24560500 0.23982600 0.01464800 0.01889500
8 0.27050800 0.23982600 0.01367200 0.01889500
4 0.29492200 0.24018900 0.01367200 0.01962200
10 0.34277300 0.24018900 0.01367200 0.01962200
14 0.36621100 0.24018900 0.01367200 0.01962200
19 0.39062500 0.24018900 0.01367200 0.01962200
14 0.41455100 0.24018900 0.01464800 0.01962200
17 0.43896500 0.24018900 0.01464800 0.01962200
14 0.46289100 0.24018900 0.01367200 0.01962200
4 0.48632800 0.24018900 0.01367200 0.01962200
13 0.53515600 0.23982600 0.01367200 0.01889500
4 0.55810500 0.24018900 0.01269500 0.01816900
20 0.60546900 0.24018900 0.01367200 0.01962200
3 0.62939500 0.23982600 0.01464800 0.01889500
0 0.65332000 0.23982600 0.01367200 0.01889500
19 0.70019500 0.23982600 0.01367200 0.01889500
18 0.72363300 0.23982600 0.01367200 0.01889500
22 0.15039100 0.27107600 0.01367200 0.01889500
15 0.19873000 0.27107600 0.01269500 0.01889500
14 0.22265600 0.27107600 0.01367200 0.01889500
11 0.24707000 0.27107600 0.01367200 0.01889500
13 0.27148400 0.27071200 0.01367200 0.01962200
8 0.29589800 0.27071200 0.01367200 0.01962200
19 0.32031200 0.27071200 0.01367200 0.01962200
18 0.39209000 0.27071200 0.01464800 0.01962200
17 0.41601600 0.27034900 0.01367200 0.01889500
0 0.43945300 0.27071200 0.01367200 0.01962200
25 0.46386700 0.27071200 0.01367200 0.01962200
20 0.48730500 0.27071200 0.01367200 0.01962200
8 0.53515600 0.27034900 0.01367200 0.01889500
15 0.58203100 0.26998500 0.01367200 0.01816900
4 0.60644500 0.26962200 0.01367200 0.01889500
17 0.63037100 0.26962200 0.01464800 0.01889500
4 0.65380900 0.26962200 0.01464800 0.01889500
7 0.67724600 0.26925900 0.01464800 0.01816900
14 0.70068400 0.26925900 0.01464800 0.01816900
3 0.72412100 0.26925900 0.01464800 0.01816900
8 0.74853500 0.26889500 0.01464800 0.01889500
19 0.77197300 0.26816900 0.01464800 0.01889500
4 0.79541000 0.26780500 0.01464800 0.01816900
10 0.84326200 0.26671500 0.01464800 0.01889500
18 0.15136700 0.30159900 0.01367200 0.01889500
11 0.17529300 0.30159900 0.01269500 0.01889500
4 0.19970700 0.30159900 0.01269500 0.01889500
3 0.22363300 0.30159900 0.01367200 0.01889500
20 0.24902300 0.30159900 0.01367200 0.01889500
23 0.29785200 0.30123500 0.01367200 0.01962200
4 0.32128900 0.30087200 0.01367200 0.01889500
12 0.34570300 0.30123500 0.01367200 0.01962200
20 0.36865200 0.30050900 0.01464800 0.01962200
15 0.46435500 0.30050900 0.01464800 0.01962200
14 0.48828100 0.30050900 0.01367200 0.01962200
18 0.51171900 0.30050900 0.01367200 0.01962200
19 0.53515600 0.30014500 0.01367200 0.01889500
0 0.55859400 0.30050900 0.01367200 0.01816900
17 0.58300800 0.30014500 0.01367200 0.01889500
0 0.60644500 0.30014500 0.01367200 0.01889500
19 0.65380900 0.29941900 0.01464800 0.01889500
4 0.67822300 0.29905500 0.01464800 0.01816900
18 0.70166000 0.29905500 0.01464800 0.01816900
22 0.15283200 0.33212200 0.01269500 0.01889500
15 0.20166000 0.33175900 0.01269500 0.01816900
14 0.22558600 0.33175900 0.01367200 0.01816900
11 0.24951200 0.33175900 0.01269500 0.01816900
13 0.27392600 0.33139500 0.01269500 0.01889500
8 0.29834000 0.33139500 0.01464800 0.01889500
19 0.32226600 0.33139500 0.01367200 0.01889500
10 0.39453100 0.33139500 0.01367200 0.01889500
0 0.41796900 0.33139500 0.01367200 0.01889500
10 0.44140600 0.33103200 0.01367200 0.01962200
12 0.48877000 0.33066900 0.01464800 0.01889500
14 0.51220700 0.33066900 0.01269500 0.01889500
9 0.53564500 0.33030500 0.01269500 0.01816900
13 0.55957000 0.32994200 0.01367200 0.01889500
14 0.58398400 0.32957800 0.01367200 0.01816900
1 0.63037100 0.32921500 0.01464800 0.01889500
14 0.65478500 0.32885200 0.01464800 0.01816900
11 0.67822300 0.32848800 0.01464800 0.01889500
4 0.75146500 0.32739800 0.01464800 0.01816900
25 0.15429700 0.36264500 0.01367200 0.01889500
0 0.17773400 0.36264500 0.01367200 0.01889500
3 0.20263700 0.36228200 0.01269500 0.01816900
0 0.22656200 0.36191900 0.01367200 0.01889500
13 0.25097700 0.36155500 0.01367200 0.01816900
8 0.27539100 0.36119200 0.01367200 0.01889500
9 0.39502000 0.36082800 0.01269500 0.01816900
4 0.41845700 0.36082800 0.01269500 0.01816900
11 0.44238300 0.36082800 0.01367200 0.01816900
0 0.46582000 0.36082800 0.01367200 0.01816900
4 0.48925800 0.36082800 0.01367200 0.01816900
12 0.51269500 0.36046500 0.01367200 0.01889500
20 0.56054700 0.35973800 0.01367200 0.01889500
18 0.58398400 0.35937500 0.01367200 0.01816900
15 0.60791000 0.35901200 0.01464800 0.01889500
4 0.63183600 0.35864800 0.01562500 0.01816900
7 0.65576200 0.35828500 0.01464800 0.01889500
0 0.67919900 0.35792200 0.01464800 0.01816900
0 0.17968800 0.39171500 0.01367200 0.01889500
13 0.27587900 0.39098800 0.01464800 0.01889500
0 0.30029300 0.39098800 0.01464800 0.01889500
3 0.34863300 0.39062500 0.01367200 0.01816900
8 0.37255900 0.39026200 0.01464800 0.01889500
19 0.39599600 0.39026200 0.01464800 0.01889500
4 0.41943400 0.39026200 0.01464800 0.01889500
25 0.46679700 0.38989800 0.01367200 0.01816900
13 0.48925800 0.38989800 0.01367200 0.01816900
0 0.51367200 0.38917200 0.01367200 0.01816900
16 0.53710900 0.38917200 0.01367200 0.01816900
4 0.56152300 0.38844500 0.01367200 0.01816900
13 0.58544900 0.38808100 0.01464800 0.01889500
8 0.60888700 0.38808100 0.01464800 0.01889500
4 0.63330100 0.38735500 0.01464800 0.01889500
22 0.68115200 0.38662800 0.01464800 0.01889500
17 0.72998000 0.38590100 0.01464800 0.01889500
0 0.75341800 0.38517400 0.01464800 0.01889500
9 0.77783200 0.38444800 0.01464800 0.01889500
4 0.80273400 0.38372100 0.01562500 0.01889500
13 0.82714800 0.38372100 0.01562500 0.01889500
8 0.85205100 0.38335800 0.01464800 0.01816900
18 0.27685500 0.42042200 0.01269500 0.01816900
12 0.30078100 0.42042200 0.01367200 0.01816900
15 0.37304700 0.41969500 0.01367200 0.01816900
17 0.39648400 0.41969500 0.01367200 0.01816900
8 0.41992200 0.41969500 0.01367200 0.01816900
11 0.44335900 0.41933100 0.01367200 0.01889500
14 0.46679700 0.41933100 0.01367200 0.01889500
9 0.49072300 0.41896800 0.01464800 0.01816900
4 0.51464800 0.41860500 0.01367200 0.01889500
13 0.53808600 0.41824100 0.01367200 0.01816900
8 0.56152300 0.41751500 0.01367200 0.01816900
4 0.58544900 0.41715100 0.01464800 0.01889500
1 0.18066400 0.45130800 0.01367200 0.01889500
13 0.27734400 0.45021800 0.01367200 0.01816900
0 0.30078100 0.44985500 0.01367200 0.01889500
3 0.34960900 0.44985500 0.01367200 0.01889500
8 0.37304700 0.44949100 0.01367200 0.01816900
19 0.39648400 0.44949100 0.01367200 0.01816900
4 0.42041000 0.44912800 0.01269500 0.01889500
25 0.46777300 0.44876500 0.01367200 0.01816900
13 0.49121100 0.44803800 0.01367200 0.01816900
0 0.51464800 0.44803800 0.01367200 0.01816900
16 0.53857400 0.44731100 0.01269500 0.01816900
4 0.56298800 0.44731100 0.01269500 0.01816900
13 0.58642600 0.44694800 0.01269500 0.01889500
8 0.61084000 0.44658400 0.01269500 0.01816900
4 0.63525400 0.44622100 0.01464800 0.01889500
22 0.68359400 0.44549400 0.01562500 0.01889500
17 0.73291000 0.44476700 0.01464800 0.01889500
0 0.75634800 0.44404100 0.01464800 0.01889500
9 0.78173800 0.44404100 0.01464800 0.01889500
4 0.80615200 0.44331400 0.01464800 0.01889500
13 0.83105500 0.44258700 0.01562500 0.01889500
8 0.85644500 0.44186000 0.01562500 0.01889500
18 0.27734400 0.48001500 0.01367200 0.01816900
12 0.30078100 0.48001500 0.01367200 0.01816900
15 0.37304700 0.47892400 0.01367200 0.01889500
17 0.39746100 0.47892400 0.01367200 0.01889500
8 0.42089800 0.47856100 0.01367200 0.01816900
11 0.44335900 0.47856100 0.01367200 0.01816900
14 0.46777300 0.47819800 0.01367200 0.01889500
9 0.49121100 0.47783400 0.01367200 0.01816900
4 0.51562500 0.47747100 0.01367200 0.01889500
13 0.53955100 0.47710800 0.01269500 0.01816900
8 0.56347700 0.47710800 0.01367200 0.01816900
4 0.58789100 0.47674400 0.01367200 0.01889500
2 0.18017600 0.51162800 0.01269500 0.01889500
22 0.27685500 0.51017400 0.01269500 0.01889500
19 0.32470700 0.50944800 0.01269500 0.01889500
0 0.34863300 0.50944800 0.01367200 0.01889500
1 0.37304700 0.50908400 0.01367200 0.01816900
11 0.39697300 0.50908400 0.01269500 0.01816900
8 0.42089800 0.50835800 0.01367200 0.01816900
2 0.44531200 0.50835800 0.01367200 0.01816900
4 0.46875000 0.50726700 0.01367200 0.01889500
15 0.51611300 0.50690400 0.01269500 0.01816900
14 0.54003900 0.50690400 0.01367200 0.01816900
10 0.56396500 0.50654100 0.01269500 0.01889500
0 0.58837900 0.50617700 0.01464800 0.01816900
25 0.61328100 0.50617700 0.01367200 0.01816900
0 0.63671900 0.50545100 0.01367200 0.01816900
13 0.66113300 0.50545100 0.01367200 0.01816900
7 0.25244100 0.54033400 0.01269500 0.01816900
0 0.27587900 0.53997100 0.01269500 0.01889500
17 0.30029300 0.53960800 0.01269500 0.01816900
0 0.32421900 0.53924400 0.01367200 0.01889500
10 0.34814500 0.53924400 0.01269500 0.01889500
19 0.37255900 0.53888100 0.01269500 0.01816900
4 0.39746100 0.53851700 0.01367200 0.01889500
17 0.42187500 0.53779100 0.01367200 0.01889500
8 0.44531200 0.53779100 0.01367200 0.01889500
18 0.46972700 0.53742700 0.01367200 0.01816900
19 0.49316400 0.53706400 0.01367200 0.01889500
8 0.51757800 0.53706400 0.01367200 0.01889500
10 0.54101600 0.53706400 0.01367200 0.01889500
8 0.56543000 0.53633700 0.01367200 0.01889500
13 0.61425800 0.53561000 0.01367200 0.01889500
4 0.63867200 0.53561000 0.01367200 0.01889500
10 0.66308600 0.53561000 0.01367200 0.01889500
14 0.68750000 0.53488400 0.01367200 0.01889500
19 0.71240200 0.53488400 0.01464800 0.01889500
14 0.73779300 0.53488400 0.01464800 0.01889500
17 0.76318400 0.53488400 0.01464800 0.01889500
7 0.81445300 0.53415700 0.01367200 0.01889500
12 0.25097700 0.57085800 0.01367200 0.01816900
14 0.27490200 0.57049400 0.01269500 0.01889500
3 0.29931600 0.57013100 0.01464800 0.01816900
4 0.32324200 0.56976700 0.01367200 0.01889500
11 0.34765600 0.56940400 0.01367200 0.01816900
4 0.37304700 0.56904100 0.01367200 0.01889500
19 0.44531200 0.56795100 0.01367200 0.01962200
4 0.46972700 0.56795100 0.01367200 0.01962200
11 0.49316400 0.56722400 0.01367200 0.01962200
4 0.51806600 0.56686000 0.01464800 0.01889500
5 0.54248000 0.56686000 0.01464800 0.01889500
14 0.56640600 0.56686000 0.01367200 0.01889500
13 0.59082000 0.56649700 0.01367200 0.01816900
14 0.61523400 0.56613400 0.01367200 0.01889500
22 0.64062500 0.56613400 0.01367200 0.01889500
12 0.73974600 0.56540700 0.01464800 0.01889500
14 0.76513700 0.56540700 0.01464800 0.01889500
3 0.79052700 0.56540700 0.01464800 0.01889500
4 0.81591800 0.56468000 0.01464800 0.01889500
11 0.84228500 0.56431700 0.01464800 0.01962200
19 0.25000000 0.60174400 0.01367200 0.01889500
4 0.27441400 0.60101700 0.01367200 0.01889500
11 0.29785200 0.60101700 0.01367200 0.01889500
4 0.32324200 0.59992700 0.01367200 0.01962200
5 0.34765600 0.59956400 0.01367200 0.01889500
14 0.37207000 0.59956400 0.01367200 0.01889500
13 0.39550800 0.59956400 0.01367200 0.01889500
0 0.42089800 0.59956400 0.01367200 0.01889500
18 0.19873000 0.63263100 0.01464800 0.01962200
12 0.22363300 0.63299400 0.01367200 0.02034900
15 0.29687500 0.63190400 0.01367200 0.01962200
17 0.32226600 0.63154100 0.01367200 0.02034900
8 0.34668000 0.63117700 0.01367200 0.01962200
11 0.37109400 0.63081400 0.01367200 0.02034900
14 0.39599600 0.63045100 0.01269500 0.01962200
9 0.42089800 0.63008700 0.01367200 0.02034900
4 0.44531200 0.63008700 0.01367200 0.01889500
13 0.47021500 0.63008700 0.01269500 0.01889500
8 0.49462900 0.62972400 0.01269500 0.01962200
4 0.52002000 0.62936000 0.01269500 0.01889500
4 0.22168000 0.66497100 0.01367200 0.02034900
11 0.24658200 0.66460800 0.01269500 0.01962200
8 0.27148400 0.66460800 0.01367200 0.01962200
25 0.29589800 0.66424400 0.01367200 0.02034900
0 0.32128900 0.66388100 0.01367200 0.01962200
22 0.34619100 0.66351700 0.01269500 0.02034900
4 0.37158200 0.66315400 0.01269500 0.01962200
19 0.39599600 0.66279100 0.01269500 0.02034900
0 0.42041000 0.66242700 0.01269500 0.01962200
22 0.47119100 0.66206400 0.01269500 0.02034900
1 0.52050800 0.66170100 0.01367200 0.01962200
8 0.54541000 0.66097400 0.01269500 0.01962200
17 0.57031200 0.66097400 0.01367200 0.01962200
0 0.59472700 0.66061000 0.01367200 0.02034900
4 0.61962900 0.66061000 0.01269500 0.02034900
19 0.64502000 0.66024700 0.01269500 0.01962200
18 0.69580100 0.66061000 0.01464800 0.02034900
4 0.72119100 0.66061000 0.01464800 0.02034900
1 0.74755900 0.66097400 0.01464800 0.01962200
4 0.77246100 0.66024700 0.01562500 0.02107600
19 0.82421900 0.66024700 0.01562500 0.02107600
4 0.85009800 0.66024700 0.01464800 0.02107600
11 0.87695300 0.65988400 0.01562500 0.02034900
4 0.90380900 0.65988400 0.01464800 0.02034900
5 0.93066400 0.65988400 0.01562500 0.02034900
14 0.95849600 0.65988400 0.01464800 0.02034900
13 0.98632800 0.65988400 0.01562500 0.02034900
13 0.14550800 0.69840100 0.01367200 0.02034900
4 0.16992200 0.69840100 0.01367200 0.02034900
3 0.22070300 0.69767400 0.01367200 0.02034900
14 0.24511700 0.69731100 0.01367200 0.02107600
17 0.26953100 0.69694800 0.01367200 0.02034900
14 0.29492200 0.69694800 0.01367200 0.02034900
9 0.32031200 0.69658400 0.01367200 0.02107600
4 0.34570300 0.69622100 0.01367200 0.02034900
0 0.42041000 0.69513100 0.01269500 0.01962200
2 0.44580100 0.69440400 0.01269500 0.01962200
9 0.52099600 0.69404100 0.01269500 0.02034900
9 0.54638700 0.69404100 0.01269500 0.02034900
9 0.57177700 0.69404100 0.01269500 0.02034900
17 0.62158200 0.69331400 0.01269500 0.02034900
20 0.64697300 0.69331400 0.01269500 0.02034900
1 0.67187500 0.69295100 0.01367200 0.01962200
11 0.69726600 0.69295100 0.01367200 0.01962200
4 0.72363300 0.69258700 0.01367200 0.02034900
19 0.16894500 0.73074100 0.01367200 0.01962200
4 0.19335900 0.73074100 0.01367200 0.01962200
11 0.21875000 0.73037800 0.01367200 0.02034900
4 0.24414100 0.73001500 0.01367200 0.01962200
5 0.26904300 0.72965100 0.01269500 0.02034900
14 0.29394500 0.72965100 0.01367200 0.02034900
13 0.31933600 0.72965100 0.01367200 0.02034900
10 0.37011700 0.72892400 0.01367200 0.02034900
0 0.39550800 0.72819800 0.01367200 0.02034900
10 0.42089800 0.72819800 0.01367200 0.02034900
14 0.44628900 0.72747100 0.01367200 0.02034900
12 0.52197300 0.72674400 0.01269500 0.02034900
14 0.54736300 0.72747100 0.01464800 0.02034900
3 0.57275400 0.72674400 0.01464800 0.02034900
4 0.59765600 0.72674400 0.01367200 0.02034900
11 0.62304700 0.72601700 0.01367200 0.02034900
8 0.64843800 0.72601700 0.01367200 0.02034900
8 0.69921900 0.72638100 0.01367200 0.02107600
25 0.72558600 0.72638100 0.01367200 0.02107600
15 0.14111300 0.76453500 0.01269500 0.02034900
17 0.16650400 0.76380800 0.01269500 0.02034900
4 0.19189500 0.76380800 0.01269500 0.02034900
3 0.21728500 0.76344500 0.01269500 0.02107600
11 0.24267600 0.76308100 0.01269500 0.02034900
14 0.26806600 0.76271800 0.01269500 0.01962200
9 0.29248000 0.76235500 0.01269500 0.02034900
4 0.31884800 0.76235500 0.01269500 0.02034900
13 0.34423800 0.76199100 0.01269500 0.01962200
13 0.36962900 0.76199100 0.01269500 0.01962200
7 0.42089800 0.76126500 0.01367200 0.02107600
4 0.47168000 0.76053800 0.01367200 0.02107600
18 0.54834000 0.76017400 0.01464800 0.02034900
11 0.57324200 0.75981100 0.01367200 0.02107600
4 0.59912100 0.75981100 0.01464800 0.02107600
3 0.62402300 0.75908400 0.01367200 0.02107600
20 0.64990200 0.75908400 0.01464800 0.02107600
4 0.67578100 0.75908400 0.01367200 0.02107600
19 0.70214800 0.75944800 0.01367200 0.02034900
10 0.13867200 0.79796500 0.01367200 0.02034900
20 0.16406200 0.79723800 0.01367200 0.02034900
15 0.18994100 0.79723800 0.01269500 0.02034900
8 0.21582000 0.79651200 0.01367200 0.02034900
19 0.24121100 0.79614800 0.01367200 0.02107600
16 0.31738300 0.79578500 0.01367200 0.02034900
19 0.34277300 0.79542200 0.01367200 0.02107600
14 0.36914100 0.79542200 0.01367200 0.02107600
1 0.39550800 0.79505800 0.01367200 0.02034900
18 0.47168000 0.79469500 0.01367200 0.02107600
15 0.52343800 0.79396800 0.01367200 0.02107600
14 0.54882800 0.79360500 0.01367200 0.02034900
12 0.57421900 0.79324100 0.01367200 0.02107600
14 0.60009800 0.79287800 0.01464800 0.02034900
23 0.62597700 0.79287800 0.01367200 0.02034900
19 0.72949200 0.79215100 0.01367200 0.02034900
4 0.75585900 0.79215100 0.01367200 0.02034900
11 0.78125000 0.79251500 0.01367200 0.02107600
4 0.80810500 0.79287800 0.01464800 0.02034900
5 0.83447300 0.79287800 0.01464800 0.02034900
14 0.86181600 0.79251500 0.01464800 0.02107600
13 0.88916000 0.79251500 0.01464800 0.02107600
0 0.91552700 0.79251500 0.01464800 0.02107600
12 0.13623000 0.83139500 0.01269500 0.02180200
14 0.16210900 0.83103200 0.01367200 0.02107600
9 0.18847700 0.83103200 0.01367200 0.02107600
13 0.21484400 0.83103200 0.01367200 0.02107600
14 0.24023400 0.83066900 0.01367200 0.02180200
1 0.29199200 0.83030500 0.01367200 0.02107600
11 0.34228500 0.82921500 0.01464800 0.02180200
14 0.36865200 0.82921500 0.01464800 0.02180200
14 0.42089800 0.82848800 0.01367200 0.02180200
15 0.44677700 0.82848800 0.01464800 0.02180200
11 0.47216800 0.82812500 0.01269500 0.02107600
0 0.49804700 0.82812500 0.01367200 0.02107600
16 0.52392600 0.82776200 0.01269500 0.02034900
8 0.54980500 0.82739800 0.01367200 0.02107600
22 0.57617200 0.82703500 0.01367200 0.02034900
0 0.60156200 0.82667200 0.01367200 0.02107600
19 0.62744100 0.82594500 0.01269500 0.02107600
15 0.70507800 0.82594500 0.01367200 0.02107600
14 0.73095700 0.82594500 0.01464800 0.02107600
10 0.75732400 0.82594500 0.01464800 0.02107600
20 0.78369100 0.82594500 0.01464800 0.02107600
15 0.81103500 0.82594500 0.01464800 0.02107600
10 0.83691400 0.82703500 0.01562500 0.02180200
8 0.86425800 0.82703500 0.01562500 0.02180200
3 0.16015600 0.86627900 0.01367200 0.02180200
18 0.26562500 0.86482600 0.01367200 0.02180200
0 0.29052700 0.86482600 0.01464800 0.02180200
12 0.31640600 0.86409900 0.01367200 0.02180200
14 0.34228500 0.86409900 0.01464800 0.02180200
11 0.36865200 0.86373500 0.01464800 0.02107600
19 0.42041000 0.86337200 0.01464800 0.02180200
13 0.47265600 0.86264500 0.01367200 0.02180200
0 0.49853500 0.86264500 0.01464800 0.02180200
7 0.52539100 0.86228200 0.01367200 0.02107600
14 0.55175800 0.86191900 0.01367200 0.02180200
3 0.57714800 0.86155500 0.01367200 0.02107600
23 0.62939500 0.86046500 0.01464800 0.02180200
8 0.65527300 0.86046500 0.01367200 0.02180200
18 0.70703100 0.86046500 0.01367200 0.02180200
22 0.78662100 0.86046500 0.01464800 0.02180200
15 0.23779300 0.90043600 0.01464800 0.02180200
14 0.26318400 0.90043600 0.01464800 0.02180200
11 0.28955100 0.90007300 0.01464800 0.02252900
19 0.34228500 0.89970900 0.01464800 0.02180200
4 0.36865200 0.89934600 0.01464800 0.02252900
15 0.42138700 0.89898300 0.01464800 0.02180200
17 0.44677700 0.89825600 0.01464800 0.02180200
4 0.47314500 0.89752900 0.01464800 0.02180200
14 0.49951200 0.89752900 0.01464800 0.02180200
3 0.52587900 0.89716600 0.01464800 0.02252900
14 0.55127000 0.89680200 0.01464800 0.02180200
11 0.57812500 0.89643900 0.01562500 0.02252900
4 0.60449200 0.89607600 0.01562500 0.02180200
22 0.63085900 0.89571200 0.01562500 0.02252900
0 0.65576200 0.89534900 0.01464800 0.02180200
4 0.68261700 0.89498500 0.01562500 0.02252900
19 0.70898400 0.89498500 0.01562500 0.02252900
0 0.78857400 0.89607600 0.01464800 0.02180200
4 0.81591800 0.89680200 0.01464800 0.02180200
9 0.84326200 0.89680200 0.01464800 0.02180200
