11 0.06406250 0.21562500 0.09531250 0.16250000
19 0.14062500 0.19531250 0.10000000 0.17187500
4 0.22031250 0.17343750 0.09375000 0.19843750
25 0.32187500 0.15156250 0.08750000 0.20312500
5 0.61250000 0.09531250 0.08125000 0.16093750
11 0.70781250 0.09062500 0.07187500 0.16093750
19 0.79218750 0.08437500 0.07343750 0.15000000
17 0.86562500 0.08593750 0.05937500 0.15312500
3 0.05625000 0.41406250 0.07343750 0.15781250
14 0.14531250 0.41093750 0.07656250 0.17500000
21 0.24843750 0.39062500 0.09375000 0.17968750
13 0.34531250 0.37812500 0.08125000 0.19375000
18 0.54531250 0.33281250 0.07812500 0.18125000
7 0.63750000 0.32500000 0.08750000 0.18750000
4 0.73125000 0.31875000 0.08593750 0.18750000
18 0.08125000 0.64531250 0.08125000 0.19687500
4 0.16250000 0.63437500 0.08593750 0.18437500
16 0.26875000 0.60468750 0.09375000 0.18125000
18 0.47187500 0.55468750 0.07343750 0.17187500
7 0.56406250 0.55468750 0.08125000 0.18437500
18 0.10312500 0.86718750 0.08281250 0.17968750
14 0.19062500 0.85468750 0.08593750 0.18437500
11 0.28750000 0.83437500 0.09375000 0.17968750
3 0.38750000 0.80312500 0.09375000 0.18437500
16 0.66250000 0.52656250 0.09375000 0.16718750
4 0.67968750 0.74062500 0.08593750 0.17656250
